204,212,211,212,214,192,221,210,207,210,217,223,217,226,208,220,209,199,177,177,190,160,160,157,167,164
181,193,201,199,196,188,191,189,218,211,220,213,197,224,215,215,210,196,188,185,179,154,141,135,138,158
154,178,183,189,180,183,178,192,191,218,196,198,205,215,187,189,200,192,191,170,155,137,140,132,139,129
153,166,182,186,199,173,173,178,177,190,211,207,202,209,207,212,206,205,186,181,153,143,140,141,108,128
148,156,181,189,186,165,171,172,188,163,190,189,207,194,196,218,204,182,173,160,165,142,149,151,128,130
139,151,167,172,173,170,162,143,172,167,190,186,185,189,182,184,212,201,193,168,152,147,169,141,139,123
137,158,171,168,166,161,168,174,177,161,172,192,182,184,208,196,193,185,186,185,180,147,150,145,151,132
132,148,164,165,161,182,185,169,173,172,172,176,195,176,173,199,205,192,178,175,175,151,155,144,132,130
133,145,161,177,172,183,185,166,199,182,189,176,179,215,172,181,216,203,175,169,180,152,152,150,145,134
137,149,150,172,183,189,219,187,199,161,218,200,168,202,192,179,190,191,180,168,158,161,149,144,132,132
122,124,154,183,189,190,209,210,190,191,197,201,190,201,205,204,194,199,195,172,156,158,146,134,137,139
126,134,156,176,182,191,223,200,211,223,184,199,200,185,197,216,216,173,191,162,157,157,147,141,144,142
119,135,156,174,186,200,213,215,225,217,235,206,210,209,210,217,199,193,181,154,153,151,144,143,146,139
126,135,150,165,192,199,212,224,217,222,238,239,218,222,222,201,201,190,172,159,149,147,142,140,140,134
124,131,154,171,177,195,205,220,219,190,231,226,213,227,215,209,206,184,177,166,150,150,145,139,135,133
129,133,151,158,181,193,221,221,228,206,223,222,217,217,226,206,201,185,187,164,152,151,147,139,133,134
120,132,151,160,170,196,203,214,221,229,199,228,226,211,215,213,189,191,168,164,151,146,143,140,134,134
122,136,152,162,176,181,200,214,227,216,222,220,225,221,218,206,211,186,175,157,149,141,139,141,136,134
120,128,148,167,176,188,208,215,225,226,213,223,218,215,214,202,195,183,176,164,148,144,138,142,132,139
131,133,147,162,172,200,217,214,229,230,233,226,204,216,221,209,190,180,170,158,150,141,137,144,139,140
132,134,151,168,181,213,218,223,231,225,235,227,225,222,218,218,193,176,165,169,149,141,138,141,143,141
129,134,159,181,187,218,213,234,234,238,243,245,229,228,222,215,199,189,173,159,147,146,144,137,144,143
131,138,166,188,200,226,222,230,230,241,237,237,240,234,224,204,195,190,185,171,148,149,146,137,146,143
133,144,172,190,201,211,220,223,238,239,237,242,236,233,235,220,206,186,180,173,150,147,142,139,147,140
137,153,180,191,216,219,228,233,249,237,235,242,235,240,235,214,196,188,181,168,157,154,144,142,146,141
146,165,187,190,210,227,231,237,247,246,243,241,242,234,224,224,209,198,181,172,165,167,152,144,144,145
154,170,187,205,221,230,232,241,241,247,248,242,239,231,235,226,214,199,178,181,168,165,159,150,144,151
155,178,190,204,205,228,240,239,242,242,243,235,236,232,222,230,221,201,197,179,173,164,165,163,151,151
166,177,185,215,219,239,237,240,242,248,240,233,237,248,238,221,210,200,192,185,172,170,167,168,166,155
167,186,192,217,231,232,229,233,238,241,242,236,239,218,217,222,208,198,198,193,178,166,171,177,164,156
