19,19,21,18,11,10,9,7,7,2,4,5,6,5,5,4,4,5,6,8,10,11,10,9,9,10
28,22,21,15,10,15,9,5,13,6,9,10,10,9,8,9,10,11,13,17,23,26,25,21,19,17
31,22,24,21,18,17,17,15,14,14,20,17,14,13,14,18,23,29,38,41,46,53,54,48,46,53
26,25,23,23,24,26,27,25,23,22,22,20,18,18,17,17,19,22,20,25,32,42,49,49,52,59
38,27,28,29,30,32,30,25,22,21,14,13,13,13,12,12,13,15,20,19,17,15,17,18,20,26
32,32,34,33,31,28,23,18,16,16,11,10,10,12,14,17,20,24,25,29,31,31,32,29,24,22
34,28,33,31,28,24,20,15,14,15,11,12,14,17,21,24,28,32,35,37,34,32,35,38,40,43
27,31,29,27,25,23,19,15,14,14,13,14,17,20,21,21,22,24,27,32,34,35,40,42,43,45
40,34,29,26,23,21,18,15,13,13,16,16,17,18,16,14,12,13,9,11,11,13,20,28,37,47
31,27,31,27,22,20,18,17,16,16,14,12,11,9,6,3,2,3,0,2,1,1,3,3,7,14
26,29,31,19,21,21,23,16,17,12,14,8,13,8,3,1,2,0,0,0,0,5,0,1,2,0
26,25,22,25,23,17,10,13,16,14,7,22,15,15,6,13,0,11,10,7,1,0,1,0,0,4
31,37,29,28,19,20,16,20,14,16,33,54,55,35,15,3,7,20,19,19,29,24,17,4,5,1
39,34,35,28,19,21,15,10,18,44,55,101,90,61,14,0,11,14,12,7,5,24,48,24,3,16
28,39,35,29,24,22,29,29,45,66,82,152,137,63,21,5,5,7,9,11,4,4,13,27,19,6
20,43,37,36,32,22,41,61,78,78,132,189,194,81,26,0,3,6,3,10,0,4,13,11,10,39
29,25,34,43,44,31,29,49,78,92,142,191,204,151,67,15,0,3,10,6,4,8,8,8,20,39
24,25,35,41,52,59,41,42,58,80,108,165,193,211,163,47,6,0,1,3,5,2,8,9,39,76
25,22,18,13,14,22,27,33,40,44,70,121,137,166,202,187,70,15,5,0,9,5,13,41,84,201
27,19,18,18,14,12,8,15,15,12,17,22,54,101,163,193,198,95,45,30,20,34,67,128,205,209
38,22,20,18,18,28,27,27,23,26,24,26,17,19,33,81,94,102,123,91,109,112,125,147,140,125
26,27,25,22,30,47,58,52,48,51,60,43,39,46,28,30,29,28,31,44,44,59,59,55,53,53
38,30,26,26,31,30,47,43,41,34,37,29,43,37,39,40,36,43,37,19,19,18,17,33,23,29
40,46,42,35,30,24,41,40,42,42,31,30,22,33,26,42,39,40,44,36,46,50,41,26,37,48
48,52,44,37,24,25,35,37,38,48,38,29,44,33,39,40,33,47,52,52,46,42,53,53,58,56
59,62,49,56,38,34,31,43,34,38,39,48,38,34,55,33,56,43,56,47,62,51,49,74,61,71
68,61,66,59,48,39,29,38,50,41,53,48,54,57,56,55,63,62,54,59,60,57,55,58,66,62
66,70,64,71,68,55,44,53,46,52,57,59,69,67,69,65,78,67,76,63,72,74,77,65,68,74
84,79,69,78,71,60,69,62,56,62,65,65,68,78,68,89,74,74,77,73,81,80,77,97,82,78
85,90,85,76,75,93,81,82,78,68,75,70,75,74,86,95,78,93,110,91,102,78,89,105,101,91
