154,161,164,179,168,190,180,184,182,207,205,211,220,212,222,209,213,201,205,184,168,183,195,215,214,205
136,158,156,170,159,180,175,194,193,183,197,216,203,210,228,220,219,204,223,193,168,175,183,203,200,211
136,138,155,142,157,171,169,168,161,179,194,200,210,227,189,206,225,217,220,214,176,190,202,209,214,218
120,146,150,154,159,159,137,126,162,160,163,170,191,196,213,221,211,221,211,213,186,186,199,212,212,212
146,140,123,140,133,122,146,146,128,146,145,156,199,208,226,211,216,219,205,205,211,208,209,217,208,206
129,121,89,88,111,106,100,152,135,94,116,115,133,186,183,188,209,187,200,198,201,211,199,193,215,214
87,95,79,55,77,75,84,80,142,80,87,98,113,129,168,146,158,201,206,212,208,202,199,203,214,210
63,74,66,59,77,71,73,66,115,73,54,67,65,128,135,139,139,173,201,202,202,203,202,212,203,207
71,102,83,71,99,78,102,68,62,74,52,52,68,65,98,125,138,137,170,197,197,197,194,209,215,207
111,97,126,100,121,108,114,77,55,75,68,70,55,60,87,58,127,124,141,155,192,207,198,202,205,200
138,124,134,159,136,136,136,100,70,58,91,73,92,47,67,73,136,133,122,186,164,174,201,206,205,202
145,163,143,156,158,156,165,140,121,63,115,94,91,70,51,70,121,117,112,142,140,172,186,208,201,208
203,196,171,162,175,152,183,170,158,130,113,101,106,89,96,61,123,122,140,168,165,173,176,195,202,198
202,217,203,199,196,177,166,167,165,159,147,111,106,81,119,82,90,119,134,145,176,170,189,197,200,203
144,136,148,173,189,188,172,163,146,141,148,139,153,128,128,105,100,99,126,154,164,180,184,199,197,199
126,120,122,126,124,162,156,138,112,84,110,138,147,162,144,144,128,134,139,140,156,183,184,194,200,197
121,127,118,107,116,90,112,69,50,61,89,114,147,143,146,126,119,130,181,144,154,179,194,192,204,199
124,107,113,106,82,72,37,40,46,57,80,120,156,148,160,159,149,147,125,149,181,183,201,181,180,190
100,110,128,100,78,60,57,56,67,69,107,125,134,149,169,145,156,151,156,141,164,195,191,181,175,181
125,98,115,114,117,66,69,106,122,127,130,138,147,139,139,180,168,164,173,200,190,194,187,205,170,176
151,160,151,135,92,90,129,140,135,151,141,145,143,145,154,149,183,154,175,205,203,198,184,205,176,177
160,152,138,118,127,139,139,166,157,157,158,137,148,157,149,156,178,179,173,191,216,202,194,204,190,171
157,145,131,134,139,157,163,172,171,167,153,148,148,153,148,164,173,180,182,205,213,195,198,184,184,172
142,139,153,135,156,164,183,182,169,162,144,158,168,159,157,177,171,190,199,200,198,188,184,175,182,168
152,152,151,160,208,176,174,189,170,163,196,173,160,162,163,190,188,190,201,173,210,200,189,197,162,157
157,156,168,170,178,192,183,166,180,191,180,193,188,182,157,172,189,172,189,190,185,209,193,176,177,147
153,176,172,174,178,181,184,189,191,194,191,198,180,176,168,164,178,187,192,195,183,189,172,164,164,152
164,162,164,177,173,176,189,186,196,193,192,194,197,176,177,185,184,186,190,199,189,182,166,159,153,145
156,147,166,172,169,159,177,195,187,199,205,179,189,180,191,187,180,181,188,195,182,174,161,155,155,143
146,159,170,201,184,187,185,195,182,191,197,190,186,172,201,184,178,181,178,177,167,162,153,151,155,139
