153,152,149,136,143,157,164,157,177,179,194,191,193,196,208,212,203,208,174,151,154,156,141,134,145,132
143,141,148,160,155,158,145,165,164,166,171,174,174,174,200,201,209,204,196,168,178,150,136,122,132,136
134,136,140,151,149,149,151,151,173,170,158,172,151,161,182,198,180,205,204,195,189,170,151,153,139,137
139,139,142,133,142,133,155,160,161,159,174,176,169,189,185,168,191,188,189,204,189,177,149,177,188,164
116,134,155,130,142,153,161,158,168,171,173,178,169,157,147,178,179,159,169,195,189,169,192,192,174,195
79,112,152,142,139,155,166,162,162,161,168,181,158,164,165,154,171,172,179,176,191,196,197,203,180,176
55,62,87,131,147,150,169,167,157,171,164,164,178,161,161,182,162,175,171,181,185,187,189,191,169,174
49,74,67,104,135,140,149,150,150,132,139,157,187,177,176,175,187,183,195,195,192,188,189,179,172,155
52,59,64,96,83,111,133,133,147,135,153,157,161,174,185,177,205,192,185,198,206,203,211,202,196,199
38,44,41,46,60,116,116,109,122,128,126,137,177,197,183,194,207,210,218,204,204,191,205,217,219,215
34,31,39,38,40,55,71,130,92,70,101,148,172,181,172,190,197,212,209,220,213,218,207,214,211,221
16,18,28,23,35,53,58,90,96,101,83,109,126,163,178,179,214,199,200,228,221,226,208,212,231,232
5,18,22,14,30,55,47,50,61,53,74,121,125,140,165,184,201,199,196,237,216,207,221,197,223,227
2,2,6,21,36,48,57,45,45,50,61,77,150,149,139,171,168,165,203,212,229,216,192,201,209,222
7,7,7,17,29,42,53,73,55,49,60,80,127,70,131,141,135,147,192,199,216,230,228,207,190,205
12,5,6,12,14,16,40,56,69,89,99,95,68,100,125,88,126,138,195,197,188,209,191,195,175,214
9,8,7,10,7,12,17,39,54,63,71,117,131,115,95,84,96,124,137,168,185,190,177,197,162,188
16,14,13,14,9,9,14,17,24,55,71,100,89,70,80,93,68,63,63,107,142,202,208,168,176,159
21,20,10,19,20,33,12,16,34,46,58,53,56,56,63,66,74,70,122,125,134,174,201,199,207,164
23,8,24,9,12,6,3,17,20,34,36,49,49,58,70,79,89,63,110,144,172,147,155,194,217,206
15,28,18,21,12,17,15,15,13,4,30,42,58,60,65,91,73,69,137,123,133,140,168,217,215,238
33,18,23,27,23,17,16,23,14,17,13,30,40,60,71,92,40,59,111,96,128,123,144,204,185,178
22,28,29,32,17,16,10,11,14,21,23,21,25,36,49,53,45,49,58,102,68,119,139,156,161,145
25,29,38,27,24,27,32,23,8,17,11,19,17,28,39,42,40,55,57,80,82,137,128,151,127,121
126,40,30,33,36,30,31,33,31,18,18,24,19,23,24,44,36,50,51,62,68,87,105,115,79,104
128,126,38,32,31,31,31,37,40,28,23,24,20,27,23,35,31,37,46,48,56,68,98,76,63,81
131,122,34,36,36,39,32,39,44,37,30,26,22,27,31,31,27,20,37,33,46,54,61,54,61,69
124,129,128,38,46,40,37,38,41,41,39,34,27,26,23,19,18,10,30,27,41,48,45,53,53,61
135,130,127,129,45,42,41,40,41,45,46,42,37,32,35,31,32,25,32,24,25,29,45,41,41,45
120,129,128,128,123,52,41,42,43,48,46,43,43,37,34,32,38,36,40,37,37,45,39,37,37,34
