128,132,128,124,137,204,186,196,173,221,217,223,218,215,240,212,197,177,164,179,178,193,130,127,129,166
133,124,126,130,128,190,134,173,160,176,143,183,213,209,169,194,152,135,162,164,193,184,200,187,180,143
127,124,129,130,123,131,122,167,208,202,170,120,120,125,143,91,99,118,109,129,138,160,145,143,139,143
126,130,131,126,130,129,125,133,139,100,89,86,83,91,88,89,101,84,84,72,73,83,84,74,79,77
131,126,127,126,127,132,95,103,87,78,69,94,76,79,76,60,56,53,47,54,59,63,46,47,45,56
127,128,131,126,129,126,75,77,75,63,63,53,63,46,67,51,59,69,55,56,47,49,57,48,51,52
128,129,130,125,128,127,128,74,64,56,61,53,39,50,54,41,47,55,45,52,50,49,55,40,43,41
131,125,125,131,130,125,128,59,51,42,43,44,37,36,31,30,46,40,49,41,44,35,39,45,45,39
128,129,128,130,123,128,134,51,40,34,42,46,30,39,42,38,38,36,36,40,35,40,15,20,37,36
130,127,126,128,128,133,121,42,32,42,41,40,36,39,29,37,36,35,28,26,27,16,16,29,17,16
128,125,132,130,125,126,134,126,30,14,20,30,16,16,17,20,12,32,29,17,19,28,26,22,15,4
130,124,130,127,130,130,121,127,3,9,22,25,21,10,5,14,11,27,20,9,2,37,17,11,2,22
126,131,132,124,126,131,128,132,23,17,32,21,8,11,30,29,16,10,19,26,23,12,7,19,19,29
127,129,126,128,129,128,127,127,17,4,23,27,33,27,35,30,26,25,3,25,18,25,34,38,19,29
128,128,128,128,128,128,128,128,126,16,33,43,33,31,35,27,28,41,18,19,17,32,24,33,35,32
128,128,128,128,128,128,128,128,129,33,28,38,31,33,30,23,19,24,20,11,32,36,27,14,18,18
128,128,128,128,128,128,128,128,129,34,38,12,38,26,20,15,29,26,24,30,31,32,9,7,6,1
128,128,128,128,128,128,128,128,125,22,33,36,16,20,36,15,23,10,22,16,19,15,9,13,4,18
128,128,128,128,128,128,128,128,130,130,34,25,29,23,36,27,20,12,27,26,21,16,5,8,11,0
128,128,128,128,128,128,128,128,129,123,34,31,30,37,36,15,6,29,33,18,1,32,27,19,10,27
128,128,128,128,128,128,128,128,129,130,21,26,22,1,11,24,14,11,30,32,32,1,1,7,19,12
128,128,128,128,128,128,128,128,126,130,129,38,29,26,28,39,30,27,27,26,32,18,17,14,23,10
128,128,128,128,128,128,128,128,127,131,127,11,27,24,18,14,19,22,10,23,15,23,19,7,7,17
128,128,128,128,128,128,128,128,129,128,125,37,21,22,18,14,23,26,19,0,19,22,29,8,23,26
128,128,128,128,128,128,128,128,129,125,132,125,33,34,32,27,17,19,26,10,16,9,8,2,23,7
128,128,128,128,128,128,128,128,126,127,131,131,35,30,15,13,22,10,6,27,17,13,25,15,28,20
128,128,128,128,128,128,128,128,131,131,127,125,21,22,19,9,25,0,24,16,10,4,11,24,8,8
128,128,128,128,128,128,128,128,126,126,129,126,129,5,34,8,14,37,21,9,28,22,38,0,21,30
128,128,128,128,128,128,128,128,128,127,127,133,130,10,34,33,14,20,5,28,36,21,31,34,19,15
128,128,128,128,128,128,128,128,126,130,127,125,129,128,31,20,36,22,36,34,30,35,23,28,34,27
