36,37,37,37,39,41,41,40,41,42,44,40,44,50,45,47,53,47,52,51,70,66,99,126,131,130
37,39,40,40,41,42,43,43,45,42,48,45,46,50,45,48,46,48,50,55,62,64,84,116,132,130
20,37,42,40,44,41,37,44,46,42,51,42,46,42,46,50,52,45,53,50,51,61,70,93,117,129
47,34,42,52,44,41,49,49,44,51,42,57,52,45,58,60,61,55,58,54,54,61,66,80,103,126
62,57,60,65,63,59,54,49,49,51,62,51,52,48,51,54,61,60,59,56,56,61,69,76,89,127
69,75,71,68,74,74,67,67,64,66,51,64,56,49,55,57,64,66,64,63,60,59,67,74,82,130
74,73,80,87,87,86,89,91,83,78,75,66,81,64,78,64,64,65,66,71,71,66,70,73,81,129
61,68,74,79,83,83,82,83,95,89,96,90,82,82,62,63,63,62,65,71,76,78,77,77,84,126
58,57,53,56,69,79,84,85,101,95,104,132,139,113,88,75,77,73,72,63,67,84,89,95,96,125
200,155,145,147,122,109,107,88,89,73,66,95,153,249,251,254,206,191,165,114,87,92,92,99,109,127
213,224,213,222,232,218,215,216,203,226,242,245,217,171,143,179,151,176,201,213,212,219,195,137,113,125
178,202,231,226,231,223,229,215,188,225,250,234,237,197,212,229,244,229,207,179,111,132,186,215,198,132
142,152,195,234,241,246,245,244,252,252,251,250,245,169,184,208,193,196,195,173,211,189,104,102,199,126
136,130,140,164,217,242,250,243,249,255,255,255,248,182,181,180,195,204,181,180,163,217,236,89,193,123
143,135,142,187,158,209,250,251,255,248,254,252,250,185,193,209,201,200,191,206,215,246,250,173,181,128
149,137,146,208,195,197,226,254,253,252,255,255,250,224,218,218,232,212,219,212,243,255,252,243,143,131
144,136,150,225,202,210,217,243,255,255,251,255,246,253,244,237,234,229,229,232,242,255,248,245,145,130
157,141,179,253,244,252,247,251,252,255,254,254,253,246,253,244,245,245,240,240,255,248,255,247,135,127
150,151,228,251,252,255,249,255,255,254,255,255,250,249,250,250,247,242,246,251,250,255,255,249,111,125
133,173,245,248,250,243,255,248,255,253,252,250,248,248,250,250,255,249,246,249,253,253,252,251,123,126
131,249,241,248,252,251,242,255,255,255,253,250,247,246,244,241,231,245,250,251,254,254,255,248,136,128
244,253,250,253,250,248,223,229,253,255,252,248,246,246,246,246,242,248,250,253,255,254,252,222,149,125
252,245,250,254,245,199,163,137,254,255,254,245,243,244,247,251,253,246,248,255,252,251,255,207,176,123
238,223,230,220,158,157,145,156,244,254,254,247,246,245,244,247,241,243,250,253,249,255,252,164,205,131
136,96,103,132,141,148,142,132,230,246,250,247,251,252,250,251,251,252,249,249,254,255,239,126,193,133
99,112,160,129,142,148,145,168,243,255,254,246,250,252,250,252,247,249,248,254,255,249,252,177,153,125
106,240,200,125,156,140,179,185,249,252,249,248,250,245,245,250,253,246,251,254,251,254,253,252,109,128
129,155,176,151,143,156,155,219,240,254,248,247,252,248,255,246,245,255,252,254,249,253,254,250,111,130
139,148,121,176,169,173,185,212,255,246,249,247,249,246,245,254,250,247,253,251,255,249,249,246,110,128
132,161,169,167,156,154,181,232,249,245,248,248,245,255,247,251,247,252,254,252,250,255,255,135,110,126
