135,49,36,25,25,25,18,21,30,34,36,50,64,58,63,50,52,46,32,7,16,7,35,21,7,18
94,49,29,14,22,13,19,22,25,30,38,34,42,51,49,44,43,37,27,11,20,41,24,15,20,72
85,66,44,28,9,18,13,21,26,23,36,42,45,40,35,29,36,8,11,31,39,17,16,14,56,135
154,106,51,19,15,15,22,8,19,25,28,30,36,25,21,10,11,31,33,27,25,17,30,53,97,150
91,136,47,18,18,20,19,16,24,17,21,15,10,16,21,21,31,23,11,22,24,46,56,73,140,176
6,19,10,10,15,12,12,8,10,9,15,19,33,26,21,30,2,23,25,28,59,61,90,112,136,165
22,23,16,23,24,26,21,25,24,29,20,20,10,23,15,28,37,51,53,77,87,107,123,139,153,194
38,20,17,14,15,10,11,11,15,22,16,38,44,45,47,67,69,78,79,101,108,117,137,158,183,169
134,114,97,92,73,75,63,65,64,59,70,69,87,97,84,111,100,116,115,117,126,124,151,171,177,151
196,192,142,139,128,106,91,85,99,93,96,117,100,119,126,126,119,120,129,142,151,172,182,186,154,184
192,174,196,175,150,151,141,120,133,124,126,179,151,143,146,153,125,138,164,163,176,164,201,152,167,154
209,220,201,194,155,184,188,200,170,157,204,166,154,188,165,195,165,173,195,181,202,170,160,129,114,129
234,232,207,218,216,218,213,214,212,205,214,213,181,202,187,191,200,186,192,212,212,188,133,93,90,100
242,246,225,229,220,219,231,221,209,217,223,217,179,192,189,196,174,208,214,200,191,151,106,95,96,93
245,250,238,239,229,230,212,232,227,224,220,238,220,220,200,222,194,212,220,203,146,112,114,103,108,126
241,246,242,242,236,240,233,237,228,231,222,226,223,229,222,222,227,223,207,192,141,123,138,136,134,130
240,245,246,244,238,240,238,230,227,235,227,215,224,235,218,217,221,227,219,162,150,170,174,155,143,136
241,244,245,243,241,238,235,243,246,235,229,225,232,224,227,213,218,211,198,172,210,221,216,194,171,152
243,242,242,241,244,238,239,235,233,230,235,239,233,221,207,220,228,204,214,232,243,244,234,218,216,216
244,244,243,242,245,234,239,237,234,230,226,233,227,227,217,222,212,200,208,239,244,244,247,247,243,235
247,247,240,242,236,244,245,237,236,221,233,240,231,223,214,209,214,192,220,248,244,247,249,247,247,247
242,240,244,245,242,247,245,242,241,240,215,231,241,234,208,212,201,202,190,242,247,248,242,248,249,240
245,239,247,243,240,240,235,244,226,222,238,234,228,236,208,206,199,167,156,228,218,220,235,236,244,249
237,232,239,238,234,234,232,230,233,234,238,226,227,239,205,171,160,168,168,167,202,145,114,121,158,148
240,239,238,243,236,239,232,235,239,235,219,238,222,227,222,197,203,201,145,167,144,148,117,108,87,82
239,237,230,234,226,231,222,236,241,236,233,220,190,243,200,188,188,187,201,152,132,146,120,105,88,81
243,237,235,236,233,237,224,235,246,226,224,232,213,212,197,179,207,174,189,164,139,131,106,93,74,71
245,235,238,235,235,237,235,224,232,239,201,214,211,206,193,214,205,205,202,175,156,121,141,104,89,90
242,240,237,225,237,246,236,241,228,224,217,207,223,207,202,199,192,193,206,177,164,163,132,117,108,88
238,233,224,223,235,234,238,233,237,233,210,211,197,210,207,208,200,186,189,166,150,141,132,156,115,108
