133,129,125,129,132,69,114,136,165,196,205,221,216,208,227,228,212,207,223,232,245,242,236,245,247,242
120,126,129,130,124,72,87,128,162,164,188,216,211,215,213,225,226,225,220,231,240,228,237,238,247,243
135,129,125,128,135,122,73,115,150,166,173,195,219,207,226,231,241,231,237,229,236,237,231,238,237,240
124,127,131,128,124,130,57,109,138,155,175,183,193,209,227,236,228,234,230,232,239,231,236,229,234,238
129,127,131,129,127,134,63,98,132,143,148,184,174,182,219,226,234,231,236,227,232,230,227,229,235,236
130,125,129,128,127,124,72,90,104,129,148,175,195,195,219,216,221,226,231,233,238,228,226,223,230,231
127,128,130,122,130,128,127,89,116,108,139,154,176,200,217,214,220,224,229,223,246,236,229,233,231,234
129,125,126,129,131,125,127,74,116,121,119,126,155,181,201,208,224,207,229,235,237,233,229,223,215,229
127,129,130,129,124,127,134,64,93,136,124,140,145,164,183,201,208,224,206,204,228,229,224,221,219,213
130,127,126,128,129,132,121,50,71,115,127,119,151,146,170,195,187,179,203,229,225,229,221,210,224,214
129,125,130,130,126,126,135,129,67,86,137,151,129,141,154,169,163,200,199,215,218,224,237,224,221,215
131,124,126,127,132,129,123,126,50,108,116,133,137,100,137,155,173,190,194,210,215,220,224,227,223,189
127,131,129,125,127,129,130,130,42,76,109,125,142,134,119,145,158,187,177,190,196,205,226,206,199,158
127,129,124,131,129,125,130,125,35,52,100,105,132,113,124,129,131,168,166,175,186,190,210,212,196,186
128,128,128,128,128,128,128,128,132,40,73,75,112,132,133,129,122,143,165,171,185,202,201,213,200,205
128,128,128,128,128,128,128,128,124,31,59,76,96,135,142,97,100,141,161,174,156,187,198,203,195,164
128,128,128,128,128,128,128,128,133,12,47,59,98,110,139,131,133,141,167,170,156,172,200,191,209,212
128,128,128,128,128,128,128,128,124,20,21,56,77,98,126,138,136,140,153,149,170,190,170,195,207,199
128,128,128,128,128,128,128,128,130,128,17,35,53,75,100,116,137,146,129,127,145,151,179,182,206,216
128,128,128,128,128,128,128,128,127,126,15,29,49,75,85,119,127,128,149,136,169,169,184,202,201,212
128,128,128,128,128,128,128,128,127,129,10,14,39,48,69,106,135,124,140,153,148,167,175,185,193,205
128,128,128,128,128,128,128,128,128,128,129,12,23,43,62,85,130,138,143,144,149,165,175,172,185,200
128,128,128,128,128,128,128,128,129,128,126,17,16,28,48,65,97,123,133,138,145,145,165,156,181,188
128,128,128,128,128,128,128,128,126,129,131,6,15,23,38,61,85,98,114,131,142,145,157,164,164,174
128,128,128,128,128,128,128,128,128,126,130,123,12,21,16,37,60,70,97,124,142,148,147,156,165,161
128,128,128,128,128,128,128,128,128,128,128,129,2,11,31,36,43,56,79,97,124,139,143,146,155,171
128,128,128,128,128,128,128,128,127,131,130,121,12,1,17,19,36,54,70,82,116,131,145,143,143,161
128,128,128,128,128,128,128,128,130,125,126,131,127,4,10,20,22,40,53,68,101,117,132,135,156,172
128,128,128,128,128,128,128,128,129,123,131,129,120,10,5,20,26,41,46,59,82,114,124,142,139,145
128,128,128,128,128,128,128,128,127,131,128,128,129,125,3,11,10,30,39,49,63,107,103,125,131,146
