241,247,252,255,243,4,5,4,5,111,251,255,254,253,247,249,245,253,255,254,254,203,196,140,116,252
108,118,204,231,135,6,9,1,11,106,252,210,131,252,246,248,255,252,254,253,255,249,240,211,197,251
28,28,66,33,15,1,6,6,8,58,169,88,132,149,245,251,249,253,255,255,253,255,248,241,241,252
42,28,26,12,9,2,2,2,14,61,70,44,147,119,245,244,221,237,252,251,255,244,254,254,244,255
91,29,16,8,8,6,4,2,10,35,92,118,96,94,88,140,119,111,139,255,255,249,245,245,250,250
47,13,9,3,0,2,3,3,7,9,6,21,73,44,65,62,161,127,139,254,244,255,245,247,249,253
9,13,0,1,0,2,0,2,9,6,3,2,23,18,31,51,27,106,95,251,254,247,252,245,250,249
10,2,3,5,4,4,1,2,7,5,9,25,14,6,38,59,59,55,76,215,249,249,249,253,250,255
15,2,0,0,1,1,3,5,5,5,8,12,12,10,7,37,39,48,74,253,248,203,208,237,250,251
4,0,1,3,8,7,7,7,4,9,7,2,3,3,28,90,89,92,75,245,220,49,73,197,250,250
13,4,0,3,3,3,6,6,6,8,6,4,3,16,62,81,99,178,113,150,188,63,99,245,253,247
5,11,3,2,1,2,4,2,2,8,12,48,9,66,113,87,53,98,85,103,254,246,197,243,255,247
10,11,4,0,0,1,3,1,3,12,42,82,33,94,117,131,97,100,68,62,242,240,89,55,59,114
26,20,4,2,0,0,2,1,4,11,65,66,31,84,101,95,94,100,59,35,62,89,38,30,36,68
47,35,6,8,5,1,1,2,2,4,66,91,23,98,113,112,102,131,105,45,30,53,32,26,36,192
63,37,6,10,8,4,4,6,5,5,46,16,11,86,119,98,105,101,123,66,45,67,26,28,92,225
49,37,3,6,5,4,5,6,6,7,26,21,6,36,112,120,110,113,104,98,64,93,104,78,129,217
73,48,0,0,0,0,2,0,0,4,34,41,6,45,118,110,104,101,94,70,84,94,94,87,136,182
92,82,6,0,0,0,0,4,0,5,64,51,20,38,121,110,106,96,57,41,61,112,85,110,154,161
114,110,12,1,3,3,4,2,0,28,105,41,55,44,137,112,100,75,41,27,52,115,49,70,113,170
109,102,24,2,0,0,0,0,1,44,103,27,59,41,129,82,89,77,30,27,36,123,77,52,114,157
130,119,47,6,1,10,2,4,6,44,82,22,88,27,104,87,90,75,48,26,53,107,48,29,43,143
113,105,62,0,0,28,1,1,7,36,31,28,78,44,70,77,84,76,54,49,32,58,62,54,14,10
115,120,88,5,3,46,6,3,29,57,37,54,31,42,93,111,101,86,71,57,27,24,48,23,16,16
65,122,97,7,1,37,2,1,48,68,58,66,75,34,105,170,119,88,63,49,25,27,31,24,8,15
21,105,92,9,2,26,4,6,61,64,64,66,105,93,99,228,140,83,75,38,28,24,30,16,10,19
32,15,105,15,4,4,1,10,45,64,53,77,123,194,163,240,170,99,63,38,33,32,41,15,33,52
15,42,15,5,12,5,3,15,46,53,50,78,134,220,133,241,116,94,59,38,30,32,39,33,50,75
5,10,34,27,14,10,3,13,43,39,54,63,103,108,55,133,85,65,53,37,29,32,32,34,33,53
21,0,18,35,16,12,15,20,28,28,44,55,67,81,34,66,53,39,40,27,29,34,37,40,32,48
