102,81,77,80,90,93,94,74,89,62,92,86,73,80,79,84,83,63,61,127,128,128,129,128,128,128
99,86,79,58,65,101,93,93,74,90,76,112,85,80,84,91,70,73,62,46,129,131,123,126,128,128
122,106,84,104,77,74,93,77,87,82,74,80,99,82,79,88,79,59,57,48,130,127,127,134,128,128
112,117,101,104,96,83,91,87,93,83,78,92,100,91,84,75,68,69,58,59,129,128,124,128,128,128
114,116,107,105,114,78,84,91,87,82,97,118,81,92,87,71,84,68,65,52,130,128,131,125,128,128
84,83,108,100,115,109,107,104,88,109,114,102,113,105,85,88,53,65,73,69,42,128,129,128,128,128
97,103,97,108,120,104,94,97,91,108,94,110,103,97,106,71,72,62,64,61,52,129,127,132,128,128
88,85,113,117,108,152,121,109,98,114,98,89,85,92,94,97,84,86,64,63,50,129,127,128,128,128
100,91,115,112,110,108,118,114,101,88,90,79,101,100,79,91,90,83,74,59,62,128,126,128,128,128
105,111,108,120,109,97,94,120,108,101,110,108,98,103,91,86,76,91,75,78,63,75,128,132,128,128
108,113,99,110,102,105,101,95,105,113,111,96,98,90,89,84,84,81,75,77,69,67,127,128,128,128
133,120,107,112,85,90,100,101,88,104,95,116,108,108,94,86,89,83,101,84,77,90,133,127,128,128
133,127,130,138,114,104,90,96,94,103,89,97,121,99,89,95,97,86,94,105,96,90,128,128,128,128
177,134,135,119,119,102,100,87,95,82,82,109,100,99,95,97,102,89,80,97,95,98,124,128,128,128
171,117,115,106,117,93,114,113,121,102,101,91,98,89,86,98,89,102,99,87,81,110,126,131,128,128
141,143,112,115,115,110,93,92,94,87,94,85,98,99,79,91,90,93,88,103,99,93,106,130,128,128
108,123,103,115,103,93,94,93,93,94,82,84,77,88,85,93,104,105,88,99,103,120,105,128,128,128
107,92,82,86,85,75,90,77,86,77,86,78,91,80,87,86,85,97,113,91,83,93,106,131,128,128
98,73,68,67,75,66,77,65,79,81,86,74,74,84,89,85,100,85,83,109,110,95,113,127,128,128
55,63,68,66,56,46,44,58,68,67,70,81,69,84,85,103,108,103,99,102,89,121,112,125,128,128
32,42,45,49,43,44,26,28,46,56,75,68,71,80,74,69,88,100,110,116,114,111,109,131,128,128
14,22,40,38,21,22,25,22,30,28,55,68,92,92,83,89,74,110,78,111,117,127,127,127,128,128
10,8,17,16,12,13,21,13,13,17,28,36,58,81,72,85,76,86,107,91,131,125,118,115,128,128
6,10,4,7,12,10,12,14,14,9,12,14,37,56,58,89,83,93,116,108,116,127,115,136,128,128
5,7,8,7,7,7,8,7,10,10,12,14,15,20,38,56,93,83,112,112,116,123,150,116,129,130
4,5,5,3,3,5,6,6,5,5,8,11,9,8,15,25,49,87,100,104,105,147,79,133,125,126
7,7,7,6,6,8,8,7,6,6,8,11,11,8,8,11,15,40,101,97,140,128,169,136,127,128
5,6,6,6,7,7,7,5,7,5,5,7,8,8,9,12,12,21,47,90,109,136,126,135,129,129
3,4,4,4,5,7,8,7,10,9,8,8,8,7,8,10,12,15,33,53,84,106,137,139,128,126
4,4,4,3,3,6,8,9,10,12,13,13,13,12,11,9,15,17,16,31,59,123,171,147,133,129
