128,128,128,128,128,128,128,128,129,129,125,133,124,128,70,72,53,65,69,71,58,82,22,33,67,57
128,128,128,128,128,128,128,128,132,125,131,123,132,126,53,75,75,69,58,68,55,74,29,49,51,27
128,128,128,128,128,128,128,128,126,131,125,131,125,132,132,67,73,54,42,20,69,71,34,21,56,75
128,128,128,128,128,128,128,128,125,130,126,132,129,127,125,67,57,1,28,43,60,79,68,31,63,46
128,128,128,128,128,128,128,128,132,129,128,123,127,132,123,133,14,8,33,51,67,77,39,45,66,25
128,128,128,128,128,128,128,128,124,130,129,134,123,127,133,124,59,64,75,70,54,49,13,28,43,49
128,128,128,128,128,128,128,128,131,126,126,127,128,132,125,131,123,56,26,58,48,56,47,43,61,8
128,128,128,128,128,128,128,128,129,125,130,127,128,129,126,127,130,63,47,44,51,20,57,46,40,35
128,128,128,128,128,128,128,128,128,128,128,128,128,128,128,128,124,48,50,34,27,49,38,40,57,24
128,128,128,128,128,128,128,128,128,128,128,128,128,128,128,128,132,121,40,38,36,20,42,27,22,36
128,128,128,128,128,128,128,128,128,128,128,128,128,128,128,128,127,135,17,13,13,19,36,17,21,29
128,128,128,128,128,128,128,128,128,128,128,128,128,128,128,128,125,127,127,20,3,21,14,20,16,7
128,128,128,128,128,128,128,128,128,128,128,128,128,128,128,128,131,130,129,8,1,9,27,10,5,3
128,128,128,128,128,128,128,128,128,128,128,128,128,128,128,128,124,127,130,120,8,6,3,3,0,8
128,128,128,128,128,128,128,128,128,128,128,128,128,128,128,128,129,130,129,132,128,5,0,1,0,2
128,128,128,128,128,128,128,128,128,128,128,128,128,128,128,128,128,127,128,124,131,0,2,9,1,0
128,128,128,128,128,128,128,128,128,128,128,128,128,128,128,128,126,133,126,129,126,127,3,2,0,1
128,128,128,128,128,128,128,128,128,128,128,128,128,128,128,128,129,124,122,135,126,128,0,0,3,3
128,128,128,128,128,128,128,128,128,128,128,128,128,128,128,128,130,127,134,128,128,129,130,2,3,0
128,128,128,128,128,128,128,128,128,128,128,128,128,128,128,128,131,126,127,122,130,128,125,0,8,8
128,128,128,128,128,128,128,128,128,128,128,128,128,128,128,128,123,128,130,131,128,133,124,130,8,8
128,128,128,128,128,128,128,128,128,128,128,128,128,128,128,128,130,133,129,124,127,124,129,128,129,1
128,128,128,128,128,128,128,128,128,128,128,128,128,128,128,128,124,128,127,126,129,133,124,131,130,2
128,128,128,128,128,128,128,128,128,128,128,128,128,128,128,128,131,126,128,131,125,126,130,126,127,126
128,128,128,128,128,128,128,128,128,128,128,128,128,128,128,128,128,128,128,128,128,128,128,128,129,123
128,128,128,128,128,128,128,128,128,128,128,128,128,128,128,128,128,128,128,128,128,128,128,128,128,131
128,128,128,128,128,128,128,128,128,128,128,128,128,128,128,128,128,128,128,128,128,128,128,128,127,129
128,128,128,128,128,128,128,128,128,128,128,128,128,128,128,128,128,128,128,128,128,128,128,128,131,126
128,128,128,128,128,128,128,128,128,128,128,128,128,128,128,128,128,128,128,128,128,128,128,128,124,134
128,128,128,128,128,128,128,128,128,128,128,128,128,128,128,128,128,128,128,128,128,128,128,128,131,127
