94,96,94,104,100,106,100,101,102,102,94,92,91,82,85,83,81,82,83,79,82,84,88,84,79,97
128,83,95,106,88,96,102,90,88,106,105,98,88,90,93,95,85,83,84,80,84,83,81,84,84,80
93,112,97,95,91,89,98,94,79,109,88,97,91,88,91,106,96,84,75,74,82,87,78,88,99,84
79,96,87,92,89,93,95,93,95,95,97,88,92,83,99,81,87,82,82,76,78,84,77,81,92,77
91,81,85,81,98,89,90,100,87,87,94,102,80,87,76,90,79,73,78,75,70,75,80,88,96,86
91,94,87,93,89,89,96,88,87,83,85,82,80,87,92,72,76,77,75,83,79,73,75,83,89,86
97,104,97,90,93,90,93,91,90,88,79,92,92,88,85,73,78,72,64,69,76,72,71,79,84,88
104,100,100,89,92,96,89,90,109,87,98,104,88,88,83,79,86,85,86,69,74,79,79,82,77,76
116,99,94,96,101,97,99,94,96,95,96,97,100,85,90,86,93,88,85,85,87,87,95,87,85,85
98,105,96,109,101,104,101,101,90,101,88,96,104,92,91,88,92,88,90,90,81,101,86,92,76,80
110,100,99,104,107,106,108,101,100,107,94,98,102,98,95,90,92,93,81,82,84,95,89,93,90,90
109,97,95,85,100,102,98,92,104,96,90,85,88,98,100,92,87,88,95,94,96,81,92,84,87,79
104,101,103,94,99,112,95,101,102,94,89,82,81,89,95,95,92,93,89,91,80,79,94,95,86,89
101,113,101,101,99,102,101,101,95,92,83,84,85,81,84,87,89,85,86,90,82,87,93,86,77,92
117,110,106,106,110,102,112,104,104,97,90,95,104,100,102,94,92,86,86,86,93,87,90,78,85,90
107,105,108,107,110,113,101,109,107,96,101,91,94,91,97,84,91,95,95,89,92,84,83,88,95,79
90,81,77,80,74,98,87,99,88,85,96,94,87,83,84,84,81,80,86,85,79,89,86,93,97,87
126,128,123,116,97,90,70,67,62,63,62,60,71,65,59,65,63,69,68,71,64,67,64,66,67,70
204,199,198,181,167,164,168,158,147,140,142,137,121,100,98,92,72,65,57,57,51,50,51,48,41,52
216,213,202,201,189,205,194,191,160,161,151,172,155,146,143,130,128,120,91,106,107,82,69,72,63,60
198,216,200,196,198,186,197,185,169,156,157,157,149,154,139,126,135,121,112,93,90,89,95,100,84,69
207,193,197,187,200,162,190,174,166,132,141,148,147,140,130,96,71,91,90,65,68,78,79,70,69,68
169,161,149,151,155,145,137,145,125,112,121,83,85,82,61,62,59,50,46,50,50,45,54,60,63,48
98,104,86,64,64,53,51,47,35,29,35,37,39,38,39,46,47,38,40,50,47,43,49,38,39,36
44,50,56,50,63,69,72,69,74,103,85,86,66,76,76,80,107,114,205,187,135,115,97,76,69,102
70,85,83,97,90,76,61,47,56,49,48,49,49,47,46,50,44,41,44,39,37,53,34,29,42,37
46,31,39,37,49,44,40,52,38,41,31,45,42,51,70,89,102,135,209,255,255,250,213,167,141,136
3,8,18,29,36,40,51,57,82,125,140,153,169,167,190,171,176,179,185,183,187,246,255,212,148,117
31,44,44,51,103,147,152,159,171,166,189,190,209,211,229,255,253,240,226,194,130,155,153,154,146,124
54,170,255,251,77,100,148,154,169,186,226,251,214,214,216,224,244,244,240,238,151,146,140,123,122,140
