129,122,140,169,174,176,74,65,57,19,46,136,96,96,91,215,140,128,93,67,88,122,165,169,165,150
126,132,132,155,189,185,203,62,64,52,20,31,101,94,100,98,207,128,81,78,131,193,223,205,200,156
129,129,137,156,175,195,185,207,66,52,58,35,13,56,80,83,90,185,125,69,65,141,161,218,222,205
126,129,145,155,187,186,215,222,207,152,47,56,64,25,32,61,83,106,165,142,116,71,96,134,137,65
126,130,135,153,193,202,195,218,229,227,228,57,69,62,63,27,28,45,72,159,125,66,121,167,189,126
132,124,145,170,174,195,212,207,227,217,229,235,217,53,56,62,63,50,24,18,55,74,69,140,233,161
127,126,139,165,168,191,209,210,236,231,236,236,234,231,246,102,42,52,58,62,54,45,21,34,25,28
129,134,136,164,187,205,203,225,232,245,246,224,241,242,238,236,245,235,62,42,42,56,59,52,53,61
126,125,139,168,187,209,203,221,244,232,242,243,247,245,247,248,246,242,237,230,231,161,74,52,42,41
129,131,146,167,183,212,220,235,239,245,238,235,247,241,240,243,241,244,239,239,235,235,204,198,175,164
124,133,133,153,176,198,224,240,236,234,243,246,244,247,245,244,248,245,247,244,240,226,226,215,205,195
128,130,126,159,178,188,226,231,240,235,238,244,238,245,245,249,250,249,248,225,245,236,244,224,217,226
127,130,127,153,178,200,231,220,238,224,233,242,247,249,242,250,249,250,250,248,247,246,243,240,243,229
128,126,127,151,194,193,217,224,232,234,234,246,237,252,242,245,248,249,250,249,249,249,248,246,248,243
128,131,125,152,185,206,212,222,231,230,234,237,246,247,253,247,248,249,249,249,249,251,251,250,245,248
128,130,128,156,167,208,215,223,225,219,207,233,238,241,244,244,248,250,250,248,248,249,250,250,247,248
129,121,133,159,176,192,206,229,229,221,209,239,242,239,243,244,248,249,250,248,248,249,249,249,250,248
129,127,127,161,191,201,197,226,221,220,222,235,243,233,243,238,244,247,249,249,249,250,251,250,250,247
128,135,122,158,189,214,204,221,223,231,226,246,237,246,245,246,240,244,248,250,250,251,251,251,252,250
128,127,129,152,182,202,217,225,230,227,227,236,239,240,244,243,238,243,248,250,250,251,250,250,249,248
128,128,129,129,160,214,216,233,225,232,235,232,238,249,248,246,242,240,240,252,250,253,249,249,250,248
124,127,127,129,159,204,216,211,223,224,237,243,233,237,248,240,236,242,249,249,248,250,253,250,248,250
134,126,135,126,154,169,197,220,219,231,230,238,247,241,240,243,236,241,252,247,248,246,252,249,246,249
121,128,125,128,134,188,185,224,225,222,229,238,239,242,243,236,241,237,243,247,250,245,247,246,248,247
136,126,129,128,127,161,178,213,228,225,237,236,233,242,242,238,242,238,239,248,247,248,245,244,249,246
121,133,129,129,102,153,203,205,220,229,231,226,236,245,238,238,235,241,242,247,241,249,247,245,245,245
131,126,126,132,127,135,186,180,210,213,217,227,225,231,241,218,231,236,242,244,241,246,249,246,243,245
127,131,125,130,126,128,158,183,199,224,217,230,230,218,230,214,232,229,237,240,246,242,247,247,245,246
126,130,129,128,127,99,135,175,205,226,210,215,213,218,228,209,222,226,236,236,244,243,243,242,247,241
128,129,126,127,127,78,126,156,198,214,213,207,218,202,216,233,225,227,229,236,246,240,247,249,244,239
