126,129,128,127,129,130,127,125,109,119,148,138,157,162,152,180,173,189,186,191,172,190,201,185,225,229
129,126,128,131,130,124,133,131,129,138,187,148,175,174,171,184,185,193,197,199,198,201,210,200,219,199
131,126,127,130,127,120,129,124,160,140,144,192,183,176,195,178,194,162,185,214,196,197,210,224,181,218
127,127,127,128,129,132,129,128,168,155,150,145,171,147,187,184,183,183,167,200,223,202,168,224,224,226
127,128,127,127,126,133,119,139,148,136,178,171,151,158,198,173,166,149,194,171,196,208,181,223,207,199
129,127,127,129,124,126,122,157,155,180,194,173,130,202,208,184,175,177,188,195,179,203,222,229,207,216
126,125,128,131,129,130,151,172,158,169,221,181,182,186,166,172,183,171,180,192,213,198,215,219,219,192
128,129,130,126,125,126,163,153,141,145,164,172,166,164,187,182,191,197,185,211,203,195,162,219,216,224
126,128,130,127,132,124,121,174,156,161,142,144,116,185,180,211,195,182,154,186,214,212,224,206,223,238
129,126,129,129,125,154,156,170,178,151,144,155,175,143,161,186,168,146,190,175,205,211,179,222,222,224
131,126,132,126,125,162,137,162,157,128,167,182,155,164,181,175,193,113,187,202,210,206,206,164,194,212
131,128,121,134,130,155,158,179,148,167,159,161,176,180,161,138,183,166,164,195,199,209,204,218,212,209
123,132,128,121,134,163,148,178,150,168,163,133,154,185,172,168,168,168,149,195,172,186,200,203,197,213
127,128,128,132,121,148,158,160,149,125,153,177,150,170,173,182,161,143,150,143,137,149,161,183,189,179
131,125,131,126,130,176,159,193,165,143,153,151,167,175,133,120,110,103,110,149,130,147,151,144,182,139
127,127,128,128,143,195,147,171,128,140,139,178,174,157,171,102,105,97,81,98,95,127,125,158,145,142
128,131,130,130,179,165,178,175,165,134,161,162,151,147,154,102,89,60,73,66,86,81,87,104,164,114
130,120,127,126,175,210,185,158,151,131,130,131,141,132,114,79,46,58,57,52,52,75,84,86,95,84
128,133,128,132,191,166,161,158,150,138,125,120,108,66,34,32,37,43,30,51,40,43,55,69,52,66
125,130,126,128,193,173,209,208,184,145,106,79,54,25,17,25,24,22,11,24,22,14,24,28,23,31
131,129,126,128,174,196,151,137,102,94,74,29,13,17,27,12,19,17,15,13,19,19,22,17,20,13
126,134,127,187,163,164,152,95,57,33,19,15,28,15,15,20,15,10,13,13,13,14,9,14,8,3
130,123,126,178,153,145,90,33,19,25,22,16,16,12,9,12,9,12,15,10,5,9,4,5,5,8
126,131,126,174,109,72,36,27,18,13,10,18,10,13,11,12,6,3,7,7,10,1,5,6,2,7
131,122,133,136,88,43,24,16,10,13,12,10,9,10,7,4,6,5,8,3,5,8,4,3,6,5
124,133,122,106,61,33,20,8,12,15,9,5,8,7,4,7,3,6,5,9,8,3,7,7,2,3
129,123,134,40,20,14,10,16,12,15,10,7,14,9,5,11,11,8,1,3,5,6,6,4,5,2
127,127,126,33,17,21,15,7,13,11,14,15,20,13,11,11,14,14,16,9,3,11,3,6,5,3
132,123,130,57,37,25,22,22,22,13,20,24,26,22,28,24,16,15,11,15,13,18,13,12,6,6
125,126,133,41,31,42,44,28,28,16,23,24,30,31,44,42,65,56,27,28,15,11,19,24,24,19
