108,128,86,120,105,77,80,83,93,87,66,48,58,83,76,78,93,75,87,98,94,115,97,114,144,138
164,185,140,130,102,90,92,81,92,96,66,58,77,73,74,77,106,81,87,111,98,110,118,174,166,153
206,170,147,150,140,138,118,113,100,96,98,59,66,84,83,88,120,93,98,138,136,127,153,151,185,201
178,182,170,177,181,161,150,118,86,86,88,61,51,80,89,83,90,121,124,124,123,133,164,176,155,189
161,173,167,140,131,133,142,117,106,93,84,80,78,81,86,89,90,114,102,133,138,135,147,155,170,162
159,157,144,129,118,118,103,89,86,73,75,69,65,56,61,82,74,93,110,109,127,131,132,121,158,148
186,147,156,152,141,137,126,112,105,110,89,81,73,47,32,84,112,129,125,127,160,147,162,179,151,164
197,198,193,186,167,209,172,168,161,150,125,117,125,73,73,111,132,183,136,156,172,157,177,171,176,178
204,207,181,208,196,212,214,222,200,208,174,156,148,144,137,134,159,166,171,175,167,169,166,161,143,160
212,219,216,201,199,214,210,223,212,209,170,173,174,202,186,195,188,207,178,177,186,165,174,179,159,166
205,199,187,200,203,204,221,220,230,193,207,182,171,196,191,209,197,202,181,140,181,162,166,174,152,153
176,200,214,198,215,216,210,201,220,207,193,214,199,192,165,179,208,194,190,186,179,168,150,157,174,142
175,153,211,206,195,212,220,190,209,166,183,187,178,202,193,205,186,209,195,198,173,198,184,140,153,130
170,147,215,219,227,218,210,211,191,175,172,208,214,175,226,216,191,199,183,188,164,145,188,166,147,166
147,129,147,171,197,202,171,211,167,200,211,182,213,209,170,219,203,217,184,182,186,130,148,155,168,143
134,119,147,133,137,157,140,186,178,163,193,211,157,150,137,182,156,197,142,197,177,103,94,127,149,120
172,147,120,127,129,125,151,200,157,164,166,159,155,173,196,183,164,130,128,156,122,78,112,170,125,136
199,196,174,133,146,120,145,182,143,148,163,167,177,186,182,171,127,112,101,114,103,121,160,140,117,100
178,203,176,177,134,101,136,157,100,131,142,169,139,199,147,134,133,89,86,93,133,121,93,111,114,103
193,162,139,161,125,102,145,142,100,115,146,153,142,152,130,117,114,87,93,91,146,131,110,80,108,100
144,138,99,124,94,92,116,149,108,106,124,111,124,116,98,107,131,126,93,100,122,113,165,79,89,83
130,84,75,99,128,98,132,134,115,91,95,95,92,107,104,94,102,113,113,122,116,136,89,66,98,58
90,62,69,98,104,88,134,126,114,113,84,90,93,96,103,80,84,105,86,86,89,91,65,49,75,44
69,53,62,102,85,91,109,80,90,96,88,64,76,95,63,84,74,75,62,90,74,71,57,34,47,38
55,40,50,62,51,86,76,58,62,72,76,60,62,71,56,71,95,74,69,72,62,68,46,43,40,36
36,33,47,51,51,61,41,34,58,79,75,54,64,53,50,68,87,101,52,57,55,47,33,31,44,34
27,32,44,37,44,40,26,26,52,71,66,53,41,46,45,65,67,75,48,51,39,32,33,38,46,29
31,23,33,34,29,25,25,28,36,42,39,41,23,25,27,25,46,23,45,26,21,21,27,36,27,19
62,46,38,27,33,23,23,25,21,16,13,18,21,18,12,18,10,24,17,15,21,15,17,16,13,17
72,56,49,44,36,25,26,34,34,37,48,54,30,23,33,22,18,21,18,16,23,14,23,9,21,24
