240,234,218,229,214,218,241,234,221,241,234,248,220,223,212,186,216,220,197,185,180,179,204,129,80,242
239,234,222,230,238,247,234,240,247,208,232,240,238,220,223,205,183,187,183,191,179,152,220,160,86,176
230,241,225,224,249,226,241,241,242,236,250,237,237,207,215,215,188,211,197,193,203,200,177,164,95,98
217,222,244,239,240,236,234,238,229,215,221,235,231,211,225,203,191,184,170,188,189,224,195,177,136,78
215,235,231,246,241,237,237,211,245,231,229,239,226,204,218,199,205,209,180,195,213,204,202,202,150,105
216,238,235,237,235,232,229,234,241,237,239,224,208,198,200,216,236,180,202,195,195,191,180,204,155,135
224,226,236,229,226,241,226,235,229,242,242,224,223,212,201,200,187,223,181,201,204,190,165,171,194,136
202,230,240,246,223,237,245,238,219,232,215,211,199,195,204,197,202,187,168,195,190,186,195,186,165,158
228,253,246,232,241,231,203,222,224,218,234,188,203,205,219,187,189,191,189,180,200,195,183,179,162,167
228,234,241,247,229,234,239,226,231,228,219,197,207,191,208,209,213,196,183,110,186,169,180,156,157,172
226,250,230,231,195,227,224,205,222,226,209,216,219,195,191,203,190,187,187,139,159,182,187,159,177,168
240,239,242,224,220,239,227,231,227,216,194,210,207,196,180,186,174,172,186,175,190,151,157,156,168,169
228,241,238,235,234,228,244,228,215,218,217,181,190,191,189,190,168,150,140,181,205,137,157,169,170,149
227,252,236,243,226,242,221,213,236,220,213,163,190,197,196,190,189,183,160,178,200,165,145,165,149,160
224,242,241,233,228,222,231,230,226,221,190,205,191,203,203,195,171,164,164,151,173,162,136,188,151,159
234,245,228,229,231,231,233,214,212,200,195,191,206,188,191,183,175,204,188,173,156,145,151,151,172,172
250,238,219,238,237,239,189,209,217,204,200,188,179,193,173,158,154,173,161,168,150,153,134,143,134,158
239,228,236,234,229,235,230,215,210,195,220,226,191,190,178,158,166,195,167,171,164,122,111,134,163,129
228,237,240,232,244,233,222,234,225,205,219,220,189,180,160,157,165,167,165,144,127,109,94,96,103,107
244,226,221,245,189,225,237,226,239,224,230,228,207,201,179,168,173,140,145,142,149,100,90,86,83,83
216,237,241,232,231,230,230,222,217,240,233,219,224,202,189,170,155,165,157,140,116,106,97,92,88,89
241,246,234,244,240,238,243,235,236,237,231,216,215,178,190,190,155,161,159,119,110,105,122,113,98,97
233,250,253,243,251,241,240,229,240,233,246,242,209,207,207,192,162,166,154,131,117,112,123,93,100,109
251,248,246,249,244,243,247,244,255,238,245,240,224,225,225,213,213,195,165,135,139,140,137,139,126,117
247,249,255,249,255,255,249,245,250,242,252,251,249,243,230,242,199,227,205,163,145,183,159,181,138,156
250,253,251,250,250,253,252,251,251,251,255,253,247,248,255,238,229,213,212,182,170,190,159,193,193,169
249,246,249,255,253,250,255,251,247,250,250,246,255,248,237,224,233,187,177,183,188,191,187,188,229,203
244,246,231,249,252,244,254,248,246,248,250,247,252,244,231,205,173,164,176,162,170,165,207,200,203,212
218,226,252,248,249,249,248,250,231,242,245,245,246,235,207,184,135,124,141,143,141,196,202,210,194,211
195,217,238,244,235,247,245,241,242,252,246,240,207,199,170,137,96,99,114,115,121,128,138,149,151,140
