40,42,48,37,40,35,30,40,42,41,44,46,49,45,46,50,44,40,45,51,46,46,49,58,52,49
41,46,53,46,42,32,26,33,42,45,47,48,50,47,51,60,56,51,51,54,52,57,56,54,52,65
50,51,52,56,52,43,34,33,43,47,51,49,51,50,56,66,66,66,65,66,62,67,64,59,62,83
57,50,55,65,60,58,54,48,49,44,57,52,54,54,59,66,67,71,85,80,66,69,75,80,78,89
58,54,58,66,56,61,68,63,60,55,55,61,63,51,66,65,77,75,73,84,79,97,89,103,69,92
61,70,64,73,61,77,81,78,61,60,67,65,56,73,63,82,73,88,116,105,117,107,113,123,113,104
86,63,73,62,83,91,85,76,89,82,78,70,70,74,79,72,91,93,94,95,134,111,113,120,112,120
78,73,90,90,83,102,84,101,115,75,93,79,73,89,84,90,76,114,104,105,112,141,114,152,128,112
88,87,71,79,91,105,89,106,92,102,96,100,103,78,111,100,96,117,89,110,103,117,152,151,168,149
97,96,92,111,100,132,114,85,115,106,112,93,138,105,85,98,106,98,112,106,117,119,124,111,128,139
107,107,109,112,88,119,112,134,150,94,111,89,143,117,104,127,95,153,121,91,108,103,134,127,119,143
88,95,99,94,113,111,118,132,146,123,113,115,118,114,85,102,101,110,114,112,116,111,111,116,126,127
102,103,124,84,102,105,106,131,145,155,128,145,126,139,104,117,107,128,95,128,119,108,123,107,126,143
96,102,81,86,106,106,116,125,135,134,176,136,160,132,113,126,118,124,127,129,104,111,111,104,128,142
127,90,87,104,103,100,128,118,150,154,153,149,157,149,128,137,124,137,134,137,144,126,119,122,103,125
117,100,97,90,87,89,103,117,121,138,146,169,153,135,146,153,113,150,135,137,133,111,150,132,120,127
99,99,104,87,91,91,107,111,129,114,151,145,143,136,125,145,137,139,125,147,130,149,131,146,112,108
91,95,121,95,100,100,105,99,125,116,127,153,155,158,174,153,133,131,138,122,132,151,129,150,139,126
99,89,118,99,109,115,92,113,88,128,147,139,147,137,167,134,129,127,132,132,134,153,150,130,139,147
93,86,79,100,97,98,108,99,113,135,107,111,108,166,140,115,153,132,117,155,153,106,163,152,117,117
75,88,79,103,82,85,90,91,125,114,138,125,112,106,142,159,142,136,147,165,144,147,125,132,140,156
81,79,71,84,91,100,99,94,107,120,120,109,128,143,146,162,154,129,134,140,149,140,138,151,143,155
64,80,71,71,74,96,104,100,110,127,102,125,123,123,147,153,146,138,146,152,142,157,147,137,135,140
61,59,65,64,76,70,87,121,110,113,112,138,103,127,127,134,152,147,133,159,130,164,155,158,147,119
52,49,58,59,57,82,93,95,99,107,144,112,127,123,128,138,147,164,127,140,148,156,147,164,148,145
54,45,49,53,60,65,74,101,101,113,128,124,127,124,161,152,151,145,139,109,122,118,143,172,160,165
50,51,54,54,47,59,68,92,102,116,116,119,99,110,115,147,138,133,142,141,129,119,119,178,168,158
61,62,55,53,59,61,63,88,80,97,116,117,130,134,142,140,139,142,119,135,98,106,68,169,146,153
61,58,63,64,65,71,69,68,80,80,85,104,111,134,145,132,147,128,122,153,111,45,67,148,163,160
73,74,80,81,65,86,85,64,69,88,85,85,121,129,122,113,130,110,139,144,131,75,125,167,153,165
