120,111,116,94,128,103,129,118,128,98,109,122,135,136,163,147,136,132,114,108,118,97,91,82,69,64
112,116,98,135,102,94,102,92,75,75,102,105,97,118,114,88,105,81,115,89,73,81,87,78,71,79
149,171,139,159,108,95,120,85,103,104,72,105,113,104,97,97,126,80,88,79,82,91,79,89,76,90
148,133,166,164,134,102,94,88,118,110,92,91,86,100,109,108,113,127,113,117,98,112,111,118,114,89
138,135,139,154,103,117,97,106,99,95,112,109,84,88,81,98,85,104,115,137,120,111,130,125,111,152
94,87,96,78,87,70,82,71,62,83,95,94,85,92,99,105,101,98,103,95,105,122,141,135,108,124
75,85,74,53,50,47,57,41,62,50,49,58,59,63,75,71,80,83,93,98,77,92,85,101,81,108
55,78,64,50,52,40,35,33,34,35,42,37,40,50,40,65,81,80,73,70,65,71,62,65,70,81
56,43,52,48,48,47,36,28,20,32,36,36,41,42,45,45,73,62,68,55,66,55,59,65,59,66
54,49,48,36,37,39,45,42,27,18,28,42,44,27,34,46,54,53,57,58,58,56,69,61,68,75
78,65,50,43,48,43,48,42,38,25,27,27,38,44,40,33,48,51,47,54,62,86,88,99,103,70
106,89,75,62,55,51,53,47,39,31,37,43,43,40,59,45,51,66,77,60,72,91,90,132,133,117
131,98,99,88,65,53,48,51,36,27,35,55,49,57,47,74,74,59,108,71,88,93,131,122,138,153
126,120,85,82,78,62,46,49,40,40,38,44,55,51,54,69,70,77,82,86,106,124,124,121,142,140
115,94,79,78,64,59,52,45,40,43,44,41,42,37,52,59,56,80,84,86,103,117,145,139,136,130
92,67,68,59,50,38,36,31,32,24,25,22,31,50,48,45,69,71,75,87,89,99,109,131,106,134
85,74,80,65,62,50,40,40,36,23,25,23,24,47,48,56,53,71,73,88,96,93,85,94,105,107
99,112,143,104,91,94,71,77,65,52,36,28,26,65,68,100,80,93,99,106,124,126,108,95,123,90
186,150,171,165,154,161,116,120,91,109,60,57,60,74,100,130,135,112,101,135,135,117,122,110,114,96
124,164,141,186,201,181,162,149,145,115,116,111,104,101,127,144,119,112,104,140,113,111,128,102,87,90
169,166,169,178,201,189,139,156,130,141,156,124,140,138,142,161,165,121,105,127,115,105,125,84,94,101
160,175,194,166,183,189,145,154,144,123,110,151,150,159,149,167,144,158,129,119,107,115,88,79,97,124
169,154,176,180,173,169,167,168,144,139,128,128,127,143,157,160,153,140,112,119,111,110,107,89,100,105
174,145,188,195,141,178,135,149,131,151,159,135,142,154,157,168,169,139,128,109,88,108,82,89,94,122
177,181,204,183,136,121,165,114,182,179,128,195,183,172,166,177,108,153,117,152,124,106,84,90,80,98
159,177,175,157,163,178,129,137,141,140,143,163,186,172,150,159,125,121,110,79,123,118,129,91,73,91
97,110,129,141,175,115,132,165,107,110,122,124,95,137,158,166,144,141,113,75,85,103,99,83,73,66
64,87,101,90,129,132,128,104,123,123,99,106,114,97,104,143,114,112,83,68,57,64,94,86,74,65
83,85,98,109,105,119,102,121,108,107,123,122,122,127,86,83,74,70,78,55,65,80,83,71,62,51
77,79,107,107,100,100,81,115,111,147,119,116,105,65,75,57,58,91,70,61,74,77,73,47,50,34
