37,56,73,83,66,59,50,39,37,31,26,22,15,20,14,16,10,15,22,15,15,23,19,34,32,49
91,118,98,91,64,56,63,65,64,41,39,54,40,26,27,23,19,16,13,20,27,14,28,19,36,48
80,79,100,88,77,68,71,63,42,37,40,42,39,52,39,39,27,24,28,14,27,31,27,30,40,41
89,68,75,65,63,51,43,39,40,46,44,31,34,38,22,37,34,29,31,42,36,36,43,37,48,44
64,52,56,59,39,47,43,50,44,24,25,37,32,38,34,24,25,42,34,36,47,55,50,67,50,61
62,64,74,65,60,62,74,83,118,128,101,120,107,120,128,163,159,169,205,214,223,205,182,131,96,58
119,141,142,133,105,126,120,122,113,115,102,105,78,87,103,120,121,134,143,133,163,177,183,202,227,251
158,157,152,124,109,98,99,103,88,88,75,69,81,63,74,88,89,106,135,144,141,176,230,249,251,246
138,136,126,99,80,81,85,87,65,73,84,63,64,59,73,74,88,97,109,138,145,162,238,246,248,250
144,124,92,37,32,36,22,32,28,23,19,26,24,30,57,59,67,64,89,129,162,164,207,205,234,250
74,42,39,32,42,38,53,31,35,39,24,28,18,17,22,19,40,59,72,102,165,182,173,230,227,173
67,57,45,42,39,35,43,37,45,44,35,27,31,25,20,21,28,65,97,103,104,135,52,9,13,25
64,52,32,28,22,22,18,25,31,23,29,23,40,28,28,64,163,161,104,125,81,68,83,20,103,12
28,15,9,6,9,12,11,10,8,13,20,11,26,34,30,32,43,28,20,44,97,60,57,19,10,30
11,10,11,4,0,1,1,8,5,9,5,8,6,14,34,37,47,51,37,34,45,76,238,255,253,248
12,6,0,2,0,8,7,6,1,10,10,13,5,10,11,27,52,63,41,66,56,118,237,253,255,255
37,14,6,8,0,0,0,6,18,28,34,13,15,7,22,27,27,20,58,83,95,139,254,246,255,251
95,18,2,4,7,8,7,9,119,250,250,68,10,20,48,62,29,29,37,80,120,152,249,250,255,255
97,13,11,8,0,5,10,4,176,253,248,252,66,39,109,156,117,43,35,50,109,176,249,251,254,255
193,28,11,7,6,9,5,6,92,242,243,218,86,64,135,218,187,174,105,83,74,185,250,252,255,253
236,64,10,0,9,3,3,7,41,192,144,94,64,90,204,226,211,194,142,136,119,140,250,255,255,252
247,212,16,15,3,2,2,7,5,62,38,11,39,143,242,232,210,194,167,143,116,133,255,249,250,255
243,243,143,10,2,4,4,3,7,8,15,17,50,138,185,174,152,149,130,71,33,83,140,255,255,254
127,189,173,98,10,4,4,0,3,8,4,19,62,93,63,47,45,39,49,22,17,29,65,181,250,255
12,14,21,21,18,12,4,10,2,7,10,8,13,20,23,34,26,23,21,14,14,27,32,131,253,245
30,23,14,16,16,12,12,9,16,11,11,17,13,22,28,38,28,28,21,17,20,24,53,31,243,250
36,29,24,21,25,19,14,15,15,13,12,13,16,18,20,20,27,22,21,34,20,27,69,73,146,209
30,29,24,15,18,18,15,15,14,12,10,10,11,12,18,14,24,29,22,29,38,35,38,81,123,171
23,20,17,15,15,9,12,12,11,11,10,11,13,14,25,29,21,28,32,27,37,35,36,56,121,144
27,20,19,23,22,15,13,12,12,13,15,16,18,21,20,34,24,35,44,38,39,39,52,52,116,110
