251,248,246,249,243,247,244,247,250,247,240,246,240,240,243,246,240,241,244,233,240,224,243,227,205,220
250,247,248,245,241,243,239,243,231,239,238,241,230,236,247,240,241,242,233,249,234,234,187,203,202,208
251,248,250,242,230,218,234,231,225,223,221,184,242,218,231,243,241,242,231,225,218,204,200,192,186,195
246,242,245,232,212,213,199,216,186,200,200,224,193,216,230,235,234,229,230,229,205,179,179,138,141,161
249,238,223,194,168,155,157,173,192,178,184,207,201,218,232,225,207,213,223,207,185,179,137,150,111,123
227,170,96,25,11,29,82,147,142,166,180,186,192,195,217,214,202,202,197,202,143,147,141,139,101,42
189,97,12,3,0,2,0,1,20,129,151,179,176,180,177,186,181,151,202,160,144,137,105,52,22,4
157,27,1,3,4,4,0,1,8,27,97,158,182,166,171,146,171,159,142,116,130,98,56,35,27,17
115,39,29,25,21,29,27,47,74,93,114,101,170,153,142,155,147,133,120,111,113,63,51,52,85,92
98,55,75,126,101,122,156,151,137,118,118,97,105,139,119,125,108,105,96,89,61,43,57,78,109,117
90,76,84,106,129,145,152,174,145,130,107,115,99,107,126,105,96,91,72,72,58,76,78,107,104,105
51,41,49,33,85,135,124,151,165,131,131,118,118,99,88,78,78,88,91,55,86,87,108,102,102,101
118,94,74,87,108,133,161,168,155,167,128,163,118,124,86,97,93,73,99,110,115,103,133,109,118,116
183,170,134,138,152,147,144,165,144,162,146,157,146,133,138,117,126,130,122,117,118,124,104,104,96,105
187,173,158,162,151,133,145,150,158,148,154,140,157,142,153,126,141,121,112,115,142,101,107,96,87,110
170,190,163,144,148,145,128,139,125,152,133,130,152,138,138,119,134,120,114,108,81,87,76,94,79,95
195,169,140,144,139,134,132,127,126,126,117,118,101,114,125,120,120,109,119,115,89,78,65,76,76,68
189,172,158,125,134,136,132,121,104,115,118,99,96,96,78,78,84,88,100,84,79,77,62,62,73,56
167,143,125,123,113,123,92,88,115,95,85,99,92,102,86,80,65,63,78,72,65,48,46,47,46,46
150,116,96,107,112,111,76,76,62,72,73,66,58,65,52,43,29,32,44,52,38,58,48,38,42,40
136,105,103,94,78,56,75,71,70,56,68,52,53,55,53,43,35,34,31,45,60,61,63,41,55,55
108,80,76,103,119,83,98,84,73,88,100,83,86,73,64,44,40,44,39,62,63,77,82,69,66,79
97,109,119,106,107,128,105,121,106,147,120,130,131,120,68,73,67,59,82,79,119,110,104,86,55,57
127,114,151,148,130,131,139,95,100,100,122,133,140,119,126,95,87,104,64,79,84,80,68,52,53,31
145,183,148,114,106,114,81,83,77,84,87,93,90,79,78,91,75,63,65,57,51,60,53,49,39,39
152,176,109,87,74,72,67,69,89,74,55,66,51,52,51,45,42,43,38,39,41,42,42,34,33,39
97,98,87,59,69,74,52,65,63,49,54,57,43,36,37,40,30,34,51,35,30,44,46,44,33,30
67,50,54,62,64,51,60,57,45,47,45,35,47,41,33,29,32,24,25,29,37,37,39,40,38,45
47,47,68,53,69,63,56,55,42,45,52,49,37,36,38,27,27,33,39,26,42,38,58,37,44,39
30,46,52,61,68,60,55,58,72,62,34,40,41,40,43,34,39,32,25,23,27,45,33,44,38,43
