117,153,40,24,21,22,46,85,120,141,183,169,193,182,155,182,158,175,161,125,141,149,141,154,107,46
127,33,33,22,29,41,108,102,148,156,193,172,166,179,170,185,176,182,189,170,142,152,144,140,137,92
42,25,23,18,38,74,148,171,189,201,172,196,196,180,222,180,178,186,202,161,159,157,164,151,125,112
48,26,19,49,92,113,149,192,187,182,193,200,189,184,191,208,203,187,194,175,169,164,160,160,115,157
58,55,72,77,106,130,170,193,211,201,206,205,211,184,185,171,214,198,195,159,144,154,169,154,159,154
107,103,102,83,130,180,205,212,206,214,203,222,222,195,198,194,191,184,192,186,138,136,163,174,158,160
146,141,136,119,162,196,226,226,226,221,232,211,216,223,196,211,215,212,227,191,172,179,180,160,173,156
184,175,195,183,188,215,244,229,234,232,229,238,223,227,216,214,226,215,215,197,195,178,168,171,161,152
195,203,195,203,216,235,235,235,245,233,236,231,215,229,241,217,220,223,227,204,187,160,184,174,162,151
218,230,215,230,225,229,249,243,237,238,233,229,229,241,217,211,240,219,199,207,192,194,197,185,164,169
218,228,214,234,229,248,223,237,235,246,228,236,238,217,231,220,219,235,226,218,205,190,191,183,164,164
242,242,250,244,223,229,237,237,227,220,218,227,216,220,229,226,232,221,219,207,196,206,190,170,144,173
238,250,249,244,227,234,236,232,216,207,209,215,224,217,233,215,234,226,230,216,207,200,201,186,164,134
250,247,239,246,235,235,201,219,205,196,204,194,213,194,220,215,224,247,213,222,213,213,193,187,180,174
251,247,246,242,228,207,215,202,209,201,194,184,194,224,218,217,224,227,223,218,231,228,226,198,175,160
249,249,252,237,219,187,193,186,184,183,182,199,184,202,205,220,236,231,229,235,231,217,210,194,206,171
254,250,242,230,215,188,190,175,186,199,196,197,192,208,238,241,215,235,231,225,232,221,223,213,182,161
249,249,236,215,191,193,212,181,189,189,209,218,219,232,223,235,246,231,229,232,236,237,224,207,211,201
241,244,232,207,202,196,161,179,189,181,213,230,235,229,244,237,228,226,239,229,219,222,232,215,220,212
244,238,217,213,203,205,203,198,218,217,224,232,233,244,239,244,242,240,221,241,225,235,240,239,234,224
225,214,199,201,204,202,217,184,233,232,242,241,248,246,244,245,247,246,240,233,245,243,226,240,243,216
205,195,183,204,227,210,220,226,251,249,244,248,245,245,244,245,246,245,241,236,247,246,238,237,236,226
185,173,192,204,211,205,222,239,242,250,244,243,246,247,248,248,248,248,247,244,247,239,243,237,239,243
198,188,204,202,201,212,237,239,243,255,255,249,251,251,251,251,252,252,251,249,252,240,249,249,251,255
198,204,211,210,207,219,237,239,250,252,253,250,254,253,252,251,252,253,251,248,250,248,254,254,249,250
206,211,226,231,215,238,247,250,254,255,250,255,255,254,253,252,253,254,252,249,245,252,253,252,247,249
238,233,238,247,217,245,252,253,248,255,252,254,253,254,255,254,254,254,253,252,250,254,253,255,255,255
232,245,243,248,233,245,250,253,253,255,255,252,250,253,255,254,253,253,254,254,253,251,251,254,254,252
247,250,250,248,252,246,249,255,247,252,255,253,255,255,252,255,252,254,252,253,253,255,251,255,253,252
255,253,250,251,251,249,249,250,253,254,255,253,250,252,255,255,252,254,254,253,249,248,255,255,249,254
