237,245,236,232,243,243,216,206,217,233,208,205,222,207,185,192,172,191,187,174,186,170,210,251,253,253
242,237,234,222,237,225,219,209,216,184,190,203,205,181,204,187,190,186,175,178,170,184,208,251,253,254
234,236,240,227,237,229,226,216,206,200,203,177,195,201,184,202,197,175,181,170,166,189,196,234,250,255
234,244,240,225,217,221,218,205,205,201,195,199,191,193,181,181,192,200,177,182,170,175,168,238,255,249
240,230,228,230,215,212,213,217,206,192,205,184,189,200,199,187,195,178,207,177,159,166,147,223,255,243
242,221,226,217,203,207,208,203,198,200,198,207,201,193,200,186,194,194,198,178,177,146,146,175,234,255
211,219,225,220,207,200,205,196,188,192,197,195,195,196,191,200,201,205,186,198,195,165,156,141,199,245
213,217,212,217,201,203,196,200,200,193,197,202,197,201,189,192,211,202,204,200,211,178,165,152,141,173
219,208,211,205,198,203,199,193,188,190,204,205,194,193,195,189,194,210,209,220,221,203,198,164,152,133
204,215,205,206,195,204,210,185,192,182,186,200,187,201,219,197,196,214,216,219,221,215,207,179,164,172
208,196,201,189,198,180,197,181,169,171,174,189,196,171,210,197,204,220,221,227,235,239,224,210,203,189
198,222,211,188,194,197,182,186,180,188,177,178,205,188,209,208,217,225,222,232,232,229,227,237,218,199
201,197,203,193,204,184,190,168,183,170,169,193,192,210,210,204,224,217,231,230,237,229,231,226,217,235
193,201,201,186,181,172,167,178,177,170,175,188,199,204,217,214,220,230,219,229,227,239,228,227,206,215
206,195,194,203,183,170,177,173,178,176,184,201,211,196,223,224,222,237,230,224,231,235,223,220,214,221
191,203,197,191,184,176,181,181,171,179,179,198,208,226,212,217,246,236,215,218,225,224,216,219,217,214
189,196,190,172,174,170,170,171,173,179,209,203,205,215,226,224,226,216,221,226,216,236,216,222,221,211
196,178,185,174,173,173,168,178,173,178,192,205,213,232,227,236,228,230,214,231,225,226,227,223,224,210
204,178,183,176,163,161,165,169,169,181,196,214,218,222,215,217,204,214,205,220,212,208,202,207,209,206
194,184,173,167,156,154,165,168,189,194,200,195,215,226,220,215,209,202,201,198,201,229,200,203,206,188
176,178,168,170,170,167,171,175,183,210,208,209,204,213,223,209,206,194,182,188,202,191,196,197,169,193
184,176,170,171,168,156,160,165,179,194,209,201,198,202,198,205,184,189,174,166,189,190,195,177,180,173
171,173,166,165,155,165,164,158,174,198,200,199,185,191,181,168,168,173,160,176,175,165,165,173,186,164
176,159,159,171,162,163,165,164,176,183,186,184,179,182,172,177,162,160,169,156,152,163,161,168,177,178
188,167,167,163,162,154,167,164,186,187,181,176,172,151,153,145,141,172,157,161,166,152,160,159,183,185
167,180,157,167,152,159,151,167,172,163,171,165,155,154,134,138,151,155,156,153,182,182,183,188,191,201
174,163,169,168,160,169,158,169,166,159,147,142,138,140,133,150,151,157,155,167,175,199,196,218,201,188
175,176,149,160,162,148,141,162,146,146,155,146,128,139,143,130,157,167,181,186,203,200,211,201,196,154
182,168,173,159,149,153,149,148,136,136,135,133,135,131,141,145,158,176,186,197,210,214,189,173,160,119
181,179,151,159,151,144,145,146,142,133,128,124,143,146,142,151,158,168,184,184,194,173,163,138,116,102
