128,128,128,128,128,128,128,128,127,129,127,126,129,129,214,207,216,200,181,180,166,145,148,149,146,125
128,128,128,128,128,128,128,128,125,131,127,128,128,126,219,205,213,198,217,189,170,162,163,181,151,140
128,128,128,128,128,128,128,128,129,127,130,124,132,126,125,219,188,171,171,209,164,172,172,165,149,134
128,128,128,128,128,128,128,128,128,130,125,127,126,133,128,213,190,181,183,172,175,177,160,145,162,142
128,128,128,128,128,128,128,128,124,128,127,133,131,120,134,128,204,176,179,146,179,155,165,157,136,167
128,128,128,128,128,128,128,128,132,126,126,124,133,127,126,128,187,182,193,161,152,165,168,149,160,136
128,128,128,128,128,128,128,128,125,129,129,131,126,131,131,126,127,184,178,171,172,148,160,157,154,139
128,128,128,128,128,128,128,128,131,125,132,121,132,128,125,130,127,180,180,161,174,170,151,145,130,139
128,128,128,128,128,128,128,128,128,128,128,128,128,128,128,128,130,174,169,175,162,159,165,158,163,164
128,128,128,128,128,128,128,128,128,128,128,128,128,128,128,128,126,126,166,171,166,161,175,177,163,157
128,128,128,128,128,128,128,128,128,128,128,128,128,128,128,128,129,131,173,164,166,160,155,186,159,158
128,128,128,128,128,128,128,128,128,128,128,128,128,128,128,128,124,130,126,170,170,169,170,169,150,130
128,128,128,128,128,128,128,128,128,128,128,128,128,128,128,128,129,129,128,170,170,165,150,168,166,130
128,128,128,128,128,128,128,128,128,128,128,128,128,128,128,128,133,124,129,129,166,175,150,171,160,147
128,128,128,128,128,128,128,128,128,128,128,128,128,128,128,128,126,128,126,126,131,151,170,151,146,163
128,128,128,128,128,128,128,128,128,128,128,128,128,128,128,128,130,125,128,132,125,173,151,147,168,163
128,128,128,128,128,128,128,128,128,128,128,128,128,128,128,128,126,128,129,130,128,127,171,168,145,139
128,128,128,128,128,128,128,128,128,128,128,128,128,128,128,128,130,129,127,126,125,129,167,171,147,135
128,128,128,128,128,128,128,128,128,128,128,128,128,128,128,128,124,127,130,133,127,122,131,132,169,133
128,128,128,128,128,128,128,128,128,128,128,128,128,128,128,128,130,128,125,128,126,132,137,151,137,142
128,128,128,128,128,128,128,128,128,128,128,128,128,128,128,128,127,128,127,132,128,128,119,128,143,140
128,128,128,128,128,128,128,128,128,128,128,128,128,128,128,128,129,129,126,129,127,130,125,132,126,109
128,128,128,128,128,128,128,128,128,128,128,128,128,128,128,128,129,129,126,128,126,128,128,128,131,116
128,128,128,128,128,128,128,128,128,128,128,128,128,128,128,128,127,128,127,129,128,127,130,126,129,123
128,128,128,128,128,128,128,128,128,128,128,128,128,128,128,128,128,128,128,128,128,128,128,128,126,129
128,128,128,128,128,128,128,128,128,128,128,128,128,128,128,128,128,128,128,128,128,128,128,128,129,128
128,128,128,128,128,128,128,128,128,128,128,128,128,128,128,128,128,128,128,128,128,128,128,128,129,125
128,128,128,128,128,128,128,128,128,128,128,128,128,128,128,128,128,128,128,128,128,128,128,128,126,131
128,128,128,128,128,128,128,128,128,128,128,128,128,128,128,128,128,128,128,128,128,128,128,128,131,127
128,128,128,128,128,128,128,128,128,128,128,128,128,128,128,128,128,128,128,128,128,128,128,128,130,123
