149,129,140,94,79,85,76,62,52,54,47,49,36,35,27,32,34,35,35,41,45,51,53,51,52,61
180,151,127,74,97,90,88,59,54,80,56,51,46,43,43,44,43,43,37,34,43,43,49,58,71,65
150,146,139,122,99,96,87,80,76,62,67,65,54,58,41,41,37,35,35,36,37,45,50,50,55,57
157,178,146,125,125,105,79,78,89,81,69,71,54,43,47,40,34,32,40,31,44,42,47,58,53,66
174,163,149,121,124,106,84,90,80,69,64,59,51,46,38,34,39,35,38,35,36,38,41,44,47,52
181,162,120,114,119,111,94,96,85,98,90,81,75,84,61,58,56,50,38,40,36,42,43,40,46,45
167,130,99,99,140,179,207,172,150,138,125,116,80,72,65,69,61,63,50,41,50,42,41,45,35,42
149,156,225,244,231,223,172,164,140,105,84,88,74,64,71,74,67,53,29,24,26,20,18,20,16,19
160,255,255,248,238,200,165,123,125,101,97,97,86,74,66,58,49,31,16,21,17,23,25,24,32,29
206,252,250,252,211,172,149,145,124,96,95,97,64,61,60,49,23,27,23,20,30,27,29,35,28,32
230,254,252,255,173,167,134,171,170,155,173,83,85,56,28,22,39,36,29,25,28,31,26,19,17,17
52,31,40,26,28,57,59,89,133,160,255,228,89,25,24,47,38,41,29,20,15,13,8,5,6,8
16,23,47,130,29,110,20,46,138,188,252,255,132,53,41,32,35,22,13,8,4,3,4,4,5,5
35,21,34,25,19,46,10,48,170,172,252,251,106,85,41,29,10,12,5,5,3,4,6,6,3,2
214,255,163,69,53,66,43,142,188,153,205,171,130,97,24,15,16,5,3,6,4,3,6,6,6,10
184,229,221,208,231,221,215,200,169,123,103,129,106,46,9,23,17,18,3,8,8,8,11,9,10,18
151,192,205,185,185,194,206,156,144,88,62,118,61,23,28,37,46,19,8,13,13,14,14,6,1,8
134,189,219,183,186,178,165,169,153,96,95,52,44,39,56,99,87,19,3,6,5,7,9,1,0,6
88,176,177,195,181,188,176,158,124,81,82,85,54,56,92,120,132,46,5,3,4,5,8,5,0,5
65,153,208,189,174,168,176,167,113,86,67,77,182,98,111,139,145,102,20,4,4,6,5,8,8,6
28,184,204,192,167,176,164,165,108,119,72,35,74,113,82,78,109,121,63,14,0,9,4,1,3,4
31,131,195,192,180,174,169,123,99,69,34,30,42,52,54,40,53,67,108,42,6,7,6,6,5,4
32,64,156,191,166,180,125,118,94,36,23,19,5,13,13,13,21,9,18,17,21,15,6,4,6,12
18,50,46,149,160,154,141,134,75,35,23,19,23,11,22,19,13,22,16,21,20,13,16,18,12,17
12,28,41,93,145,140,131,142,89,38,39,22,27,17,11,18,16,18,21,20,21,22,27,24,18,25
27,39,37,64,92,108,99,129,65,53,36,37,29,23,24,15,11,18,15,16,20,19,20,23,20,22
56,42,26,63,54,69,54,102,85,48,37,39,30,40,41,24,11,12,13,15,15,16,19,18,20,25
96,23,44,58,30,16,38,49,66,45,46,54,81,43,38,30,16,23,13,12,11,14,19,20,18,20
77,39,37,29,51,43,74,91,84,52,43,48,48,43,43,24,34,38,29,25,17,14,17,19,19,22
34,49,38,47,74,107,86,83,83,81,55,61,54,66,51,35,27,23,25,28,28,28,28,23,18,17
