131,135,141,128,129,126,138,146,117,125,120,121,121,114,148,145,122,172,120,128,118,115,117,120,155,140
155,134,145,134,158,131,123,129,123,112,135,124,117,124,114,129,122,117,115,112,135,110,115,134,167,170
129,122,137,132,139,141,133,159,124,150,134,138,145,134,122,129,125,124,129,144,117,125,117,111,126,132
144,138,139,150,157,168,164,166,168,170,165,164,139,154,132,139,141,134,141,114,121,112,108,118,111,127
124,123,119,116,144,143,149,146,127,151,162,135,135,121,127,120,109,109,120,130,119,108,113,116,110,125
120,131,139,126,141,124,155,119,111,142,140,148,131,129,119,113,111,115,109,114,114,124,109,121,116,125
112,125,129,123,141,130,121,131,139,148,157,145,137,125,113,119,132,118,118,109,114,111,123,117,117,137
123,134,130,132,129,127,147,124,157,132,136,158,124,131,130,129,127,115,111,112,111,121,117,118,122,127
143,115,132,120,149,156,136,151,123,136,132,115,117,110,122,132,122,119,112,115,117,103,127,124,133,141
114,151,132,154,133,129,142,131,134,120,123,127,112,116,108,122,117,114,129,127,132,134,132,145,142,155
123,134,141,144,136,155,123,121,118,117,113,114,121,107,111,114,111,110,121,130,147,149,142,142,161,156
141,134,119,130,120,135,147,131,136,115,118,122,108,112,115,112,115,113,126,118,137,147,137,155,162,183
139,124,160,125,125,117,127,141,109,119,120,109,120,112,118,115,109,131,135,141,139,125,131,138,171,178
146,158,123,152,141,119,134,145,140,126,134,126,126,133,161,131,127,114,145,149,132,134,128,166,142,147
161,143,163,171,138,146,126,124,144,126,145,156,131,127,113,113,122,140,132,140,142,164,148,139,133,154
153,148,152,133,161,126,159,131,128,151,125,157,124,130,128,124,147,140,149,144,140,147,136,146,131,132
143,157,175,140,117,148,151,128,150,171,194,163,139,148,126,175,121,148,150,133,136,125,150,152,139,133
147,148,138,127,134,114,124,137,148,169,163,192,141,150,157,147,163,141,141,140,125,153,142,133,144,132
140,132,137,133,130,151,138,142,154,157,149,166,159,153,123,153,143,140,141,144,138,126,131,126,125,116
127,143,124,119,132,109,124,115,136,157,134,150,145,115,145,136,133,143,134,133,129,118,142,121,122,118
130,111,126,117,124,133,132,156,157,151,162,154,161,159,128,132,139,137,136,135,126,128,116,118,119,121
110,122,141,121,137,121,147,141,151,168,147,165,164,169,140,127,145,140,118,133,124,122,113,137,128,138
125,113,124,141,119,179,148,159,137,125,134,158,147,140,147,136,125,131,127,144,128,135,151,140,132,138
116,135,133,120,129,137,143,127,130,141,126,137,153,144,141,151,138,159,142,134,146,127,135,157,139,149
126,137,144,139,122,158,123,122,140,148,152,154,155,145,151,157,144,148,135,163,138,123,146,148,150,160
127,133,138,156,148,167,151,148,153,176,173,174,157,156,166,146,155,152,135,138,147,160,156,175,175,123
160,174,171,172,173,197,172,176,202,181,182,187,167,163,169,158,165,161,131,148,160,165,173,181,158,128
169,187,189,196,202,202,214,212,193,184,188,178,181,164,158,179,146,164,160,161,167,174,169,180,125,138
197,227,204,207,214,218,218,204,211,186,186,188,169,182,178,173,169,180,171,190,187,203,190,131,130,121
215,204,206,194,208,189,191,188,187,187,190,185,186,182,192,191,191,206,205,204,203,231,123,122,132,133
