24,25,23,17,28,21,19,18,15,12,9,9,4,6,7,9,15,8,9,18,17,20,26,31,48,64
9,13,12,4,4,6,4,2,6,5,3,7,6,7,3,0,5,1,2,14,15,24,29,37,46,54
2,2,0,6,8,2,7,13,8,10,13,7,0,1,1,1,4,0,4,3,13,28,22,38,58,54
10,29,30,22,28,16,27,23,12,25,20,19,21,22,13,3,2,3,1,10,14,23,36,42,59,73
43,48,48,36,46,37,43,41,58,53,49,39,36,34,24,11,3,3,7,5,20,35,49,47,66,71
89,104,84,76,88,94,73,52,88,65,71,43,27,24,24,18,8,5,11,18,20,31,61,52,54,66
97,130,132,111,102,119,106,76,89,89,53,34,29,28,22,14,10,18,24,23,28,43,48,51,57,56
147,141,172,152,101,73,93,109,81,84,50,29,25,25,20,16,17,30,25,36,40,55,45,54,56,57
121,157,147,132,123,80,65,73,53,50,48,39,32,24,22,35,47,48,41,47,45,39,58,56,65,59
140,136,128,124,101,60,94,74,43,52,44,26,28,23,24,27,54,45,55,56,60,75,71,66,69,32
140,132,124,107,93,97,66,63,50,36,35,24,25,28,38,46,62,47,109,49,79,61,80,56,63,43
153,104,88,105,78,71,55,49,40,33,33,49,42,48,59,84,68,63,64,66,69,82,75,70,65,57
86,73,95,89,55,53,48,34,34,31,49,66,62,65,64,92,66,72,63,68,63,61,81,64,63,36
96,83,78,78,56,48,49,50,63,65,79,68,70,69,66,79,68,68,66,67,86,77,76,60,67,55
65,48,62,78,83,45,57,62,78,66,83,71,76,74,76,70,78,72,71,81,78,73,58,53,69,41
41,49,72,63,55,75,85,76,52,77,51,72,77,75,77,57,77,78,72,66,76,82,69,70,59,58
52,60,61,57,59,71,50,74,63,79,77,58,86,66,74,65,74,73,71,80,86,67,69,88,65,65
48,43,57,60,45,56,75,70,62,73,93,71,73,73,80,82,64,63,48,60,68,72,73,55,77,82
30,35,39,49,56,37,65,84,70,89,68,77,78,68,55,66,54,68,58,59,60,68,61,70,82,61
42,40,49,66,78,81,65,67,68,83,59,72,83,71,61,67,61,66,60,62,47,56,63,59,43,57
40,66,82,80,86,99,78,83,75,74,73,60,69,70,64,60,59,60,69,64,65,63,62,50,60,51
88,96,93,89,101,83,73,85,71,76,67,61,70,73,52,50,53,60,65,47,56,57,57,55,49,55
79,91,93,83,74,79,95,89,81,70,51,54,58,61,47,49,42,41,42,37,64,53,32,71,62,56
104,109,103,106,114,89,73,79,73,73,75,63,50,48,52,50,47,55,50,52,58,50,56,58,59,56
118,118,144,113,114,76,85,95,78,79,79,63,47,44,45,60,56,37,43,61,67,63,69,63,47,60
135,145,146,136,132,112,96,92,86,80,89,59,80,90,38,54,52,60,71,41,47,56,44,57,59,128
138,154,158,162,122,128,128,111,127,80,75,90,91,76,61,63,46,48,42,52,62,48,57,52,53,129
174,173,167,171,161,130,130,116,113,87,88,92,86,77,66,54,46,48,73,65,49,58,54,71,129,124
171,170,130,160,179,148,141,124,115,134,121,92,82,88,62,68,51,68,48,71,67,54,54,130,126,129
166,174,154,195,180,176,153,114,99,126,126,115,77,76,82,83,63,65,64,55,72,52,129,124,128,124
