92,79,83,83,74,67,84,79,70,59,65,49,45,51,50,59,58,49,51,56,73,71,60,65,75,84
78,73,75,72,63,62,70,64,59,45,51,43,49,50,43,49,45,45,52,51,71,70,69,74,79,85
68,72,57,46,56,48,55,51,60,51,42,35,39,43,43,39,40,44,40,51,56,70,72,90,105,76
60,64,55,45,41,50,44,52,51,43,52,52,40,46,44,41,38,35,38,39,51,58,66,89,87,97
64,52,53,62,54,52,53,31,40,32,31,34,31,35,30,38,33,30,43,42,35,46,46,67,83,91
59,48,38,30,31,27,39,44,36,58,81,61,112,134,116,121,148,166,121,143,165,130,131,129,106,96
42,44,44,46,49,42,52,54,55,57,59,53,90,118,147,182,160,180,179,194,212,163,170,185,181,195
45,53,62,74,64,68,67,70,72,86,67,74,82,57,97,114,141,158,191,204,198,183,189,188,180,191
56,59,61,64,91,166,123,102,90,81,81,100,102,100,95,87,89,122,181,213,249,221,154,181,164,189
37,30,33,29,68,150,78,40,35,41,40,41,104,114,133,117,112,96,167,251,249,229,171,177,170,184
18,17,14,12,22,236,246,93,17,9,21,21,71,153,110,137,158,138,229,255,250,249,180,197,159,169
8,17,7,9,14,39,42,22,10,14,5,14,35,81,130,130,180,168,255,254,251,254,178,224,182,107
8,9,11,2,11,27,11,10,10,8,14,3,38,52,106,134,183,189,254,255,251,253,173,48,42,40
5,16,15,6,13,12,12,15,11,7,9,12,30,75,122,120,160,192,253,255,252,244,188,63,92,29
11,11,7,16,11,26,13,23,36,16,11,14,35,250,228,189,113,161,253,254,254,251,203,109,76,32
19,15,21,15,22,9,8,21,27,40,35,20,70,255,255,226,211,135,228,250,255,255,163,181,180,190
10,11,13,9,14,9,9,15,16,15,11,13,65,252,249,251,218,193,146,255,255,246,174,177,180,212
12,18,11,7,5,11,5,12,29,11,4,21,187,250,255,253,235,207,182,160,245,239,160,149,180,196
29,6,6,16,7,10,9,13,27,10,18,74,231,253,253,247,229,199,233,203,222,245,150,170,185,197
100,17,13,0,8,14,10,20,15,15,34,173,224,245,211,240,198,189,201,120,143,204,113,169,181,212
149,78,16,14,5,4,7,14,23,33,97,119,103,126,83,38,53,109,84,70,100,96,78,122,159,157
22,22,24,14,18,16,16,28,22,31,24,28,28,29,43,52,42,54,64,51,104,99,89,71,111,117
35,31,24,23,30,16,29,18,36,42,28,28,43,52,58,43,66,70,73,77,105,186,134,74,78,86
43,53,54,42,35,31,38,40,39,33,30,34,31,37,38,38,46,55,67,85,103,133,164,92,97,88
56,44,39,36,32,33,34,30,28,29,23,24,40,28,24,46,50,47,92,74,112,120,162,123,80,103
43,36,34,23,28,32,38,40,35,24,24,28,34,33,38,40,61,75,86,106,104,125,143,222,191,188
44,35,33,34,34,33,35,30,32,25,30,23,27,43,51,56,76,88,81,99,116,114,125,190,178,73
31,30,45,39,42,43,34,42,40,21,25,29,31,51,54,61,108,80,90,105,88,128,98,141,163,73
59,50,42,59,39,36,31,35,32,31,38,40,35,56,74,63,95,90,121,106,121,116,127,154,117,110
60,47,71,93,51,43,38,41,39,54,46,36,45,62,79,97,98,97,108,120,114,125,129,162,172,140
