244,251,242,249,249,245,252,248,248,251,243,247,244,252,246,247,246,248,248,239,236,231,230,236,231,230
255,250,254,244,243,249,241,245,242,240,245,246,245,242,241,247,238,241,241,239,233,232,209,205,206,179
239,250,250,252,248,249,240,238,237,241,235,234,242,235,240,235,239,244,227,229,230,223,218,196,191,190
247,219,222,243,245,247,242,247,236,226,228,195,162,170,170,201,239,218,220,189,190,211,209,203,204,189
235,240,217,192,190,156,199,223,229,236,238,224,194,156,110,116,86,124,163,190,182,145,142,145,157,164
66,52,75,92,73,74,49,40,110,162,194,214,225,221,154,114,50,29,18,26,49,80,130,153,134,144
59,24,27,27,39,45,57,47,30,30,48,80,104,120,195,224,203,156,104,19,16,6,31,63,56,48
62,58,41,62,39,63,33,19,14,22,17,13,18,43,41,134,122,172,199,214,172,93,20,7,5,22
191,187,170,152,115,85,122,66,65,96,38,23,7,18,12,22,58,86,76,164,222,229,199,147,88,30
219,227,222,190,161,167,148,147,136,202,225,168,191,132,142,57,66,66,68,68,90,106,129,202,224,176
67,72,71,74,99,158,111,75,89,53,64,93,82,136,156,124,122,126,100,97,102,97,131,130,134,165
59,55,51,55,62,46,71,86,82,58,70,62,59,29,49,56,94,112,94,77,96,125,169,147,77,106
106,123,118,104,96,86,82,76,86,61,96,106,96,40,28,43,42,45,44,61,105,101,98,61,88,99
110,129,136,91,131,125,128,112,100,68,81,42,78,101,93,91,84,81,78,62,34,52,50,71,64,66
175,136,156,172,154,105,107,133,113,117,96,88,96,59,72,102,72,83,86,80,77,93,106,148,72,49
188,175,212,170,135,144,154,105,106,147,105,78,77,128,112,90,62,70,80,86,55,58,73,88,91,53
138,137,171,170,154,137,158,148,115,112,113,145,139,90,88,106,90,76,106,86,74,57,89,58,85,126
198,185,160,174,166,164,184,136,165,162,203,146,111,112,127,113,118,160,123,116,143,143,154,149,173,173
153,169,158,183,229,210,195,194,205,192,157,196,193,183,178,201,212,237,184,176,162,172,102,127,134,145
234,229,233,237,211,210,210,198,194,180,199,137,189,173,178,162,174,162,155,189,202,230,223,216,232,219
217,184,194,168,177,212,193,185,192,205,188,210,228,203,189,195,191,213,214,217,226,196,187,173,160,175
153,165,176,169,174,165,160,182,172,191,183,205,202,222,232,213,235,205,206,201,201,170,184,171,160,155
194,195,177,194,200,196,226,219,204,208,202,189,173,165,170,142,162,182,182,184,189,203,181,183,155,177
207,170,211,223,219,182,173,170,144,167,132,153,134,147,143,160,145,133,141,156,148,158,179,188,173,158
180,186,174,178,163,171,190,200,209,201,182,160,148,151,164,144,148,142,140,171,170,171,181,195,135,149
165,128,175,129,156,149,180,189,177,182,165,169,168,197,182,132,146,136,138,101,120,118,130,129,142,149
92,86,149,140,112,172,152,165,183,166,153,171,171,181,192,193,205,173,155,155,145,122,123,113,110,96
138,96,80,82,110,130,134,140,165,154,145,183,181,178,185,168,198,181,188,186,163,160,139,133,119,115
82,50,99,112,106,115,181,147,152,146,156,174,196,186,193,170,160,178,163,190,179,179,144,145,141,88
80,115,112,99,109,141,152,172,162,166,166,193,186,185,183,181,190,183,185,159,182,175,162,160,160,85
