93,87,71,57,49,47,56,51,29,30,43,90,84,84,109,124,118,93,60,50,40,36,30,31,33,33
114,107,73,53,40,43,75,64,38,33,49,57,53,55,53,57,46,33,19,25,24,21,23,12,36,28
102,88,81,57,63,51,66,42,25,34,46,39,37,17,19,22,19,15,11,17,16,14,18,18,9,28
119,97,74,69,56,60,43,48,35,35,39,28,15,12,7,7,6,5,4,6,8,10,7,11,7,4
135,99,84,56,73,66,57,46,49,40,24,19,13,3,6,2,1,2,4,2,2,3,8,2,16,9
107,117,94,86,77,58,62,45,46,33,42,24,6,1,0,0,3,4,6,3,9,15,17,39,24,42
117,98,88,86,67,69,57,43,54,54,47,26,20,8,4,2,7,6,13,20,43,61,81,108,87,118
116,101,100,63,77,65,46,45,40,54,49,41,32,20,11,5,7,9,24,33,54,66,88,107,126,168
120,118,110,86,60,52,47,53,40,46,64,46,40,34,22,23,9,11,17,32,45,61,86,95,98,103
120,103,88,69,70,54,51,47,43,43,54,64,65,51,48,33,22,23,35,18,57,41,69,98,85,113
119,91,97,84,72,62,52,55,50,50,69,81,73,77,68,71,67,48,28,35,40,53,71,87,99,109
115,115,88,73,52,59,56,36,54,83,72,81,89,79,84,84,114,67,55,51,38,59,82,52,79,105
123,108,104,83,60,52,50,61,45,63,87,92,93,106,97,79,110,99,94,60,66,55,55,52,50,73
115,101,88,94,67,78,44,62,51,65,93,108,110,97,120,94,76,101,104,102,91,71,51,53,49,60
110,113,94,75,63,37,61,50,53,65,76,101,120,97,114,101,105,93,97,96,99,109,80,74,79,80
131,119,52,69,63,54,54,45,64,86,104,103,102,101,118,80,106,97,112,94,103,94,98,80,81,152
116,120,104,84,59,41,46,48,65,81,87,104,111,111,129,119,109,103,78,103,88,93,85,99,95,105
109,94,78,90,59,53,41,41,63,62,98,94,117,99,102,119,128,99,106,117,117,87,88,89,100,81
93,102,91,78,61,60,49,51,53,67,90,87,115,121,107,112,114,128,112,119,124,98,101,98,104,94
115,99,89,80,70,60,46,66,66,63,79,87,103,100,98,110,119,122,117,112,128,112,125,103,110,112
95,104,92,68,72,61,73,81,61,69,77,111,104,108,97,131,119,105,112,107,98,119,115,115,94,94
87,84,70,85,73,86,70,52,61,62,105,96,99,100,106,115,115,107,124,98,74,89,120,97,93,96
75,88,73,58,55,71,64,64,61,63,85,95,105,106,111,107,97,93,79,100,98,95,104,119,104,100
102,83,73,58,73,66,59,67,57,80,89,106,121,131,94,99,117,85,79,83,114,101,100,107,85,96
126,77,85,73,65,72,73,77,86,86,92,112,104,108,95,92,96,76,85,87,100,74,104,110,90,102
129,136,64,56,73,78,67,79,86,89,81,89,97,100,113,104,96,82,72,68,89,97,94,101,102,90
125,129,80,84,92,80,75,88,80,81,99,108,96,107,107,110,96,96,101,104,96,91,93,93,110,110
129,131,124,83,69,106,85,94,96,83,95,105,82,108,100,126,98,86,114,127,115,124,106,105,127,122
125,128,133,124,93,77,86,84,102,94,80,95,93,105,100,93,94,95,92,99,115,109,122,130,110,132
124,131,127,130,127,77,107,108,103,101,86,90,95,86,92,87,79,77,101,107,128,142,125,130,122,128
