124,109,94,89,95,85,79,78,72,71,67,61,51,77,70,95,86,89,95,107,104,113,115,116,126,122
127,128,110,107,112,86,78,68,71,69,55,66,69,82,79,88,88,106,113,118,124,118,113,113,132,112
171,145,123,123,111,94,78,77,69,63,63,66,85,96,104,102,100,103,116,121,120,123,139,124,118,105
183,177,131,123,116,88,88,75,82,76,79,85,103,99,103,99,106,120,116,122,123,114,138,111,114,123
177,169,153,132,100,85,81,89,85,90,110,117,123,108,113,115,119,142,127,137,118,142,125,141,114,111
189,150,141,111,96,75,98,101,105,112,130,109,117,110,111,129,131,122,125,131,130,124,124,109,101,105
151,136,105,97,102,99,113,130,126,146,135,115,131,118,114,134,142,129,129,132,126,125,138,118,95,102
132,114,127,110,118,112,142,156,135,136,120,135,147,122,145,146,131,139,136,132,121,118,108,116,108,108
127,140,123,148,143,157,157,150,139,153,151,129,140,125,145,132,133,123,119,127,116,121,108,106,107,107
133,146,147,159,140,145,162,144,128,135,145,136,150,149,142,133,138,123,125,132,115,120,113,104,115,107
154,154,171,161,175,145,149,147,130,155,139,148,145,154,137,135,138,127,118,118,119,110,92,118,100,107
172,138,151,149,161,157,153,148,157,139,142,154,138,144,145,150,125,120,116,109,121,102,101,99,105,105
141,147,152,152,158,168,159,159,180,164,145,159,165,147,134,138,117,139,131,105,104,105,104,104,99,104
158,137,157,158,151,175,184,178,174,161,157,170,140,154,149,129,147,123,126,110,135,105,106,103,114,120
155,156,170,165,182,175,176,186,164,180,162,153,153,155,149,141,133,124,112,118,103,104,102,110,121,90
152,179,169,180,181,184,182,184,185,164,172,170,148,143,138,123,129,139,115,118,118,123,109,106,110,95
148,154,156,186,183,175,177,179,180,175,169,166,153,146,125,153,125,131,129,121,117,118,113,114,101,105
156,178,186,193,174,189,182,193,177,157,158,153,154,156,148,139,136,118,125,139,121,116,111,113,103,94
174,180,187,174,183,183,183,173,154,162,154,184,164,151,143,131,146,133,123,121,122,118,107,118,105,98
192,193,193,197,182,189,190,179,151,171,177,155,162,161,143,126,167,130,120,121,118,106,111,107,89,95
184,174,181,184,176,167,177,183,153,168,154,168,164,164,134,138,130,132,119,122,110,107,105,86,103,77
185,189,176,168,175,169,181,167,174,178,179,152,158,172,152,139,123,132,115,119,107,102,115,89,95,91
186,185,185,188,163,188,190,163,188,175,168,156,167,181,140,146,143,130,125,105,114,111,108,97,86,95
192,184,180,176,198,167,188,182,175,182,172,175,162,150,140,130,136,121,112,111,109,107,103,102,86,91
188,188,173,179,178,176,174,176,170,180,175,182,160,129,145,139,136,123,116,110,109,100,99,97,91,87
194,184,182,181,173,179,184,183,175,158,179,169,168,126,145,149,126,118,132,108,109,88,97,97,96,131
203,188,186,180,162,166,171,172,182,161,154,166,142,129,133,130,142,127,121,107,93,95,84,85,90,125
205,193,184,182,169,169,169,162,166,157,181,168,154,135,122,150,120,122,118,101,98,93,91,94,125,129
196,190,184,177,169,168,178,174,164,177,163,172,162,158,133,146,133,135,108,95,91,90,90,126,128,133
190,189,188,184,185,185,187,176,142,163,165,163,163,151,145,147,131,124,104,101,94,84,126,130,128,126
