91,81,98,120,100,161,187,194,169,231,177,216,191,198,219,180,182,140,119,128,144,117,124,103,81,77
78,90,100,98,129,155,232,206,210,187,181,183,199,200,162,178,165,172,156,137,131,148,150,105,97,77
97,110,82,146,150,176,224,222,230,215,209,149,206,187,190,167,162,192,165,129,173,140,120,112,100,98
103,132,164,136,169,182,229,193,228,202,242,231,226,202,193,202,186,174,159,135,173,156,176,102,122,92
126,144,171,153,209,212,229,214,209,211,225,192,211,191,183,184,189,173,140,142,166,196,169,148,115,126
172,139,160,149,192,204,235,243,228,219,221,207,205,218,181,205,179,170,173,159,186,181,116,150,140,112
136,139,154,178,209,218,212,225,245,226,211,197,198,208,153,153,181,175,169,173,190,192,152,168,147,115
150,158,186,191,237,240,200,230,211,240,249,228,238,199,182,200,185,172,145,153,197,194,179,172,150,136
179,150,190,208,245,243,216,218,210,234,237,209,199,219,191,170,186,185,152,142,177,144,181,155,122,125
165,190,182,214,216,219,240,199,244,229,227,220,195,241,227,182,209,190,167,168,145,176,165,129,128,127
180,165,186,189,232,211,225,205,225,232,233,222,215,234,199,161,176,198,164,155,169,180,160,150,136,153
152,157,181,229,233,239,243,232,215,211,226,223,234,230,198,183,202,212,194,172,168,177,126,149,138,135
153,157,186,191,198,220,216,225,214,197,227,224,206,235,208,180,188,210,189,196,206,124,137,118,125,106
139,166,177,205,226,218,234,225,232,219,241,215,192,170,199,202,166,185,181,174,181,143,113,147,118,113
197,156,158,199,220,243,238,212,239,239,227,224,196,206,214,167,221,207,203,169,180,147,131,116,97,97
106,140,188,194,194,145,220,216,238,234,235,229,205,208,202,212,215,193,177,174,162,144,145,104,111,102
125,151,167,157,225,187,208,229,206,200,232,226,240,217,210,201,216,219,194,194,156,129,168,127,112,113
165,163,170,156,158,189,184,208,213,224,228,230,196,163,234,218,231,203,206,146,142,166,130,115,113,109
174,162,159,166,171,182,170,225,204,211,212,184,208,222,233,214,203,191,157,133,151,158,134,152,108,104
169,135,172,218,168,172,205,177,212,188,210,221,212,190,242,234,203,214,191,169,141,110,156,162,133,120
152,185,184,163,220,190,205,201,201,220,207,225,230,236,232,206,216,214,185,175,184,183,185,156,177,149
179,158,191,189,197,206,189,191,232,238,214,217,233,234,231,203,212,223,196,187,205,189,170,176,117,158
148,191,206,224,203,204,206,187,207,211,215,240,236,184,234,234,222,215,229,197,191,207,161,165,186,168
152,178,244,194,231,176,205,228,195,211,214,214,227,240,228,227,214,218,205,197,195,204,189,186,165,171
172,199,213,204,220,217,216,207,235,236,217,204,241,229,234,182,211,243,196,209,217,219,197,193,168,221
175,207,203,215,242,237,203,157,215,228,223,233,240,230,233,249,219,237,199,206,202,208,191,197,213,202
176,176,235,220,216,216,204,215,219,203,185,232,241,231,230,180,237,216,216,214,217,214,190,207,216,177
232,230,216,235,233,213,220,241,239,204,235,201,225,242,244,219,207,234,242,238,215,217,204,215,203,170
225,244,243,235,246,238,233,241,214,217,245,199,211,209,240,205,219,201,211,162,174,200,213,228,184,174
241,238,249,250,255,240,244,227,239,246,224,237,247,203,235,233,222,242,215,175,197,206,203,187,178,184
