238,219,217,170,136,185,209,235,234,228,213,214,200,195,172,156,141,133,140,87,63,57,123,128,128,128
255,247,236,217,200,211,213,225,224,216,215,221,192,202,164,176,155,126,119,60,83,50,128,132,128,128
241,240,212,231,216,238,228,232,235,219,210,201,178,192,170,190,138,128,111,75,77,128,132,122,128,128
251,222,225,223,215,198,217,236,225,215,198,189,196,189,173,155,134,100,99,82,71,126,127,129,128,128
219,240,220,221,230,208,220,223,198,195,208,186,186,183,167,170,132,106,88,79,67,129,133,124,128,128
243,227,214,208,214,199,207,222,207,210,199,199,188,172,157,154,126,107,87,64,68,127,128,128,128,128
212,196,193,206,195,180,192,192,204,206,190,193,183,157,151,137,105,83,79,84,125,130,128,128,128,128
207,176,192,184,172,161,188,188,200,188,171,180,184,164,131,114,104,94,65,68,124,130,128,129,128,128
170,141,161,165,142,150,151,181,187,199,171,170,170,132,134,107,113,88,86,66,130,132,130,125,128,128
181,146,117,134,88,125,165,178,181,180,179,172,161,144,128,112,92,82,80,63,126,124,122,134,128,128
141,139,136,95,65,106,146,176,173,180,182,180,143,143,126,107,79,85,75,128,131,130,136,122,128,128
154,139,137,112,104,138,169,163,195,165,165,169,154,129,114,92,90,92,66,128,127,126,127,128,128,128
174,163,156,154,154,170,155,172,152,174,167,152,145,118,128,80,87,65,69,128,127,129,130,129,128,128
178,183,163,177,171,165,171,182,161,152,150,147,129,124,93,104,75,70,59,129,130,127,125,128,128,128
141,168,161,160,180,172,185,165,175,148,151,136,119,106,81,83,75,68,124,130,129,126,123,133,128,128
148,148,153,171,180,181,172,165,150,150,145,112,108,102,94,85,83,57,132,130,123,133,128,126,128,128
153,149,161,181,170,178,164,158,133,149,114,110,103,99,78,84,65,59,125,128,129,127,131,127,128,128
155,145,142,152,152,160,163,155,136,138,131,117,93,86,91,74,72,67,131,130,123,130,127,128,128,128
138,134,145,146,161,143,142,140,144,134,117,93,97,88,74,61,72,125,125,124,135,126,123,129,128,128
147,142,156,132,156,145,136,140,145,136,133,116,93,83,70,76,61,125,134,127,125,132,126,129,128,128
146,143,145,128,157,161,142,129,134,129,130,103,100,84,74,73,67,130,124,128,130,125,130,130,128,128
148,155,145,145,147,141,141,141,138,105,101,117,90,83,81,85,126,131,126,131,128,125,131,124,128,128
147,132,138,163,143,157,151,131,120,103,109,90,77,85,76,72,128,128,128,128,128,128,128,128,128,128
149,134,138,122,145,132,137,122,120,110,106,90,89,69,74,67,128,128,128,128,128,128,128,128,128,128
140,125,130,133,140,146,148,126,103,116,89,79,75,82,75,125,128,128,128,128,128,128,128,128,128,128
124,127,141,134,141,125,127,120,105,95,106,81,67,83,71,129,128,128,128,128,128,128,128,128,128,128
145,127,118,130,131,133,121,108,113,91,96,85,90,74,68,127,128,128,128,128,128,128,128,128,128,128
160,128,128,130,112,107,115,100,104,97,85,74,66,74,128,127,128,128,128,128,128,128,128,128,128,128
144,141,124,132,123,124,112,121,103,90,83,76,78,70,125,131,128,128,128,128,128,128,128,128,128,128
136,129,140,120,127,101,113,111,88,87,95,91,69,127,131,127,128,128,128,128,128,128,128,128,128,128
