202,211,195,190,192,169,167,156,129,134,121,114,85,89,95,91,76,97,94,84,88,97,118,134,143,152
201,183,181,178,175,155,157,148,135,124,101,106,98,88,90,88,80,78,82,86,94,100,111,118,145,162
199,183,165,172,149,146,143,115,118,95,96,87,85,72,74,74,71,74,69,78,96,98,116,131,139,144
188,171,163,145,130,124,112,100,105,82,73,71,74,63,63,59,57,62,72,68,78,81,102,118,120,117
173,165,136,118,106,92,91,88,82,79,71,67,65,53,54,53,56,62,62,64,78,78,79,86,98,104
135,133,100,96,90,78,79,79,69,72,65,59,56,49,55,52,49,46,47,46,57,63,61,68,80,82
115,114,85,80,81,77,64,68,68,52,58,52,46,42,50,45,43,38,40,36,40,48,47,51,57,53
96,91,80,79,69,67,60,62,60,45,51,50,43,38,43,40,46,46,44,48,50,56,48,48,55,57
82,70,72,75,60,59,60,58,48,47,38,44,44,43,47,40,46,45,51,54,47,55,55,60,65,64
79,70,68,59,60,65,50,49,43,41,42,46,42,41,47,43,52,52,54,57,42,43,40,44,45,44
75,71,64,63,64,57,49,45,41,45,40,44,44,43,47,48,46,43,38,34,25,34,14,21,28,22
76,65,64,56,54,50,48,46,42,46,48,47,48,40,46,40,36,26,21,17,14,14,15,17,20,12
74,73,60,51,49,48,49,48,43,45,45,46,47,39,41,34,22,4,16,19,22,20,26,26,19,17
69,58,56,50,50,49,49,50,48,50,50,45,37,42,50,51,32,13,19,30,42,50,36,41,36,49
61,68,55,53,55,51,51,54,51,50,43,35,45,77,100,77,40,20,40,52,75,82,50,56,73,102
69,64,58,59,65,63,59,55,44,40,43,50,91,140,164,98,40,22,41,48,72,66,32,28,63,94
68,69,67,68,76,74,62,49,43,49,65,84,113,158,173,112,39,19,26,37,49,42,17,10,36,55
78,73,75,75,80,73,54,42,53,79,101,124,122,167,181,154,60,24,11,33,33,39,23,23,29,37
71,79,80,82,89,57,47,56,65,122,121,129,144,180,194,189,82,36,17,12,28,44,29,34,35,23
68,69,81,78,68,46,46,55,62,93,124,106,107,146,154,196,118,60,31,15,7,35,32,26,33,19
74,76,79,83,69,56,52,47,50,54,74,68,51,67,70,95,119,75,44,25,9,25,20,14,24,21
66,56,72,81,78,75,67,57,59,56,39,46,38,51,44,54,59,50,42,32,33,29,25,31,33,39
64,72,78,76,76,77,74,72,71,71,67,65,54,58,58,56,43,44,40,38,47,41,43,49,41,38
71,70,76,70,73,70,68,68,62,66,62,64,70,66,67,51,54,45,46,46,47,48,49,45,48,41
88,78,66,70,74,70,68,64,59,60,60,51,62,61,53,72,47,56,52,50,54,53,53,53,68,69
105,79,75,84,80,76,75,70,65,59,60,54,49,48,59,58,48,54,58,48,66,55,56,68,72,76
96,81,74,72,80,86,77,77,67,71,65,66,51,50,54,55,51,62,59,60,61,66,75,78,81,86
97,81,78,74,82,82,86,91,85,80,95,75,61,70,54,49,63,54,58,53,57,67,69,72,75,96
108,98,90,81,85,82,92,94,95,91,93,88,82,62,65,72,59,57,54,55,58,59,56,61,58,69
103,102,95,83,85,89,95,95,104,112,111,89,98,91,84,84,72,71,65,67,63,59,63,62,61,57
