191,177,227,220,235,245,223,245,220,230,206,236,179,206,197,191,221,212,206,220,189,198,185,182,182,146
193,191,205,226,217,212,233,213,235,218,236,222,221,201,225,211,228,185,184,218,216,229,164,210,140,138
172,217,183,205,196,233,237,211,225,221,241,225,231,214,205,225,205,189,168,227,224,208,208,203,166,181
208,212,208,221,193,219,238,241,223,231,199,222,227,220,219,204,207,233,180,222,200,233,197,172,176,163
175,195,178,189,226,211,212,220,230,207,193,163,225,186,158,211,211,210,180,213,170,176,170,150,112,151
151,161,176,211,200,206,208,216,228,235,173,161,231,210,243,204,190,195,180,203,172,203,147,110,151,110
168,194,182,171,182,198,244,231,233,237,213,219,238,214,211,203,223,199,168,176,171,162,141,135,131,107
148,144,166,187,184,211,196,222,243,230,218,215,236,241,210,198,184,195,159,166,156,130,141,131,116,89
116,149,144,168,174,198,220,247,234,224,221,215,244,223,205,193,211,192,154,141,141,108,108,101,88,75
91,134,133,147,199,197,227,214,222,233,237,226,222,233,204,163,201,168,152,142,121,141,95,87,72,64
80,101,108,158,159,187,168,233,234,220,188,228,229,204,208,165,213,161,151,127,114,83,77,73,54,44
70,82,102,118,154,180,196,236,233,234,212,223,202,216,187,217,184,168,108,116,103,75,65,57,41,35
53,59,87,101,137,124,177,198,217,236,212,220,207,204,197,225,181,157,118,115,87,65,53,42,32,30
51,55,63,89,120,149,183,196,237,246,231,222,204,220,232,193,186,127,126,92,69,57,47,36,31,31
46,57,58,76,150,155,202,229,236,240,236,218,220,185,211,197,158,131,93,91,57,51,44,33,30,30
35,51,75,76,103,172,190,218,228,233,248,231,231,224,211,184,175,115,100,70,56,50,44,33,29,29
43,47,73,79,121,150,172,217,232,239,215,194,212,210,192,189,151,105,80,58,57,49,45,35,29,29
49,45,57,87,117,144,187,233,221,228,219,210,232,206,181,155,145,120,68,52,56,47,45,37,30,31
47,44,59,84,104,136,169,188,214,195,173,199,210,190,163,149,136,77,76,58,55,48,40,35,34,32
45,46,55,74,86,106,134,167,200,209,202,195,162,143,149,138,114,82,69,63,49,50,38,32,39,40
41,48,56,73,77,105,133,160,204,208,229,198,187,155,128,121,93,73,64,62,45,52,41,32,41,42
45,51,64,79,88,109,126,175,203,235,209,185,167,140,110,105,92,86,63,52,51,49,37,33,42,45
48,48,62,73,94,138,138,179,173,184,193,211,176,159,149,114,77,78,66,52,56,39,29,33,42,48
49,49,60,69,103,104,120,165,196,202,216,189,201,153,137,107,71,79,83,60,52,37,33,35,33,37
49,54,65,81,97,114,142,140,186,214,174,202,204,211,160,163,113,67,103,56,49,47,44,36,28,30
41,50,60,85,89,105,153,150,167,193,217,205,177,175,173,132,113,124,83,72,55,57,46,33,35,40
46,62,68,79,82,122,130,165,195,213,167,202,178,165,134,143,106,81,67,75,70,51,45,42,30,37
46,52,80,105,112,135,149,156,164,168,164,194,157,174,120,97,96,83,77,73,55,54,56,43,33,38
50,64,88,79,114,123,152,191,207,183,169,184,185,159,146,96,84,98,86,91,62,55,55,46,36,26
55,65,94,90,98,134,137,179,125,216,191,172,157,167,115,130,116,81,113,86,65,68,64,54,43,34
