162,176,161,179,159,156,121,134,148,123,121,124,127,120,120,130,114,110,127,125,125,133,109,116,114,141
180,142,166,139,151,132,149,141,130,121,139,139,129,138,109,98,95,115,107,116,111,129,120,142,141,123
194,189,176,164,164,160,133,177,126,161,144,151,139,125,117,106,91,107,115,123,127,112,109,97,129,153
170,158,138,167,162,145,134,125,152,125,121,130,120,132,113,115,96,102,113,104,98,101,99,120,109,120
164,159,147,136,123,109,105,107,108,126,104,101,131,101,98,102,92,121,107,104,108,95,102,99,110,131
160,148,121,95,72,67,79,89,105,106,100,105,103,87,84,73,94,92,94,106,110,120,138,122,129,140
152,140,102,83,87,76,94,90,125,121,127,124,133,110,110,113,109,109,140,128,129,131,130,145,138,124
163,130,99,90,82,90,90,85,112,121,125,166,135,145,154,148,125,138,124,133,116,105,106,111,98,82
83,75,70,74,79,66,77,76,92,98,96,96,88,97,118,137,116,108,92,92,89,92,106,97,98,83
81,78,76,70,79,74,75,78,94,82,79,82,78,81,91,95,86,89,89,78,80,81,102,104,93,96
101,71,85,93,84,88,80,109,101,83,84,97,89,84,92,92,88,93,72,100,72,104,108,114,101,97
77,68,79,78,76,89,73,84,92,82,91,101,90,93,95,70,73,87,93,95,80,93,100,89,67,63
71,68,61,59,55,55,74,72,67,60,78,65,72,58,64,63,69,53,75,58,58,64,70,50,59,70
142,154,139,131,115,99,88,79,70,53,39,55,47,37,40,49,53,49,47,57,78,107,140,142,114,118
110,115,146,130,151,200,189,184,143,106,68,61,48,42,42,60,86,103,105,146,176,211,213,203,132,106
143,137,166,173,139,172,167,237,249,209,163,116,88,115,107,130,175,179,227,233,240,243,197,179,142,131
156,170,170,178,165,164,189,164,179,176,155,137,138,164,149,194,211,206,216,212,212,180,192,188,160,156
151,170,190,163,185,171,189,165,210,205,200,179,167,183,153,200,200,214,209,201,212,188,213,191,178,181
138,144,143,169,165,190,193,202,223,201,206,204,182,140,168,190,203,187,170,200,204,233,210,197,204,164
118,119,164,139,158,189,200,180,186,180,178,190,154,154,172,221,188,192,173,200,230,205,170,188,165,130
123,108,109,146,146,158,160,148,162,154,165,175,151,134,164,173,150,154,155,185,181,175,156,144,137,134
188,147,114,98,108,124,137,148,146,149,144,150,130,127,147,141,116,140,137,139,146,132,125,107,117,130
167,179,140,115,100,113,112,116,123,108,126,104,109,93,110,120,108,109,113,118,117,113,114,127,156,185
179,185,175,167,131,119,124,126,112,106,108,97,93,103,110,113,116,96,112,115,120,124,151,149,169,165
156,155,169,153,155,158,146,133,120,122,105,109,93,120,112,107,131,113,121,128,131,136,147,148,147,157
176,146,134,115,141,127,129,146,118,107,104,101,95,99,110,114,111,124,132,121,126,141,142,135,126,159
165,170,169,122,120,108,117,116,88,88,93,76,96,109,115,108,106,112,110,105,112,135,165,145,161,180
173,160,144,138,136,111,116,107,98,87,79,91,87,91,96,90,99,99,116,106,130,113,108,135,152,174
182,174,146,123,123,105,111,100,93,93,84,76,70,76,70,56,80,75,76,88,96,113,134,136,150,179
211,195,180,167,156,154,118,108,119,102,91,98,90,89,107,102,106,117,108,131,137,158,179,179,196,218
