96,87,78,43,36,24,23,30,28,31,36,30,33,33,34,33,28,41,43,45,47,56,59,60,67,60
175,151,113,94,63,45,34,24,31,35,36,45,57,57,57,62,74,81,97,87,84,88,92,79,100,83
204,196,158,135,116,88,71,78,78,67,91,107,113,129,109,113,138,132,150,155,133,123,124,95,95,79
187,196,190,161,168,110,125,144,119,130,152,155,147,161,149,169,173,164,167,166,142,107,108,94,82,92
222,211,198,188,180,179,153,165,171,177,180,184,182,190,171,187,209,193,159,160,153,115,117,101,82,89
182,207,217,176,170,168,165,167,173,195,194,211,172,176,194,191,186,169,160,164,138,126,141,120,107,83
188,195,189,187,181,179,166,166,169,164,177,191,169,178,192,190,204,199,181,170,159,135,124,97,90,70
176,166,172,175,160,142,142,135,148,152,166,164,163,171,178,178,173,186,173,151,147,121,108,95,73,60
172,146,149,172,139,138,133,132,130,140,159,156,141,147,162,170,173,165,152,137,121,96,81,75,66,57
145,153,145,149,133,124,113,119,131,138,146,150,138,136,126,141,148,119,124,103,91,81,79,68,80,75
113,119,131,113,113,114,107,101,113,121,115,116,117,134,110,140,115,95,95,89,92,85,90,81,91,99
104,91,111,96,99,85,85,92,100,94,86,100,101,106,97,97,91,87,86,83,99,102,103,106,110,124
111,99,95,95,112,91,91,94,92,89,81,84,86,85,86,77,86,94,90,89,102,109,102,104,108,113
103,88,84,81,86,89,98,94,89,97,97,84,79,88,81,96,98,104,97,102,113,105,116,117,110,106
85,63,71,60,66,72,81,88,81,70,71,74,81,82,75,87,101,94,97,99,96,93,115,127,123,114
76,64,59,55,57,65,61,69,72,62,64,71,63,85,85,104,88,92,82,102,106,126,113,118,139,129
73,69,63,49,54,54,62,66,69,61,65,73,67,83,75,86,102,98,107,118,131,119,127,145,120,165
88,68,60,59,59,50,57,49,45,55,60,59,59,60,76,73,68,97,97,116,113,121,135,139,151,150
81,95,76,67,59,65,57,60,57,51,57,53,58,71,74,85,97,81,105,120,130,133,129,131,141,163
144,122,116,115,108,90,111,122,99,93,94,96,105,106,129,103,121,132,124,145,139,136,143,143,149,148
168,156,155,155,153,160,142,135,123,112,124,117,120,124,125,127,117,142,136,129,164,157,161,159,119,156
188,185,176,184,170,145,158,171,164,142,134,121,120,121,123,132,130,143,134,131,133,128,145,144,156,155
211,194,196,194,187,188,171,162,175,159,154,119,127,137,142,120,132,140,143,146,127,137,150,157,148,149
238,217,183,209,211,184,175,181,201,176,175,159,145,147,150,150,134,128,145,148,128,126,127,149,153,148
228,209,194,197,187,193,181,195,176,188,176,170,168,167,157,169,162,132,147,142,131,139,136,142,155,142
213,219,210,198,198,182,179,182,204,199,203,189,174,168,165,172,144,143,144,166,132,134,146,140,147,137
223,205,207,197,194,218,193,186,191,205,190,191,191,181,186,173,158,136,158,167,150,152,140,150,148,149
212,201,196,201,198,220,214,192,183,203,204,179,198,198,179,199,159,166,155,162,158,139,140,124,148,153
175,219,217,221,205,226,236,209,205,198,215,211,202,181,190,182,176,180,164,166,155,159,133,133,150,156
202,217,221,207,228,212,209,218,191,203,210,189,206,186,188,169,178,173,175,173,162,152,152,120,156,152
