130,131,126,129,130,24,26,33,27,32,45,68,68,71,81,105,126,160,174,173,181,186,187,196,212,216
119,130,128,125,132,23,32,30,27,33,40,63,60,69,78,100,142,148,179,156,159,166,149,183,202,210
136,126,126,131,128,132,25,26,30,36,40,57,57,73,82,96,120,147,176,162,164,154,140,149,189,208
125,126,129,127,129,130,31,24,33,42,45,57,62,81,90,98,114,143,157,158,169,161,165,173,205,200
131,128,127,129,128,125,27,29,29,41,50,58,64,79,90,96,112,123,153,155,176,187,172,194,193,196
126,129,129,128,129,128,29,25,30,44,58,64,70,78,90,97,106,141,135,150,172,174,186,176,198,189
127,126,129,127,128,131,122,30,34,45,53,61,72,82,93,107,109,114,143,158,177,158,170,176,164,147
131,128,127,128,126,130,127,27,39,54,59,55,61,80,96,103,105,128,133,135,161,158,136,149,134,142
128,128,126,133,126,126,129,35,45,60,68,62,62,82,100,104,108,124,126,123,137,131,141,135,126,119
123,132,129,125,127,136,123,30,43,49,60,64,63,72,87,93,128,94,113,111,116,119,129,116,117,128
134,126,127,131,128,123,133,132,49,48,58,67,67,72,84,91,101,103,110,136,125,112,118,118,104,155
128,129,129,123,129,132,125,126,44,45,50,56,62,73,86,92,103,93,102,108,111,116,113,122,124,126
125,128,129,129,130,128,125,131,43,49,53,58,68,80,91,97,95,100,119,121,114,104,120,109,100,117
128,131,127,131,128,126,130,127,40,47,53,60,71,75,79,88,97,101,111,116,103,114,117,114,97,117
128,128,128,128,128,128,128,128,129,41,61,59,56,79,80,93,94,100,97,104,100,107,112,111,107,107
128,128,128,128,128,128,128,128,128,58,48,51,75,89,83,93,102,117,103,106,113,113,110,112,113,93
128,128,128,128,128,128,128,128,127,45,56,55,78,80,88,98,93,114,96,105,119,118,121,114,115,100
128,128,128,128,128,128,128,128,130,52,61,53,66,68,86,83,102,99,115,102,105,125,106,101,120,116
128,128,128,128,128,128,128,128,130,127,55,69,65,73,89,90,100,105,105,102,112,125,117,93,104,120
128,128,128,128,128,128,128,128,129,124,53,46,70,72,79,95,92,119,126,109,108,103,100,104,117,110
128,128,128,128,128,128,128,128,128,133,45,63,71,78,92,89,94,112,98,107,125,110,116,106,111,109
128,128,128,128,128,128,128,128,126,127,133,57,73,73,86,97,104,100,110,118,123,113,115,115,114,115
128,128,128,128,128,128,128,128,124,132,129,60,70,73,77,92,106,100,133,107,126,117,113,111,128,123
128,128,128,128,128,128,128,128,132,124,129,65,80,76,85,88,103,108,116,118,109,128,122,120,124,139
128,128,128,128,128,128,128,128,126,130,123,134,70,80,89,96,106,115,118,123,134,132,120,131,124,150
128,128,128,128,128,128,128,128,131,130,122,124,82,75,83,97,103,103,126,125,138,143,107,132,131,160
128,128,128,128,128,128,128,128,128,124,134,131,72,81,77,94,94,105,121,125,135,127,148,121,142,170
128,128,128,128,128,128,128,128,128,131,128,127,122,83,79,89,95,110,121,140,120,153,136,138,146,170
128,128,128,128,128,128,128,128,129,128,126,133,128,79,91,95,93,112,124,132,135,142,129,144,150,162
128,128,128,128,128,128,128,128,128,126,130,127,127,126,85,88,92,113,129,125,135,134,145,142,160,152
