196,219,216,205,224,217,221,246,232,247,247,241,211,215,236,243,241,227,229,238,230,231,233,233,207,210
194,211,209,209,226,216,212,230,221,245,242,239,244,245,243,236,243,234,232,234,226,225,219,219,214,198
192,191,199,202,208,208,199,233,229,237,243,249,245,251,245,248,254,236,241,230,238,225,211,200,204,200
181,197,193,185,191,205,191,221,225,241,242,252,252,246,252,249,247,239,225,228,215,215,207,196,198,193
170,170,185,169,192,203,198,216,222,241,248,244,254,249,255,249,249,231,229,227,217,215,201,190,189,179
137,138,160,183,182,204,197,200,233,243,243,247,245,249,250,250,243,235,234,231,205,198,182,179,175,151
101,116,133,149,171,181,185,198,219,235,238,235,245,250,255,253,226,246,218,220,202,195,177,172,161,134
82,91,120,131,147,170,166,184,210,227,218,234,231,240,247,246,237,250,236,221,194,191,168,150,130,111
80,89,88,98,121,136,154,173,196,216,225,236,247,252,241,241,238,235,233,197,185,178,151,132,109,97
68,68,87,90,105,122,151,154,193,199,220,232,253,249,225,237,217,241,213,191,188,164,125,108,91,87
73,72,77,86,98,109,137,145,187,199,219,223,240,227,255,246,241,235,220,182,168,158,128,96,93,83
63,62,71,81,78,96,122,129,175,208,200,229,241,240,232,247,250,222,198,193,159,134,106,89,86,77
66,64,65,64,87,102,107,122,158,194,204,216,233,232,238,239,228,210,205,175,157,109,100,86,80,81
60,62,67,64,78,81,104,104,136,184,195,214,221,223,226,235,217,217,187,172,135,107,103,105,94,75
53,54,63,65,73,92,108,99,124,158,164,194,205,207,224,206,207,208,194,143,119,92,101,88,85,80
59,56,59,59,65,88,89,105,118,156,180,194,203,224,214,214,202,195,179,142,104,97,90,88,92,77
64,61,62,63,69,66,86,99,105,156,181,190,198,216,215,205,186,179,176,123,121,104,97,83,83,76
74,63,60,64,61,79,91,99,111,130,172,179,207,217,196,209,212,196,152,146,106,97,92,90,85,73
72,66,60,58,72,85,92,101,113,157,183,189,218,213,216,218,207,194,162,136,121,95,91,86,79,72
69,65,58,57,75,86,81,102,113,129,176,197,200,204,212,219,210,204,192,146,125,99,98,95,82,60
65,71,56,65,78,82,94,100,122,131,165,190,203,214,214,218,198,204,192,165,147,115,86,98,77,71
65,55,60,58,81,90,96,102,117,147,163,196,199,198,214,196,211,193,168,157,144,112,89,89,90,72
58,59,52,63,79,94,98,102,130,138,175,200,205,210,217,201,200,183,163,167,132,121,95,95,85,88
57,59,63,74,86,96,106,101,136,153,176,189,194,207,225,206,204,165,172,141,120,116,112,93,100,90
59,65,60,86,100,104,99,111,127,183,173,191,203,215,205,206,201,190,189,149,150,138,117,103,98,101
69,63,73,98,96,94,100,122,157,173,184,194,196,217,212,205,202,192,184,165,148,131,118,109,109,102
68,63,74,89,98,108,106,120,146,172,199,204,214,215,220,207,210,203,191,171,159,129,99,105,94,116
67,82,93,101,105,114,114,147,158,176,185,209,215,226,207,220,222,201,216,187,175,154,145,122,124,91
75,85,89,103,103,109,107,125,158,183,197,211,217,209,221,225,198,224,188,198,160,157,134,114,104,113
83,99,102,108,108,113,114,150,197,201,204,206,216,218,214,214,199,205,205,189,168,157,177,144,132,113
