92,95,87,85,77,79,73,66,52,45,45,38,34,34,20,12,11,1,1,123,133,126,127,129,128,128
98,96,93,94,84,79,78,68,60,55,61,48,40,39,26,28,17,19,6,7,125,128,132,124,128,128
85,107,102,93,74,68,90,70,68,65,61,55,52,46,38,38,30,17,18,10,122,125,132,129,128,128
91,89,87,80,75,65,69,63,66,67,52,56,57,47,47,40,39,30,25,15,135,127,130,126,128,128
89,95,113,77,75,85,65,72,62,62,56,57,56,49,47,46,47,37,33,36,125,130,122,130,128,128
87,78,68,65,76,70,62,67,70,56,62,57,56,61,49,49,44,43,38,32,29,128,129,130,128,128
86,93,71,81,77,70,90,78,72,59,59,59,57,63,60,50,52,48,43,42,37,127,125,130,128,128
87,70,68,84,71,68,70,63,64,66,54,64,55,51,73,53,53,62,51,48,50,125,132,125,128,128
86,82,72,63,65,73,80,75,71,73,68,56,57,56,63,57,57,58,62,48,40,131,124,129,128,128
100,85,86,90,96,82,70,87,72,73,69,62,62,56,60,55,52,58,57,55,52,45,131,128,128,128
81,85,86,78,96,83,78,70,75,69,61,59,62,58,61,57,53,58,56,61,53,40,126,132,128,128
102,80,81,93,73,103,80,77,73,67,58,60,66,63,61,52,48,61,57,57,62,59,126,125,128,128
103,104,78,74,91,82,73,84,80,77,66,62,61,63,64,58,53,60,65,68,62,65,125,130,128,128
95,95,95,83,74,92,85,80,76,81,74,69,60,62,66,66,57,50,58,63,59,66,129,128,128,128
85,90,89,85,92,76,92,76,67,75,75,80,72,68,64,61,66,67,62,61,84,65,132,127,128,128
94,102,89,95,98,88,82,74,82,78,68,74,69,68,66,66,60,65,69,64,66,65,63,127,128,128
132,87,89,94,76,57,77,61,77,72,68,72,71,80,78,70,61,67,74,66,55,70,56,130,128,128
89,103,69,77,55,56,39,52,63,53,55,49,58,57,71,74,68,82,65,47,80,63,66,127,128,128
71,54,60,40,63,41,29,37,39,41,37,47,40,44,47,65,63,62,72,68,56,78,77,123,128,128
54,52,46,48,33,33,31,21,22,22,24,24,31,30,44,63,89,54,70,66,76,72,61,129,128,128
46,37,41,29,27,33,14,21,13,18,23,22,27,20,21,27,54,67,63,77,94,67,68,133,128,128
25,17,3,14,24,16,14,18,7,12,5,10,7,21,21,27,31,53,57,65,81,66,72,62,128,128
4,6,13,2,3,5,11,8,7,5,12,5,12,8,15,10,21,40,45,70,60,81,70,83,128,128
3,11,0,6,8,5,7,8,8,6,6,9,1,6,9,9,9,11,35,49,51,71,78,77,128,128
6,5,7,5,4,10,0,7,1,8,3,1,4,13,4,3,8,6,13,23,56,61,60,77,126,126
6,11,6,9,7,0,16,2,8,7,8,10,2,5,4,7,8,4,13,5,13,35,59,69,130,133
8,11,3,12,12,27,31,26,24,22,16,19,14,15,10,10,9,1,5,8,10,8,28,60,129,123
17,41,45,51,72,57,60,60,44,47,36,34,34,42,39,33,17,18,11,2,4,5,11,24,129,132
49,67,81,73,78,76,47,50,44,50,42,47,51,55,46,32,27,19,21,21,6,4,14,13,127,123
76,74,65,118,99,81,82,104,105,97,103,105,64,55,67,52,55,48,30,27,31,41,32,11,126,136
