63,87,108,118,124,112,133,166,163,158,175,179,213,196,207,173,213,171,162,192,203,216,217,200,188,206
89,105,111,107,119,152,127,172,190,193,185,194,210,202,211,200,176,171,204,221,207,220,207,212,205,207
96,98,118,134,163,141,162,179,196,196,204,231,179,200,194,183,191,200,212,211,196,186,220,220,213,207
96,103,134,152,135,138,166,191,165,174,209,213,214,211,190,214,220,191,185,205,207,209,195,208,188,219
91,134,128,147,130,168,189,163,194,192,216,200,198,203,178,202,182,200,202,221,205,207,209,218,241,219
130,123,159,155,155,156,185,173,169,199,198,186,203,216,200,185,200,226,212,212,218,230,186,214,209,215
111,119,142,147,148,156,154,173,185,183,172,206,192,217,223,205,225,202,226,225,232,226,227,227,227,224
127,135,116,145,156,156,163,171,187,189,201,200,220,215,200,208,221,212,234,207,228,217,204,224,223,211
115,118,137,139,138,168,166,191,172,184,203,201,204,227,203,214,239,214,196,194,229,223,223,228,212,195
121,123,115,153,158,157,175,196,198,172,197,189,213,197,196,202,204,234,210,213,221,207,204,222,225,198
126,119,141,138,136,162,137,144,183,181,185,199,206,180,192,197,193,208,228,203,204,182,184,220,216,198
130,130,136,118,162,125,163,154,146,187,208,200,202,197,180,199,155,221,218,204,233,211,201,212,196,206
132,123,133,130,133,148,152,170,184,185,184,205,211,203,199,214,188,187,216,201,211,206,194,200,218,219
122,133,146,131,131,174,167,179,181,191,196,190,206,205,213,213,208,198,220,215,215,198,221,200,183,226
134,122,133,150,165,160,156,210,192,213,185,211,145,199,196,189,208,203,232,225,196,217,205,215,221,212
113,125,118,127,190,165,159,182,209,192,191,214,202,226,175,203,224,207,225,225,219,210,224,227,212,208
119,126,137,206,131,158,152,166,197,196,205,188,208,211,221,195,240,202,218,218,211,239,229,219,188,202
116,127,130,143,148,139,153,171,187,183,170,199,203,230,213,229,210,205,217,212,197,189,203,222,193,228
109,132,163,137,172,142,161,161,181,172,198,226,231,176,178,184,219,215,222,207,200,213,202,214,210,179
124,118,134,124,141,147,142,140,149,154,186,193,204,180,210,188,181,222,221,219,198,200,224,226,207,230
107,115,108,97,131,123,115,127,136,133,200,192,171,202,177,220,207,227,212,223,218,221,211,230,226,210
88,72,79,85,83,84,98,102,112,123,106,117,108,110,121,131,133,168,153,184,159,180,208,207,222,175
71,62,74,69,53,59,61,63,62,66,71,46,45,44,41,47,59,56,67,92,116,98,139,150,185,184
39,45,40,42,38,40,37,31,24,20,17,30,13,17,25,26,12,30,55,67,70,56,67,108,113,117
21,22,26,19,19,20,19,14,18,19,12,19,21,13,14,21,12,17,18,30,31,32,37,53,68,76
35,29,30,36,44,54,42,48,39,31,36,29,33,33,36,35,27,19,35,25,28,14,25,24,17,27
27,32,25,25,28,31,26,30,21,31,34,38,45,70,130,115,69,59,51,52,46,41,31,39,46,41
36,32,47,49,48,46,49,39,33,24,12,27,23,31,21,40,50,61,73,86,90,92,90,97,74,67
130,109,144,122,107,112,108,95,104,102,105,102,97,90,79,43,23,18,31,44,49,62,96,111,119,106
147,132,146,112,116,123,120,117,106,112,111,106,109,118,109,99,102,98,81,70,41,23,33,41,58,88
