53,54,60,57,64,69,67,74,77,65,61,58,56,52,45,46,48,46,43,47,45,43,48,50,46,47
67,65,56,70,67,57,64,74,73,71,82,73,65,64,58,61,58,50,49,50,46,43,47,50,48,46
76,70,68,74,80,75,66,72,77,72,89,81,76,78,71,77,73,65,70,69,68,67,67,70,70,66
90,81,76,76,79,83,82,73,67,69,79,78,80,86,77,85,87,84,82,81,82,79,72,69,66,57
99,94,80,73,92,90,93,88,77,82,86,88,87,82,77,80,78,87,80,73,83,78,73,75,76,68
90,88,98,85,84,102,103,85,98,96,85,87,90,76,79,86,75,81,79,80,71,85,75,76,93,91
95,105,85,76,91,78,95,115,99,109,107,101,107,95,93,88,107,93,83,87,93,85,92,95,90,98
115,100,104,98,86,92,94,104,130,116,103,104,126,105,114,108,106,101,85,104,95,98,98,113,122,111
119,104,99,109,109,95,89,95,105,126,119,103,100,138,121,120,125,115,110,106,112,115,109,105,134,114
129,127,117,110,107,106,97,110,120,116,130,107,108,107,131,136,140,135,141,128,137,149,151,139,152,169
112,123,125,128,112,116,107,100,117,132,123,142,126,138,119,160,169,148,148,152,114,153,143,147,162,178
129,127,123,127,120,122,123,137,131,109,133,129,137,150,138,125,150,181,166,140,150,158,169,184,221,189
113,124,129,126,123,128,140,123,120,126,128,149,193,143,132,159,166,169,151,151,191,179,189,194,204,203
133,134,116,130,137,146,140,146,125,144,138,127,138,149,174,172,182,170,190,166,205,190,173,201,212,215
125,108,140,138,128,157,118,119,131,140,140,174,165,150,190,183,176,201,189,201,217,204,190,194,224,201
99,101,131,117,143,145,115,136,131,127,133,139,141,149,170,182,174,183,198,193,171,192,225,214,234,231
130,101,104,96,125,139,144,139,121,136,174,155,152,182,155,167,177,175,172,175,229,178,214,220,238,236
101,106,97,101,113,116,121,129,122,134,136,134,126,141,134,163,156,186,169,176,200,239,216,224,246,231
105,109,102,100,87,115,112,99,129,132,130,128,141,153,141,152,131,175,204,183,203,236,219,231,234,245
120,104,100,85,92,87,101,103,106,130,116,127,129,148,149,146,139,161,155,193,212,204,229,230,239,241
95,96,94,82,88,82,97,97,99,100,105,103,111,113,133,146,134,145,159,191,223,182,218,234,235,235
93,90,81,74,75,84,91,72,95,87,89,101,101,99,127,143,142,169,159,189,188,174,210,211,227,225
73,64,79,66,102,81,82,90,83,88,74,85,94,102,115,128,136,145,151,142,169,172,202,228,199,206
52,80,52,88,95,93,104,91,81,72,75,76,78,87,93,107,126,123,118,147,168,170,216,190,173,228
83,102,89,80,103,109,88,96,86,72,81,85,68,66,78,88,106,115,111,137,141,165,169,203,237,210
112,68,70,85,96,112,116,120,101,93,77,79,69,67,68,73,91,100,109,141,136,153,166,194,194,198
124,93,90,106,101,110,117,113,114,96,73,68,69,70,62,67,86,93,92,110,139,143,156,168,206,180
142,124,123,117,119,127,134,122,134,123,74,80,77,74,77,69,67,81,92,100,115,135,123,169,211,201
157,136,135,138,141,131,145,141,140,133,105,96,85,88,75,64,59,68,81,99,118,124,140,167,174,207
165,163,128,154,196,162,170,152,152,143,98,88,96,94,73,71,61,60,72,69,104,106,146,137,159,203
