11,9,73,170,188,195,213,222,222,209,222,223,228,219,205,190,221,222,202,169,147,60,13,9,26,43
7,31,110,155,172,219,226,218,221,219,232,220,230,235,210,193,211,211,223,177,143,88,0,6,43,15
9,67,136,163,208,215,225,230,227,215,241,241,241,231,238,211,224,225,200,186,158,109,26,0,17,27
34,89,153,204,214,215,228,241,236,234,229,241,230,235,237,212,224,218,203,160,160,109,56,1,8,40
65,98,130,176,200,213,215,240,212,210,204,236,228,219,231,228,211,218,191,171,172,130,84,15,10,14
74,138,195,189,159,203,198,205,212,209,218,200,221,212,212,228,221,226,160,178,165,132,82,32,10,4
99,123,167,197,199,210,200,206,195,216,226,188,175,190,198,171,201,213,209,193,160,135,98,55,33,4
115,141,173,207,200,213,229,219,216,216,220,233,203,220,216,194,194,194,206,193,163,138,83,70,39,40
122,175,204,210,215,223,224,230,212,202,190,236,222,221,218,227,213,210,191,217,166,145,106,87,43,40
120,171,207,213,215,240,228,223,232,202,218,190,229,218,222,227,226,229,223,214,203,151,114,70,52,39
126,202,237,230,248,239,242,233,235,222,194,237,231,221,217,234,223,229,225,198,191,160,123,91,57,49
157,247,236,242,234,243,241,243,230,234,237,241,244,234,235,234,235,245,225,230,218,191,141,88,53,46
192,244,246,246,247,243,244,246,243,241,243,245,245,237,214,224,241,238,239,237,237,165,135,98,66,56
213,242,246,242,249,247,248,248,244,243,245,246,248,253,240,242,243,233,237,241,219,213,162,115,68,50
226,244,249,252,249,249,248,245,240,241,246,247,243,251,245,247,248,239,242,244,228,235,193,128,108,80
235,251,248,242,248,249,247,241,236,240,247,248,247,251,244,245,248,243,241,236,233,241,183,140,119,104
249,247,250,252,248,250,250,244,240,244,250,250,250,253,251,249,248,245,244,242,242,238,229,167,147,125
250,255,242,246,246,250,253,251,247,249,251,249,247,248,249,249,249,249,250,250,241,248,221,216,182,153
245,252,243,255,246,248,252,252,249,249,250,247,250,247,248,249,248,248,245,243,242,233,225,235,227,183
249,241,250,246,249,249,251,250,248,248,249,248,248,246,252,253,249,246,243,243,242,238,215,229,237,236
241,246,241,242,249,245,248,252,244,245,248,237,245,252,247,241,250,248,242,242,233,234,226,237,239,241
230,224,221,251,245,253,252,250,253,241,231,248,248,242,239,250,243,226,234,220,225,217,209,229,243,237
91,117,154,217,242,242,248,232,241,251,236,242,235,230,243,236,224,218,170,163,171,195,224,214,237,232
93,68,66,78,233,244,248,248,245,235,239,230,216,231,213,207,231,155,118,57,58,83,121,174,203,229
191,158,160,154,181,202,236,237,242,235,222,228,227,208,184,185,175,104,67,71,68,71,56,61,79,160
232,210,211,218,182,157,180,207,240,240,219,209,201,202,180,128,127,112,108,141,121,106,92,64,54,66
224,209,228,215,170,157,154,203,210,160,178,167,167,163,128,116,140,155,132,159,122,106,82,80,68,64
186,215,176,186,142,153,159,167,203,184,146,113,135,125,114,99,135,162,144,114,121,116,94,87,106,102
163,170,170,140,134,131,157,195,201,180,188,159,126,112,108,87,109,120,118,124,136,113,116,121,117,121
126,134,151,147,142,115,159,145,200,159,217,159,168,122,102,69,90,100,97,84,110,95,137,121,131,107
