159,174,168,188,198,210,159,219,194,179,150,164,144,195,211,185,180,199,175,198,194,206,181,178,133,181
120,167,181,193,199,177,182,200,188,168,191,133,161,180,176,174,204,185,147,188,179,168,166,149,142,166
172,172,181,168,184,187,171,173,174,173,162,164,155,143,157,135,169,183,169,194,203,195,201,158,151,194
163,148,210,156,163,195,240,164,225,183,187,157,159,151,139,170,118,144,187,231,157,186,217,164,166,163
147,171,154,175,165,157,150,202,176,165,176,141,163,145,128,93,98,137,163,169,223,202,164,154,186,186
165,124,223,165,141,151,182,152,129,166,178,153,180,158,124,127,152,174,160,163,217,196,157,152,183,186
213,178,161,205,173,168,160,151,139,178,141,167,164,156,149,147,168,162,147,172,158,173,182,165,149,156
142,182,162,170,144,134,185,190,164,186,164,162,146,175,172,174,179,159,171,126,156,162,181,177,179,160
200,153,167,155,175,145,142,149,166,216,201,191,154,163,198,170,146,154,158,103,143,147,174,177,172,168
159,153,148,177,166,184,176,170,174,199,215,173,160,201,175,171,152,153,132,145,146,135,154,160,180,158
153,150,165,181,175,176,172,181,170,160,204,198,182,173,175,155,194,167,169,171,193,160,176,188,162,135
176,183,166,200,185,188,187,197,184,193,223,192,202,183,171,207,191,190,188,214,197,179,225,211,202,148
154,182,160,158,177,183,179,191,185,194,196,219,199,202,194,157,185,201,192,156,209,189,199,192,207,179
189,183,143,170,161,166,192,203,190,237,191,209,233,200,219,200,240,193,194,212,185,233,212,171,208,195
138,158,199,163,193,203,197,212,199,205,213,205,197,182,228,221,234,191,199,209,193,198,226,204,178,191
149,156,127,170,173,179,171,181,197,214,184,219,191,233,210,195,218,222,231,215,197,243,206,186,203,231
156,194,166,146,148,153,178,180,175,198,229,202,203,202,229,207,202,238,224,222,243,210,222,207,232,192
149,186,154,110,159,161,188,176,185,182,192,222,235,191,231,215,193,211,217,224,225,212,211,233,208,205
114,100,104,104,100,123,163,151,202,196,166,187,210,236,220,200,243,223,212,224,198,241,216,184,184,218
86,80,83,98,108,136,133,150,166,161,170,201,202,209,236,163,186,191,224,200,218,191,150,206,206,221
50,52,53,59,69,78,111,115,123,153,126,134,165,120,91,166,154,165,199,186,205,142,148,183,176,212
36,71,49,39,41,48,52,79,71,68,65,82,104,108,128,123,119,127,173,129,154,149,136,196,160,210
21,18,20,19,23,13,19,35,46,36,47,58,48,74,63,84,103,113,148,127,110,111,115,177,178,165
8,6,7,6,3,15,14,6,11,18,16,21,27,24,31,39,55,63,75,95,91,144,176,147,146,178
5,4,3,4,5,5,3,4,6,8,8,9,13,17,10,21,17,17,42,61,62,62,85,123,154,116
5,3,2,3,2,1,4,3,3,4,5,5,6,8,9,9,15,18,16,26,43,51,58,105,120,119
4,3,3,4,2,0,2,0,0,2,3,2,2,2,3,7,7,8,12,16,28,46,58,67,77,97
3,3,4,6,4,1,2,1,1,3,3,2,1,2,3,9,3,3,13,15,16,25,33,43,57,80
1,2,4,5,4,2,5,5,6,5,3,0,0,2,4,0,7,12,8,13,20,16,24,42,59,80
3,2,3,5,4,2,5,5,7,7,5,3,5,8,7,2,7,16,17,19,24,26,15,36,46,82
