163,148,166,156,175,182,193,208,216,224,227,217,205,160,187,177,140,143,138,124,143,153,131,130,135,130
182,155,154,164,141,149,146,150,169,184,187,196,148,138,144,125,118,130,136,138,143,151,142,131,126,113
183,194,165,151,140,134,134,127,149,152,144,142,136,142,110,121,136,135,127,132,143,138,129,131,109,98
146,169,151,144,124,107,128,115,130,132,142,135,142,124,153,126,122,130,142,131,163,156,109,122,102,86
178,149,124,192,216,189,199,198,221,236,238,223,216,244,244,238,219,230,247,254,250,232,126,117,114,82
152,153,111,245,252,253,255,255,254,255,250,255,241,252,255,254,252,248,253,255,248,252,203,192,168,101
100,110,110,225,255,255,253,255,252,255,250,250,215,249,254,255,250,243,237,216,226,228,226,236,228,162
98,150,158,183,253,236,241,241,242,237,244,223,152,142,227,236,233,211,203,147,184,207,211,213,213,142
82,112,145,137,174,179,139,125,150,185,181,180,115,101,152,210,207,189,162,131,143,172,169,154,158,104
77,76,76,92,109,87,104,103,115,120,152,115,102,84,107,128,123,140,116,94,100,88,94,92,80,73
86,77,84,92,98,91,96,89,103,101,94,110,90,87,83,84,95,99,96,113,106,96,73,80,98,70
141,135,125,116,128,108,108,121,119,117,137,137,127,125,138,111,129,142,151,133,145,129,136,136,142,113
177,196,161,167,175,168,174,167,145,153,160,187,176,171,191,165,193,189,183,179,205,174,168,145,179,156
155,180,215,196,188,208,192,196,173,175,187,195,197,191,198,203,204,197,222,199,203,195,189,154,170,174
148,185,179,203,208,207,205,199,212,209,204,172,216,190,173,203,224,197,217,213,203,194,159,161,127,170
182,206,191,201,206,213,203,215,198,212,223,185,206,174,197,189,216,219,222,222,213,188,209,168,164,179
212,219,209,198,212,213,219,208,219,211,213,180,194,181,191,188,226,238,225,232,216,198,193,193,198,204
224,240,221,219,224,229,211,213,212,215,194,183,193,201,197,180,225,226,226,231,231,207,212,188,192,201
208,216,235,225,228,217,218,219,213,203,190,182,196,183,196,185,191,207,220,212,220,205,203,200,184,179
203,216,219,192,213,215,226,201,215,201,190,176,194,183,188,185,182,195,185,199,202,207,187,186,199,178
234,205,209,226,229,194,206,220,203,188,185,181,179,178,180,182,192,188,184,191,202,191,208,188,191,181
213,212,227,240,220,218,222,219,206,203,195,191,193,204,200,197,190,228,170,204,198,199,202,206,199,186
220,195,209,199,218,212,219,214,209,195,198,187,170,185,180,175,180,184,205,183,194,186,167,199,194,180
191,185,177,194,202,196,174,170,186,174,164,157,154,176,156,141,141,152,152,153,160,167,160,139,167,145
157,156,146,147,152,156,161,141,131,126,116,100,104,116,105,100,93,111,99,114,105,137,119,121,117,98
132,138,130,120,126,133,129,107,92,82,83,70,64,76,76,76,72,86,76,91,94,87,106,105,105,109
124,127,108,110,104,115,108,90,78,66,68,53,43,51,56,61,65,78,69,79,99,86,93,128,117,115
120,139,136,120,106,109,102,84,80,72,64,48,44,45,48,51,61,80,72,70,87,105,109,117,152,143
151,150,159,124,125,116,106,76,72,71,55,48,44,45,48,46,53,78,71,62,83,90,84,144,148,146
183,156,142,130,130,119,112,75,68,68,52,54,38,46,53,50,47,74,70,59,74,84,112,118,141,152
