129,126,128,131,128,126,128,131,165,148,153,184,173,162,185,162,159,161,165,180,165,180,180,173,180,197
129,128,128,129,127,127,130,146,168,175,184,171,189,175,177,157,175,155,164,156,172,170,176,185,186,190
127,128,127,129,127,129,131,163,159,179,176,145,189,174,157,169,167,169,167,157,169,193,167,174,170,192
126,129,128,129,128,127,127,165,167,181,173,176,173,190,162,164,160,162,168,148,160,161,155,174,179,182
128,130,127,128,127,126,131,165,192,176,171,157,170,153,159,153,162,162,163,164,169,158,158,169,185,171
128,128,126,127,129,132,151,176,176,177,169,175,181,182,187,175,170,166,159,160,171,153,172,171,192,178
128,127,128,127,129,133,169,180,177,183,180,166,156,176,191,154,157,180,171,197,174,159,165,188,178,181
129,127,130,127,125,126,169,170,169,190,168,167,191,178,159,183,152,187,182,171,169,163,175,177,164,175
130,125,127,133,124,128,160,175,189,181,160,174,164,166,175,183,181,172,174,188,168,180,188,163,172,188
127,130,128,126,133,162,186,175,172,175,175,179,167,170,169,174,177,175,170,168,193,177,180,189,185,203
130,131,127,126,131,155,172,162,165,173,167,182,173,156,174,177,167,187,177,178,175,194,175,176,180,184
129,127,126,131,129,142,155,160,147,170,170,173,170,161,179,162,171,168,184,193,183,190,184,176,171,208
128,129,127,129,127,146,153,155,164,159,180,174,173,169,165,174,181,174,175,180,174,180,180,194,190,202
128,129,127,128,126,146,150,155,170,174,187,166,162,171,173,173,171,183,194,176,183,179,181,174,196,187
127,126,126,133,130,149,154,170,169,170,167,168,166,160,171,168,179,183,179,187,177,180,185,197,192,187
130,129,126,130,128,152,154,166,179,170,162,155,160,173,179,178,166,165,174,179,198,163,176,194,198,168
130,127,131,125,155,148,159,164,173,182,167,163,161,160,174,175,162,168,167,174,183,183,173,184,185,172
129,125,127,130,144,153,165,149,168,154,167,178,162,155,166,170,180,157,174,184,157,151,155,174,180,185
125,134,125,127,150,141,150,153,168,167,179,158,157,168,147,156,161,165,176,160,146,161,158,173,150,175
130,126,128,130,146,130,158,153,171,180,157,153,173,165,156,168,159,165,147,131,145,151,123,134,160,174
127,127,127,128,143,140,164,149,164,146,162,159,156,160,149,160,133,138,131,135,134,131,130,138,133,140
123,135,125,137,143,143,148,153,147,151,178,158,126,135,130,112,110,126,123,118,99,101,113,110,100,95
130,126,129,152,131,136,145,149,163,153,167,135,107,111,93,95,108,105,89,90,88,85,79,77,81,110
126,129,128,136,134,143,144,147,180,155,123,100,82,75,79,77,76,73,73,75,69,72,70,78,81,81
126,127,128,144,156,153,143,166,154,107,80,79,59,63,60,67,64,67,57,60,60,68,65,58,54,55
128,137,123,146,143,151,150,122,99,71,59,63,53,58,53,55,58,59,47,48,48,54,51,43,50,49
127,123,127,142,147,143,112,79,62,53,51,53,52,57,54,54,47,50,45,50,50,51,45,35,45,43
126,133,129,168,143,90,74,60,52,53,53,51,53,55,54,55,51,51,43,41,40,40,41,36,47,45
132,126,125,161,103,71,59,58,53,57,55,54,56,53,51,51,51,51,46,44,43,41,47,46,37,36
126,126,130,112,81,69,66,59,61,63,55,55,54,53,51,49,46,48,49,49,49,42,45,43,43,41
