174,176,164,176,175,169,166,160,160,174,159,159,158,143,165,149,138,144,150,151,164,144,150,157,156,159
165,183,186,176,161,161,165,171,168,160,158,158,141,137,147,140,153,151,145,152,158,150,140,149,142,145
196,155,165,175,173,153,161,148,163,167,154,137,141,129,120,125,129,143,141,144,156,143,147,137,140,129
179,181,165,157,161,158,168,164,172,141,159,143,145,122,119,92,127,141,141,146,148,152,149,145,142,128
177,172,177,176,149,140,148,161,162,156,142,150,132,133,108,107,114,140,141,145,150,149,156,141,147,133
176,164,186,176,176,157,158,160,168,153,141,146,153,131,137,135,127,138,126,144,132,153,134,143,134,142
160,163,169,172,179,149,164,157,158,162,148,158,144,138,145,136,140,135,124,136,132,137,138,136,133,144
170,174,173,171,165,163,167,190,171,175,160,156,154,157,153,149,134,139,138,142,138,136,148,142,136,145
188,173,162,171,165,172,180,162,160,157,145,162,134,153,160,145,150,150,166,159,157,141,138,141,140,144
179,169,170,178,168,192,183,172,182,163,168,157,158,160,159,155,158,156,153,146,155,157,150,135,143,122
193,175,177,183,174,171,175,161,170,155,159,176,164,161,162,172,167,154,148,152,141,153,141,140,140,143
197,189,185,189,180,190,172,174,180,207,163,198,166,181,170,161,156,166,150,153,160,149,151,145,141,152
224,204,185,198,206,198,187,194,201,158,184,199,201,185,195,189,176,162,164,161,162,170,154,166,143,132
210,208,221,191,196,194,183,223,193,184,195,198,166,187,196,188,176,172,160,173,174,164,159,147,154,147
243,219,210,221,204,207,196,195,211,192,193,190,220,196,211,199,173,173,169,177,154,155,169,167,153,146
214,248,209,214,221,234,199,203,204,178,211,206,193,224,193,201,203,182,178,168,173,160,163,158,150,147
226,242,244,222,237,230,229,249,186,201,207,222,210,204,202,179,200,190,177,184,165,169,159,154,161,147
244,244,245,222,218,219,228,216,220,192,214,219,224,221,203,187,186,170,191,176,176,160,169,153,175,178
240,245,229,213,214,198,217,244,236,225,222,196,227,211,187,185,189,179,170,159,158,144,141,148,143,150
232,239,204,208,235,215,221,230,228,219,213,202,197,204,205,193,184,172,167,156,161,150,158,164,144,137
228,218,235,190,198,226,206,224,220,223,197,176,191,183,182,167,168,168,186,167,160,158,169,161,141,136
220,204,166,179,217,178,217,226,183,211,191,163,164,161,160,161,146,139,152,144,136,138,151,153,146,148
191,177,156,157,194,196,208,192,163,178,164,198,139,149,122,128,116,134,112,109,117,97,121,115,122,122
157,165,134,133,158,162,162,142,152,162,119,128,155,126,87,93,90,96,94,89,88,89,92,97,88,108
170,156,128,122,129,123,108,101,113,99,97,107,100,84,72,73,68,65,59,67,70,72,74,73,70,69
152,132,124,111,105,94,80,72,76,60,62,79,66,55,57,54,40,46,48,53,59,52,49,59,43,60
114,99,95,83,70,58,50,45,47,34,47,44,34,39,25,37,33,32,24,42,43,45,50,40,43,47
100,100,71,65,54,46,44,44,47,41,30,34,35,26,30,16,13,17,31,31,37,34,27,32,25,35
84,59,57,54,43,42,42,41,40,37,36,44,37,35,19,10,0,10,34,26,27,38,16,33,22,26
71,69,60,55,46,53,54,51,47,43,56,43,27,34,11,23,16,10,13,5,12,23,22,16,29,15
