44,49,52,57,55,64,62,69,72,100,80,101,90,92,86,49,50,90,85,108,94,92,92,90,70,92
47,52,51,57,62,66,64,76,86,93,101,98,96,90,110,66,56,68,115,100,110,111,110,90,82,72
48,51,50,55,65,63,76,76,81,78,91,104,93,117,128,78,64,61,85,105,94,121,114,111,99,70
52,54,60,63,72,69,74,82,85,75,97,90,100,106,128,85,80,55,47,103,126,111,104,105,103,63
52,54,69,70,72,72,66,75,99,85,94,105,96,97,117,102,103,69,52,59,74,141,110,117,98,76
53,55,69,69,66,69,64,79,78,106,95,101,101,101,109,126,85,95,55,47,53,84,95,92,105,72
59,66,70,73,73,75,77,76,85,104,105,93,91,95,103,112,87,90,86,71,49,66,76,85,97,83
58,71,67,77,83,84,75,94,78,97,94,99,99,94,105,104,84,70,99,106,75,64,49,52,55,61
57,64,66,75,86,88,81,96,86,89,97,109,93,99,92,81,82,69,79,96,130,89,66,51,46,42
57,69,68,73,79,84,87,80,88,87,81,94,98,95,89,94,84,72,78,91,127,106,92,93,71,44
49,61,65,74,77,80,83,89,97,100,97,98,89,95,89,93,87,89,64,89,95,112,97,115,98,45
51,49,59,71,78,75,83,88,90,113,92,98,94,90,90,102,102,90,76,72,98,95,87,97,96,56
59,48,58,65,82,85,85,98,88,117,108,109,110,101,113,106,117,102,105,87,86,103,82,101,81,51
66,57,60,56,73,86,85,106,95,108,126,114,116,108,99,113,90,105,112,84,65,74,80,106,61,58
68,69,66,62,63,70,97,96,109,115,118,120,136,112,106,121,117,98,118,108,90,58,73,71,46,86
62,74,76,88,73,68,70,80,105,114,115,125,121,103,135,126,117,122,124,119,123,79,61,43,50,79
54,64,79,66,77,81,76,65,83,99,105,99,104,113,140,140,131,129,151,121,135,79,51,72,71,89
58,62,80,77,79,77,73,71,59,68,73,68,84,113,113,116,119,125,133,88,78,67,61,102,130,103
45,63,69,86,73,77,86,90,99,85,86,70,74,69,73,81,74,75,74,61,75,90,114,122,145,146
44,54,79,79,84,89,94,112,120,119,118,137,100,106,134,99,94,103,91,82,114,161,163,130,143,160
38,56,72,79,86,96,109,95,114,132,122,156,147,148,135,133,165,135,133,141,157,167,155,143,139,185
54,42,73,64,84,87,107,107,124,125,140,140,153,143,150,155,116,136,147,193,184,179,174,151,147,165
58,49,64,68,73,92,101,112,124,136,133,148,160,140,148,157,146,154,177,174,188,179,160,183,157,155
56,43,62,65,68,104,96,101,116,120,133,140,138,135,147,150,184,179,175,195,178,178,164,150,180,197
45,45,46,57,58,76,94,100,111,119,121,148,135,131,126,151,174,164,165,176,164,163,154,155,191,189
45,45,46,50,45,53,78,81,89,95,101,126,119,115,119,106,134,149,163,173,165,143,138,160,181,187
33,30,33,32,31,35,45,54,68,65,64,81,89,96,94,119,119,124,155,149,151,135,126,165,163,163
20,21,25,17,16,18,25,26,36,31,38,49,58,60,72,86,109,114,124,121,117,126,132,135,177,140
10,16,19,5,8,11,11,8,16,12,20,25,32,29,36,49,44,62,83,102,117,130,120,151,146,101
6,16,14,0,5,10,2,2,9,6,8,7,14,13,19,21,34,42,47,83,80,82,103,132,106,102
