0,9,10,3,1,5,8,10,12,13,11,11,12,13,6,5,9,18,22,20,19,22,26,26,36,57
13,15,12,7,5,5,6,5,5,6,9,11,10,8,12,14,16,19,25,32,35,34,35,46,46,61
17,13,10,9,10,14,11,10,11,14,15,16,16,18,23,30,29,30,35,41,42,34,45,53,47,48
11,10,11,10,8,9,12,10,10,12,14,18,24,30,33,35,34,39,39,37,43,46,43,45,44,55
17,16,18,18,18,20,13,12,11,9,8,10,15,20,29,40,45,47,45,45,51,50,54,48,54,62
20,20,17,14,17,21,18,18,18,16,14,11,10,10,14,30,40,46,50,53,55,47,57,53,64,67
28,31,25,19,19,19,18,18,18,19,19,18,16,14,10,13,18,34,44,45,49,49,50,56,60,65
26,28,24,24,24,21,22,20,17,16,17,18,18,16,15,13,8,15,25,35,46,49,52,64,56,65
23,22,20,25,30,26,25,25,23,21,21,22,20,18,17,21,14,10,13,25,40,43,51,60,58,69
9,9,5,11,16,11,14,19,24,26,27,26,23,20,16,19,18,20,15,13,26,37,44,44,60,67
2,4,5,1,0,3,11,11,13,24,29,26,25,18,24,20,14,18,15,15,26,24,31,40,51,67
1,4,0,0,2,1,0,4,0,11,19,16,24,24,17,21,20,22,18,16,23,20,30,36,50,58
4,8,0,0,6,2,5,8,2,3,13,16,16,13,20,27,23,19,16,16,23,26,25,30,49,52
8,10,6,6,9,8,12,6,13,14,29,49,35,16,16,24,24,23,23,19,18,22,24,27,43,45
17,17,20,17,14,20,19,11,9,10,22,60,76,50,24,22,19,21,24,19,14,21,30,29,32,34
23,19,23,16,8,16,32,32,13,11,17,59,113,96,49,32,21,19,22,21,18,26,33,33,30,33
18,13,11,4,0,2,7,13,4,9,26,68,113,108,72,47,34,28,28,29,23,25,29,34,34,35
17,14,8,4,4,3,6,0,2,5,41,92,111,122,94,62,41,26,22,30,30,30,27,32,34,30
12,14,9,7,5,0,0,5,3,18,56,136,147,124,97,74,51,31,16,24,39,43,30,33,30,36
15,6,10,9,6,1,1,0,11,46,101,122,143,118,104,65,41,37,25,16,24,37,40,42,40,40
15,6,6,8,3,7,6,17,43,70,124,139,104,88,65,44,37,38,28,18,23,32,38,41,44,44
12,13,0,6,4,4,15,44,93,120,121,94,82,58,38,34,30,22,13,16,24,26,30,33,40,42
119,63,36,33,29,44,75,120,123,115,67,58,35,27,19,14,13,17,20,25,31,35,32,34,38,38
171,159,134,96,96,96,99,59,63,49,32,25,27,24,23,24,27,30,31,29,28,30,35,38,40,39
64,77,81,56,54,47,43,43,26,29,32,30,37,31,24,31,31,27,27,32,38,43,35,38,40,47
27,34,34,32,31,35,33,41,45,32,28,29,26,27,27,26,24,25,30,32,32,36,39,37,37,54
33,29,27,23,22,27,35,39,34,31,28,22,23,24,26,28,30,33,37,40,39,35,39,38,45,58
42,35,30,31,30,29,31,34,29,27,24,21,24,27,24,27,31,35,38,40,41,41,36,41,56,62
45,35,25,26,32,33,28,32,29,28,27,23,25,26,35,36,39,42,43,41,40,39,46,43,59,78
46,49,41,35,37,38,32,34,29,30,33,31,34,34,39,38,39,43,44,40,37,37,46,57,75,86
