11,26,17,5,4,1,6,1,0,2,7,6,7,0,0,15,6,26,40,40,51,76,85,140,80,97
11,23,10,6,8,5,2,3,4,5,1,0,3,4,5,4,6,24,25,30,56,56,71,71,53,107
18,21,9,9,10,5,4,5,4,2,3,5,4,1,3,4,7,10,18,16,31,42,50,57,64,107
23,20,9,10,11,4,5,6,5,4,4,4,4,4,7,5,8,19,31,24,32,38,51,54,46,130
26,18,10,12,13,8,7,7,9,10,11,11,14,18,22,20,20,27,41,38,41,39,42,55,39,111
24,16,14,14,15,13,10,9,10,13,17,20,26,32,35,43,43,41,55,63,70,62,66,68,41,83
24,22,24,19,17,17,16,12,10,12,16,20,26,31,40,55,61,59,70,75,82,76,76,75,44,49
27,33,36,26,25,24,23,19,16,15,17,18,20,21,33,47,61,71,82,78,84,83,87,93,90,49
25,32,35,27,31,31,25,26,26,25,24,23,20,18,22,30,42,58,79,83,94,98,90,96,120,101
16,22,24,21,33,34,22,28,33,33,31,29,25,21,19,20,21,30,55,71,88,90,96,110,114,134
15,15,14,8,10,16,13,19,27,46,42,37,33,39,21,31,21,14,37,48,71,94,101,98,101,137
4,0,0,0,0,2,6,9,19,41,41,36,50,36,34,35,21,30,14,26,50,80,89,91,113,112
6,1,1,5,0,0,1,0,8,27,66,40,38,46,36,32,38,27,18,30,36,48,76,95,110,123
4,1,2,8,1,4,2,0,4,6,70,74,35,30,43,44,47,29,33,25,29,39,56,70,79,131
2,2,7,15,9,14,7,17,2,0,44,179,143,62,36,46,37,41,41,32,39,34,48,63,84,101
11,18,31,34,24,27,30,21,12,9,41,170,225,183,61,27,44,48,42,35,37,44,46,58,74,76
19,29,42,33,18,21,53,64,15,16,29,187,238,230,175,58,33,36,53,51,32,40,55,47,53,84
22,26,32,14,1,9,20,38,26,7,43,175,235,246,213,143,59,47,39,58,51,45,53,50,64,65
23,18,26,8,3,7,16,10,11,16,66,229,251,242,236,185,110,46,50,65,63,52,48,61,61,59
22,20,26,14,4,10,8,2,9,35,132,236,247,251,240,226,131,78,46,48,74,61,49,55,58,57
23,9,17,25,0,13,2,15,25,102,229,252,254,250,247,197,153,83,65,43,60,66,59,62,63,70
14,24,7,11,14,6,14,27,95,187,246,243,248,246,218,173,85,89,51,44,58,69,69,72,66,69
107,39,31,22,23,24,46,146,210,240,249,246,246,202,137,93,66,56,45,50,47,52,62,69,75,71
255,196,131,101,105,120,178,226,253,239,244,210,146,102,72,44,43,32,35,47,54,60,60,59,76,72
255,255,252,245,214,217,220,226,221,189,139,96,81,47,47,39,42,50,54,52,65,69,70,64,65,62
202,237,215,205,197,154,152,149,111,84,72,70,59,54,54,52,55,55,51,49,64,76,70,79,68,73
83,79,97,81,94,82,85,81,70,65,62,64,64,54,56,57,51,53,52,56,71,71,68,79,67,70
56,67,59,48,57,70,57,74,79,75,59,53,57,60,53,51,63,49,60,61,81,82,77,66,71,66
89,59,61,57,50,71,61,79,80,75,56,49,49,53,54,48,55,51,61,80,83,84,70,59,63,76
88,81,59,78,56,67,66,75,66,65,59,61,58,57,59,52,51,61,68,88,81,78,69,74,75,86
