129,125,124,125,126,227,235,243,248,250,250,250,251,253,253,252,251,254,245,251,249,246,248,244,248,246
129,129,131,132,126,240,237,235,249,248,249,250,249,251,253,251,252,252,246,249,250,249,252,250,252,250
127,130,125,126,131,125,244,253,252,249,249,250,248,250,252,252,252,246,248,247,250,251,247,250,241,248
124,131,129,130,126,131,239,241,253,252,250,250,250,250,251,253,252,245,253,249,252,251,244,247,252,255
130,127,127,130,127,129,241,248,251,253,250,249,252,250,247,251,253,248,252,250,253,247,247,247,244,245
129,126,128,131,124,127,239,247,248,252,249,248,253,248,243,248,252,251,247,247,251,241,251,249,248,248
126,132,124,127,127,130,127,247,242,248,248,238,250,251,234,245,246,255,250,252,249,247,245,250,243,249
127,128,129,130,125,129,125,247,241,240,254,250,245,249,247,253,255,246,249,251,231,241,242,250,245,243
128,127,130,125,125,132,127,240,241,242,248,247,250,250,243,254,254,249,238,247,229,223,243,241,247,236
126,132,125,125,134,124,125,245,241,240,241,243,252,249,239,249,252,255,241,241,238,219,230,220,235,230
127,125,131,132,121,132,127,124,242,233,243,251,247,247,249,248,248,245,250,240,233,237,216,206,209,231
126,130,126,131,130,125,126,131,243,241,243,250,253,249,245,246,251,246,244,240,205,220,196,169,205,236
128,130,126,126,129,129,130,126,238,249,242,242,253,241,228,237,239,247,237,239,209,217,220,184,214,232
129,126,131,128,127,128,129,128,228,240,244,243,235,223,222,228,225,233,234,213,203,199,203,181,200,222
128,128,128,128,128,128,128,128,128,234,244,242,224,195,196,216,228,200,217,214,193,201,199,192,189,219
128,128,128,128,128,128,128,128,128,228,234,245,220,216,203,241,210,193,164,194,178,181,218,215,220,202
128,128,128,128,128,128,128,128,127,230,243,235,232,212,217,228,228,196,142,145,148,176,202,189,234,235
128,128,128,128,128,128,128,128,127,226,235,238,250,235,230,233,224,183,160,139,151,182,206,223,219,229
128,128,128,128,128,128,128,128,130,131,222,228,237,240,252,239,236,221,201,167,165,181,208,222,206,197
128,128,128,128,128,128,128,128,124,129,213,230,247,234,251,247,228,227,207,181,183,214,225,222,207,197
128,128,128,128,128,128,128,128,135,123,213,217,243,241,233,241,247,232,224,207,206,219,215,220,207,180
128,128,128,128,128,128,128,128,123,132,129,220,228,245,239,239,248,238,231,212,223,225,229,213,199,156
128,128,128,128,128,128,128,128,130,127,127,233,227,233,246,237,235,233,243,227,230,230,231,201,193,172
128,128,128,128,128,128,128,128,127,128,125,218,230,243,237,240,233,228,231,227,221,224,219,195,167,179
128,128,128,128,128,128,128,128,127,132,131,122,218,228,233,238,238,239,238,222,229,212,202,190,171,165
128,128,128,128,128,128,128,128,125,127,128,132,222,225,234,240,234,232,233,234,206,210,196,172,149,140
128,128,128,128,128,128,128,128,129,131,125,122,223,211,223,226,237,240,244,224,220,210,193,158,141,136
128,128,128,128,128,128,128,128,126,130,132,124,129,219,213,229,238,231,230,228,208,214,191,143,145,131
128,128,128,128,128,128,128,128,131,126,122,132,128,225,212,229,228,227,226,212,228,212,191,162,153,127
128,128,128,128,128,128,128,128,126,128,133,123,129,127,222,212,227,226,221,212,221,198,175,164,153,117
