182,189,203,209,223,207,214,225,232,241,246,243,251,249,249,245,238,222,206,203,197,187,169,163,157,156
188,195,207,219,215,221,233,221,241,242,250,255,254,250,243,242,244,240,220,198,200,194,176,165,155,158
194,208,211,210,217,223,238,241,244,243,250,234,248,253,250,246,236,228,223,203,201,193,177,168,159,161
198,201,198,204,220,240,225,242,243,245,246,251,249,247,240,246,242,236,237,217,201,190,175,172,168,168
203,208,200,218,229,227,240,241,250,247,244,250,248,248,253,254,247,244,243,237,218,193,174,171,173,154
200,199,199,212,218,229,240,237,244,250,247,243,248,251,248,251,231,233,230,234,216,202,175,177,164,166
205,194,201,213,214,222,222,229,236,242,247,251,250,248,245,254,244,242,228,221,239,220,196,171,163,163
205,198,205,211,212,218,218,239,245,245,247,252,255,252,253,249,246,238,240,242,215,212,199,189,173,175
195,197,203,207,214,223,221,238,244,248,249,248,250,250,255,251,252,242,244,245,230,216,198,178,166,163
195,187,197,214,218,219,219,233,242,244,247,254,255,255,247,247,248,250,245,244,226,208,198,174,179,160
200,182,198,215,215,218,233,247,255,248,245,253,243,252,254,252,251,247,240,238,223,215,187,185,172,161
197,186,204,199,214,227,248,244,250,250,245,244,251,247,243,230,247,243,244,236,217,210,185,183,178,165
187,183,199,190,226,221,231,238,235,239,246,248,253,245,246,243,244,246,237,237,224,208,188,180,182,167
187,186,203,203,221,219,225,229,231,238,247,252,241,232,231,235,237,233,226,228,242,223,202,185,177,169
193,193,201,206,212,223,233,240,245,248,248,250,252,239,225,229,236,234,230,223,224,214,208,193,177,172
194,198,198,208,215,234,242,247,253,251,250,251,248,250,242,246,251,248,239,218,218,211,210,199,182,171
186,199,202,216,214,237,244,248,252,246,244,245,242,252,249,246,242,242,246,239,238,228,214,197,188,177
187,202,208,223,218,241,245,249,252,244,243,241,238,244,249,253,248,241,242,243,242,239,226,205,195,186
196,207,216,229,240,251,245,246,249,245,251,252,254,248,247,246,246,246,246,250,243,240,240,227,206,188
199,210,224,238,247,255,248,253,255,249,254,249,249,248,253,247,246,251,247,249,251,235,241,243,219,196
218,231,243,244,248,250,251,249,249,251,251,250,252,253,253,253,251,249,249,249,248,251,251,244,232,215
209,235,247,249,250,252,253,252,251,253,253,252,252,253,254,253,252,250,250,250,253,248,246,247,242,223
224,249,249,248,251,253,254,253,253,254,254,254,253,253,254,254,253,252,252,251,254,251,249,247,240,225
228,244,245,251,250,251,253,253,253,253,253,254,253,254,254,254,254,253,253,253,250,255,253,245,238,230
230,239,246,252,251,252,253,253,252,251,250,251,254,254,254,254,254,254,254,253,250,253,251,247,246,239
238,246,252,249,254,254,254,254,252,250,249,249,254,254,254,254,254,254,254,254,255,252,250,251,248,237
236,246,253,252,253,253,254,255,254,251,250,251,255,255,254,254,255,255,255,254,255,253,253,253,246,233
243,247,249,254,251,251,253,255,255,253,253,254,255,255,254,254,255,255,255,254,252,253,254,254,250,239
246,248,250,249,253,252,253,255,255,253,253,255,255,254,255,255,254,254,255,254,255,252,255,248,255,234
245,245,255,247,251,251,253,255,255,254,254,255,255,254,255,255,254,254,255,253,254,255,250,252,245,242
