117,124,140,143,135,135,128,151,141,154,139,138,128,160,119,111,113,94,92,96,76,59,60,66,57,53
107,114,125,150,159,158,157,158,148,147,148,154,145,146,139,136,127,120,98,93,76,73,69,71,68,53
135,127,146,125,150,142,138,136,151,156,160,154,120,126,138,130,134,135,124,96,88,75,75,79,67,57
125,119,139,134,123,146,145,156,138,156,150,159,138,121,102,120,133,146,137,106,87,77,73,77,79,71
115,127,130,125,132,142,136,145,147,166,137,156,141,137,133,130,126,150,157,120,92,79,73,69,66,64
123,131,117,150,158,140,146,143,168,164,156,154,168,132,151,133,127,128,143,128,99,84,89,77,75,77
109,100,142,138,143,142,159,153,167,150,159,162,158,144,149,170,147,144,132,130,115,93,80,65,76,87
123,131,135,157,152,156,149,139,144,134,145,151,161,152,149,135,143,150,114,113,96,95,78,67,73,74
117,152,141,157,173,162,148,145,148,142,152,146,142,157,141,152,147,123,103,103,94,100,83,71,74,75
109,120,122,136,151,144,136,158,131,134,129,121,129,128,140,131,127,115,112,108,107,96,80,62,68,83
114,90,124,119,110,128,118,147,127,146,124,124,126,137,121,117,113,146,131,90,89,88,85,69,64,72
100,120,112,121,97,149,150,141,142,136,101,103,126,110,121,110,127,121,107,103,90,96,86,81,75,72
97,113,139,148,154,140,164,137,152,143,144,126,122,135,121,118,90,113,120,108,88,80,84,84,69,68
113,132,123,153,142,154,120,129,127,126,145,138,128,143,140,131,114,117,112,120,107,86,78,89,82,71
132,148,140,148,122,127,133,97,119,125,125,129,137,123,121,149,139,152,120,114,103,102,94,84,77,78
148,155,158,149,138,141,132,129,140,135,146,160,131,134,149,140,119,124,129,121,130,118,110,93,79,67
160,174,160,166,154,151,150,137,120,144,131,144,148,136,116,153,159,162,143,147,121,101,106,100,96,73
165,158,159,158,161,148,159,162,159,152,161,164,163,166,157,149,144,143,155,148,160,143,129,91,84,74
153,169,156,166,160,162,164,161,156,163,174,163,140,139,144,155,136,147,156,153,164,152,132,104,95,65
165,158,167,168,164,156,174,158,159,173,163,166,168,164,166,160,152,150,148,160,151,148,129,121,114,64
165,166,166,172,169,160,162,145,161,164,161,160,166,160,160,159,161,162,156,155,148,145,143,131,101,67
169,169,170,156,162,128,137,153,161,166,160,165,169,166,166,161,158,159,161,168,159,153,158,140,97,87
173,170,174,167,161,155,132,154,170,173,168,177,168,164,164,162,162,163,161,164,159,158,159,145,123,88
167,164,169,171,176,168,163,163,158,177,172,174,174,169,170,170,172,173,167,166,165,166,137,150,129,100
164,166,174,167,175,179,171,179,172,165,175,168,177,175,177,175,173,172,169,172,167,159,158,159,145,137
174,175,177,179,177,177,182,173,183,178,165,174,173,171,173,172,170,169,163,165,166,150,161,131,130,140
174,173,172,183,180,172,176,173,169,173,178,165,173,170,172,171,170,169,163,163,162,161,157,152,138,156
162,171,181,174,178,171,175,168,172,176,164,173,172,171,173,167,160,159,163,173,167,155,162,158,157,157
166,167,174,176,171,173,170,168,175,170,173,169,169,164,172,165,166,162,162,166,156,157,142,148,155,147
171,173,173,169,172,173,171,164,167,165,171,174,169,165,163,159,161,157,159,153,152,151,146,147,148,136
