193,193,184,187,189,200,200,211,207,207,209,204,209,211,210,198,206,211,201,199,211,227,216,227,236,248
184,190,192,185,193,188,197,201,210,222,209,216,215,190,192,187,186,179,174,179,181,179,193,226,216,203
195,201,196,195,199,191,203,212,203,210,188,204,203,200,196,187,187,186,183,181,182,191,183,183,178,180
195,198,207,204,198,209,194,195,194,186,193,184,186,190,191,194,194,185,182,183,178,180,178,179,183,185
209,226,216,209,221,202,203,188,180,182,189,193,191,188,183,184,187,186,189,190,183,181,176,187,175,173
223,214,196,196,199,196,177,182,181,177,179,186,184,192,192,183,182,182,179,173,171,179,175,174,124,119
195,179,146,168,176,181,185,170,160,104,107,102,143,173,176,179,182,168,160,171,175,171,150,75,90,115
161,179,165,174,176,170,146,134,149,161,137,147,154,159,173,169,174,168,161,163,157,144,142,133,122,114
177,166,171,181,178,156,89,86,78,98,115,145,134,100,101,146,123,74,98,97,97,91,97,103,143,148
176,173,179,161,150,91,99,124,103,121,117,115,101,111,117,137,120,107,101,115,102,103,115,106,140,138
167,145,140,126,130,112,129,112,122,146,150,140,134,150,169,157,160,150,121,118,119,132,139,141,147,145
148,126,110,104,121,120,127,111,116,150,119,112,129,126,149,119,104,114,95,116,129,157,155,135,120,118
107,88,95,141,136,129,136,131,160,130,129,124,143,148,149,127,114,106,109,105,125,146,125,115,121,121
161,172,150,157,162,149,153,153,139,127,139,139,148,149,144,130,104,124,135,150,135,137,125,121,125,126
150,150,135,147,142,141,145,126,130,118,142,142,142,151,151,119,119,115,128,130,132,127,165,144,133,124
108,115,125,145,117,92,107,115,111,111,134,148,141,149,158,110,136,130,138,140,149,138,137,119,98,142
113,131,120,112,87,100,136,110,115,102,117,130,131,145,158,111,127,128,126,137,128,143,125,125,131,148
136,121,90,100,89,100,112,108,106,104,128,127,142,122,140,141,142,132,139,156,153,138,145,126,147,138
89,111,112,80,90,98,108,105,89,114,120,112,128,116,128,138,110,115,113,124,125,132,141,135,133,134
105,98,71,72,72,90,88,88,96,87,95,91,122,120,125,122,109,141,149,137,110,115,110,114,92,154
54,51,58,47,66,68,91,86,85,99,108,122,108,92,93,100,108,129,144,126,112,98,94,98,108,123
49,45,41,63,60,81,80,81,89,93,100,79,79,72,73,91,93,129,124,107,98,88,98,100,132,130
44,48,52,39,39,43,61,74,59,54,53,62,68,70,69,71,62,97,90,83,68,75,87,108,123,118
24,28,30,30,27,31,31,34,32,30,43,46,42,52,47,61,86,65,71,67,65,81,97,113,94,103
15,16,14,9,8,10,5,12,18,18,14,16,24,33,37,40,43,45,52,64,75,82,87,105,85,107
13,5,2,4,4,1,8,4,3,12,25,33,30,24,15,12,13,20,28,38,54,69,61,81,81,83
10,7,3,2,4,6,1,7,13,12,5,2,6,11,10,8,9,15,19,24,36,48,82,79,75,62
4,5,5,4,6,9,14,8,2,2,5,7,4,0,1,6,10,11,15,23,31,35,40,44,70,89
3,0,4,13,13,7,4,3,1,0,0,1,3,5,1,4,6,5,8,15,22,26,39,37,48,63
0,2,8,12,11,7,4,4,3,2,1,1,1,1,9,6,8,13,13,10,12,16,29,40,54,59
