62,66,78,71,84,80,90,83,85,72,77,90,106,106,118,132,121,110,107,118,172,148,158,162,160,127
58,66,68,88,79,82,87,103,86,111,111,105,101,126,121,125,135,140,148,189,182,178,201,188,170,127
91,99,111,86,99,94,130,132,99,124,131,136,117,111,105,142,154,154,147,159,178,194,177,177,184,126
102,101,97,103,98,89,99,109,122,136,150,123,152,148,160,176,172,163,194,184,205,211,204,194,202,126
108,115,106,118,110,103,126,123,137,127,130,157,159,172,178,166,153,193,191,202,177,153,168,210,224,127
105,111,95,109,112,127,136,116,133,145,165,154,145,181,148,144,165,164,198,227,215,205,197,214,204,128
111,102,125,119,143,124,112,142,134,134,157,163,173,223,204,171,180,165,188,210,191,215,185,209,212,135
115,115,122,117,119,133,127,121,133,146,130,150,173,167,131,215,173,180,209,209,217,226,200,237,211,125
131,126,107,138,114,148,209,133,149,134,152,188,184,164,170,150,190,192,194,222,201,231,228,211,224,127
118,132,146,124,134,164,164,158,151,185,173,184,173,208,160,195,191,202,185,194,222,213,213,238,236,129
111,107,123,156,166,171,156,183,184,174,162,162,167,225,212,187,185,232,189,213,239,234,237,195,211,136
128,125,146,144,192,203,177,202,202,159,189,184,213,197,207,196,217,181,244,253,224,232,223,216,132,125
155,172,194,185,166,198,193,199,169,192,186,173,227,236,228,242,234,223,248,231,248,232,227,213,128,128
159,201,211,207,203,213,184,228,220,221,212,205,228,225,234,229,235,239,238,248,234,232,227,212,128,128
200,221,207,244,208,226,214,202,207,211,204,238,232,240,222,235,196,230,242,245,242,239,223,245,128,128
231,203,213,224,195,230,203,191,218,206,207,192,209,246,241,237,244,242,238,249,245,245,216,203,128,128
212,215,221,239,234,208,229,219,207,211,201,199,145,213,213,232,232,238,232,242,240,226,249,230,128,128
232,210,200,232,240,244,232,202,214,219,206,222,200,215,217,240,231,253,241,239,218,222,230,237,128,128
203,198,186,205,199,246,213,225,214,231,216,193,222,206,219,238,213,232,231,234,169,228,196,211,128,128
223,234,227,248,215,218,212,218,237,238,227,204,235,225,218,229,224,247,250,213,201,234,205,208,128,128
234,199,237,174,199,219,212,220,218,231,234,237,233,232,230,208,216,240,224,221,210,234,248,129,128,128
230,217,198,201,232,231,235,230,233,246,226,236,251,246,238,236,216,241,239,246,239,234,217,129,128,128
223,219,231,222,225,223,219,237,247,237,240,245,240,246,238,220,244,232,226,232,240,242,243,129,128,128
228,231,240,227,234,218,241,205,246,238,236,234,235,235,250,243,226,232,239,228,241,216,227,127,128,128
240,218,216,188,216,240,236,186,242,231,220,237,245,203,231,241,210,219,237,228,238,249,228,132,128,128
246,222,194,225,240,233,228,236,230,238,238,211,224,221,233,222,240,240,250,239,249,216,220,125,128,128
218,242,218,245,250,244,246,239,235,240,241,218,230,215,190,195,243,234,237,251,243,233,125,131,128,128
242,242,236,230,232,224,239,229,247,247,235,239,219,210,227,195,225,229,220,219,223,234,130,126,128,128
217,226,240,210,210,228,225,238,240,249,243,242,244,235,216,235,236,204,235,211,214,218,131,127,128,128
231,215,217,239,238,215,219,240,251,237,248,243,232,236,216,221,230,234,246,245,230,228,129,124,128,128
