80,75,64,65,67,70,64,63,53,54,64,55,56,42,46,43,43,35,37,129,126,131,128,126,128,128
78,70,67,60,65,73,65,65,59,60,59,61,56,54,48,45,38,39,33,32,128,124,125,130,128,128
77,70,82,56,61,60,63,65,61,63,58,63,56,58,48,47,46,33,32,32,128,129,127,128,128,128
71,79,73,69,48,66,60,68,57,62,65,63,56,51,49,48,44,44,37,27,130,126,131,126,128,128
82,81,74,65,63,60,68,56,57,63,68,65,58,52,49,49,51,40,35,41,125,127,123,132,128,128
81,83,70,75,65,61,68,56,58,64,62,66,57,59,50,48,51,40,37,36,37,132,129,126,128,128
69,66,73,73,73,58,73,67,59,62,60,61,59,61,55,50,47,43,45,44,33,129,122,131,128,128
72,65,67,79,65,63,60,62,60,60,66,56,64,57,61,54,44,43,35,40,38,128,127,130,128,128
76,71,60,68,72,64,57,74,63,66,51,64,50,65,51,53,47,43,38,41,38,126,131,127,128,128
86,85,75,75,70,70,67,64,63,68,64,70,59,62,54,57,57,62,45,41,45,36,126,127,128,128
106,83,64,75,72,69,66,56,68,73,76,74,70,65,64,64,59,51,51,59,48,37,127,130,128,128
86,89,82,85,73,70,68,53,63,67,70,65,67,69,71,68,72,59,51,61,54,51,130,123,128,128
82,84,73,78,80,84,78,66,55,64,65,62,63,72,74,70,60,61,50,57,50,49,126,132,128,128
100,90,77,76,70,68,70,86,58,68,70,70,63,70,68,67,64,64,57,60,44,47,131,124,128,128
124,101,85,74,66,75,63,57,60,63,65,70,65,63,60,61,64,60,51,50,59,44,135,128,128,128
121,77,69,70,61,70,63,64,63,56,58,68,73,67,64,66,57,58,59,59,65,54,51,128,128,128
74,66,60,56,54,54,52,48,53,48,40,49,69,70,65,72,64,56,52,63,70,48,62,126,128,128
57,52,45,42,42,41,38,36,30,32,27,34,58,72,67,62,66,56,57,63,56,54,61,128,128,128
43,41,33,28,29,26,20,20,23,25,21,17,28,50,66,71,61,60,58,60,60,67,52,130,128,128
30,31,23,18,22,17,10,12,13,14,19,18,13,20,40,54,70,57,61,64,52,64,64,131,128,128
14,17,12,9,15,12,7,10,10,6,13,19,13,11,18,24,40,61,68,62,60,57,62,125,128,128
7,9,6,5,8,7,4,6,10,7,8,10,7,10,15,13,22,24,35,46,63,71,73,73,128,128
6,6,5,4,4,3,2,2,1,3,7,6,4,7,9,7,3,11,17,17,31,38,54,74,128,128
4,2,3,4,2,3,4,3,9,7,6,6,6,8,10,11,13,1,7,8,4,12,38,68,128,128
6,4,6,3,6,11,18,31,27,21,21,21,20,22,21,15,12,14,8,8,6,5,14,27,127,127
6,0,1,12,14,30,45,42,48,61,51,50,43,41,37,38,35,25,19,8,9,4,9,9,132,131
5,20,27,37,50,74,82,104,109,81,83,76,104,89,88,67,48,53,29,26,21,9,13,14,126,122
37,46,67,79,91,124,118,133,123,115,112,121,134,127,98,120,104,88,60,52,32,21,19,16,134,132
72,95,105,115,122,136,122,133,135,129,127,139,139,140,121,111,132,115,126,117,56,38,21,26,124,125
97,104,114,129,103,110,133,118,125,159,140,133,130,130,129,118,118,119,123,122,113,58,33,13,127,135
