30,26,23,21,19,19,21,20,18,16,23,30,35,36,33,29,31,37,48,50,69,102,89,105,100,86
22,21,20,21,20,19,19,19,19,19,15,19,20,20,20,17,18,23,31,38,65,81,92,83,100,118
13,12,11,15,17,15,13,13,15,16,16,15,12,10,12,12,13,17,31,35,50,66,74,83,85,79
12,10,10,16,20,18,17,18,19,18,19,15,9,6,9,11,14,19,33,38,55,50,68,78,90,71
20,22,17,21,24,25,25,26,24,21,24,21,14,11,14,17,22,29,30,43,51,56,77,78,83,94
29,39,31,30,31,32,34,33,29,25,27,25,22,21,25,28,33,39,45,51,50,72,72,81,74,87
39,54,49,44,41,43,43,40,35,33,25,26,26,30,36,39,40,44,60,59,72,69,65,69,88,87
47,63,56,48,43,44,44,39,35,34,29,31,34,41,50,52,50,51,58,68,69,71,71,76,76,80
54,58,60,59,55,51,44,35,31,35,38,44,58,55,55,58,55,69,77,62,85,73,68,68,78,72
54,55,54,53,49,44,41,37,36,40,41,45,54,64,59,72,73,81,71,79,83,78,75,78,67,82
62,62,52,51,46,40,37,36,36,40,44,55,57,74,83,77,77,95,81,77,82,78,77,79,76,86
60,43,42,42,41,41,42,41,45,53,54,70,82,74,78,80,101,83,90,83,79,91,64,77,68,74
45,52,39,38,39,44,45,43,51,66,64,82,86,91,108,85,88,85,102,90,93,83,79,72,80,83
36,32,40,39,40,44,46,45,53,68,72,85,92,111,111,108,102,79,96,80,82,93,81,84,81,65
37,41,35,39,43,48,54,58,63,72,87,94,88,112,118,110,99,103,123,88,85,81,77,81,95,70
27,39,41,49,54,57,64,68,68,68,80,95,106,117,119,113,105,94,87,87,81,82,80,80,77,71
38,40,47,49,46,52,63,65,83,80,82,99,108,114,106,108,85,78,100,99,88,86,79,72,83,83
51,36,53,55,59,62,65,84,82,83,90,98,105,95,90,102,96,101,95,98,94,85,94,87,83,74
53,54,60,54,70,77,64,74,82,93,101,100,92,99,100,87,99,101,94,76,95,90,90,82,76,76
55,61,78,79,76,79,97,83,89,99,87,86,94,86,97,103,102,90,106,113,79,73,88,81,87,66
71,72,79,85,100,90,88,81,95,88,102,103,92,94,87,74,103,107,108,92,89,102,94,88,75,61
82,92,106,87,104,97,89,100,94,85,87,93,105,103,99,112,107,98,94,109,93,86,76,80,73,72
91,96,104,103,110,99,110,101,81,106,87,99,106,120,90,89,96,112,114,96,89,84,74,79,63,59
109,105,115,104,129,128,131,115,118,101,96,96,102,120,96,111,98,107,96,98,77,75,76,70,69,51
119,104,119,124,135,130,138,131,141,111,116,106,121,133,106,91,118,105,101,95,86,76,69,67,56,43
135,141,130,135,129,125,149,130,131,125,122,95,111,123,107,105,124,109,97,86,80,73,73,52,53,132
141,125,146,176,130,124,136,128,148,130,110,109,118,116,105,93,107,120,97,92,77,60,46,48,34,129
151,147,142,162,143,175,153,126,129,106,108,116,91,102,113,94,110,98,86,70,62,53,52,37,129,128
142,153,183,146,158,168,144,132,127,139,114,99,115,101,86,92,95,89,68,60,55,40,39,125,127,127
151,118,153,126,163,147,152,141,126,116,122,116,104,97,85,79,95,74,62,57,41,36,130,127,132,126
