132,125,150,163,171,159,157,164,148,177,177,145,142,128,107,99,79,63,57,53,48,33,30,29,25,29
125,133,169,186,160,201,172,185,191,189,162,162,156,150,138,133,101,80,63,58,51,44,37,34,31,29
130,126,202,191,186,205,178,167,189,174,177,208,148,176,136,167,134,118,94,83,65,62,52,48,50,43
127,127,193,218,215,201,211,198,164,202,186,193,164,173,161,158,146,131,113,113,87,79,72,84,55,53
129,124,223,211,210,202,216,213,199,213,206,216,201,197,190,172,156,188,119,124,106,113,96,91,79,77
127,130,223,222,216,211,200,212,227,214,187,229,194,193,173,156,188,159,158,141,145,142,116,115,120,104
126,132,214,218,226,227,215,219,223,219,234,211,212,204,198,185,210,199,190,163,172,179,152,145,133,117
128,133,198,229,201,219,227,229,226,224,224,230,212,213,216,203,189,197,208,225,182,181,192,158,162,137
124,131,195,198,225,209,218,241,236,229,238,221,237,224,204,226,211,229,212,191,212,208,207,182,175,149
128,124,205,218,225,233,240,241,232,250,247,246,229,232,229,234,231,236,195,223,204,208,176,192,174,180
127,134,201,232,231,237,251,243,241,246,242,243,232,235,214,225,235,227,215,217,209,213,196,179,142,176
128,127,131,235,230,248,247,240,248,239,246,243,237,225,228,212,220,226,228,197,201,218,181,187,184,168
127,131,126,242,227,237,242,246,249,253,233,248,252,233,227,230,227,218,213,186,212,207,192,176,172,135
128,126,128,234,248,234,237,249,241,251,244,255,243,250,252,245,243,237,222,199,224,209,212,194,164,174
131,126,129,238,242,247,247,245,255,247,255,244,245,251,233,248,248,250,232,242,227,208,198,211,173,208
125,123,129,240,237,255,249,235,243,255,254,240,246,250,238,234,236,239,243,235,237,232,212,207,175,221
131,131,128,227,245,248,246,247,243,241,252,239,221,249,243,246,240,247,255,237,232,225,216,215,218,211
124,130,130,232,240,241,246,238,253,246,240,233,232,228,249,249,248,243,229,240,241,232,228,226,223,229
132,129,121,217,211,218,250,243,246,244,252,233,245,249,244,244,244,248,249,237,242,227,234,221,206,226
127,126,131,223,244,206,241,244,250,241,236,255,224,244,235,250,247,244,246,246,241,245,232,233,222,239
129,128,129,125,231,226,229,250,243,246,241,246,247,233,248,239,252,251,250,252,242,234,231,235,239,223
124,130,127,129,240,229,225,248,240,225,242,254,241,241,244,242,242,245,253,253,248,241,243,237,239,248
135,123,128,126,212,223,245,234,248,238,244,247,244,228,250,231,242,252,242,242,251,243,237,246,246,249
123,127,131,127,226,231,244,235,228,238,245,243,243,255,235,223,238,241,237,252,247,240,242,251,254,237
132,131,128,127,223,221,230,241,241,243,250,224,242,245,234,210,210,243,240,220,248,241,246,244,244,230
118,132,128,129,210,230,229,247,239,245,240,252,250,253,248,215,173,185,175,216,232,250,242,238,241,237
133,127,127,123,136,211,230,220,254,242,253,246,252,250,249,235,165,208,226,221,244,231,245,239,248,248
127,128,125,132,126,224,237,234,226,242,233,241,253,246,253,247,232,211,184,224,252,248,244,243,234,238
128,129,128,129,129,231,229,239,238,243,253,224,248,240,245,249,237,233,243,236,229,240,240,232,236,249
130,127,125,126,129,228,221,223,233,243,242,236,246,241,238,239,240,242,217,223,232,215,228,222,242,238
