176,161,157,146,138,130,109,105,88,86,69,74,70,70,76,75,75,89,91,82,83,78,76,71,59,64
182,181,154,148,142,124,112,104,108,99,93,87,80,78,85,83,80,91,101,99,98,100,90,80,85,76
194,183,172,148,156,131,134,121,111,103,109,92,102,92,89,91,95,102,111,108,100,105,121,113,101,109
187,185,177,162,152,149,148,126,128,118,120,111,101,99,97,88,93,96,103,111,110,117,118,118,119,114
184,184,176,163,145,158,153,149,129,137,126,118,117,110,104,86,89,93,97,112,118,117,122,127,124,125
187,183,175,159,152,160,154,146,143,151,143,150,121,112,103,94,99,101,95,104,113,113,115,131,139,128
174,182,165,170,158,164,164,160,148,151,153,153,144,123,111,111,104,99,96,99,110,116,120,134,120,147
169,160,170,167,162,162,160,164,176,162,163,154,148,130,127,129,109,103,112,105,98,95,98,119,124,133
172,156,158,159,165,168,170,169,164,160,156,165,142,148,133,128,120,100,113,99,92,97,109,115,123,125
153,172,164,164,172,179,167,168,176,156,192,155,165,152,142,126,120,118,107,105,99,98,95,110,115,115
156,158,166,159,162,172,165,170,173,151,166,175,169,166,162,149,133,130,119,119,110,116,109,105,102,108
160,148,155,170,174,173,168,158,158,174,163,159,173,157,155,151,148,142,138,129,115,111,115,94,98,94
136,141,157,177,162,183,166,184,166,154,171,162,165,163,169,156,161,152,135,140,139,121,115,119,108,108
130,147,152,152,159,162,174,162,167,178,171,173,162,173,175,177,179,173,153,160,147,130,132,136,121,122
134,140,158,145,159,166,167,172,164,161,169,170,183,180,177,186,181,166,157,159,147,143,141,123,129,112
124,141,146,151,158,177,164,169,172,164,177,182,168,183,178,176,191,176,171,164,166,151,142,142,129,130
126,136,145,155,156,173,157,167,183,182,180,180,180,175,195,182,179,181,175,173,175,177,152,152,136,124
109,123,150,141,152,171,167,169,180,175,196,191,202,193,181,183,183,198,185,174,174,172,159,160,152,157
109,116,125,131,153,163,178,168,177,168,184,194,184,188,192,183,165,190,186,178,183,192,177,177,162,163
101,117,108,128,152,146,154,167,184,171,187,171,190,198,189,217,199,184,184,182,177,186,180,186,186,163
85,109,114,119,141,144,160,165,174,179,181,197,177,192,202,181,202,208,197,202,207,188,201,208,181,199
82,95,112,115,125,147,138,159,168,175,182,176,190,193,203,199,218,199,198,203,207,207,214,201,186,195
80,86,100,111,116,132,142,156,161,173,172,181,181,182,215,198,204,207,215,207,205,216,216,210,219,221
74,76,90,97,119,118,127,144,152,164,177,176,196,184,202,202,206,214,218,216,218,223,234,213,224,223
128,75,86,93,105,111,120,124,144,150,176,164,189,187,203,209,207,216,213,220,217,224,224,218,224,233
126,125,76,87,82,106,110,120,139,140,143,147,187,196,196,209,210,213,215,231,229,226,231,233,233,227
133,133,64,81,96,91,107,121,122,138,163,179,188,186,194,202,216,200,219,219,229,214,228,227,230,233
121,127,134,64,77,83,90,99,110,125,124,145,177,181,185,193,202,209,214,223,227,227,232,236,234,227
128,131,127,131,70,77,78,96,105,119,135,137,152,162,178,180,199,201,214,214,231,232,239,239,236,230
128,128,124,128,128,70,83,87,105,121,123,124,154,161,171,183,189,202,192,213,218,222,234,227,232,244
