79,73,66,59,54,51,48,40,32,27,22,18,15,15,13,14,13,14,18,23,29,35,40,47,50,66
77,73,69,65,59,55,51,45,41,39,35,27,22,22,18,20,17,16,22,25,27,34,28,45,41,51
63,59,64,67,62,57,48,47,43,41,42,40,35,33,33,23,21,25,25,25,30,36,35,44,41,48
48,44,46,48,47,46,39,41,39,36,35,34,33,36,36,34,34,31,30,35,39,38,37,41,50,50
24,21,23,26,26,27,23,28,30,30,31,31,31,35,34,40,45,45,43,47,48,43,50,51,58,50
22,18,21,22,17,14,14,17,17,18,23,25,27,30,34,37,45,50,50,50,54,55,50,62,63,63
19,17,22,25,21,18,16,17,14,10,11,13,18,24,31,32,38,42,43,48,58,63,56,73,67,75
4,3,8,11,12,15,14,20,21,18,14,9,9,14,19,26,34,35,37,46,55,55,55,65,61,70
1,0,0,0,0,2,6,13,19,22,22,17,11,11,10,16,26,31,33,40,46,47,55,62,70,84
0,0,2,1,0,3,1,2,5,12,22,24,19,16,12,9,15,25,28,31,40,50,52,56,64,79
2,2,0,0,3,0,0,1,4,6,9,23,22,24,19,8,9,20,25,29,35,39,45,57,53,71
1,5,1,0,1,2,5,0,10,18,1,11,10,21,18,17,13,14,20,23,26,33,38,42,59,66
10,11,6,4,4,3,0,2,15,45,34,11,7,12,17,26,19,12,18,20,20,28,34,35,55,57
22,13,9,17,21,17,5,5,12,56,77,38,13,14,11,22,21,16,18,18,18,24,25,35,43,55
15,2,2,16,26,27,6,0,19,88,122,98,34,14,7,10,16,20,18,17,19,20,28,39,38,54
6,0,0,4,10,15,9,3,20,115,131,130,80,33,16,10,14,20,19,20,23,22,27,28,29,38
11,6,5,4,2,4,0,6,51,135,134,136,95,40,38,27,16,15,20,24,26,28,31,31,38,42
12,1,2,6,4,2,7,12,106,135,131,143,81,59,55,44,19,8,20,25,25,32,30,31,32,37
6,6,4,2,1,0,10,56,132,144,117,106,68,59,56,38,30,23,13,23,38,33,39,34,34,34
2,4,3,1,3,8,38,115,117,122,119,73,44,45,38,27,22,17,11,22,37,38,40,35,37,37
6,2,1,5,19,34,77,92,75,63,40,21,22,16,11,10,11,8,6,15,28,34,41,35,36,38
23,19,19,22,30,38,41,25,25,11,2,11,5,9,5,11,15,15,16,21,28,34,42,34,34,37
12,11,12,13,11,8,2,7,8,10,21,19,11,16,15,22,23,23,27,29,32,37,40,35,35,41
7,3,5,10,10,6,10,13,17,17,18,12,17,20,21,24,24,23,27,31,34,37,36,37,38,47
14,12,11,12,11,10,8,12,17,8,16,13,12,24,26,27,27,28,30,35,38,39,34,39,40,51
24,22,18,14,16,20,17,13,13,14,16,14,27,21,26,27,31,34,34,38,41,39,37,44,43,55
22,26,21,18,13,16,13,15,15,16,18,23,26,26,34,33,43,40,39,24,36,34,51,40,53,65
20,23,18,19,16,19,18,23,26,25,24,27,31,34,43,44,45,44,50,37,40,42,48,45,52,70
23,25,21,24,23,25,22,26,31,33,34,37,42,45,46,56,52,50,54,43,44,54,46,55,60,78
31,34,30,34,32,32,36,36,37,40,44,47,47,47,51,61,56,53,54,51,53,59,62,61,62,80
