234,207,167,203,244,245,242,233,215,202,227,186,249,246,248,243,227,244,171,128,124,132,127,129,128,128
243,149,195,223,242,251,244,247,243,235,241,228,240,244,249,206,205,243,242,159,129,128,126,129,128,128
228,195,215,218,228,246,250,253,251,233,240,245,243,219,132,122,171,244,245,253,127,128,130,129,128,128
246,172,214,197,170,246,252,249,238,221,190,246,243,249,237,213,213,240,245,248,127,131,126,126,128,128
251,194,211,197,184,239,252,250,231,206,147,235,245,245,242,245,246,237,249,244,128,124,129,130,128,128
246,248,197,216,204,203,206,163,247,201,148,206,245,246,241,242,248,240,203,213,249,129,123,131,128,128
252,243,204,232,209,225,243,249,247,109,211,186,247,245,252,238,242,254,173,98,163,129,135,125,128,128
231,192,128,184,169,149,195,115,70,159,132,241,237,239,231,184,248,244,153,88,87,130,126,129,128,128
95,105,113,102,94,77,85,75,77,45,45,43,26,36,81,235,247,224,167,204,229,121,135,125,128,128
115,127,125,137,118,120,106,100,89,55,45,13,23,14,67,240,244,255,246,243,255,252,122,130,128,128
127,125,137,130,132,123,125,120,111,94,58,34,13,10,22,175,248,248,252,245,249,249,128,129,128,128
122,120,129,136,132,134,122,122,120,105,75,41,18,14,23,101,239,248,252,249,252,247,132,126,128,128
137,125,116,128,125,141,126,127,131,122,85,53,15,12,16,34,223,246,248,249,249,247,124,129,128,128
133,118,129,121,142,129,129,115,123,119,95,58,32,7,14,13,113,244,253,248,249,255,130,127,128,128
140,133,130,126,131,126,132,125,128,123,99,76,26,11,5,16,49,200,238,251,247,245,129,128,128,128
145,143,126,136,127,135,132,126,131,108,118,78,38,8,12,11,17,94,210,248,254,251,248,129,128,128
144,139,142,143,121,133,133,137,128,114,106,84,43,14,6,9,14,54,142,239,244,253,250,130,128,128
137,155,143,146,134,129,124,121,138,125,113,87,49,11,6,10,15,20,100,217,243,251,243,129,128,128
137,139,140,147,137,141,132,125,135,120,104,94,67,17,4,6,6,20,60,172,236,243,255,125,128,128
110,113,118,153,157,152,143,116,140,132,103,90,62,20,6,7,7,13,16,96,230,248,237,129,128,128
83,84,102,113,139,159,132,137,115,133,112,97,59,26,5,0,1,14,11,61,175,244,252,130,128,128
59,53,52,69,117,158,148,134,118,124,105,94,61,27,8,13,5,6,3,19,113,231,248,248,128,128
34,29,45,40,55,100,123,143,128,119,111,105,82,34,5,5,5,14,2,9,60,176,239,250,128,128
20,31,33,29,39,48,69,100,118,114,117,94,76,35,12,0,2,5,1,5,18,109,224,242,128,128
20,12,20,24,18,30,31,41,65,87,110,101,74,42,13,8,5,2,2,8,6,57,188,245,128,127
33,37,34,28,33,17,34,36,32,44,53,55,63,54,19,0,7,12,2,0,6,18,112,242,129,130
125,95,82,53,58,40,33,32,32,25,30,30,28,37,35,21,16,5,3,5,11,2,51,194,126,131
22,29,30,20,20,24,18,21,19,26,31,32,29,23,23,34,37,32,32,9,0,3,20,105,126,128
216,124,111,119,91,106,94,91,97,67,48,35,16,17,26,20,21,20,25,25,21,3,0,72,135,125
245,207,136,121,120,115,118,107,108,106,88,80,83,74,54,36,15,19,20,21,30,21,0,16,127,126
