129,127,126,132,127,171,207,215,240,243,243,247,246,242,240,243,230,248,232,248,250,239,230,238,226,237
126,129,131,122,129,159,177,203,227,237,239,241,242,248,240,236,212,236,239,233,239,239,239,219,237,233
130,126,123,135,125,126,180,194,219,234,236,243,241,244,239,237,233,217,233,239,228,232,245,231,241,223
127,127,129,125,130,129,163,182,193,225,233,245,239,241,239,232,235,236,235,235,225,243,243,243,230,226
129,130,126,127,126,121,171,151,165,203,211,234,232,233,236,226,222,231,234,232,246,227,226,236,239,229
129,126,127,128,133,127,180,174,181,200,194,230,230,219,224,224,222,234,233,235,221,224,239,229,224,235
129,125,131,128,129,128,130,161,180,199,205,206,212,214,230,207,206,201,224,222,232,210,227,224,227,208
130,128,131,123,127,130,122,133,151,188,188,212,208,213,201,218,221,228,217,214,215,230,207,208,200,213
128,125,129,128,131,131,132,152,154,167,191,187,180,206,227,228,211,206,211,219,210,203,224,202,214,212
129,126,130,129,126,123,130,154,154,154,178,174,187,206,215,223,192,200,200,211,205,177,198,203,176,187
128,129,130,126,126,128,126,128,163,145,174,163,197,195,206,206,211,209,201,188,197,208,185,184,164,164
129,126,126,129,132,133,130,127,145,160,156,172,180,200,181,194,196,191,169,184,195,179,147,187,162,176
131,125,124,130,129,124,127,131,153,153,146,153,147,162,180,185,189,186,153,185,179,189,173,163,174,178
127,129,129,128,126,128,132,127,137,179,160,131,144,157,170,163,184,181,178,169,200,177,187,197,193,177
128,128,128,128,128,128,128,128,132,138,141,140,168,144,172,157,181,179,172,163,157,173,163,184,188,177
128,128,128,128,128,128,128,128,124,146,153,165,162,162,160,165,172,162,167,172,170,170,171,167,166,175
128,128,128,128,128,128,128,128,129,131,152,134,160,163,153,146,157,179,179,156,144,151,180,158,164,177
128,128,128,128,128,128,128,128,132,128,148,146,158,152,130,144,146,154,162,182,156,163,137,163,164,159
128,128,128,128,128,128,128,128,123,135,142,155,148,157,142,160,144,153,157,165,152,158,149,157,164,150
128,128,128,128,128,128,128,128,127,127,131,136,151,151,158,157,157,143,152,157,150,147,160,152,164,169
128,128,128,128,128,128,128,128,134,123,128,155,158,138,143,149,174,137,139,159,140,182,151,161,161,150
128,128,128,128,128,128,128,128,126,125,132,143,150,152,160,146,169,164,145,171,167,162,162,156,168,163
128,128,128,128,128,128,128,128,127,123,133,122,126,140,147,144,146,173,166,189,174,177,155,171,155,163
128,128,128,128,128,128,128,128,131,125,129,118,136,128,152,140,163,145,182,175,172,166,183,184,164,155
128,128,128,128,128,128,128,128,126,133,124,130,122,133,142,141,153,176,171,184,176,160,161,183,153,144
128,128,128,128,128,128,128,128,125,129,132,126,119,135,133,138,150,166,165,172,177,194,187,179,172,181
128,128,128,128,128,128,128,128,129,126,130,122,122,127,128,137,156,145,157,182,182,166,187,177,179,163
128,128,128,128,128,128,128,128,128,129,126,128,125,107,123,139,150,147,168,169,183,211,188,194,194,183
128,128,128,128,128,128,128,128,127,126,135,123,133,100,120,129,143,145,159,167,169,186,198,200,205,149
128,128,128,128,128,128,128,128,128,128,127,127,127,128,109,112,131,141,140,170,165,180,189,182,185,187
