126,129,138,138,133,134,139,147,130,147,165,157,147,118,127,128,106,84,65,49,49,43,52,60,98,129
119,112,129,119,133,137,155,165,168,154,157,142,155,144,142,131,143,125,83,66,44,51,46,58,79,126
133,121,132,131,132,128,137,154,149,153,145,133,135,144,143,135,164,157,117,71,52,47,48,48,71,126
124,126,124,116,121,134,143,135,142,142,154,136,139,159,133,171,173,155,123,101,85,56,47,51,74,125
102,110,109,119,123,127,127,110,127,129,138,126,128,147,136,143,155,163,151,121,98,80,66,66,84,128
95,90,81,93,92,97,107,115,112,111,119,122,125,111,132,133,135,137,171,142,129,97,71,87,95,131
55,55,62,68,66,80,85,96,99,106,112,92,117,131,129,127,140,153,147,159,150,89,87,80,97,130
43,39,45,42,38,49,48,55,70,75,95,99,104,122,123,142,138,141,150,133,148,118,111,97,92,126
67,62,64,61,55,47,44,42,43,49,60,80,85,115,128,120,132,150,137,150,130,141,99,93,91,126
45,53,60,63,66,59,65,55,45,41,39,48,66,79,89,98,120,131,139,117,139,133,118,90,95,129
25,23,31,35,46,52,77,76,65,60,45,33,44,65,80,91,94,113,132,132,126,126,126,120,121,129
41,47,37,22,12,29,37,65,67,68,65,51,41,48,62,72,99,100,116,121,123,109,119,126,118,126
39,101,128,61,47,35,27,29,47,54,75,73,50,40,48,58,79,99,105,120,113,133,119,108,123,129
25,57,206,171,114,71,38,16,29,29,55,72,66,53,43,48,68,87,108,113,110,114,123,125,122,126
29,33,146,245,192,145,88,50,27,12,23,42,63,69,54,54,68,82,96,89,103,118,131,120,125,126
30,33,72,228,234,229,150,137,55,26,20,21,37,58,59,67,64,79,94,104,103,113,122,128,133,129
30,32,64,230,251,246,234,225,111,53,38,31,23,35,47,62,70,84,101,92,105,117,133,124,132,125
35,27,79,208,244,249,243,230,148,58,39,48,33,35,45,57,70,80,93,112,102,108,118,139,138,128
35,36,83,249,250,255,246,239,113,52,43,49,53,41,53,56,71,77,88,96,99,107,120,130,136,131
36,40,142,253,255,248,245,168,73,49,47,54,60,52,55,67,79,84,94,104,109,116,121,121,115,126
33,76,223,255,253,245,170,88,50,42,42,53,62,70,67,73,82,80,89,103,112,115,115,113,116,130
64,218,255,247,249,175,89,55,40,38,54,64,59,67,77,85,102,92,93,104,108,106,106,109,118,124
179,237,251,222,155,80,57,34,38,39,61,73,71,68,77,91,109,103,102,103,101,102,108,112,132,130
217,232,167,96,57,39,38,33,41,47,56,66,83,77,76,98,100,107,110,102,98,108,116,115,129,133
108,87,44,43,32,31,34,42,44,61,65,69,78,82,84,113,109,118,123,115,107,112,116,112,106,120
38,37,35,30,33,35,39,46,59,69,69,78,80,101,100,111,113,117,122,123,116,112,113,114,125,130
33,31,34,38,39,41,46,47,58,77,71,80,105,115,104,112,117,114,130,115,124,126,122,127,122,127
37,39,40,41,45,50,55,59,62,68,86,93,110,119,116,134,122,124,119,142,125,134,134,123,134,131
51,49,47,54,62,63,67,78,75,73,95,105,121,126,128,122,127,127,133,134,138,133,137,138,140,129
56,71,79,80,78,68,68,82,76,103,115,118,114,113,132,116,129,130,132,136,149,150,140,139,142,127
