67,78,85,104,126,122,131,136,131,129,119,122,121,105,106,109,113,98,84,77,68,68,56,44,34,39
62,71,78,96,123,105,125,120,135,127,126,124,99,114,115,97,108,98,77,80,60,66,45,39,37,42
60,63,76,96,110,115,107,121,121,116,112,118,112,117,107,99,95,106,84,81,68,56,48,51,41,40
51,63,74,83,113,101,129,109,124,120,109,114,115,111,111,93,92,78,83,77,65,57,58,57,49,41
51,65,74,89,109,117,119,112,113,110,124,119,109,110,109,98,113,78,79,75,68,60,62,57,55,47
73,70,69,93,108,115,119,115,117,111,125,110,113,104,93,111,92,89,79,74,70,61,61,59,59,57
84,75,83,98,115,123,108,129,114,126,116,104,100,91,101,84,107,86,87,88,68,64,63,67,61,62
68,71,96,93,122,126,126,127,129,122,126,116,102,86,99,97,98,101,98,89,71,68,64,68,56,56
82,87,108,100,122,126,147,142,134,143,117,124,116,108,102,93,96,92,87,81,77,66,59,58,51,49
87,90,102,111,131,144,137,139,140,138,127,115,110,112,111,115,98,87,87,78,77,58,53,52,55,49
84,87,106,108,122,135,136,140,141,142,130,131,98,119,101,122,96,82,85,75,66,58,52,49,47,46
77,88,88,101,121,131,137,143,140,137,130,119,98,117,115,106,99,91,89,68,65,52,48,52,51,43
69,89,92,114,124,127,134,142,141,135,131,108,108,115,114,102,91,86,75,77,61,49,44,49,48,41
68,77,91,102,122,128,134,139,140,131,132,114,113,113,114,114,103,84,62,72,58,50,43,40,39,40
68,75,97,103,112,126,133,133,137,127,131,130,120,117,117,103,115,89,74,59,56,47,40,36,35,36
53,70,87,100,107,116,122,126,136,131,125,130,119,117,105,94,100,86,77,61,54,41,35,38,38,34
54,68,74,86,107,104,117,128,134,132,115,116,109,107,95,97,88,82,68,60,51,39,33,36,37,35
48,60,73,85,102,99,125,139,128,124,104,107,116,101,95,83,85,81,73,60,47,40,33,31,33,39
44,58,69,91,102,106,131,120,120,125,113,103,103,99,96,86,86,81,73,55,45,39,35,33,33,37
46,60,69,85,89,111,118,132,134,125,107,108,101,95,96,92,89,75,64,51,46,41,36,34,35,41
45,60,72,80,108,112,127,129,131,127,125,97,100,96,98,92,86,72,64,55,47,42,36,34,36,44
45,63,77,81,117,107,122,116,136,123,114,113,97,98,101,90,84,77,71,57,47,42,37,33,34,42
50,66,81,83,95,117,127,118,114,124,111,104,94,97,102,93,89,80,70,54,46,43,39,34,31,37
56,67,80,83,104,115,122,134,120,112,116,100,98,94,97,93,89,75,66,55,49,45,42,36,31,32
62,68,80,87,96,121,116,117,128,123,122,109,96,92,94,90,86,75,69,61,52,46,43,38,31,30
67,71,85,96,97,106,108,125,110,120,109,109,86,91,98,91,88,82,76,62,53,46,42,39,32,30
71,83,89,96,98,98,100,107,100,113,103,105,96,96,99,92,90,73,82,67,50,46,43,40,33,31
78,87,81,91,101,117,102,107,103,112,120,102,109,111,94,93,82,74,87,77,65,52,47,40,40,34
81,87,84,108,112,106,102,114,127,134,129,115,104,105,106,104,92,85,75,68,67,56,56,44,45,33
91,96,97,113,120,106,123,129,135,131,122,130,112,112,97,90,87,71,85,75,66,60,62,51,47,37
