198,189,171,86,63,68,115,198,185,149,130,164,165,181,189,155,169,157,172,160,190,193,186,195,231,193
120,74,42,51,62,76,105,152,139,159,154,145,173,186,149,144,149,169,175,169,167,175,202,188,180,205
74,82,84,93,96,115,112,105,121,142,166,169,184,200,178,202,156,185,177,180,174,179,198,172,179,206
97,97,102,95,105,91,104,101,127,159,180,208,177,197,211,184,158,142,171,169,180,171,188,211,172,175
88,90,91,81,75,75,70,121,172,189,213,180,201,221,194,176,168,165,157,146,170,151,190,164,180,165
86,79,53,69,98,117,132,158,171,167,206,179,200,196,184,181,187,171,133,145,150,186,178,169,174,153
76,71,85,104,143,170,165,182,186,189,207,201,208,203,216,191,176,156,165,142,164,166,144,156,130,145
104,96,103,135,158,164,175,190,181,182,206,215,212,196,201,195,185,187,169,128,145,168,119,135,142,136
130,123,188,168,172,171,176,185,175,202,203,210,191,188,196,184,198,184,160,150,162,131,135,149,131,152
174,140,170,183,190,165,166,165,180,186,196,215,211,195,194,187,185,172,166,154,153,155,127,132,120,125
150,140,169,205,173,165,170,145,175,194,209,218,194,217,228,193,208,213,164,150,144,141,126,122,122,133
157,153,135,180,180,154,171,175,193,195,185,188,172,200,177,196,180,156,176,155,167,130,135,117,118,123
159,175,161,161,158,204,165,174,150,216,205,193,189,188,188,178,207,172,149,151,141,156,142,112,103,107
180,196,166,186,164,158,172,174,165,169,175,187,154,177,179,181,151,150,153,150,147,149,123,118,104,104
198,192,141,178,171,165,155,162,170,183,142,165,162,156,168,162,161,143,137,158,150,110,126,119,110,110
190,179,184,182,170,147,172,168,176,172,185,149,174,176,135,147,127,139,133,125,128,120,114,141,122,108
191,183,189,180,180,158,189,168,176,169,155,173,161,129,126,131,129,114,122,105,109,132,106,121,113,110
160,200,174,164,165,175,167,160,167,146,188,155,173,132,111,112,124,118,118,114,107,108,109,126,105,95
145,161,171,170,143,176,134,159,174,165,170,163,143,136,116,103,102,114,112,122,109,103,107,129,95,108
143,134,148,169,159,148,174,140,146,141,142,148,152,138,100,119,116,108,117,106,93,88,124,95,105,96
129,121,129,151,132,140,179,168,145,152,154,153,123,99,127,120,88,101,93,107,80,100,89,92,101,90
102,124,120,110,143,151,163,151,148,132,114,148,135,116,112,96,105,92,99,77,84,87,94,112,95,98
95,106,108,129,136,159,161,142,147,143,139,133,114,96,93,94,88,79,76,92,96,94,85,97,83,90
59,60,78,69,67,101,108,86,101,124,87,96,95,85,78,75,71,68,74,91,89,93,98,70,93,91
36,37,31,35,34,44,50,47,49,51,59,68,68,58,49,49,56,63,57,75,84,88,89,92,90,86
35,33,29,30,29,26,28,27,22,20,30,34,33,28,25,24,27,32,40,57,77,80,73,112,81,84
28,32,30,23,23,22,23,19,15,23,20,19,17,18,21,21,20,23,39,49,66,75,77,84,84,89
35,31,28,31,32,27,25,25,21,22,17,11,5,6,11,14,20,29,45,47,61,74,85,75,90,91
22,25,25,23,19,20,18,12,12,18,15,12,11,17,22,23,28,39,52,53,67,75,84,90,96,95
6,12,13,22,22,23,26,25,27,25,20,17,18,28,36,37,43,54,61,63,75,76,84,82,106,105
