196,217,209,200,203,191,196,208,214,219,201,192,190,181,186,187,203,208,189,190,197,199,204,199,217,221
197,197,202,195,199,194,198,201,203,204,204,178,191,189,196,205,200,197,197,196,196,208,208,217,221,227
202,202,195,191,184,191,190,193,201,203,200,207,192,192,196,186,200,198,200,205,199,207,192,202,199,204
211,208,194,194,180,192,187,194,203,206,205,196,187,181,189,204,211,205,199,202,192,190,181,187,194,193
183,188,185,191,190,198,190,197,194,191,195,185,194,213,201,192,201,190,177,178,168,173,177,181,193,185
191,182,192,195,198,190,183,197,193,191,201,196,197,186,180,186,174,169,154,163,158,177,179,179,184,171
199,199,185,201,181,191,195,206,194,190,187,186,171,174,168,166,166,163,163,161,169,164,166,164,166,167
187,183,177,204,204,200,201,194,187,178,173,167,162,169,168,163,168,176,171,157,166,163,160,168,178,171
193,200,194,195,186,177,185,166,174,176,168,169,170,164,158,160,163,169,165,152,162,162,160,168,177,171
194,192,190,183,157,175,167,164,157,170,172,169,165,162,163,179,167,161,162,163,168,167,171,172,173,182
197,184,172,170,171,166,180,158,167,162,176,175,171,177,163,171,155,162,168,162,157,162,172,174,168,174
187,171,164,168,155,168,161,161,163,170,155,166,168,173,156,163,159,170,161,164,178,182,168,169,173,180
175,167,162,158,150,158,161,156,164,168,163,168,161,157,154,159,158,152,160,160,166,173,174,185,174,161
177,170,161,164,165,152,164,159,178,170,162,163,162,159,157,145,160,166,150,171,173,168,172,185,174,173
167,164,159,163,167,177,172,169,160,160,167,162,164,152,154,159,162,166,167,176,172,180,185,181,185,174
169,157,159,159,161,166,165,161,155,154,154,153,146,153,154,172,170,176,167,177,172,177,184,175,171,170
166,161,162,159,159,160,162,156,152,149,156,153,156,155,166,160,166,161,167,166,173,179,174,172,176,177
173,165,160,156,159,157,161,154,152,148,151,158,155,163,158,154,158,159,171,180,177,169,171,168,167,184
171,170,156,153,156,153,156,151,152,150,151,156,150,156,150,151,162,169,185,174,171,166,164,173,175,169
162,164,163,159,157,152,152,149,151,151,158,155,156,150,159,154,167,167,165,182,178,166,166,166,169,179
162,153,165,162,155,153,150,152,150,150,153,154,151,159,157,170,165,168,176,173,164,167,171,174,176,163
154,164,155,153,147,150,149,155,151,150,153,149,155,150,157,164,164,165,158,169,162,168,172,168,177,178
151,153,150,146,156,150,147,154,148,150,151,152,150,153,149,157,161,162,165,162,164,166,168,176,182,179
152,151,151,152,159,153,148,153,153,157,153,148,150,153,153,159,150,155,164,159,161,171,178,183,186,187
153,153,158,161,163,157,150,148,147,147,151,149,156,156,153,158,151,172,161,162,165,173,185,196,205,212
152,156,163,164,156,151,152,154,156,154,151,161,159,152,160,176,163,159,161,182,195,200,209,218,223,226
150,153,156,160,154,154,159,160,158,155,151,163,158,168,173,175,182,193,196,215,226,225,229,231,228,227
148,147,146,154,155,153,158,158,154,156,176,173,164,197,212,206,215,227,232,232,230,230,231,228,224,225
149,148,151,154,156,154,168,183,186,199,194,215,222,233,231,232,232,225,234,228,228,232,232,229,225,222
151,154,161,165,175,182,207,228,225,235,231,233,237,243,234,233,229,231,234,230,229,227,226,233,238,234
