129,129,117,133,163,153,180,203,203,192,195,191,185,200,206,181,182,193,192,183,177,169,153,146,134,120
126,130,135,160,169,177,202,187,199,205,203,222,208,197,200,223,206,187,196,189,184,178,182,167,162,145
128,127,142,169,184,189,213,217,212,235,211,207,214,212,203,187,211,200,195,191,192,188,170,163,157,151
128,125,169,180,192,201,235,233,221,214,218,222,216,218,236,222,220,208,198,202,173,200,190,181,170,171
130,123,187,197,200,204,212,211,219,230,220,220,237,220,231,222,214,222,223,216,212,213,215,217,196,185
127,131,190,192,192,216,208,213,225,223,219,245,224,232,234,211,230,228,223,221,226,229,224,219,214,202
126,126,187,206,219,214,205,216,226,234,234,240,237,236,236,234,240,238,233,232,236,235,230,227,230,218
135,125,199,203,221,230,223,239,236,236,249,238,246,239,249,250,239,238,235,234,235,231,230,233,221,226
123,128,203,220,225,232,238,241,242,242,245,246,247,251,244,243,240,233,226,227,233,232,228,228,213,218
132,129,212,224,234,223,241,243,241,245,245,249,245,251,242,243,248,240,230,230,236,234,228,225,222,213
131,124,210,226,242,245,233,238,248,239,253,255,241,243,255,247,252,250,245,242,242,239,235,234,234,227
125,132,127,232,235,226,237,246,245,255,249,249,255,252,250,252,249,250,247,246,249,248,245,243,245,234
129,127,126,229,223,237,243,250,250,244,249,251,251,252,250,252,244,246,250,251,250,247,248,251,241,237
128,128,129,233,228,240,242,245,242,251,244,249,255,255,249,218,246,246,248,250,251,250,250,251,250,241
126,126,124,226,224,238,240,243,241,247,242,249,251,249,255,247,252,250,248,249,251,249,247,246,245,243
130,130,125,225,224,239,239,242,244,234,241,251,252,248,247,255,253,250,249,250,251,249,246,244,242,244
128,132,128,228,226,237,233,236,236,239,249,251,248,248,246,247,249,248,249,252,253,252,250,249,250,247
125,129,125,225,223,232,230,239,234,249,249,251,245,243,255,251,249,249,251,253,253,252,251,251,249,246
128,131,126,225,223,231,233,249,242,246,241,251,251,245,250,239,253,251,250,251,251,250,249,249,246,246
126,131,128,228,224,226,225,242,237,243,252,249,244,248,251,253,252,248,246,247,248,249,249,250,252,250
126,128,126,136,213,222,246,226,240,243,247,249,250,251,251,249,253,245,244,239,246,249,238,246,250,248
130,132,129,121,220,231,225,239,240,242,245,249,252,253,253,253,251,246,247,238,230,215,208,235,247,249
128,127,129,137,229,227,246,241,245,243,244,249,251,251,251,252,254,251,249,223,206,225,241,247,247,250
130,125,127,123,229,226,227,235,246,243,243,248,250,249,248,250,250,251,249,242,245,247,243,250,250,249
126,133,128,129,221,240,234,220,243,240,241,247,250,249,249,252,254,246,250,246,237,245,249,240,248,247
132,122,130,130,232,208,238,239,240,240,242,247,249,249,249,251,247,244,240,246,253,242,232,240,242,244
130,123,133,126,133,221,228,229,235,238,243,247,248,249,249,250,248,253,249,243,245,250,245,229,238,239
126,132,124,127,131,231,220,228,227,233,241,245,248,250,252,252,247,251,244,244,250,243,238,244,237,236
127,128,125,130,127,220,235,230,234,235,248,242,244,249,250,243,255,245,240,250,249,246,252,243,245,239
128,133,126,128,127,231,211,237,237,244,241,240,250,238,255,244,243,246,246,245,244,249,254,246,239,244
