78,57,37,26,28,31,30,25,24,29,29,31,32,33,32,42,42,51,55,66,88,129,131,172,150,162
134,124,97,68,47,34,31,35,35,35,26,31,33,34,32,34,37,36,48,57,63,82,109,112,131,175
139,131,120,124,91,90,58,42,37,38,34,35,39,36,32,36,33,40,43,41,56,68,96,107,124,134
150,148,141,141,124,119,97,80,69,60,45,39,42,41,38,40,34,38,41,40,52,62,80,107,83,103
143,133,144,123,132,113,121,98,82,80,77,71,59,44,42,42,34,34,38,39,47,52,63,73,90,87
122,129,119,115,119,110,108,96,87,83,76,73,71,69,55,55,48,43,44,44,47,50,64,62,66,80
91,100,88,88,84,80,86,86,86,81,71,66,72,80,69,69,65,57,53,51,49,50,70,61,63,76
59,47,52,44,53,55,60,59,59,63,67,68,67,67,69,71,73,68,66,65,61,65,72,80,78,75
65,72,58,55,40,46,42,42,39,39,43,46,51,57,61,63,71,73,77,81,80,87,86,81,88,94
70,64,49,43,39,52,49,50,46,43,41,37,36,38,48,50,60,66,75,83,82,92,94,91,96,111
30,29,23,18,18,24,30,32,36,42,47,45,46,34,35,40,52,59,75,74,76,90,102,113,113,121
24,0,8,1,1,3,12,2,22,27,35,46,45,54,41,34,34,39,54,66,75,80,93,95,103,113
27,10,12,3,4,0,0,0,9,6,17,34,37,52,55,50,43,39,37,50,67,68,81,87,95,109
19,26,21,18,15,13,10,1,0,4,19,30,35,37,49,56,52,45,34,39,55,60,62,88,94,87
28,29,31,33,25,31,30,22,22,5,18,52,58,29,34,44,49,48,45,40,43,48,59,62,81,95
44,32,35,37,39,34,31,40,30,24,10,40,138,86,35,28,42,51,58,45,38,42,52,61,70,78
59,47,46,54,55,39,46,61,62,27,26,33,129,194,98,39,38,41,53,46,45,45,46,53,52,69
59,41,42,54,32,18,32,55,71,49,26,38,193,246,206,86,46,31,42,45,51,43,47,51,52,64
40,36,35,36,27,12,25,37,43,40,27,57,194,245,253,161,75,53,40,40,47,51,47,54,49,56
47,35,34,39,29,18,33,26,37,30,31,101,250,249,248,198,110,76,60,37,36,52,52,60,61,58
37,31,32,32,48,22,35,27,26,19,43,200,255,243,244,184,126,117,87,49,43,47,62,67,72,65
34,32,32,35,29,28,31,24,29,37,131,250,248,249,224,152,119,134,99,65,65,41,62,67,74,68
107,41,27,29,26,28,24,31,35,116,239,254,255,233,161,111,115,69,49,75,48,43,63,74,84,82
251,170,63,37,38,30,40,53,120,195,206,221,180,127,64,50,48,49,46,34,31,32,51,61,74,77
166,208,173,119,93,95,87,141,137,119,92,70,51,37,30,34,32,29,34,42,58,42,55,59,73,74
45,52,53,58,54,54,49,42,39,36,37,34,35,47,46,42,50,48,58,59,57,56,62,65,83,73
35,36,40,38,33,37,38,37,37,33,36,45,47,49,49,42,44,55,55,65,49,61,66,74,85,68
41,43,45,43,37,38,40,42,45,41,40,44,42,42,38,49,51,58,47,57,59,70,76,71,78,74
60,63,61,59,54,51,47,49,52,46,42,43,39,40,49,43,54,58,64,66,74,77,75,87,79,78
60,64,60,60,57,53,50,49,50,45,43,46,47,51,58,50,68,70,72,77,79,81,63,84,80,88
