127,130,137,138,135,141,143,133,128,133,126,117,117,99,94,81,85,82,72,67,60,62,53,45,41,43
127,128,136,141,137,136,139,138,133,136,133,127,116,106,115,93,93,82,75,73,70,65,63,60,56,57
128,127,133,139,137,134,138,143,146,144,134,133,133,115,117,128,101,96,102,97,97,86,84,73,72,70
127,127,129,133,135,138,141,143,145,144,141,134,135,133,121,116,116,117,124,105,104,99,100,79,81,80
127,127,127,133,136,138,144,145,146,144,144,143,139,139,140,138,127,123,119,133,110,117,104,95,89,91
129,128,117,135,144,130,140,138,143,145,147,145,140,138,140,139,142,122,120,120,125,112,95,107,96,94
126,127,146,128,121,143,133,148,143,145,145,143,141,141,141,140,127,130,126,117,114,105,116,99,107,95
127,134,192,156,151,143,144,133,133,139,143,142,141,139,137,137,135,129,114,131,121,115,114,92,100,97
126,127,253,242,221,182,149,136,133,142,146,145,142,136,133,137,136,137,130,124,117,127,91,93,86,99
131,128,254,255,255,247,233,215,153,150,143,141,146,144,140,144,140,136,137,131,118,109,93,109,96,98
128,133,250,254,255,252,254,253,246,220,178,151,143,136,135,145,139,144,135,131,124,123,127,107,110,101
126,130,127,255,252,255,255,250,251,252,246,236,216,179,149,145,133,136,128,134,135,125,112,120,106,109
129,127,129,253,254,253,252,251,254,255,247,248,251,248,236,208,153,144,136,112,108,109,94,105,99,114
128,126,129,253,254,252,249,246,248,249,244,246,248,251,255,246,242,216,175,147,136,115,92,90,106,96
129,127,129,252,251,248,243,239,249,248,246,247,245,247,255,255,251,254,255,249,191,141,132,113,93,83
129,128,130,250,248,246,243,241,246,244,243,243,243,246,252,252,253,252,255,255,247,247,225,150,141,114
127,127,129,247,244,245,246,247,246,244,245,242,240,246,249,248,250,250,250,255,255,252,251,251,243,181
127,127,127,244,240,240,242,243,242,244,250,247,242,244,242,241,246,252,255,250,252,255,255,255,248,251
128,128,127,244,240,239,238,235,233,233,244,246,244,246,242,244,248,241,251,255,251,252,252,252,255,250
128,127,128,247,246,245,241,236,239,229,234,238,241,244,243,249,245,244,238,239,248,249,249,255,253,255
124,132,128,123,250,250,244,248,244,235,232,226,228,234,245,241,250,243,241,237,246,247,252,250,253,250
132,127,131,129,236,251,248,239,239,237,245,236,231,234,241,243,237,239,244,246,250,249,249,247,244,244
128,124,125,123,245,251,238,243,240,235,241,235,239,244,245,242,226,232,238,244,243,245,247,250,246,244
126,133,132,129,213,234,235,239,234,240,246,242,243,240,246,242,238,244,245,248,240,241,241,247,249,246
129,123,128,127,224,213,223,223,230,242,241,243,246,237,244,233,239,245,247,252,243,241,238,242,245,242
133,128,128,129,225,220,221,222,222,228,220,223,236,236,245,234,231,236,241,246,244,243,244,249,245,242
122,133,126,128,128,216,217,210,207,215,218,209,216,223,233,240,235,236,240,241,241,239,244,250,249,247
130,126,129,127,128,223,220,220,212,211,221,206,214,223,215,221,223,224,233,233,236,231,239,244,248,249
128,126,128,128,129,233,228,226,224,216,222,203,215,235,212,217,215,221,212,222,222,222,232,240,244,243
130,132,128,128,126,229,234,231,217,223,215,211,216,217,213,204,196,213,209,215,217,217,230,227,232,237
