128,127,27,32,39,44,44,37,40,38,50,57,57,60,61,62,69,69,69,69,70,72,74,74,75,73
132,128,20,21,34,42,46,46,49,48,56,62,66,71,73,77,74,77,79,81,83,85,84,81,87,87
125,126,19,22,39,43,41,45,52,52,57,59,66,74,77,85,89,93,94,93,93,94,94,91,95,99
127,129,19,21,39,42,42,52,48,54,61,64,75,83,83,90,95,100,102,101,103,110,116,118,118,123
132,126,21,35,32,38,44,41,48,60,60,67,74,86,88,98,102,108,106,115,131,149,132,127,139,132
128,128,25,27,29,33,46,39,51,47,63,75,82,80,93,96,116,114,133,137,157,142,154,148,169,163
128,123,31,25,25,30,35,47,46,52,67,70,82,96,112,108,124,137,148,165,157,161,173,169,170,174
129,129,19,19,27,20,36,37,31,58,74,89,94,98,103,128,130,141,157,154,160,165,181,176,181,183
128,135,23,21,16,24,36,44,45,61,65,83,102,109,104,117,136,141,154,150,158,168,168,181,179,190
129,121,21,13,27,18,43,45,40,58,77,79,91,103,123,130,141,149,171,155,170,177,174,187,188,188
126,132,18,26,23,26,39,27,40,48,70,90,110,112,126,139,148,167,175,187,174,204,189,201,177,185
129,128,130,17,27,21,30,34,40,66,72,86,109,124,123,140,161,161,179,198,198,203,207,212,204,215
129,130,129,22,22,24,29,33,45,54,82,96,108,125,134,139,157,186,199,207,218,209,215,212,212,206
127,126,127,19,20,19,28,36,45,59,73,99,103,131,140,157,167,190,192,208,216,207,212,211,210,214
129,127,129,19,21,19,34,45,54,71,82,98,114,133,146,152,171,194,190,205,203,199,212,226,212,219
128,126,128,16,21,23,40,50,55,85,99,101,114,125,146,151,168,183,185,195,204,207,202,202,223,230
128,129,129,19,26,34,49,56,66,89,86,101,106,130,145,157,170,187,199,185,197,214,219,228,226,230
128,130,129,26,33,45,56,62,82,86,86,104,114,129,141,156,163,174,188,177,203,227,225,223,234,237
125,126,125,33,37,49,55,66,78,86,108,115,118,120,137,153,165,183,190,188,202,217,226,234,230,239
130,130,129,46,47,57,60,76,76,83,98,113,115,140,140,143,152,176,179,203,217,222,230,235,235,242
129,128,126,128,50,56,65,59,87,89,97,113,117,123,140,153,164,176,183,194,202,216,225,236,244,245
132,127,126,132,61,55,60,69,85,88,109,120,103,124,137,147,156,173,174,175,190,220,225,235,243,243
122,130,132,124,59,62,63,70,85,89,102,94,128,129,136,145,147,139,152,172,210,212,224,253,244,243
128,129,129,129,61,61,60,74,79,90,106,125,134,135,141,150,156,174,176,197,208,233,229,231,236,237
130,128,126,128,60,61,61,70,85,88,97,113,125,146,150,173,173,178,187,214,227,226,242,238,239,242
125,130,127,126,76,71,75,73,78,95,121,110,129,143,133,164,180,193,188,209,202,218,231,230,240,246
132,127,126,136,117,74,78,89,86,89,103,120,126,159,161,168,183,190,198,188,204,206,221,228,226,237
127,130,127,127,131,69,73,78,87,105,106,118,137,129,157,164,180,185,200,184,208,204,203,226,222,235
127,130,121,132,127,59,70,79,85,101,100,111,124,148,165,184,198,195,184,213,207,224,210,220,232,228
125,131,128,129,129,65,69,71,83,90,98,108,127,144,160,176,184,190,200,201,205,210,214,217,218,224
