110,96,101,92,86,77,67,52,51,43,42,40,46,53,57,65,80,91,110,121,133,129,145,157,168,162
109,98,86,84,75,70,71,56,59,60,53,53,62,77,87,98,115,128,127,123,131,138,163,167,187,191
112,111,92,88,77,77,74,69,69,66,78,91,102,115,117,123,119,118,125,140,150,151,162,178,168,182
119,109,117,103,92,84,85,93,98,106,109,116,114,113,108,116,117,117,131,142,157,155,153,164,167,177
124,118,114,107,114,112,117,119,109,109,112,114,105,99,97,111,114,115,121,119,131,132,127,133,141,134
140,134,128,122,122,117,120,117,114,112,101,101,95,97,96,101,96,91,105,94,95,93,93,91,97,83
142,139,127,129,123,120,119,104,107,96,86,86,84,89,82,77,66,64,58,57,57,54,56,52,61,62
131,130,126,129,115,109,109,91,102,89,92,84,72,67,51,43,41,50,53,59,65,66,72,68,70,81
129,124,120,120,113,107,110,93,97,81,71,62,51,52,49,55,62,75,69,64,65,64,64,64,56,66
124,125,110,107,108,101,107,91,85,69,62,55,49,57,62,68,63,62,47,29,21,14,5,14,12,27
121,111,105,109,100,105,92,81,73,52,54,52,62,70,71,54,45,27,14,4,1,3,1,0,1,3
117,105,116,105,95,96,81,70,64,62,67,63,63,66,55,35,19,2,4,0,0,0,0,0,3,6
109,100,109,95,88,85,71,67,60,66,66,69,67,51,31,11,12,7,0,0,2,4,4,4,5,7
103,101,96,92,81,75,66,70,65,62,61,59,53,32,33,26,31,16,4,10,15,18,18,15,12,11
104,102,93,95,75,69,65,67,67,56,54,64,58,52,60,68,57,30,27,33,38,41,44,40,35,34
104,94,88,90,69,72,69,62,61,54,54,83,83,94,90,103,76,49,50,53,52,54,59,55,49,51
96,87,85,85,73,76,70,61,58,62,81,109,114,127,122,118,80,49,44,43,37,40,48,43,36,40
90,86,93,91,82,74,64,62,60,76,110,144,168,163,149,111,78,50,27,25,19,25,36,32,25,29
101,98,100,102,96,76,73,72,74,109,129,199,202,194,166,136,96,58,32,13,24,28,34,30,24,27
108,109,97,93,91,82,83,83,91,129,184,191,235,214,198,164,119,85,45,21,23,25,28,25,22,34
102,109,109,98,93,88,90,94,101,128,164,185,193,209,199,150,125,93,67,35,18,17,20,19,17,37
113,109,104,96,92,85,84,83,74,73,95,123,124,148,148,137,107,100,68,51,30,19,6,9,24,63
107,96,110,97,82,67,60,61,58,55,56,53,70,68,83,93,73,68,59,51,33,26,26,49,82,124
105,103,100,95,91,86,78,70,66,68,64,67,62,58,71,58,55,48,47,43,39,45,56,65,66,68
99,96,98,100,96,93,90,84,83,86,74,75,73,71,69,64,49,58,54,51,50,49,49,47,50,46
96,100,96,105,100,95,96,94,88,80,88,63,72,73,59,66,67,57,60,54,55,53,52,46,51,43
107,96,100,101,103,83,104,97,93,84,78,78,72,67,58,63,60,62,64,65,60,64,56,56,64,61
103,102,99,92,106,107,113,102,106,93,86,86,74,73,68,67,72,73,70,68,73,70,77,71,79,75
109,105,101,97,107,116,114,106,118,108,111,98,96,83,78,75,69,74,70,70,74,71,76,78,82,87
117,111,106,116,113,119,121,120,132,129,113,110,100,99,98,82,88,81,80,79,89,71,80,73,78,86
