171,169,185,184,197,187,212,250,254,241,243,249,247,222,217,206,196,178,159,122,80,26,25,28,21,15
171,185,185,161,186,147,199,252,252,252,253,255,255,253,248,80,120,216,247,255,245,35,21,20,19,29
182,187,180,121,101,142,255,254,255,251,246,244,219,255,165,7,14,255,255,252,167,21,8,11,14,19
208,194,165,151,148,185,239,253,250,249,255,255,255,242,21,15,11,211,246,109,41,14,9,12,11,12
225,218,184,114,137,162,217,244,250,254,248,248,255,204,9,5,0,0,32,37,22,19,10,5,9,15
235,218,182,151,242,223,193,232,244,248,252,254,249,168,3,12,12,14,26,26,13,9,13,6,10,11
187,182,137,161,211,191,156,212,223,236,249,251,250,172,28,6,4,17,4,8,5,0,8,1,6,13
163,184,132,143,175,142,124,109,225,249,246,243,248,184,11,17,13,14,6,0,3,10,2,0,5,10
130,116,98,126,136,105,107,110,160,249,245,249,246,235,26,11,13,8,9,7,1,3,6,10,9,0
82,168,249,160,103,98,113,94,193,243,250,246,250,243,94,18,13,7,0,5,3,5,6,6,9,12
79,98,143,148,126,86,111,115,208,248,214,50,43,43,24,20,17,6,7,5,14,8,9,8,6,1
117,105,142,141,107,110,92,99,168,244,244,101,46,29,27,23,16,13,6,5,6,3,3,0,6,0
248,247,234,159,145,149,128,172,191,225,239,141,40,36,25,23,11,11,10,6,1,2,3,0,8,0
187,177,153,146,131,118,120,119,114,142,236,140,46,44,48,30,16,14,12,2,0,2,0,0,0,1
162,195,167,158,137,140,128,166,167,145,119,88,90,116,77,24,26,45,8,2,3,7,1,3,0,5
227,240,234,156,106,142,138,170,174,230,201,123,118,135,102,29,64,104,17,11,7,1,4,8,13,15
207,204,173,132,109,125,150,182,238,216,101,89,83,118,77,27,96,120,29,27,24,16,12,12,7,4
72,87,92,126,154,168,178,234,224,164,134,116,111,102,58,37,112,85,11,4,2,0,0,4,1,3
16,15,45,107,133,165,224,238,191,147,147,116,106,86,64,45,116,77,0,0,8,0,3,1,0,2
31,8,29,74,112,183,206,150,137,177,146,106,82,71,42,83,150,123,21,7,0,4,4,3,1,10
35,20,11,43,115,175,161,146,158,200,156,133,131,121,72,39,137,151,21,4,4,3,7,4,3,27
31,21,4,3,23,136,186,154,204,241,230,175,131,129,66,85,153,171,36,5,12,36,3,7,0,46
32,21,13,14,8,106,133,134,217,248,226,152,133,108,99,112,185,138,40,8,21,39,15,8,20,66
69,35,5,0,11,84,145,118,176,180,169,147,125,97,90,114,151,122,40,4,21,33,7,5,22,92
111,112,69,53,59,118,140,126,137,123,103,104,111,101,80,76,96,52,15,17,33,30,10,1,45,82
80,116,100,68,63,129,192,129,116,116,102,104,99,93,76,67,51,30,13,36,40,29,2,10,19,84
63,101,117,129,132,245,243,136,96,93,100,88,87,85,67,52,49,33,41,43,38,11,6,8,12,66
52,88,116,147,187,241,244,151,113,90,93,77,82,79,62,33,48,46,48,39,23,24,7,3,19,72
71,66,81,118,129,166,201,150,122,93,89,76,79,84,70,50,42,53,49,31,35,37,13,9,22,52
43,40,50,73,81,95,135,135,106,82,79,75,66,98,102,100,69,58,40,29,46,37,21,8,33,30
