41,44,41,45,42,42,47,46,46,49,54,57,58,57,62,63,57,56,58,66,70,61,71,65,77,90
53,55,52,55,53,55,54,54,55,57,59,61,65,68,69,67,66,65,68,73,81,71,74,74,93,99
67,71,66,66,63,66,67,65,63,62,62,62,65,69,77,78,80,78,83,74,82,83,85,85,90,99
78,84,78,76,70,73,67,61,58,61,68,74,77,79,91,88,87,86,100,80,80,87,83,94,94,106
83,84,78,83,72,82,66,71,67,79,73,78,91,85,99,106,100,107,99,97,96,95,99,99,111,111
85,84,84,83,74,76,68,73,76,82,89,94,109,103,95,108,101,117,103,110,98,103,91,102,103,111
83,85,89,76,76,84,82,88,87,95,94,107,108,108,113,120,125,121,121,114,107,109,99,109,131,119
88,91,89,77,81,93,89,94,94,103,102,112,107,115,123,130,127,125,114,117,102,111,104,119,109,142
96,100,92,92,86,91,96,96,102,108,112,112,111,120,123,127,125,121,113,118,108,116,106,124,120,120
96,106,101,102,87,97,104,108,103,122,110,117,110,119,128,126,132,120,120,115,117,114,113,123,123,122
101,104,105,109,92,106,103,110,102,126,113,125,122,121,129,129,122,125,109,115,113,108,102,116,123,117
118,98,103,120,103,102,109,108,116,115,129,119,137,115,128,123,122,118,112,109,122,109,114,121,115,101
91,103,100,100,105,102,102,117,110,126,116,129,127,137,115,122,117,108,109,105,116,116,103,118,96,111
104,110,99,103,104,98,114,111,123,120,116,106,127,119,124,124,116,114,115,106,105,100,122,102,115,120
99,102,99,98,97,108,106,112,117,114,117,101,121,120,116,116,107,107,105,103,103,106,100,114,122,121
94,90,88,89,95,107,100,112,107,111,114,100,110,114,105,110,104,104,97,95,88,88,117,96,116,128
144,136,102,92,88,92,90,88,97,107,107,100,114,102,95,91,86,92,93,93,84,87,108,104,125,122
252,211,155,147,107,90,82,79,78,87,86,89,88,80,97,83,78,82,80,74,71,86,91,116,118,103
251,254,251,230,166,143,98,92,78,68,75,82,74,77,68,63,70,71,71,66,68,85,94,86,121,124
255,255,253,252,251,234,187,148,136,83,82,66,72,56,64,61,63,49,54,60,65,72,91,90,95,123
252,251,255,252,254,253,251,255,224,173,150,86,65,55,58,55,53,46,44,47,70,78,86,77,96,119
249,250,255,250,250,249,255,250,253,247,233,181,144,95,51,50,41,36,43,50,68,79,86,93,85,119
247,245,250,247,252,252,254,253,255,255,254,251,241,191,147,117,61,36,44,59,68,75,85,86,91,126
246,243,248,247,252,252,254,254,251,253,252,250,255,255,251,210,152,122,93,71,64,76,77,80,108,127
244,242,249,248,249,245,243,255,255,252,254,255,254,249,251,255,251,231,178,142,113,89,76,82,106,121
243,240,247,247,250,247,255,247,247,255,255,253,253,255,254,255,255,254,248,249,213,148,141,89,96,110
246,241,245,246,252,252,254,251,252,245,244,249,254,251,255,250,254,255,255,251,255,250,230,157,149,138
252,247,249,247,250,249,250,250,251,245,253,250,248,251,251,254,255,253,255,250,255,253,255,254,244,208
244,240,250,251,253,251,249,246,242,251,253,248,250,253,251,251,248,249,255,250,255,253,255,255,252,255
239,245,243,251,251,253,249,255,254,247,244,242,250,248,247,250,248,249,250,247,255,255,251,255,255,254
