55,50,61,74,74,77,89,98,91,97,81,104,124,117,110,139,144,148,138,135,144,158,175,156,152,129
72,82,78,93,96,74,80,95,102,110,126,157,146,138,140,137,146,156,180,153,159,170,155,144,154,131
96,101,114,103,111,125,126,160,132,152,144,157,136,138,148,168,153,155,148,153,154,156,165,132,147,130
132,156,161,159,161,177,194,183,168,174,184,158,178,137,163,167,174,189,173,168,177,186,151,154,144,133
164,131,154,180,174,162,183,184,168,180,193,171,169,181,188,181,161,177,165,185,162,149,167,150,157,125
165,193,154,171,155,174,188,202,184,142,166,225,159,179,185,169,184,201,204,166,148,181,152,155,157,126
162,197,188,170,170,172,178,169,194,206,190,178,183,176,166,171,178,195,195,192,170,152,171,159,171,130
175,203,175,176,165,180,164,173,181,189,185,217,204,193,169,164,153,192,192,197,162,187,159,175,161,130
178,179,162,182,184,190,210,185,189,195,196,192,210,203,217,218,193,178,195,172,189,145,158,163,136,125
193,220,198,193,179,193,203,219,224,218,202,206,224,224,216,213,198,182,182,187,162,154,160,146,150,127
217,215,212,214,207,239,225,226,228,225,227,224,201,209,209,203,181,174,184,176,176,166,174,156,160,130
214,207,219,232,237,235,235,224,228,227,232,229,241,238,212,193,206,163,183,173,157,168,167,144,130,125
207,220,201,237,243,236,232,226,226,228,225,212,226,226,204,182,189,197,173,157,163,166,161,172,128,128
210,210,211,218,223,232,237,236,236,210,228,226,219,212,199,170,171,175,162,162,146,172,177,149,128,128
227,235,224,213,221,223,244,231,228,219,240,217,214,185,175,186,194,177,188,161,167,163,173,166,128,128
205,222,217,206,181,190,230,220,231,218,219,216,228,210,189,178,157,174,165,176,167,155,146,157,128,128
221,217,218,223,168,212,232,229,217,207,178,207,197,223,181,175,189,177,189,168,158,160,156,159,128,128
238,225,226,212,220,225,238,219,210,227,216,215,176,176,185,199,183,164,189,189,191,154,164,157,128,128
218,239,218,232,230,235,226,221,227,215,226,202,114,181,165,198,209,189,170,189,162,170,141,179,128,128
237,228,243,243,234,240,237,219,214,242,223,218,202,220,204,161,167,167,168,150,165,166,144,124,128,128
219,240,239,248,225,233,236,242,235,219,202,219,215,208,212,195,172,178,173,189,180,152,141,128,128,128
207,235,246,231,244,241,238,239,220,199,214,208,207,208,210,196,192,178,179,163,155,156,137,129,128,128
226,230,230,235,225,242,232,233,243,232,227,227,214,205,189,182,165,179,178,156,146,133,120,130,128,128
228,238,230,230,232,239,232,249,222,241,210,218,206,206,206,194,212,165,135,166,134,125,120,127,128,128
211,227,220,220,229,237,228,226,216,219,214,217,202,197,198,184,181,136,154,155,152,119,128,126,128,128
210,211,224,222,212,219,226,226,201,212,208,192,199,208,154,178,176,188,171,168,161,144,126,126,128,128
220,190,205,184,224,219,214,217,213,220,213,200,173,215,182,185,180,188,177,196,167,144,133,129,128,128
211,192,230,208,201,216,203,209,201,229,204,216,203,180,177,210,179,192,202,198,163,161,126,128,128,128
221,229,206,222,226,194,193,167,167,197,231,197,204,184,182,178,179,185,183,172,138,153,132,126,128,128
208,214,191,196,201,179,169,196,193,200,181,197,198,186,165,169,166,176,176,178,137,154,128,129,128,128
