241,246,254,254,254,253,253,255,255,254,254,255,254,252,245,249,252,254,255,248,253,239,241,203,167,209
250,255,255,250,255,254,253,254,254,253,253,254,251,245,243,247,247,253,254,255,250,245,222,223,197,185
252,255,253,253,255,254,254,255,254,253,253,254,252,234,248,242,255,252,251,252,252,249,234,221,224,206
252,253,252,254,255,254,254,255,255,254,254,254,255,242,252,250,253,253,249,255,248,242,234,217,219,225
231,250,247,255,253,252,252,254,254,254,254,255,255,255,249,255,244,252,248,251,245,226,226,221,185,170
219,232,250,221,250,249,250,252,253,253,253,255,252,255,244,250,251,246,248,228,234,213,207,201,176,145
96,191,208,215,233,253,244,252,246,255,247,253,254,252,247,242,248,239,233,213,196,184,146,128,126,104
42,53,105,164,201,209,220,232,250,229,253,249,249,250,244,241,241,228,203,215,155,134,138,110,110,113
68,56,51,64,99,169,169,220,231,229,244,247,249,245,231,232,235,231,214,193,160,122,104,91,114,107
126,133,116,124,79,122,150,158,189,201,212,246,227,232,187,226,212,184,189,150,148,108,91,98,84,94
127,172,158,156,169,129,107,148,151,173,194,218,192,195,174,189,159,157,119,129,120,95,103,100,92,88
113,124,146,158,153,146,124,96,111,156,171,165,161,149,131,132,135,143,133,122,111,123,89,110,98,95
126,116,120,145,120,133,133,110,78,86,143,152,159,119,115,117,133,127,137,119,133,137,123,110,99,91
150,152,131,150,159,192,165,140,126,112,112,177,161,174,164,158,132,114,114,112,141,125,118,98,73,91
179,176,163,160,161,192,180,183,191,171,153,99,136,138,137,134,132,131,124,147,158,121,130,111,73,89
158,167,159,186,198,180,197,187,196,176,163,134,123,96,125,118,112,114,119,137,156,136,126,114,111,96
181,145,158,156,203,202,196,185,189,155,138,174,138,121,124,131,123,148,162,127,133,154,131,128,139,116
163,176,202,175,166,171,204,168,155,126,178,126,129,135,130,123,115,116,105,124,139,125,128,118,126,125
176,180,185,187,162,174,141,143,145,126,125,134,124,117,110,96,112,121,124,116,131,125,127,96,120,122
168,165,183,159,161,152,163,147,132,138,121,110,120,104,82,93,103,120,147,120,118,121,112,115,116,128
175,163,167,144,147,146,175,136,123,133,135,111,97,111,92,85,107,150,147,137,96,110,100,86,106,95
156,158,148,147,142,151,139,139,128,120,119,104,96,91,87,101,106,108,132,110,91,87,77,85,85,94
158,117,133,135,116,106,103,99,106,109,103,107,77,82,79,82,80,93,93,79,63,63,65,70,69,86
131,112,116,95,94,79,90,77,98,73,76,72,64,60,63,72,76,77,71,67,58,57,58,66,70,82
109,101,98,98,92,87,74,63,63,58,56,50,50,43,50,58,64,63,56,66,76,69,57,61,69,80
87,91,96,85,85,87,80,77,82,71,62,44,36,33,35,40,47,62,54,67,92,81,58,54,63,73
92,97,79,66,64,64,69,93,106,88,72,58,48,48,46,56,60,81,62,70,75,69,49,45,50,56
60,56,59,44,54,50,48,67,80,77,68,65,58,64,69,81,70,72,51,56,51,51,38,37,39,42
50,49,48,49,50,44,51,38,55,50,54,48,62,68,78,84,68,54,44,45,43,44,34,34,35,39
29,32,45,45,48,47,43,46,37,43,33,45,51,49,54,53,51,40,41,30,40,41,33,35,35,39
