101,94,84,100,91,77,60,53,52,47,43,47,47,48,43,61,55,53,61,51,70,49,64,59,79,61
121,108,92,106,77,63,65,66,58,62,61,75,70,65,74,72,84,83,61,77,70,61,79,64,76,73
128,112,88,103,87,88,69,73,82,136,93,99,77,70,90,77,78,93,82,76,77,83,79,72,95,102
103,100,99,113,105,96,100,120,131,127,141,121,135,111,109,94,97,93,93,93,63,110,93,91,99,71
118,113,109,111,140,139,133,169,122,134,155,141,122,95,99,110,95,97,84,108,96,94,110,105,100,101
124,133,145,177,165,178,160,151,117,123,134,136,134,132,112,102,108,127,106,99,106,113,109,89,116,92
116,183,161,159,155,154,155,105,107,138,131,119,126,119,123,89,101,132,105,102,101,106,88,93,93,127
160,155,135,119,108,102,91,106,91,111,132,110,108,127,83,103,84,105,127,118,132,114,118,115,119,120
102,81,73,97,79,82,88,97,106,95,105,103,88,99,97,84,96,94,141,144,112,111,126,114,128,83
50,60,54,68,68,64,81,87,95,92,84,100,85,88,87,109,112,121,141,158,130,130,122,98,114,119
35,31,54,60,72,66,78,81,85,101,94,96,89,115,99,96,110,119,138,138,147,117,133,133,115,105
22,34,48,61,69,69,72,86,85,102,87,97,93,77,116,141,133,133,119,136,130,129,114,116,125,97
21,33,40,52,59,82,94,97,97,111,96,95,92,95,122,107,126,133,145,127,144,111,105,134,131,122
33,34,33,59,72,81,96,90,95,89,108,80,104,123,118,113,121,113,106,111,134,107,121,118,141,132
22,50,47,45,57,95,118,96,105,127,88,97,87,103,108,97,107,110,91,111,97,150,135,116,136,130
30,39,68,73,63,76,99,117,112,107,102,106,82,85,109,113,114,107,121,124,106,156,112,121,127,117
42,45,85,97,97,97,105,107,107,124,98,105,103,80,83,91,97,103,105,108,106,120,123,140,134,121
75,67,95,104,103,130,116,121,117,110,104,100,115,90,90,92,105,109,120,112,93,97,127,105,115,115
121,104,104,122,137,134,141,118,116,106,134,114,109,91,85,82,110,106,105,98,90,115,104,131,115,119
119,153,108,114,143,132,141,113,90,129,138,150,147,122,76,99,105,113,102,95,82,99,126,137,139,151
145,142,137,164,152,148,154,131,130,130,124,125,91,106,86,105,93,93,98,112,98,87,81,122,124,144
153,151,178,163,148,148,169,145,104,131,143,126,109,95,106,78,85,92,89,105,94,105,88,87,141,147
120,128,174,180,155,153,165,170,121,147,134,137,156,110,120,105,99,93,95,105,90,82,86,103,118,118
115,160,148,164,167,134,138,142,142,139,121,160,109,144,115,95,90,55,94,96,94,106,81,124,117,114
141,170,170,171,154,122,170,136,110,136,111,136,146,114,120,108,96,74,85,99,101,103,86,127,115,108
166,172,167,197,184,145,166,115,108,128,145,158,148,108,109,103,113,126,92,101,91,118,142,130,131,125
180,167,160,174,162,158,153,171,149,184,155,146,131,115,128,122,115,121,85,109,107,133,113,147,137,126
173,144,173,147,187,180,172,158,165,150,159,158,171,147,120,122,120,97,148,132,128,117,113,111,128,129
172,112,124,104,136,141,144,159,135,138,152,145,142,134,144,133,112,118,113,105,135,115,87,128,126,127
159,161,121,110,113,133,92,115,165,144,133,127,143,120,112,129,125,94,109,117,97,94,124,131,127,129
