252,250,235,235,234,246,240,234,193,222,233,234,221,206,233,239,221,217,187,246,221,226,197,192,240,218
255,242,252,244,255,248,249,228,222,239,229,236,223,211,234,234,237,209,192,231,240,242,221,221,239,218
250,253,253,255,250,254,255,244,244,241,243,241,220,215,241,243,236,227,197,241,241,227,215,212,245,233
251,249,251,252,255,255,253,252,244,246,255,237,248,228,245,240,246,242,216,225,245,241,242,203,248,244
166,232,246,254,255,251,255,251,244,255,255,252,247,245,229,253,243,250,247,224,253,244,248,215,232,248
47,60,95,230,249,255,254,248,255,254,255,255,255,249,255,250,250,236,255,223,249,240,241,246,217,251
48,49,45,50,81,155,200,239,251,246,250,241,255,244,253,249,253,255,254,241,246,251,243,242,207,241
42,45,55,43,42,51,39,66,112,216,249,247,254,252,251,251,255,254,254,253,246,250,254,255,243,212
55,51,60,45,53,47,35,42,33,51,81,163,183,241,247,243,255,241,255,251,249,254,254,255,252,254
60,65,69,55,50,46,53,48,47,48,48,52,54,62,88,122,204,238,246,254,255,249,252,240,255,254
70,72,83,63,69,68,59,55,55,57,49,49,57,48,49,46,51,76,83,129,194,247,250,252,250,254
87,101,93,74,74,70,72,80,64,58,61,59,63,59,62,54,59,54,50,49,47,66,94,141,180,206
105,98,100,80,82,92,85,62,81,63,61,65,67,78,65,72,56,68,61,55,56,60,65,54,67,67
106,105,105,100,92,93,93,81,88,81,75,68,74,71,73,64,63,65,67,62,65,56,59,66,59,68
120,106,114,102,97,100,91,88,88,90,73,86,73,73,73,80,73,78,69,68,66,65,69,71,69,51
126,122,125,112,105,97,107,97,98,100,97,94,87,94,94,93,87,77,81,77,73,72,71,75,68,66
124,137,144,116,107,107,118,122,101,105,108,94,103,98,98,99,96,96,96,91,79,81,74,77,66,81
157,139,132,132,109,126,141,123,119,136,105,115,118,92,106,107,91,100,107,101,96,91,89,92,86,83
136,127,112,137,113,132,133,140,132,136,136,138,130,106,103,113,113,113,112,115,119,106,101,96,90,81
147,137,148,135,137,138,141,145,143,143,139,146,151,146,116,133,137,126,123,130,121,114,112,103,96,89
114,127,128,132,146,129,163,164,149,153,147,129,156,166,140,145,131,129,131,132,133,135,131,120,108,107
110,121,118,143,146,151,172,155,152,151,146,172,146,166,161,149,147,159,145,146,140,148,144,124,103,104
128,103,131,119,143,151,192,176,160,166,137,174,155,160,172,161,178,180,168,168,153,156,158,141,123,113
74,102,105,126,131,167,166,168,159,167,149,149,166,139,161,162,166,148,171,161,166,150,147,134,132,114
57,75,77,114,133,151,168,153,158,155,174,142,146,165,164,169,178,170,156,160,149,155,150,120,117,114
81,78,79,118,127,152,157,163,149,147,160,180,153,156,177,171,164,155,159,163,157,158,158,145,121,110
62,62,77,105,126,161,151,160,157,172,156,174,165,177,143,158,163,160,142,160,178,152,129,145,140,124
60,62,64,83,124,165,159,152,161,185,171,179,175,173,170,160,146,167,162,165,152,157,141,133,139,116
68,70,82,72,104,136,155,169,179,185,175,187,173,175,177,186,149,158,182,176,163,154,149,123,150,109
70,75,69,98,109,121,135,165,171,173,175,193,181,185,167,179,172,187,156,173,183,170,145,140,110,107
