217,214,207,193,176,148,128,120,103,102,127,122,153,243,251,250,255,247,241,248,245,247,235,251,227,238
223,224,184,149,142,130,125,100,108,127,128,150,172,234,249,246,243,246,243,231,236,228,244,225,224,237
210,226,166,180,136,138,113,113,135,133,161,147,151,214,242,230,219,223,200,181,189,198,208,201,222,217
219,186,160,130,113,98,114,128,144,162,156,163,171,186,222,215,193,150,79,61,42,44,55,81,124,160
191,171,164,140,107,106,122,135,143,160,181,192,208,196,195,200,192,150,109,107,79,44,30,18,23,34
201,166,133,131,102,99,135,134,130,166,193,200,200,202,179,183,187,164,165,156,158,114,88,65,27,23
158,147,122,126,93,110,128,136,163,189,174,194,213,190,194,179,188,168,174,175,171,182,171,164,111,82
146,121,102,112,97,104,114,150,143,159,190,195,209,199,203,195,161,164,157,172,180,157,184,187,189,189
134,115,98,87,102,114,131,147,165,157,183,162,206,190,209,177,194,187,138,120,131,146,142,168,194,205
112,103,94,93,104,120,134,131,162,183,174,167,190,178,187,204,172,202,177,153,140,110,138,160,204,210
104,90,77,101,89,109,140,133,182,205,168,170,182,179,186,172,156,198,185,178,169,168,158,166,185,190
91,102,97,82,115,117,128,162,167,179,208,186,176,177,182,180,180,186,183,182,182,162,161,156,187,214
81,72,84,93,105,130,142,148,184,182,157,180,140,164,161,179,158,162,174,175,163,180,169,153,170,189
79,74,71,101,104,125,170,153,158,174,107,128,179,176,162,119,139,152,138,106,120,160,136,116,161,142
69,76,87,82,107,138,154,160,184,163,177,175,169,166,125,112,140,108,97,102,82,98,96,96,127,131
65,73,80,89,106,120,150,161,159,151,158,135,127,145,111,82,137,71,80,81,85,92,68,93,112,91
66,74,97,111,92,104,109,124,101,118,130,101,91,101,98,102,88,87,45,97,89,94,40,59,91,91
65,70,77,97,76,89,64,60,69,91,107,128,121,97,122,99,87,64,56,98,87,134,60,62,95,93
63,64,72,64,43,61,37,38,65,91,130,140,117,120,98,50,65,52,59,105,110,92,81,69,104,99
52,61,56,44,58,45,47,58,82,124,128,112,144,114,81,64,68,55,84,133,121,93,114,102,115,112
48,65,67,52,57,45,45,73,70,95,99,96,146,98,52,78,82,124,111,137,148,145,159,121,126,121
62,78,65,57,59,62,69,46,58,90,112,103,98,96,101,112,150,139,105,142,140,147,148,154,140,135
57,87,76,72,68,70,45,55,79,108,122,140,138,115,127,142,177,184,188,188,163,210,188,193,193,190
70,85,84,60,59,51,55,55,71,121,130,157,162,164,171,208,212,214,223,195,178,219,224,221,229,210
86,52,57,54,53,71,59,90,94,103,133,164,211,196,204,221,234,233,234,235,223,217,222,213,238,197
70,46,50,44,52,53,57,70,66,74,136,160,168,198,213,225,225,216,230,232,199,168,179,166,158,133
49,44,37,39,47,38,41,37,51,44,90,111,166,177,186,195,197,193,207,174,169,133,126,115,83,101
51,55,34,36,30,30,22,22,21,15,21,51,77,163,147,129,126,106,155,135,127,102,98,113,99,75
39,49,38,23,31,28,29,23,7,7,10,10,28,76,108,80,101,74,77,92,93,92,101,112,124,95
46,35,51,42,30,31,43,34,17,13,5,11,9,17,37,40,38,51,57,82,71,103,102,104,92,108
