13,27,26,12,2,27,62,57,64,73,110,177,203,197,142,54,78,51,42,34,40,40,42,36,39,47
12,17,21,29,19,21,43,50,54,52,108,165,197,199,133,45,52,48,37,30,29,29,35,33,29,53
22,9,22,24,21,28,37,44,46,46,74,115,135,93,52,36,46,38,27,36,27,34,33,32,39,63
37,28,12,21,28,28,18,34,43,40,50,68,59,54,39,25,31,36,27,22,23,27,15,23,34,86
42,33,19,18,15,17,32,27,17,43,41,44,49,48,36,19,24,18,20,18,26,23,17,20,42,96
79,62,44,23,22,12,25,27,31,27,11,20,36,30,33,22,32,18,18,20,18,13,25,30,43,94
82,52,48,34,38,25,19,14,25,15,22,32,40,24,14,5,20,18,22,13,22,15,18,8,8,19
91,73,63,48,36,37,37,33,24,16,13,13,8,18,20,34,41,48,72,61,57,60,35,37,25,23
110,97,76,60,48,44,42,44,41,40,37,38,33,32,18,12,3,8,11,11,13,10,18,19,24,34
121,109,103,74,71,54,59,65,65,49,52,43,43,37,52,52,48,44,44,41,52,49,59,53,68,74
121,107,116,103,116,93,89,86,79,81,75,67,71,58,70,66,74,85,70,65,58,81,65,84,92,104
116,114,126,120,123,112,120,115,82,103,105,93,94,93,98,86,83,99,106,99,96,98,118,111,123,137
130,135,120,119,95,106,137,143,128,118,129,117,122,129,133,149,125,128,122,134,149,141,136,141,138,140
134,124,111,107,93,78,108,128,141,142,125,137,141,130,160,147,150,144,135,161,158,157,165,160,162,167
127,123,94,90,79,77,75,112,121,141,140,140,150,157,162,160,160,167,156,167,167,172,172,170,176,174
138,130,122,100,83,91,70,83,95,129,142,127,144,152,156,153,159,167,173,166,178,179,174,179,176,176
146,128,124,126,134,80,89,79,115,95,120,136,132,142,157,155,169,170,171,173,177,177,184,185,175,184
151,145,129,140,137,137,118,96,93,92,93,104,114,130,136,151,161,168,167,171,171,180,182,178,184,181
148,146,154,157,160,160,155,115,93,92,93,77,112,116,128,150,161,166,173,169,174,184,175,176,190,179
172,169,152,162,159,173,166,152,100,100,86,98,92,109,114,159,156,158,170,169,177,174,174,179,177,184
168,176,171,166,170,173,174,176,107,101,98,92,90,106,112,137,147,146,154,176,161,170,177,183,176,181
163,175,180,173,182,178,186,175,121,107,101,87,92,98,110,111,125,130,155,160,163,169,170,176,176,178
184,181,183,182,177,189,180,180,137,125,110,109,101,96,95,110,123,130,148,154,150,159,169,169,183,174
177,175,185,184,184,187,185,168,148,127,121,104,99,87,97,88,110,129,119,136,154,152,166,171,164,174
179,178,178,180,178,179,175,153,147,125,131,117,95,102,86,84,83,107,110,127,128,147,161,159,162,165
167,160,165,167,150,152,142,138,149,144,141,126,111,96,84,71,70,72,111,97,119,142,146,153,150,163
101,99,71,88,112,124,148,131,152,140,151,131,116,116,94,80,70,73,66,74,109,133,129,121,139,154
74,67,89,106,114,124,135,126,144,142,125,119,122,109,100,87,81,62,44,52,80,83,105,110,125,145
85,90,86,92,127,124,118,107,110,116,136,125,116,114,102,85,70,66,57,61,53,58,91,126,120,116
69,87,94,100,102,107,109,122,113,111,108,113,103,111,97,89,70,67,73,60,59,44,75,81,121,128
