131,128,190,197,178,170,167,181,173,172,167,178,179,174,177,162,161,151,148,154,169,144,148,141,130,137
127,127,193,191,166,169,173,183,169,186,164,181,164,167,163,175,161,147,160,152,149,141,156,161,155,145
129,126,193,193,194,203,195,188,199,188,192,195,178,182,183,172,169,184,157,165,175,168,170,160,154,145
128,129,200,193,203,201,190,186,189,194,187,170,158,191,173,165,162,165,160,160,172,159,157,157,164,151
129,128,204,206,200,203,189,195,180,189,177,173,183,172,158,170,177,157,153,159,151,110,134,133,131,128
130,126,208,210,198,194,181,188,171,160,168,180,181,169,166,167,164,179,143,154,148,140,124,137,141,131
127,128,214,212,215,202,210,196,201,199,206,193,188,195,199,175,177,164,153,144,167,150,155,152,139,151
128,129,222,229,210,222,212,218,229,213,214,217,222,192,187,195,190,175,192,186,177,156,162,154,169,154
132,122,224,224,227,215,221,222,227,230,229,217,227,210,206,210,198,196,183,183,175,181,163,163,176,162
126,133,234,235,225,225,227,235,236,230,229,216,211,202,207,206,182,197,196,195,186,179,168,185,180,171
128,131,232,229,223,229,225,243,237,227,229,225,211,202,204,197,223,221,210,215,196,193,188,198,188,198
129,127,129,222,236,231,242,221,233,223,222,225,218,215,218,221,223,227,223,216,217,215,216,207,210,207
128,125,130,234,234,226,244,227,229,234,226,226,235,223,211,221,217,222,226,220,231,234,237,233,213,226
128,131,125,236,225,231,235,227,227,236,235,229,235,239,229,215,227,236,242,235,237,232,229,222,228,225
127,132,124,234,226,240,236,235,242,240,244,243,238,242,245,237,243,243,238,231,237,240,239,234,231,233
127,128,128,228,238,245,243,241,247,238,241,246,238,236,244,249,246,245,240,237,243,244,239,232,243,235
129,127,130,227,245,246,243,239,245,249,249,248,252,253,250,248,242,248,248,246,243,241,236,236,237,234
128,129,127,236,248,249,244,240,236,249,249,245,251,253,247,248,250,251,245,242,239,242,244,249,248,241
126,130,126,245,250,250,248,246,247,253,252,250,252,249,250,255,255,254,247,248,246,248,242,243,245,248
127,130,129,247,251,244,250,247,252,252,249,248,249,251,252,251,249,253,250,254,249,249,244,248,251,241
129,129,125,129,245,248,255,250,255,251,249,251,253,252,252,253,252,247,246,248,249,248,246,241,245,241
127,126,129,127,251,248,250,254,251,249,250,253,253,250,249,251,253,248,247,250,252,251,247,242,240,232
131,127,128,124,249,255,254,253,250,251,253,255,254,250,250,253,253,247,247,250,251,251,247,242,246,224
126,125,134,130,255,251,253,255,252,253,255,255,253,251,252,255,255,250,249,251,250,250,249,247,235,232
129,127,126,123,250,253,255,251,252,252,252,253,253,252,252,252,252,248,248,247,244,244,246,247,240,233
133,128,130,127,255,249,248,255,250,250,251,253,254,253,250,249,251,247,247,246,242,241,243,244,246,218
122,129,126,131,122,249,255,246,250,251,252,253,254,253,251,249,251,248,249,250,247,244,242,239,220,212
130,130,129,126,129,252,248,252,251,251,251,250,250,251,251,251,242,239,242,245,243,239,233,227,214,217
127,129,128,126,131,246,253,252,253,254,249,248,250,250,247,238,241,243,237,238,243,235,227,209,211,192
126,128,127,125,128,245,253,252,251,255,251,250,249,247,246,240,235,247,236,231,232,232,223,210,195,196
