98,104,90,110,111,105,104,90,97,105,113,105,102,103,108,108,92,96,79,72,66,66,80,99,82,96
115,114,113,122,106,102,111,108,101,101,116,109,99,110,102,98,94,79,76,66,76,77,98,105,104,110
123,115,129,115,124,134,121,113,116,116,112,121,119,112,100,92,80,75,71,86,94,106,91,105,104,120
114,131,135,128,145,112,126,129,117,110,115,125,106,96,86,71,71,75,90,103,107,116,113,109,113,130
149,157,136,155,121,136,124,117,137,113,103,86,91,84,85,81,79,100,105,119,117,125,117,120,131,145
135,136,122,133,128,126,123,109,96,86,95,83,79,85,87,93,116,111,114,110,139,127,144,128,143,157
124,112,123,105,118,90,91,85,89,102,88,89,96,100,105,120,132,126,129,157,126,141,132,130,144,169
111,109,102,104,95,82,86,95,93,95,97,112,110,120,115,120,141,132,143,136,143,141,138,138,160,166
113,112,104,113,103,105,101,110,115,99,94,111,114,128,126,138,132,146,131,139,143,155,143,149,169,169
113,106,117,103,107,100,122,107,120,119,113,126,133,126,135,139,123,125,128,148,135,153,147,161,168,173
119,123,120,115,115,116,118,126,129,136,132,131,146,154,148,145,137,149,139,151,167,159,181,175,179,177
119,116,120,119,124,136,128,132,130,154,138,137,159,139,157,147,155,160,161,176,164,176,180,177,177,197
123,123,123,114,144,140,146,147,154,168,137,143,156,148,169,168,168,176,185,186,181,178,182,183,164,186
146,130,131,149,140,152,155,166,179,168,174,156,164,164,167,165,168,177,182,209,206,219,178,161,162,189
153,165,131,150,164,181,176,181,174,165,181,178,168,173,179,180,184,199,206,225,211,201,177,136,156,170
171,177,177,165,156,173,179,181,177,179,167,185,180,191,187,195,195,210,228,225,216,175,130,119,123,153
196,186,191,191,161,197,182,171,182,184,189,200,199,189,184,202,210,221,228,202,175,124,116,123,137,161
208,193,213,202,205,167,184,191,208,203,207,204,207,204,208,211,216,218,209,184,139,116,109,131,136,170
228,225,210,218,223,183,213,220,216,219,217,221,217,212,216,207,210,207,190,148,103,106,128,130,149,169
216,220,224,221,220,208,221,224,223,223,215,215,225,215,206,196,196,192,182,128,125,156,185,168,161,160
234,233,229,225,230,222,216,230,232,218,200,217,227,192,183,175,174,179,161,144,162,174,187,186,182,182
237,236,235,236,236,227,231,242,225,224,206,205,193,181,156,150,159,159,132,165,187,204,201,190,192,191
238,238,239,242,233,224,230,219,221,211,203,186,190,161,143,156,139,144,148,191,216,225,224,213,210,220
241,244,245,243,227,222,227,227,208,199,196,177,162,147,149,166,146,153,191,211,233,230,235,218,225,216
239,244,245,238,222,225,215,212,198,199,198,168,146,134,144,149,165,174,208,227,241,238,249,244,238,231
238,243,245,235,226,234,231,215,205,190,185,166,169,146,132,153,158,184,218,237,247,247,245,244,251,234
245,246,249,238,233,236,216,229,201,191,176,168,144,131,144,171,149,193,232,244,250,249,250,252,244,242
246,243,246,233,228,225,219,209,192,187,173,166,170,160,171,167,163,208,236,251,250,250,250,250,246,250
251,244,239,238,240,224,205,215,195,177,171,159,172,176,182,170,170,219,240,249,251,252,253,244,250,246
250,235,233,235,233,215,219,189,181,178,177,179,183,180,170,178,168,196,228,243,248,248,245,239,243,242
