116,111,118,113,110,106,93,101,123,130,108,144,105,113,91,89,93,101,88,99,84,86,51,80,76,74
131,140,125,101,119,106,117,101,120,103,112,119,113,124,94,110,82,101,95,89,86,93,78,80,78,81
136,125,118,102,107,101,103,110,118,120,95,115,114,101,110,101,96,81,94,78,77,76,67,65,72,67
122,118,110,114,104,113,103,127,103,115,115,99,109,100,95,99,100,84,67,81,80,80,88,80,64,65
137,158,115,109,118,114,109,110,103,111,127,122,111,103,97,101,98,95,92,85,82,76,67,63,68,68
124,132,142,113,139,133,131,107,118,112,126,119,137,125,98,109,97,81,88,78,88,79,71,73,89,78
138,136,138,113,115,117,124,120,134,135,121,135,139,155,123,109,95,95,86,95,86,75,81,77,69,72
127,134,128,150,147,136,125,110,112,132,143,132,184,148,137,125,116,121,107,83,77,99,71,73,69,66
132,140,131,153,142,121,134,124,110,145,139,122,127,134,153,129,119,127,104,87,95,81,88,89,83,71
112,131,146,134,148,141,116,131,147,184,136,152,116,120,125,137,113,108,104,117,102,90,90,88,79,89
160,136,137,127,140,163,149,173,143,139,161,147,136,131,124,160,130,116,121,123,105,105,82,95,91,65
191,189,161,152,116,134,136,147,140,145,141,129,134,148,160,134,131,119,149,137,121,103,111,103,104,77
175,157,147,138,188,163,183,183,168,165,182,173,146,204,167,163,139,135,140,133,112,122,99,106,91,95
193,167,188,184,184,167,173,180,183,177,184,201,180,173,175,162,135,151,137,141,126,103,111,108,100,100
202,202,206,186,195,164,205,172,181,184,167,203,198,193,172,159,158,165,147,153,132,111,97,114,122,102
208,192,216,217,220,184,201,210,186,168,215,206,191,206,167,190,146,162,124,170,144,142,121,115,110,120
202,202,202,235,192,189,211,215,205,198,196,198,179,210,211,196,192,141,160,216,157,160,133,154,107,99
215,218,231,217,208,194,227,226,219,213,210,187,224,184,218,210,181,179,137,149,152,134,132,119,119,111
206,214,191,216,221,205,216,228,227,232,231,238,212,213,208,209,210,172,165,166,145,131,126,105,107,112
219,217,223,216,212,205,222,237,236,207,229,229,216,221,207,191,174,154,178,140,125,94,107,110,97,88
217,241,216,213,226,242,236,237,192,233,220,201,227,207,184,167,172,173,140,143,127,103,113,93,71,54
188,191,228,217,229,233,233,208,226,241,202,216,201,203,199,157,135,144,137,130,136,138,91,102,68,56
190,218,233,218,223,208,214,211,206,201,222,192,190,195,197,164,95,103,105,90,63,58,48,51,40,25
198,226,227,228,211,235,232,189,244,209,148,172,153,174,170,171,107,71,44,41,38,24,34,31,29,25
200,209,220,199,238,236,213,194,191,184,146,154,140,140,119,84,79,66,44,34,26,22,17,14,13,13
161,179,165,198,210,199,197,170,178,146,117,104,76,71,61,42,36,23,21,15,13,14,11,9,8,6
230,163,188,177,168,142,132,90,88,82,66,52,32,27,25,18,16,11,11,7,8,10,8,5,3,1
198,185,134,106,131,98,58,58,62,40,31,25,20,16,12,8,5,7,6,3,4,5,3,2,3,3
173,128,113,81,44,38,38,25,15,15,17,9,8,4,3,3,0,2,2,0,2,3,2,3,7,9
106,75,42,35,12,19,10,11,12,6,7,3,2,2,3,5,3,5,3,3,5,5,2,3,7,8
