225,235,226,209,204,173,161,156,147,144,161,154,139,140,154,160,170,160,150,147,147,168,163,157,143,149
168,155,138,156,167,173,158,183,148,143,148,140,150,144,140,164,140,155,142,169,145,162,150,148,147,167
147,178,139,149,161,157,152,163,168,149,156,155,144,142,132,144,139,151,141,157,151,154,161,154,152,162
150,134,144,157,141,149,151,146,145,133,160,142,141,134,140,145,141,144,158,145,164,163,158,166,172,195
145,141,133,144,158,135,145,136,136,162,156,145,145,150,156,144,152,146,173,156,169,164,160,175,167,162
138,136,140,151,145,148,135,137,143,140,157,144,165,163,151,154,153,173,154,144,156,153,171,152,174,178
145,147,140,137,150,140,142,144,139,143,149,145,146,147,153,163,156,152,146,147,171,143,159,164,142,162
142,134,140,148,140,141,141,138,143,160,154,153,156,161,146,145,165,158,154,159,162,146,159,156,145,164
149,139,147,146,139,144,158,145,181,142,150,157,161,165,150,155,163,145,154,153,173,150,143,146,147,151
169,151,148,145,137,145,156,150,146,151,155,155,154,148,156,175,161,156,157,158,142,133,154,142,157,144
147,166,161,180,144,156,163,157,170,179,159,156,171,155,171,167,157,154,193,155,152,160,162,152,149,142
173,172,162,177,160,144,140,145,155,142,166,163,178,145,158,151,174,156,156,158,138,160,164,156,152,167
160,151,144,171,149,161,149,146,147,158,148,149,162,145,157,163,174,157,167,162,157,150,154,172,160,172
159,147,174,147,158,148,144,155,153,149,155,144,144,151,155,166,142,166,158,170,178,153,165,154,140,155
148,149,148,151,162,144,155,155,151,156,149,146,152,148,150,151,143,155,160,166,141,164,164,159,143,172
153,163,156,162,170,173,168,160,160,145,159,149,163,160,148,151,150,164,153,152,145,154,167,141,164,147
151,148,175,148,169,165,138,152,162,162,158,152,178,163,157,143,147,161,165,170,152,145,155,156,154,158
170,191,171,188,157,150,166,162,160,146,159,157,151,138,157,149,150,163,151,159,152,169,157,163,153,156
161,182,167,169,151,163,178,143,152,166,153,171,150,149,145,146,151,170,149,145,162,163,158,157,155,193
168,169,192,168,163,158,143,138,167,139,157,154,143,147,152,148,156,143,166,165,162,167,208,158,177,178
172,175,157,147,166,146,138,143,138,141,147,136,142,142,146,142,154,153,165,172,173,209,171,173,180,183
157,147,148,164,142,142,148,146,158,149,152,155,154,170,153,163,143,169,163,158,175,175,181,176,207,192
161,163,156,158,164,154,171,164,152,167,154,152,155,152,151,148,151,138,167,166,176,196,171,184,182,180
164,164,182,158,160,158,162,147,173,168,166,151,164,160,155,156,173,155,153,170,161,168,181,170,155,169
153,150,173,178,164,156,158,163,141,145,147,152,162,146,151,144,161,169,158,168,167,146,155,175,168,189
158,144,159,154,164,151,152,172,160,146,160,149,157,148,148,149,161,155,157,168,163,159,144,172,186,183
141,139,150,174,154,147,156,139,131,158,151,141,145,143,139,149,154,154,174,162,161,155,150,173,167,182
144,140,161,139,135,158,136,144,141,141,156,162,159,147,140,144,142,163,156,163,159,165,176,171,178,173
140,150,145,145,157,137,139,138,137,161,151,138,147,147,142,158,167,173,153,155,158,155,165,171,181,174
143,139,139,147,138,139,144,147,144,147,144,142,150,141,149,157,162,179,158,165,145,161,171,164,161,154
