128,128,128,128,128,128,128,128,126,128,132,127,128,131,223,240,215,216,221,203,189,210,203,181,155,132
128,128,128,128,128,128,128,128,130,130,124,129,128,127,221,200,224,222,195,207,202,196,205,191,159,174
128,128,128,128,128,128,128,128,130,127,128,129,132,124,126,198,207,210,205,158,191,199,198,177,136,150
128,128,128,128,128,128,128,128,126,131,128,132,124,131,130,204,194,196,200,151,188,197,214,203,154,150
128,128,128,128,128,128,128,128,127,129,128,130,130,122,131,127,229,211,186,177,179,204,201,197,172,162
128,128,128,128,128,128,128,128,135,126,127,120,134,130,120,132,208,149,172,184,195,163,196,194,190,154
128,128,128,128,128,128,128,128,124,127,131,133,126,130,130,129,130,203,187,200,208,185,197,224,213,205
128,128,128,128,128,128,128,128,132,124,131,125,131,125,130,124,127,201,203,200,189,212,200,207,185,154
128,128,128,128,128,128,128,128,128,128,128,128,128,128,128,128,126,215,202,194,186,206,207,198,192,172
128,128,128,128,128,128,128,128,128,128,128,128,128,128,128,128,126,127,180,189,201,181,200,191,213,191
128,128,128,128,128,128,128,128,128,128,128,128,128,128,128,128,129,130,181,188,191,175,212,183,209,209
128,128,128,128,128,128,128,128,128,128,128,128,128,128,128,128,126,132,122,155,187,213,197,207,193,220
128,128,128,128,128,128,128,128,128,128,128,128,128,128,128,128,136,121,132,160,215,195,206,179,205,166
128,128,128,128,128,128,128,128,128,128,128,128,128,128,128,128,128,126,127,129,178,238,217,221,202,173
128,128,128,128,128,128,128,128,128,128,128,128,128,128,128,128,123,134,127,127,126,189,196,213,219,201
128,128,128,128,128,128,128,128,128,128,128,128,128,128,128,128,131,126,126,132,128,172,191,205,234,214
128,128,128,128,128,128,128,128,128,128,128,128,128,128,128,128,132,124,125,128,130,124,188,198,203,215
128,128,128,128,128,128,128,128,128,128,128,128,128,128,128,128,125,130,132,129,128,132,179,213,192,203
128,128,128,128,128,128,128,128,128,128,128,128,128,128,128,128,128,129,128,129,125,124,140,200,206,211
128,128,128,128,128,128,128,128,128,128,128,128,128,128,128,128,129,127,123,129,131,127,123,170,210,229
128,128,128,128,128,128,128,128,128,128,128,128,128,128,128,128,127,132,128,125,129,133,127,134,179,206
128,128,128,128,128,128,128,128,128,128,128,128,128,128,128,128,128,130,129,126,125,127,128,120,132,235
128,128,128,128,128,128,128,128,128,128,128,128,128,128,128,128,128,124,127,132,129,129,130,133,126,185
128,128,128,128,128,128,128,128,128,128,128,128,128,128,128,128,128,128,130,130,124,131,123,127,130,124
128,128,128,128,128,128,128,128,128,128,128,128,128,128,128,128,128,128,128,128,128,128,128,128,128,130
128,128,128,128,128,128,128,128,128,128,128,128,128,128,128,128,128,128,128,128,128,128,128,128,129,124
128,128,128,128,128,128,128,128,128,128,128,128,128,128,128,128,128,128,128,128,128,128,128,128,128,128
128,128,128,128,128,128,128,128,128,128,128,128,128,128,128,128,128,128,128,128,128,128,128,128,129,127
128,128,128,128,128,128,128,128,128,128,128,128,128,128,128,128,128,128,128,128,128,128,128,128,125,130
128,128,128,128,128,128,128,128,128,128,128,128,128,128,128,128,128,128,128,128,128,128,128,128,132,125
