51,48,57,63,74,82,89,109,110,144,159,172,187,182,155,190,153,160,188,211,222,214,233,241,234,242
56,48,57,68,74,81,100,111,108,118,164,189,160,193,180,166,164,150,128,120,128,168,171,219,218,222
52,52,60,61,72,93,95,107,141,117,141,161,168,174,174,175,166,189,160,139,115,102,108,100,159,146
52,58,65,64,79,99,112,137,129,142,138,158,162,131,155,156,167,188,162,153,139,107,97,78,87,76
56,61,69,77,95,96,124,99,130,130,144,140,155,116,113,151,142,155,137,153,114,113,100,94,80,69
55,61,72,83,105,98,127,123,131,136,134,123,129,123,125,129,118,118,124,132,136,127,94,91,85,84
54,56,60,81,91,104,105,127,136,131,150,119,136,133,134,138,136,140,141,143,145,100,97,89,91,95
51,43,52,65,81,90,102,102,138,122,148,151,149,146,144,121,164,112,119,127,130,118,107,88,81,82
44,35,43,56,72,81,100,107,127,145,159,103,154,148,142,138,122,109,110,117,127,136,98,86,79,70
33,32,33,51,60,73,84,84,128,101,110,121,128,134,166,137,170,140,132,117,131,115,98,97,90,77
25,25,23,34,37,47,58,80,75,98,90,85,98,116,107,135,141,141,125,138,157,112,126,118,98,92
27,22,25,16,13,15,27,27,31,43,61,65,58,86,85,97,90,104,121,112,111,124,104,106,103,112
36,37,39,20,5,1,9,7,8,0,5,0,13,49,55,64,80,71,77,77,78,79,83,85,84,83
43,57,52,36,9,5,8,12,5,8,0,4,4,37,53,61,56,60,80,74,78,71,71,69,67,61
51,57,64,55,34,8,8,8,9,6,3,2,0,31,62,76,67,59,99,84,81,72,70,63,76,71
64,63,70,67,45,25,14,11,8,7,0,3,1,33,67,152,139,85,222,246,234,130,84,74,66,71
57,61,79,83,74,43,22,20,16,17,4,2,0,24,57,195,240,237,252,250,247,205,129,179,241,233
69,66,85,102,88,73,46,29,14,21,15,16,0,3,40,163,246,249,253,255,251,237,195,242,255,253
73,79,94,101,110,94,69,46,24,25,18,20,4,0,9,91,221,248,255,246,255,244,245,250,251,250
83,76,89,107,110,113,94,69,47,38,27,24,13,0,0,56,141,241,250,255,251,252,252,249,253,255
85,88,93,96,118,130,122,91,64,49,44,41,32,6,4,17,85,225,253,249,249,255,252,254,249,255
95,95,101,107,125,142,126,106,88,61,44,39,50,38,15,4,27,126,251,255,250,251,251,255,254,253
94,113,103,110,117,177,143,128,110,87,74,59,51,55,48,36,24,79,253,249,247,251,253,255,253,255
112,101,117,124,173,137,152,151,134,134,90,70,58,56,65,63,55,59,188,232,139,153,253,250,253,254
101,93,108,139,164,157,172,121,162,158,131,94,79,62,61,68,69,60,56,56,49,19,193,252,252,251
100,107,111,144,189,165,170,177,189,165,167,138,96,93,72,69,83,66,74,64,64,62,56,180,251,254
103,96,127,145,158,178,196,158,184,167,165,168,142,120,97,85,78,85,88,88,70,56,69,75,79,84
132,132,106,130,131,194,199,206,191,183,154,174,191,159,121,107,91,103,94,100,87,95,100,89,84,84
117,121,120,133,148,148,205,197,188,174,180,185,198,205,174,149,104,113,100,99,105,113,109,114,105,113
132,103,129,128,142,179,201,193,184,189,164,191,185,211,197,201,142,147,109,110,122,141,137,127,130,112
