161,142,113,112,101,94,77,76,73,74,52,55,68,60,67,55,69,77,62,61,62,74,70,81,86,94
156,149,124,116,112,111,90,82,81,76,56,66,57,59,61,57,64,58,61,62,71,75,79,83,93,92
157,161,164,141,145,137,139,117,117,97,109,96,91,74,71,72,74,69,78,86,88,93,89,103,113,105
164,160,146,132,136,123,118,114,141,147,156,135,144,129,131,117,112,128,123,126,118,139,110,123,120,130
111,122,99,107,97,107,109,107,108,126,133,145,139,150,155,135,123,142,132,140,123,137,109,103,90,110
115,106,123,92,102,89,109,107,100,119,121,117,122,124,103,103,103,105,88,94,104,91,98,93,90,103
112,110,106,96,108,99,101,109,100,107,105,97,84,90,90,80,83,86,86,90,92,103,99,96,90,86
119,97,104,100,101,86,99,110,106,108,119,107,110,98,85,79,70,90,96,83,97,90,97,89,77,83
105,105,133,128,114,87,105,121,115,130,111,125,124,118,94,87,88,93,95,90,99,113,91,83,80,71
175,171,246,239,238,183,132,145,132,133,139,141,135,131,119,131,106,99,101,98,125,117,112,136,94,93
202,233,245,251,252,251,176,127,177,229,238,223,224,218,213,153,126,91,167,210,246,238,253,250,243,193
253,251,255,251,251,247,243,165,252,255,250,255,255,245,252,243,191,201,250,253,254,254,247,255,251,245
247,254,248,255,251,250,250,250,246,254,255,250,252,253,252,253,229,242,250,247,253,249,255,249,253,248
252,246,255,252,255,249,252,246,255,251,253,255,253,255,252,249,250,254,251,255,254,255,252,253,254,255
253,248,254,252,252,254,254,252,254,255,252,255,252,255,250,255,254,245,255,255,255,251,254,249,254,255
234,250,255,251,252,253,244,248,254,252,252,255,255,251,255,245,249,255,250,253,246,255,255,255,252,249
113,167,195,239,240,243,172,251,253,254,255,248,251,254,247,255,250,248,249,255,251,252,244,250,251,252
115,122,105,108,102,110,85,175,240,248,243,248,246,251,244,242,202,230,248,247,244,249,252,240,220,160
128,109,128,115,133,130,122,136,124,133,140,146,126,166,131,131,122,113,123,128,138,122,132,107,132,125
150,155,143,153,134,152,138,135,165,166,153,165,162,138,147,151,145,139,145,147,137,153,138,151,143,148
151,156,175,176,137,146,157,160,151,172,139,163,183,169,178,184,161,151,164,126,153,154,161,144,154,143
168,159,157,179,169,150,166,150,138,143,168,141,159,155,162,187,146,151,177,145,141,170,174,135,151,158
183,141,173,151,150,185,168,155,154,150,173,141,150,159,142,138,133,142,152,141,152,156,152,149,147,132
199,185,176,159,172,156,166,176,153,186,158,150,173,158,135,140,117,127,143,145,142,132,119,137,123,141
215,220,185,169,184,182,159,167,187,152,156,179,162,141,141,151,134,135,130,138,139,133,155,153,128,127
229,219,228,211,217,217,178,180,149,151,156,150,136,178,182,170,159,139,151,142,150,116,137,123,147,155
246,238,225,232,224,236,228,188,192,182,174,175,201,197,204,182,177,165,164,199,166,145,165,166,185,189
226,219,231,236,216,223,223,211,218,197,200,213,187,181,182,181,183,200,183,187,189,176,190,200,209,202
233,210,191,216,228,223,224,213,215,217,205,203,186,181,185,188,181,198,186,213,204,201,217,217,219,203
210,230,201,218,198,211,215,217,221,208,200,200,196,221,198,198,192,171,180,203,216,217,220,219,210,206
