114,128,103,121,118,129,154,158,156,161,121,138,121,144,128,112,141,112,102,123,121,118,99,92,113,104
119,171,129,131,122,127,131,126,114,124,130,141,123,132,115,127,125,127,118,109,124,118,111,97,103,106
129,134,154,163,141,112,124,113,106,99,110,104,114,111,116,129,107,110,123,107,129,127,100,100,103,108
123,122,110,129,125,148,119,121,118,115,97,83,108,121,105,87,103,112,105,106,100,112,96,122,97,98
119,90,113,115,117,103,102,94,110,90,84,107,91,95,93,100,112,120,88,98,101,120,103,112,120,118
179,142,118,100,102,101,96,114,130,103,100,88,95,85,95,90,81,92,90,106,111,98,122,141,178,174
192,181,162,141,164,154,147,147,182,137,136,129,123,145,132,94,103,131,133,127,148,152,166,162,188,178
213,222,213,186,181,181,186,195,160,143,187,141,140,145,130,135,114,166,187,165,177,208,196,177,169,182
194,175,207,198,200,179,184,183,144,154,196,136,140,152,183,164,171,211,198,193,189,180,156,172,136,125
186,190,188,183,177,173,201,176,174,159,142,172,162,134,162,176,181,169,190,201,189,164,132,145,130,131
164,165,146,170,140,159,176,152,140,181,155,141,139,160,156,139,128,140,156,159,145,143,152,152,158,168
163,143,140,156,174,185,161,133,177,139,124,123,149,139,138,119,133,158,124,174,161,141,145,158,142,177
160,161,172,137,148,163,124,140,137,134,105,135,157,141,148,137,153,127,130,137,154,157,176,165,160,154
139,157,124,147,144,125,126,101,142,128,140,129,143,132,171,117,134,135,129,162,181,143,143,157,130,175
150,163,179,161,145,126,124,102,121,156,155,114,116,123,127,136,112,126,173,132,159,142,156,162,145,171
162,130,126,158,129,113,136,120,112,154,130,123,153,122,113,125,107,116,127,158,143,138,136,150,157,152
128,155,116,129,115,120,114,126,111,116,104,134,116,129,124,126,128,135,124,142,125,132,152,154,140,134
140,128,114,125,142,112,113,102,108,106,118,108,132,117,99,108,117,100,108,111,109,121,151,124,125,140
149,135,144,132,132,107,106,106,96,103,110,105,111,125,123,109,111,122,105,121,112,125,100,128,127,116
157,136,136,130,105,114,108,111,104,132,108,112,101,125,121,133,125,117,107,125,145,128,112,145,120,151
151,168,144,132,130,110,112,94,123,112,118,157,145,114,114,134,131,115,125,126,142,156,124,117,133,114
167,129,179,128,122,134,128,119,116,124,113,127,128,104,115,128,130,137,125,123,142,137,131,133,138,129
204,176,135,151,131,131,125,131,162,142,149,136,158,160,124,130,124,123,120,131,138,126,134,156,152,139
207,202,178,175,179,185,146,171,184,148,154,152,153,147,135,125,138,154,153,156,157,173,156,144,132,154
208,213,189,179,183,164,183,179,170,174,176,155,200,166,152,134,134,133,136,148,183,169,170,153,151,131
201,200,230,196,212,178,172,160,169,186,173,190,213,190,168,185,158,166,164,157,179,218,191,182,139,124
204,208,203,197,198,178,166,155,168,176,180,209,169,206,188,197,161,156,150,164,186,212,201,176,171,186
231,196,196,202,205,181,180,165,150,164,146,152,157,181,195,172,197,165,156,186,199,176,204,192,171,184
196,219,187,197,187,185,205,180,186,151,187,161,154,192,166,172,179,177,197,167,204,185,194,152,184,159
189,172,158,172,159,161,163,170,174,170,165,156,172,154,170,164,169,137,171,173,154,161,186,167,162,168
