224,233,227,228,233,216,203,220,221,206,198,196,190,171,150,140,167,185,152,166,177,189,179,184,207,118
194,194,209,193,198,206,218,199,189,163,169,139,144,139,119,134,125,137,114,109,86,104,80,79,80,84
154,147,162,204,193,210,187,184,187,177,165,125,125,135,113,117,105,97,84,86,81,74,79,73,86,73
114,129,156,174,176,168,172,172,153,154,144,141,120,91,90,80,74,77,87,74,75,83,72,88,92,90
66,87,131,195,181,143,180,154,150,130,143,120,96,74,75,58,66,69,75,78,92,72,90,87,80,95
79,70,65,100,129,139,135,139,140,129,149,95,67,55,56,58,61,67,67,63,70,84,89,79,82,79
75,70,66,62,60,94,130,165,134,110,81,54,51,60,53,57,60,56,65,61,59,63,84,94,91,90
78,70,66,59,58,56,57,43,66,46,44,52,50,50,61,60,71,58,63,58,73,67,73,90,84,96
68,57,56,52,52,37,43,48,42,49,45,49,58,54,52,61,48,54,46,55,65,79,85,73,86,92
75,65,56,50,54,43,53,48,43,41,45,42,49,46,49,52,48,52,60,68,69,79,75,84,83,114
93,92,82,82,74,63,50,56,47,48,52,49,48,59,60,67,62,59,69,68,63,78,74,80,95,106
107,100,93,106,100,92,86,90,86,66,69,64,63,81,70,82,73,78,84,89,99,86,98,91,119,115
77,77,90,110,109,135,114,112,101,94,72,94,102,104,96,81,90,75,84,88,86,98,97,94,98,100
72,76,76,66,77,95,122,102,101,97,97,87,97,99,92,85,90,79,67,77,68,68,68,77,72,70
69,72,67,74,64,69,69,82,74,66,73,63,73,63,70,58,71,70,68,68,64,63,64,65,61,62
61,62,65,62,73,68,64,80,69,51,52,58,54,60,46,57,69,49,61,62,60,58,69,70,67,58
123,82,77,70,74,54,72,57,75,72,56,53,58,62,56,52,65,57,63,51,51,53,49,82,125,187
247,214,96,92,90,106,90,80,81,92,72,64,63,66,71,81,104,109,157,160,143,65,62,146,228,246
255,243,154,187,241,251,250,248,233,188,102,85,63,135,214,240,253,251,248,248,242,141,157,236,247,251
249,247,220,250,255,250,255,253,250,248,251,171,124,234,251,253,248,250,255,253,247,245,186,250,252,253
255,255,249,250,254,255,251,252,255,255,248,246,197,249,254,254,255,255,249,255,251,255,251,249,251,254
255,248,248,255,253,255,255,254,254,254,251,249,252,248,255,248,255,255,255,254,255,247,252,252,252,255
254,250,255,255,255,254,255,251,255,251,252,253,250,253,255,253,255,254,255,255,251,254,253,251,255,255
255,255,255,249,253,255,253,255,254,255,255,254,253,255,255,253,253,255,255,254,255,249,250,255,247,255
254,245,252,255,255,254,251,255,249,252,250,254,250,254,255,255,250,254,252,253,252,255,248,246,255,255
248,104,248,252,252,254,255,255,254,254,255,249,255,253,251,254,251,255,255,253,250,255,151,49,55,88
69,75,65,254,251,251,250,250,252,254,244,229,248,247,252,253,255,253,254,250,255,235,71,41,42,43
90,78,91,83,199,240,251,252,238,228,152,83,74,169,245,244,245,250,236,198,121,96,72,72,70,74
101,108,108,106,118,116,94,103,106,114,89,85,80,94,91,82,94,105,106,106,103,97,119,91,83,88
107,118,121,153,117,142,133,118,125,138,118,100,96,120,123,120,113,107,105,124,125,133,110,98,101,112
