58,53,48,56,53,50,53,59,51,61,48,67,56,63,62,57,54,47,56,77,82,80,80,84,85,108
65,57,66,71,75,65,68,61,73,56,71,61,69,65,59,67,79,82,82,95,112,116,103,111,109,119
71,64,73,75,83,72,71,71,71,80,73,76,69,77,74,78,84,112,127,119,113,103,117,111,120,127
74,69,73,72,84,77,79,69,87,84,95,74,79,84,88,109,110,128,140,126,128,128,113,122,136,175
73,64,69,71,75,74,78,88,88,92,89,81,96,102,114,112,152,145,157,136,127,159,124,154,155,201
80,82,72,86,84,82,87,88,100,111,103,107,103,118,131,147,168,154,160,142,155,149,155,168,158,182
97,92,83,82,89,92,98,102,104,116,122,100,158,131,145,147,146,136,146,139,142,134,159,151,148,208
91,90,106,110,108,106,107,118,129,113,110,147,157,134,150,170,149,125,126,143,157,164,162,168,175,155
112,125,124,135,122,129,150,142,132,141,156,153,159,174,133,150,131,143,141,126,154,152,160,159,153,181
146,137,130,142,157,168,164,149,148,155,144,145,150,171,155,150,143,140,144,144,168,143,149,172,154,146
155,146,161,157,175,148,167,150,168,163,165,144,141,145,168,143,143,150,153,148,151,171,185,158,140,134
196,204,186,161,186,167,147,177,139,156,177,190,147,146,184,168,128,156,172,172,167,216,173,158,131,162
194,175,176,182,180,149,183,143,170,195,190,160,170,144,173,149,166,179,188,195,203,193,177,149,146,169
194,186,198,183,167,163,179,187,200,179,223,153,180,151,188,168,192,198,219,222,224,208,174,144,161,176
198,187,215,203,204,171,186,200,207,201,197,186,206,186,209,178,201,213,220,209,185,179,144,202,186,183
212,183,200,208,222,223,194,198,207,193,206,195,194,182,191,203,164,192,164,172,178,193,169,198,162,186
224,210,215,214,207,208,187,209,198,207,218,213,204,204,176,175,155,124,138,139,132,119,160,123,169,177
221,223,219,226,237,236,221,205,217,197,218,200,204,168,147,107,116,124,90,97,120,100,90,120,150,207
236,237,228,231,211,217,232,211,214,178,225,190,169,113,123,87,95,94,87,81,69,90,98,104,132,209
239,245,233,232,235,236,199,220,193,173,185,136,133,91,68,80,86,85,75,96,100,92,95,89,124,186
236,243,240,222,239,220,226,202,180,152,131,106,87,63,61,83,95,98,118,121,114,111,103,93,126,190
246,238,240,239,218,211,207,202,164,120,109,78,55,60,65,70,82,121,143,128,156,142,114,107,136,199
238,240,241,221,215,195,190,168,138,103,79,62,58,55,56,72,109,154,201,190,196,170,143,134,162,214
230,239,223,223,203,192,156,134,107,81,64,56,57,58,65,93,145,173,215,226,223,201,151,134,181,241
245,223,221,197,169,137,132,114,92,73,53,49,55,60,67,110,188,231,234,233,240,217,176,185,229,241
231,213,180,198,144,139,125,102,80,67,51,53,60,65,66,117,208,239,236,240,238,238,238,230,243,249
215,214,187,168,150,118,106,93,61,52,58,63,63,81,76,132,225,237,248,255,244,254,238,236,239,249
193,174,175,143,151,113,98,72,61,63,49,65,87,93,86,142,226,248,250,239,255,248,245,247,246,254
207,187,157,143,128,96,78,70,52,56,65,71,91,106,109,145,219,242,255,251,244,250,245,243,247,235
219,173,133,126,101,80,67,53,63,64,69,78,98,98,112,123,164,230,238,231,247,250,252,233,232,230
