102,131,143,140,199,174,209,210,204,183,165,167,165,157,133,133,132,136,103,113,97,87,81,73,54,58
123,139,151,174,174,186,198,190,233,197,180,209,176,134,130,119,132,129,122,116,102,97,86,78,63,67
173,153,172,173,163,161,195,212,197,221,225,210,174,152,128,141,137,129,119,111,108,106,90,87,81,80
177,172,166,169,193,187,227,199,197,206,202,194,185,138,128,162,128,123,135,129,126,110,101,108,92,88
196,162,171,183,190,216,198,226,213,202,218,197,192,149,124,138,143,139,134,136,136,120,125,112,100,99
151,196,187,187,201,192,224,220,223,230,198,207,193,153,153,131,148,124,131,130,115,154,128,103,107,123
186,166,192,192,202,210,211,239,214,217,233,215,180,163,159,140,139,139,127,128,121,136,162,146,128,112
161,181,179,184,188,196,221,229,241,221,210,226,202,182,162,146,140,142,129,127,145,146,166,138,136,129
140,160,166,173,192,217,217,210,215,228,198,233,184,174,154,146,138,130,129,123,116,132,138,145,144,173
135,149,155,175,160,192,171,192,221,222,227,196,178,191,179,154,133,125,134,110,123,124,127,137,142,166
153,139,143,160,161,182,190,223,215,217,188,197,171,177,176,145,126,123,141,119,125,108,132,134,133,169
155,155,141,135,166,169,188,225,200,219,208,161,170,161,147,179,129,138,115,120,111,148,143,146,141,169
157,155,134,134,156,160,203,209,198,219,185,154,157,147,130,141,125,114,144,120,126,132,132,137,155,158
199,167,148,162,168,192,198,179,176,217,165,146,151,126,138,143,127,119,124,140,130,125,134,160,136,137
178,176,168,204,192,203,196,189,194,189,165,171,142,172,148,147,128,127,113,118,141,128,130,115,137,127
195,163,157,193,194,191,169,190,189,163,184,150,166,163,159,131,126,118,127,125,116,115,110,131,100,110
193,214,189,222,205,207,210,190,185,193,166,184,165,164,157,137,149,120,125,121,111,113,99,104,91,103
210,211,194,216,223,210,214,198,207,206,185,195,195,179,172,169,154,166,154,124,131,120,83,94,85,76
210,221,233,204,227,196,229,216,205,205,224,199,182,180,170,187,194,177,168,131,134,108,91,92,75,75
217,240,224,244,242,242,222,223,242,225,224,232,207,195,212,215,194,195,161,153,135,106,99,86,100,88
221,241,197,234,253,237,242,238,235,243,234,229,222,214,221,203,223,183,203,188,133,118,83,89,120,111
233,243,238,251,246,242,248,246,237,238,241,239,232,238,250,240,204,208,201,200,184,148,117,98,129,147
237,247,255,247,252,246,243,248,249,249,252,242,243,249,241,235,224,201,202,204,190,159,121,116,119,174
248,251,243,250,249,247,248,251,250,251,252,248,243,252,250,242,241,240,200,196,188,170,128,139,147,172
239,255,250,250,248,244,252,249,248,251,245,248,253,246,251,243,233,236,214,206,215,157,142,155,176,185
255,246,248,255,250,244,253,248,248,251,239,243,241,245,231,254,234,226,215,220,201,181,148,164,194,211
255,253,254,250,246,249,255,251,245,242,237,242,249,235,237,207,222,205,207,214,205,175,181,191,231,224
243,250,246,251,251,249,242,244,249,245,237,229,236,205,194,183,177,141,161,155,180,175,207,194,203,232
250,243,234,226,238,243,236,241,234,234,226,230,211,199,153,162,144,121,139,127,171,161,192,195,209,220
238,197,180,183,210,218,213,248,233,222,214,200,193,186,150,139,132,107,135,121,100,117,122,90,110,144
