17,35,19,18,11,11,23,37,40,47,64,79,84,82,83,63,63,61,68,60,53,46,23,54,3,10
15,16,30,32,30,15,18,34,39,45,52,55,67,71,78,78,66,68,58,59,36,25,58,4,11,6
2,16,29,27,25,15,20,21,33,39,50,62,59,75,72,60,61,57,62,48,30,47,28,7,10,121
2,9,26,34,22,17,19,25,29,35,40,51,62,69,58,64,64,48,55,49,11,60,6,7,37,242
7,2,17,28,28,18,11,18,21,35,38,50,61,68,69,67,60,53,38,30,51,18,2,23,203,241
1,4,15,22,31,20,14,17,19,28,32,44,50,70,59,68,65,57,46,20,48,2,11,29,159,251
3,5,9,19,25,15,16,13,18,21,32,45,49,55,67,70,59,52,38,48,10,0,8,114,245,250
4,10,0,20,27,12,10,7,17,15,14,15,29,38,37,47,40,24,24,26,0,11,26,184,244,251
4,0,13,18,23,10,11,22,38,42,34,30,35,30,29,20,30,36,18,4,3,9,28,183,246,250
0,7,4,21,30,16,4,7,9,22,26,39,37,46,44,17,8,5,6,0,2,16,39,183,241,245
5,6,6,26,32,2,7,11,7,11,9,11,19,11,11,12,4,2,5,0,0,20,38,203,236,235
10,6,5,30,34,7,8,8,4,8,8,15,23,19,20,19,10,4,3,0,0,11,33,189,218,245
6,1,2,33,31,12,10,8,6,8,10,21,29,34,38,36,29,16,6,3,11,17,38,131,220,236
2,2,10,39,22,11,9,9,11,11,11,23,28,40,47,48,44,26,7,2,0,17,26,87,199,226
2,6,21,39,12,7,6,8,13,12,12,21,28,42,49,52,53,36,13,6,4,21,29,81,146,180
6,8,30,30,11,8,6,8,11,11,15,24,33,45,51,55,59,45,23,15,2,18,37,48,85,186
11,10,39,25,12,10,8,9,9,11,20,29,35,46,53,59,61,49,29,18,3,18,25,76,96,84
6,3,39,19,9,9,9,11,8,9,23,31,40,51,62,68,68,56,35,22,7,16,26,68,108,136
9,30,32,14,5,9,10,9,13,19,28,36,45,63,65,79,79,48,42,25,15,4,19,42,196,145
16,35,25,7,8,10,10,11,14,19,31,46,51,78,80,95,78,67,42,25,14,4,16,50,145,79
22,38,24,12,7,9,12,16,17,18,30,49,68,84,112,112,99,76,53,25,18,4,16,32,98,104
32,31,11,4,8,11,14,17,19,23,37,56,76,119,123,107,103,86,48,32,18,15,8,17,74,130
45,25,10,10,13,15,16,17,22,33,53,72,103,118,134,134,114,79,59,30,19,6,17,18,44,105
37,12,7,12,12,17,20,22,29,42,62,81,121,129,149,146,140,86,68,39,14,16,6,23,30,96
34,12,10,11,14,19,24,31,38,50,74,98,140,168,173,160,131,125,86,48,25,19,10,15,25,104
17,7,12,13,23,23,26,34,43,60,93,129,165,204,205,186,181,151,79,66,38,22,16,17,24,49
6,7,13,23,21,28,29,42,54,83,101,142,178,208,229,208,189,168,105,85,47,25,14,18,17,34
11,16,21,24,30,33,36,51,72,107,132,169,213,222,216,196,189,177,132,104,68,42,14,6,19,26
16,22,29,23,22,33,51,69,89,125,164,201,220,227,212,225,221,182,158,124,84,57,28,9,18,19
26,25,29,32,41,50,68,78,92,129,183,222,225,235,227,232,232,210,189,146,114,70,37,15,10,14
