43,41,45,46,56,52,56,53,41,36,36,32,32,35,37,40,43,48,47,59,60,60,66,69,72,68
51,48,43,44,38,46,61,57,65,50,46,39,35,35,33,36,33,38,38,47,49,49,58,55,58,58
51,64,53,46,45,46,56,65,67,65,54,52,51,47,40,44,36,39,38,40,38,40,51,41,43,47
52,65,62,63,54,58,51,56,63,62,55,61,65,60,51,58,51,53,45,51,45,38,50,47,47,43
56,71,66,92,57,62,65,60,62,66,64,67,67,70,60,70,69,65,57,76,60,63,69,57,62,61
59,66,78,75,92,83,73,86,63,62,55,61,68,73,75,71,75,62,64,59,71,69,63,71,61,60
72,73,63,78,79,88,66,73,88,78,71,73,79,77,70,72,78,78,72,64,68,70,59,68,62,57
81,78,94,103,94,111,91,81,80,100,99,90,98,84,70,72,65,68,72,74,65,68,64,64,57,54
88,82,118,102,101,118,120,101,83,115,104,103,108,116,110,110,92,79,77,73,77,76,73,75,56,57
79,76,112,107,106,111,119,104,116,111,114,119,122,123,132,114,127,102,105,92,93,93,87,85,81,70
99,104,104,104,134,125,129,145,141,131,140,163,142,162,119,139,130,132,144,126,114,108,111,105,109,97
111,101,127,110,136,138,131,149,115,125,120,135,166,165,153,165,156,158,166,141,140,113,134,137,114,124
104,115,142,138,139,144,158,166,143,153,146,176,194,169,174,169,177,178,145,157,149,172,169,174,177,167
140,155,135,143,137,147,154,184,159,164,170,181,166,151,155,155,179,178,177,175,193,170,201,189,185,196
150,157,184,170,161,159,175,181,173,182,178,160,130,154,111,142,169,180,192,191,195,175,196,186,195,193
149,169,187,192,178,181,181,198,183,182,196,192,183,193,178,193,179,188,181,193,193,192,201,205,201,190
175,180,193,196,186,201,192,190,175,178,187,199,202,178,161,180,187,196,179,209,181,188,215,197,220,215
149,156,178,200,199,190,186,185,182,162,212,195,191,196,183,207,221,199,193,200,208,212,222,208,204,218
89,130,137,163,167,202,194,200,194,192,204,197,196,194,215,207,212,210,223,220,221,233,220,217,217,224
93,103,93,113,126,162,173,174,187,190,180,190,195,191,197,219,205,219,222,224,220,216,223,227,221,230
70,81,79,71,84,89,120,127,171,166,176,205,196,192,200,211,214,217,212,228,214,229,229,223,230,228
71,70,62,60,63,71,62,80,88,116,161,171,187,201,217,179,202,215,213,220,224,228,229,227,224,236
63,66,65,46,46,54,50,49,47,88,126,164,180,194,200,182,209,216,216,223,219,229,237,228,233,234
84,76,70,57,51,35,48,49,58,60,103,128,143,173,184,196,210,199,216,227,220,225,237,227,240,235
104,92,89,63,54,54,50,53,61,71,92,130,141,134,187,195,195,198,206,219,236,227,230,230,229,236
110,96,97,74,72,58,44,63,66,74,87,83,122,150,176,186,209,215,208,219,221,208,208,215,227,240
131,104,110,85,77,63,47,41,46,64,74,83,99,138,146,183,186,180,207,227,226,233,233,228,234,237
143,134,110,119,90,78,48,42,52,67,72,99,87,123,126,162,176,208,202,211,224,225,218,221,217,240
138,139,153,159,122,89,53,45,49,55,73,92,92,104,133,156,171,181,207,220,212,229,225,223,225,235
196,170,171,138,115,86,56,51,58,71,83,84,98,92,128,152,147,182,184,193,224,214,217,216,230,225
