126,130,129,127,131,126,129,127,22,27,34,52,64,83,80,97,81,98,104,87,77,84,84,90,79,109
129,125,128,130,127,127,132,11,18,46,51,60,77,86,100,93,99,103,102,103,74,87,87,71,90,117
130,125,128,135,119,129,126,17,28,35,57,68,83,74,86,106,109,102,106,107,88,81,67,91,100,115
126,129,134,121,132,128,128,21,34,42,55,77,84,100,85,99,116,113,132,114,111,75,99,96,106,95
129,133,116,131,131,126,129,17,36,53,68,61,96,92,113,97,117,104,108,124,102,89,62,90,102,118
123,130,128,131,128,132,11,23,36,51,58,76,88,99,103,111,106,119,104,102,111,97,80,83,101,108
131,127,127,127,123,125,23,29,39,50,70,86,106,127,111,112,118,99,112,113,106,107,97,84,85,113
127,130,126,132,130,131,19,26,45,69,82,98,107,114,130,143,114,108,121,111,118,112,101,65,62,105
125,130,127,131,131,129,20,32,52,71,93,99,110,127,130,115,123,116,110,122,112,122,98,42,30,62
130,126,126,127,120,12,26,35,60,73,87,108,123,126,130,116,113,115,111,120,118,122,117,39,48,69
127,128,131,133,133,18,32,42,52,80,95,105,113,132,120,122,120,102,120,121,134,119,105,107,114,106
127,129,125,126,128,18,29,51,65,94,103,145,121,126,130,121,106,119,111,123,147,134,135,144,134,111
133,124,129,129,129,33,42,49,77,119,126,126,115,138,121,115,125,127,152,150,133,148,127,159,174,140
124,125,135,124,123,35,61,76,91,132,122,128,132,118,124,127,121,143,136,156,139,142,127,124,110,141
130,129,123,130,133,43,75,76,88,107,125,138,120,121,131,120,135,165,138,174,149,106,122,117,160,162
129,126,130,126,51,65,68,91,104,126,103,135,134,129,124,146,129,143,144,122,95,117,154,135,162,153
129,124,133,127,63,74,73,106,108,109,123,116,123,115,131,83,111,104,105,103,110,129,122,124,128,121
131,125,125,126,84,89,93,117,110,108,112,120,116,133,84,93,90,93,96,81,62,74,94,127,119,107
128,125,129,132,95,96,98,92,95,120,121,100,112,85,60,51,45,43,50,53,48,55,58,77,91,93
129,131,128,130,106,105,99,102,119,110,139,98,92,70,25,28,27,26,34,45,44,45,38,46,56,93
127,132,123,132,125,123,98,119,112,115,109,79,43,28,17,13,17,26,34,38,29,29,28,38,53,57
127,125,128,140,126,142,116,105,116,110,85,38,17,12,20,14,14,24,32,38,33,35,31,32,31,44
131,125,130,141,126,147,138,102,116,67,32,18,16,17,8,13,12,19,19,23,17,17,17,19,23,22
125,132,125,142,149,133,115,98,76,27,17,13,14,10,17,13,14,14,8,13,10,12,12,14,14,14
127,128,130,141,143,134,94,62,31,21,15,13,8,14,8,15,7,7,8,7,4,4,6,5,6,5
130,125,130,180,127,97,49,22,14,17,6,16,15,7,12,7,7,9,9,5,1,0,2,3,6,6
131,126,131,136,125,55,16,17,11,7,11,11,15,13,13,14,10,12,10,8,8,7,2,0,2,2
124,131,123,108,45,12,18,10,15,7,17,10,16,16,13,18,17,18,13,7,7,8,6,6,3,2
132,128,129,30,19,12,17,18,25,29,28,33,39,31,40,34,37,41,39,31,23,17,12,9,10,6
128,129,127,27,18,24,23,33,48,47,46,45,46,43,45,42,36,36,39,41,43,46,42,32,17,10
