220,222,230,223,235,218,231,232,235,239,237,236,237,220,230,232,214,205,204,210,205,204,198,207,208,194
165,158,131,141,144,182,206,214,219,234,232,227,230,236,235,235,232,224,225,209,213,212,210,210,216,210
208,204,219,173,174,174,162,147,131,128,155,142,207,234,234,226,239,229,230,232,222,217,200,203,220,224
204,223,194,197,209,193,191,193,160,196,175,162,177,188,194,176,196,220,229,233,234,209,222,222,217,212
212,215,173,189,180,174,176,209,189,196,177,198,187,190,224,223,208,213,228,229,229,223,215,213,205,182
210,220,213,182,193,173,179,185,203,211,205,189,186,199,204,219,226,224,230,232,226,230,230,215,220,220
209,209,193,208,199,157,181,175,169,198,183,202,181,217,202,200,215,224,215,217,234,217,196,209,219,218
221,237,221,206,199,181,159,155,172,177,186,186,214,190,174,186,190,202,190,203,198,193,196,195,179,206
153,126,150,210,230,214,218,199,168,169,170,161,175,183,175,190,171,187,190,187,180,184,178,171,193,182
144,148,142,129,133,112,142,195,217,217,202,180,173,178,178,181,177,159,166,183,172,169,178,172,181,168
158,148,151,125,132,145,121,125,118,79,105,162,182,212,188,182,196,181,194,170,173,181,155,173,174,180
151,149,127,146,139,146,142,134,115,102,101,89,98,110,74,72,98,120,143,155,161,190,192,214,195,186
163,155,162,147,131,140,148,129,131,118,91,130,122,117,102,120,102,87,109,57,95,108,76,89,104,123
162,172,133,154,152,147,156,148,132,142,144,125,134,128,94,134,115,118,89,107,123,116,143,111,116,111
172,168,157,135,142,159,145,151,153,138,145,144,142,152,143,129,137,124,131,138,115,109,126,124,134,150
166,157,148,141,157,146,147,145,141,140,140,152,149,137,139,130,129,136,134,142,135,123,123,141,127,151
162,172,161,153,167,157,155,147,132,149,143,146,142,111,122,139,136,128,141,138,135,129,135,119,112,109
160,163,181,174,163,155,153,145,148,145,143,142,151,146,130,135,141,153,151,145,151,134,148,140,133,118
185,186,197,175,167,196,170,162,160,161,144,160,155,161,141,145,140,154,148,160,163,150,155,149,140,142
213,215,203,203,194,186,164,162,156,158,174,158,162,161,157,166,173,159,161,152,156,154,156,164,145,145
213,209,217,204,220,197,199,207,178,157,160,152,158,159,167,172,148,190,143,157,147,164,168,154,162,155
211,202,219,215,224,213,178,189,177,169,161,166,155,176,165,163,160,167,164,164,127,150,142,162,162,169
224,222,230,218,218,186,211,172,156,176,159,170,160,161,152,165,167,171,161,153,159,165,176,160,197,171
232,230,226,231,199,210,184,188,174,174,188,175,179,153,167,171,152,182,169,168,172,163,165,159,187,174
228,228,231,233,229,226,222,203,199,171,162,176,174,166,180,174,185,163,212,183,183,186,209,189,208,221
135,163,187,212,220,221,221,218,214,199,175,180,176,201,182,174,178,190,197,207,203,191,207,216,225,233
200,206,203,177,163,161,160,191,200,215,164,147,156,176,172,196,166,173,173,164,173,174,169,198,181,173
223,221,210,200,192,182,200,175,183,172,170,165,163,164,182,173,171,174,167,178,169,161,162,175,163,175
201,189,205,168,180,170,190,168,181,169,169,156,164,181,184,157,176,162,163,161,173,184,181,181,171,175
183,193,168,171,168,172,164,178,160,177,162,163,172,155,173,158,154,173,175,174,172,161,179,172,190,212
