172,171,161,148,151,156,168,160,159,164,151,135,141,127,136,170,144,155,165,161,165,165,173,135,177,135
193,165,168,179,170,170,187,162,178,175,159,171,150,150,129,174,151,161,155,162,132,171,163,173,156,123
180,188,182,190,201,176,180,198,179,201,178,171,176,177,169,132,140,162,152,143,143,172,177,157,158,127
175,174,177,191,188,167,182,192,182,178,189,189,191,187,171,169,165,175,174,150,154,162,165,154,164,127
175,173,185,201,183,201,189,194,203,195,175,206,197,201,203,181,181,175,167,162,149,172,184,176,160,130
183,182,192,192,209,189,191,198,195,197,210,196,193,195,195,191,198,179,190,181,180,191,183,191,166,126
196,201,196,221,223,190,204,204,207,213,200,202,209,234,229,205,205,184,204,188,172,191,195,200,179,128
203,206,207,219,202,215,209,221,208,215,214,224,215,197,211,201,211,195,184,193,195,185,177,176,167,128
190,225,209,212,219,217,215,201,202,218,214,216,215,215,211,213,197,194,209,203,210,203,223,183,158,127
207,208,192,198,212,210,218,210,108,195,217,234,222,224,214,235,215,207,194,207,206,226,205,195,190,130
185,179,171,199,207,201,224,207,151,188,204,221,242,225,219,223,214,207,234,210,209,222,220,196,188,130
172,180,197,183,203,206,212,197,221,220,239,219,212,241,230,229,216,218,228,221,199,216,195,187,129,123
196,184,171,198,184,198,191,204,209,207,223,212,235,233,213,229,206,215,208,224,214,220,187,202,128,128
195,196,179,180,143,166,184,161,178,196,191,200,232,209,200,208,205,191,230,198,175,207,181,185,128,128
209,200,191,183,174,176,158,182,169,176,194,208,207,193,180,235,211,168,199,221,194,179,196,170,128,128
223,230,221,203,190,187,192,202,179,174,194,198,218,212,221,220,215,208,191,211,200,191,171,169,128,128
223,231,217,201,209,208,204,199,201,191,183,190,182,204,190,183,199,216,188,174,172,198,180,183,128,128
197,215,231,211,207,215,214,208,194,186,169,174,169,167,166,188,185,184,151,182,167,185,183,159,128,128
219,231,197,209,235,209,207,209,212,184,184,178,179,204,160,184,179,171,181,172,218,197,179,165,128,128
232,225,198,200,223,231,213,166,217,184,198,191,195,183,186,205,179,197,187,183,174,184,130,164,128,128
204,210,219,199,205,212,220,217,195,205,190,197,196,185,182,142,174,181,211,183,186,179,163,129,128,128
205,221,219,185,213,195,216,224,210,212,200,218,235,186,155,178,165,174,139,177,159,175,124,127,128,128
214,207,213,197,182,228,217,211,211,208,220,201,211,195,188,193,196,170,171,167,182,141,132,130,128,128
224,209,215,219,224,195,210,223,209,224,190,205,219,213,162,184,202,144,137,165,172,169,154,128,128,128
225,210,183,187,190,200,203,212,194,208,211,213,223,189,193,177,158,150,187,165,155,129,138,124,128,128
217,209,218,206,183,215,218,157,225,235,225,179,201,187,221,165,143,161,139,163,153,137,122,133,128,128
221,187,219,216,219,233,208,189,189,208,198,212,194,195,176,154,122,126,168,148,155,178,126,127,128,128
203,233,230,216,210,206,217,208,219,201,229,186,212,189,203,171,147,108,131,156,136,129,133,126,128,128
211,225,225,220,211,218,204,207,200,190,208,216,198,192,209,142,179,169,160,128,150,138,129,126,128,128
215,246,231,220,192,222,213,186,209,186,178,177,205,126,209,158,176,197,148,137,146,134,130,129,128,128
