113,121,113,104,106,101,114,109,114,113,103,118,110,109,125,114,95,104,88,100,107,83,94,96,110,101
112,106,114,116,124,97,126,115,110,116,128,106,111,123,127,120,133,114,129,123,92,99,103,111,105,111
104,93,102,129,117,120,113,114,123,113,127,135,126,132,146,112,99,101,104,99,106,113,107,128,134,118
92,101,103,102,117,132,121,112,125,123,109,132,114,121,118,125,121,121,97,123,116,127,123,129,119,124
98,98,112,100,119,101,115,116,124,111,111,115,127,115,109,124,116,126,108,128,120,120,129,139,121,120
108,81,109,116,87,91,112,115,107,121,114,113,103,121,120,111,121,117,109,97,108,135,123,120,138,133
102,109,81,97,100,89,94,97,114,93,117,113,119,117,104,130,120,118,139,115,114,113,115,121,110,129
83,97,106,113,95,89,117,118,99,116,104,110,123,118,133,128,139,131,120,147,134,137,135,129,130,138
103,118,107,98,102,77,121,98,109,109,92,125,123,119,134,143,131,131,136,138,142,131,134,134,134,139
107,106,112,116,95,101,105,123,99,133,132,132,139,138,143,147,136,154,147,142,143,150,149,132,145,146
100,100,102,100,111,111,121,136,109,128,137,134,136,149,139,149,150,164,170,163,155,145,141,159,160,156
107,106,131,118,115,132,140,133,133,118,127,137,139,147,136,155,156,151,148,154,158,153,146,143,161,155
113,118,121,107,113,130,131,137,146,138,141,143,155,150,167,165,147,147,148,162,162,164,166,136,161,166
106,134,127,130,133,110,120,136,135,141,139,136,138,148,153,153,157,143,152,146,159,162,146,160,151,165
130,112,111,125,107,131,136,138,130,138,143,145,137,154,152,150,156,131,152,151,166,159,150,170,156,163
120,106,126,133,127,135,120,115,105,123,143,142,146,139,146,155,147,142,133,151,152,160,170,156,160,164
123,118,123,98,105,98,116,102,112,134,139,145,141,142,139,146,149,149,148,145,149,154,166,162,151,173
87,123,115,91,82,62,61,112,95,98,94,72,98,121,124,163,138,154,138,147,137,150,158,155,159,152
64,86,58,54,77,68,60,49,56,62,97,98,122,91,84,115,142,99,115,141,139,148,152,146,129,156
59,81,89,93,105,75,71,54,55,36,31,36,43,60,52,65,134,113,98,130,100,133,133,136,145,156
34,36,41,30,34,29,33,31,24,16,43,22,24,27,34,44,88,47,39,43,56,73,83,135,132,135
21,16,16,17,10,15,13,18,12,25,13,14,22,18,17,18,19,25,32,29,40,70,46,51,75,91
14,9,4,14,9,7,8,6,11,0,9,11,10,12,14,16,9,9,15,28,21,30,28,34,41,45
5,8,3,3,8,5,5,7,10,4,6,4,2,7,6,7,18,12,9,7,20,16,32,18,26,38
3,4,4,3,6,5,5,4,3,4,5,5,4,4,7,6,6,8,9,10,12,16,20,25,18,18
4,5,5,3,6,5,6,5,5,5,5,5,4,3,3,2,3,5,6,6,7,10,11,22,23,28
3,5,5,2,5,2,4,4,3,3,3,3,3,2,2,3,4,6,7,6,6,8,8,10,24,23
2,4,3,1,3,1,1,1,1,2,2,2,2,2,0,1,3,4,4,4,4,5,9,4,18,16
2,3,4,2,5,3,3,3,3,3,3,2,2,2,1,2,2,2,3,4,5,6,6,11,10,22
4,7,7,6,9,7,9,9,8,6,4,3,2,2,3,3,3,2,2,4,7,7,8,12,9,20
