65,62,74,80,65,69,82,54,42,39,37,30,24,23,24,24,27,31,45,65,60,87,75,76,94,113
62,74,65,80,65,60,58,30,34,31,22,21,19,17,18,22,26,28,28,28,37,43,55,75,86,86
74,74,77,75,57,42,31,25,29,22,19,18,24,28,23,21,23,20,22,29,27,35,44,42,41,48
80,75,69,55,39,34,28,19,18,18,23,24,25,21,17,20,24,25,28,40,52,50,64,52,51,48
80,65,53,40,33,30,24,18,17,27,27,32,30,23,22,25,29,30,38,44,56,61,82,77,78,77
70,66,41,36,36,26,22,26,26,33,37,38,30,21,22,26,29,35,31,42,55,62,63,63,71,90
77,48,36,31,29,19,23,35,32,30,33,31,25,23,26,23,22,27,27,29,38,44,52,59,55,58
55,39,29,25,24,23,29,36,36,37,24,22,21,26,30,28,27,31,30,37,56,46,58,67,69,62
50,36,26,27,26,31,34,34,37,37,26,22,22,24,26,31,40,46,63,56,66,52,67,76,74,63
48,30,33,33,26,30,36,35,33,21,17,21,31,36,33,34,37,34,23,14,19,13,8,13,8,14
44,35,31,32,34,37,36,28,21,21,24,31,36,37,29,22,7,6,4,1,0,1,0,0,2,0
46,43,34,27,29,31,33,23,26,30,49,32,28,13,12,0,3,2,0,2,10,10,3,0,1,2
50,38,32,36,40,37,29,32,36,33,17,18,14,17,15,21,0,4,8,14,27,20,9,10,10,16
57,46,29,30,27,32,23,35,28,14,15,14,19,98,119,57,6,1,11,11,20,7,0,8,8,14
56,42,36,29,35,41,26,15,12,11,17,21,82,155,143,92,10,0,4,3,11,0,0,6,5,9
57,55,42,29,32,18,15,10,40,59,50,85,121,175,180,143,24,3,0,3,14,9,5,10,8,8
61,69,46,33,24,14,20,19,24,21,73,36,45,29,67,109,67,10,0,3,7,5,2,4,4,1
50,60,52,42,23,28,19,20,12,21,13,19,20,14,24,16,20,21,18,13,5,2,1,4,9,5
60,55,58,46,44,53,59,48,33,38,27,30,26,35,32,38,39,35,48,37,22,26,17,15,19,18
69,52,59,54,61,69,58,50,41,36,27,29,29,40,36,39,44,47,52,40,25,30,32,45,27,27
91,68,58,46,60,69,48,46,39,34,40,31,24,36,40,43,47,49,54,43,47,47,32,53,32,39
90,90,75,40,55,55,40,50,32,45,35,35,36,42,37,35,46,53,50,38,51,53,43,62,48,56
109,89,87,79,43,58,53,38,56,51,36,38,39,45,50,52,54,45,50,53,62,65,76,76,68,87
121,110,91,88,67,56,56,51,55,57,43,53,58,54,54,58,68,63,66,52,77,91,82,81,97,94
134,97,95,97,90,71,71,60,60,58,65,63,60,58,69,79,88,76,71,71,69,75,96,94,86,98
120,139,115,113,112,98,94,71,71,63,64,64,67,68,83,91,100,89,98,87,92,93,82,91,92,97
114,131,120,117,121,128,122,87,74,78,66,72,68,75,83,104,107,110,106,111,110,99,97,82,104,116
138,130,127,126,136,130,141,128,98,88,83,76,69,93,84,86,99,120,122,144,117,131,120,116,117,107
138,159,135,133,129,134,141,152,138,103,87,79,75,88,91,113,116,114,127,129,138,144,154,128,124,130
148,140,148,132,139,156,139,140,126,131,111,88,99,84,105,101,109,118,120,141,146,140,146,169,148,141
