56,62,55,141,114,57,53,53,59,63,56,58,71,73,91,79,102,52,53,127,129,126,131,126,128,128
68,62,64,130,92,60,65,49,55,104,96,89,98,98,126,119,82,79,55,57,129,127,126,129,128,128
70,55,72,89,45,50,50,52,56,94,92,81,84,85,131,132,72,75,66,85,126,133,125,127,128,128
62,62,55,66,56,62,54,52,58,54,55,46,56,58,107,101,70,65,70,72,126,127,129,126,128,128
67,62,58,56,62,69,44,57,56,42,49,51,48,102,48,91,81,55,50,56,127,128,126,133,128,128
67,69,55,60,54,44,53,56,45,57,59,44,111,73,45,85,68,70,43,41,50,132,130,126,128,128
68,57,60,65,65,65,63,58,49,57,58,45,110,44,47,80,60,71,53,54,51,127,121,130,128,128
64,62,59,58,58,56,60,57,61,57,52,62,63,50,57,69,75,55,40,47,50,127,129,129,128,128
62,66,56,54,61,64,62,55,50,63,54,56,60,57,67,70,86,46,46,48,47,131,126,129,128,128
58,66,61,59,55,56,54,50,47,62,58,53,54,55,58,54,79,68,51,57,48,48,129,129,128,128
42,51,50,55,48,52,54,52,50,55,53,50,52,57,55,47,82,47,58,49,50,49,129,128,128,128
30,33,31,41,36,45,49,47,50,45,50,53,55,57,55,54,51,63,51,50,62,51,123,129,128,128
41,37,31,36,31,35,39,36,36,35,42,46,44,46,48,54,45,48,63,51,49,59,130,126,128,128
47,42,37,40,39,35,37,34,37,36,31,29,34,42,48,48,45,83,81,47,45,40,135,126,128,128
42,38,41,49,65,55,53,45,45,47,35,33,38,36,37,34,40,66,49,38,43,52,125,128,128,128
52,48,54,69,100,88,78,63,77,91,87,90,82,55,48,49,36,50,33,37,31,38,35,129,128,128
58,44,42,55,66,83,90,70,67,88,118,120,123,118,107,95,89,78,57,38,35,26,24,129,128,128
51,42,33,33,38,54,63,47,42,49,76,91,112,148,168,160,153,127,123,88,64,47,28,127,128,128
29,30,26,22,16,20,33,35,33,28,34,47,74,123,157,172,167,150,147,127,128,96,52,127,128,128
10,13,15,22,18,8,16,28,39,35,19,19,37,67,100,149,169,168,160,146,142,133,122,127,128,128
6,4,3,16,23,14,10,13,39,40,24,16,18,31,56,109,163,175,159,166,170,147,139,127,128,128
5,6,1,6,14,15,12,7,25,29,33,27,15,16,26,46,104,172,162,142,160,160,142,135,128,128
5,10,6,5,5,7,12,8,10,15,30,30,24,18,14,15,40,98,138,161,156,152,147,145,128,128
10,9,6,7,4,2,6,3,7,12,19,19,29,17,10,20,16,35,71,146,164,160,158,156,128,128
15,16,14,19,19,13,12,10,5,7,18,18,17,29,31,22,17,17,29,93,167,167,155,154,126,126
19,23,24,28,24,17,17,16,17,18,15,16,17,28,37,40,27,22,18,39,117,180,169,159,132,131
20,28,31,33,26,18,19,19,19,27,15,19,16,18,31,50,79,34,19,22,52,138,169,157,124,126
26,33,35,37,33,28,29,27,39,67,53,42,26,19,22,32,74,69,42,21,24,90,158,163,132,130
24,29,27,28,27,25,25,21,36,73,64,48,36,32,30,25,38,50,41,34,24,40,121,162,121,128
52,55,49,45,41,38,36,29,30,39,34,32,33,24,24,24,21,23,34,27,14,24,87,132,133,128
