8,6,35,47,76,31,11,1,2,3,0,0,0,11,93,105,95,97,114,145,32,167,13,44,107,143
17,6,14,32,44,21,12,5,4,1,4,3,2,0,59,109,93,112,116,44,108,186,35,92,78,133
58,11,4,23,23,20,13,7,5,0,0,2,7,3,69,107,95,104,74,35,203,176,108,125,53,118
125,31,9,14,21,24,13,5,8,4,4,2,1,2,89,86,98,99,22,152,236,68,184,120,41,118
149,78,21,2,14,18,18,14,7,5,2,0,2,21,71,86,88,37,50,148,237,19,186,122,33,109
175,134,44,12,5,21,14,22,10,8,4,11,7,55,85,75,47,24,78,115,151,11,163,146,26,103
178,167,93,31,7,4,17,17,21,8,20,5,13,65,83,71,26,46,67,99,77,26,117,122,26,125
185,171,125,73,24,12,7,12,17,20,10,19,33,62,85,32,49,77,94,121,44,84,139,147,29,149
180,172,146,111,51,26,18,14,13,16,19,16,36,75,45,46,88,95,96,98,41,151,201,202,31,154
177,156,164,138,84,44,38,15,18,9,16,22,17,40,23,76,57,88,95,106,48,177,226,249,54,166
184,171,165,158,112,88,49,31,32,26,11,20,17,16,22,26,31,36,53,53,103,187,241,249,122,153
191,166,172,152,122,108,87,62,62,30,35,20,17,14,10,14,25,24,24,27,58,119,206,243,48,89
185,190,164,138,121,116,110,89,80,59,47,44,26,26,21,21,10,16,14,21,25,40,81,86,40,44
203,165,160,145,119,120,109,98,108,93,79,71,70,66,45,36,33,27,27,21,16,20,27,29,21,24
184,184,167,170,124,123,117,130,127,125,115,100,100,107,81,66,56,50,42,37,44,36,30,27,20,30
193,196,193,176,147,122,104,130,148,134,127,147,144,148,114,116,103,111,93,87,84,89,68,59,82,64
191,201,185,181,173,129,127,112,157,161,150,156,148,167,150,151,135,147,123,128,126,117,116,116,112,117
199,200,196,189,182,173,138,108,163,175,174,169,177,192,174,162,162,173,155,157,137,139,127,131,155,159
220,205,218,215,187,189,150,125,135,179,185,187,186,186,187,193,188,178,176,179,167,168,156,154,148,174
220,220,212,204,212,202,179,155,134,179,185,187,174,191,205,202,190,213,192,187,177,193,170,165,163,184
219,227,225,221,203,203,186,178,152,175,194,196,193,183,191,201,208,206,194,208,197,187,185,180,188,195
217,222,229,226,227,221,202,197,147,159,167,192,198,203,190,195,211,209,209,216,213,210,202,209,215,200
208,228,231,226,208,204,208,203,168,147,176,189,198,186,188,201,222,210,218,214,221,210,218,222,239,221
194,197,190,205,204,200,213,195,174,137,174,188,204,208,199,221,202,206,217,228,227,236,232,234,224,225
137,148,166,182,196,184,195,199,177,166,184,182,197,194,206,201,191,212,212,220,233,234,245,237,235,236
35,88,145,174,184,187,186,189,158,159,176,198,192,210,206,211,201,213,231,230,224,225,218,238,238,239
23,49,93,141,161,176,176,167,154,173,163,190,198,206,199,199,210,209,224,218,227,211,231,233,243,242
33,42,86,113,153,151,169,158,135,165,188,181,189,216,207,217,213,211,212,216,224,207,238,223,222,237
60,70,92,120,149,146,141,124,158,168,185,185,200,192,210,216,214,210,211,214,219,226,218,219,237,241
54,64,84,91,98,131,112,123,160,178,190,186,216,208,196,209,213,213,220,216,212,222,216,232,237,246
