102,102,90,93,82,45,20,95,28,23,44,46,80,123,169,164,163,150,124,116,119,123,67,44,19,20
86,91,82,97,85,63,20,49,28,15,35,49,72,117,115,152,135,156,157,117,83,66,52,22,24,29
100,102,96,95,114,81,43,35,43,24,29,46,48,72,86,81,68,106,117,75,69,62,34,19,26,32
92,109,97,96,110,112,101,26,44,27,21,38,56,79,122,110,97,70,64,78,63,36,20,27,26,39
119,111,119,127,114,132,119,14,46,35,22,27,38,61,78,95,129,95,80,61,53,35,16,29,26,21
109,113,113,125,128,131,106,36,40,29,30,23,30,24,31,36,46,48,45,45,29,18,28,28,60,33
113,128,119,118,64,140,119,28,28,32,29,29,27,23,29,31,19,26,24,21,32,35,29,30,73,34
134,143,145,141,168,161,141,42,34,31,29,25,28,31,22,20,19,14,31,28,25,25,34,30,41,43
152,168,162,163,149,145,153,31,35,29,29,34,46,17,19,14,26,16,9,18,30,33,22,32,30,72
180,166,158,150,163,179,178,23,36,34,32,29,16,20,30,34,34,33,38,22,28,33,25,31,31,100
177,180,160,174,165,183,163,24,36,37,33,29,26,28,27,35,42,37,32,29,14,35,36,23,31,216
184,176,177,158,159,251,252,44,48,39,31,22,19,25,37,45,57,44,42,35,25,21,28,31,40,101
168,166,156,140,151,145,65,38,38,30,41,12,24,36,43,71,88,85,48,30,24,23,39,30,34,48
154,139,141,127,107,87,32,46,37,42,14,18,26,41,88,124,115,117,73,43,31,17,87,24,31,32
254,252,149,107,71,67,32,117,32,44,13,22,41,63,125,137,166,159,111,85,34,23,23,35,30,31
250,254,255,190,91,47,33,68,32,23,14,25,50,101,165,176,206,196,145,125,63,22,4,31,37,28
251,255,254,229,116,33,34,35,32,12,18,40,112,147,180,200,200,216,196,159,89,35,18,43,34,31
255,170,20,157,106,28,39,92,23,10,26,76,122,198,210,209,220,211,202,188,166,52,21,9,30,68
247,40,43,49,38,36,31,39,10,17,67,148,202,204,226,206,224,207,186,196,170,127,32,4,41,36
177,29,73,38,22,36,71,14,8,41,152,180,204,192,185,204,208,207,168,180,184,133,65,12,11,30
55,121,55,42,37,23,31,8,30,99,208,189,214,221,196,215,192,212,209,181,187,160,115,37,9,27
92,106,38,13,42,31,15,19,63,167,206,221,228,223,207,196,203,206,197,186,199,146,129,73,4,36
62,36,48,31,26,13,6,37,183,198,237,233,230,220,212,217,223,203,215,201,204,195,141,126,28,6
168,38,18,38,32,5,25,146,220,226,230,243,237,247,238,221,224,223,200,213,209,201,181,167,85,10
29,28,29,37,8,7,55,196,205,231,243,242,243,241,226,231,235,233,231,227,216,221,205,173,137,26
19,26,39,16,6,32,138,211,234,236,228,242,240,243,247,231,242,223,232,227,227,201,202,192,166,78
23,33,23,11,17,64,188,213,223,233,239,244,237,247,241,228,229,235,219,233,218,208,198,188,167,159
31,27,21,11,37,124,197,226,235,241,242,245,247,250,249,237,232,239,218,210,204,222,193,168,182,165
34,11,11,29,72,170,206,220,224,234,241,243,234,247,242,234,238,231,212,231,220,218,197,169,169,168
17,15,24,54,153,192,223,231,233,230,237,243,249,235,236,237,230,229,227,229,203,209,209,185,177,167
