29,19,44,68,78,82,73,69,64,74,65,71,59,66,60,73,66,68,78,73,73,68,70,65,69,70
25,30,65,66,62,59,61,51,58,81,77,78,84,81,72,73,72,71,76,81,83,72,73,74,73,62
23,57,82,57,43,74,76,67,73,84,84,90,85,104,73,62,65,85,79,86,77,84,86,73,58,58
36,43,76,76,82,85,72,84,95,74,79,73,79,70,71,70,61,85,90,66,82,81,89,78,77,75
82,83,88,106,75,66,84,88,100,91,87,80,73,56,74,67,85,98,63,84,66,80,98,80,64,81
95,92,112,101,107,98,103,99,92,100,101,86,88,85,94,76,82,88,94,76,107,94,79,86,68,70
115,97,103,92,93,91,98,102,109,111,90,100,82,95,80,47,78,111,96,105,82,89,74,66,86,73
105,103,115,87,105,97,96,116,101,92,97,90,82,98,106,97,72,104,123,124,98,120,94,95,103,92
129,125,132,140,125,122,132,126,115,126,116,120,113,126,124,113,104,100,105,95,115,114,119,117,121,114
138,148,159,153,130,131,130,128,123,122,122,128,137,129,98,97,135,113,116,136,132,126,134,124,134,131
251,253,248,255,130,139,138,136,130,117,126,110,115,130,131,129,159,115,129,137,170,157,181,181,165,179
255,251,255,250,184,150,147,154,124,133,126,112,114,137,124,145,132,160,174,160,180,196,182,217,193,206
140,142,151,181,164,174,158,144,135,144,113,91,112,129,122,117,125,117,170,183,180,255,255,250,255,211
100,125,140,139,141,153,147,127,141,119,123,125,134,138,136,150,174,195,178,206,211,206,215,196,214,219
119,179,148,251,249,47,115,156,159,128,126,143,131,147,140,155,160,154,161,204,209,181,124,151,153,124
72,145,83,64,16,5,5,24,127,98,132,126,158,147,136,140,164,252,255,183,160,115,86,160,156,128
81,161,159,42,7,17,9,10,115,89,128,131,136,158,116,112,110,115,115,122,100,63,95,172,137,155
45,196,161,42,18,11,16,14,62,95,113,158,156,248,200,116,75,69,54,54,54,52,218,191,168,144
26,255,200,95,19,7,16,12,30,38,93,143,254,253,252,100,52,48,45,46,51,92,250,246,238,220
39,251,251,80,14,17,3,4,5,17,122,249,252,255,255,238,86,47,46,58,69,228,255,247,253,252
49,162,252,15,18,0,4,12,14,9,37,253,253,255,250,248,153,58,58,63,61,236,251,250,252,248
35,29,246,17,6,4,1,0,10,17,53,220,249,255,46,33,113,88,67,65,67,241,248,254,255,253
29,36,153,20,17,9,8,8,193,18,52,204,169,242,30,57,60,67,57,61,70,46,195,253,248,250
17,39,28,21,14,8,7,7,7,12,18,200,173,104,39,95,35,47,55,45,41,31,71,250,255,253
14,39,29,25,7,7,7,13,8,11,19,43,176,225,104,80,40,47,38,31,36,26,34,251,246,255
9,13,31,28,16,14,11,4,5,14,17,29,46,52,88,60,123,33,23,39,15,12,15,252,255,249
36,11,17,33,20,19,11,8,10,7,16,27,30,86,163,36,123,36,31,30,23,15,101,255,71,72
108,13,6,28,30,18,14,13,0,16,13,19,22,21,73,186,78,48,34,21,33,10,99,223,130,67
156,38,5,10,26,28,15,13,8,16,14,13,28,31,44,47,102,92,78,46,39,34,101,187,247,252
158,91,23,4,10,33,23,13,18,12,15,15,31,70,97,43,72,58,104,84,32,17,63,202,234,253
