171,144,156,149,133,150,145,163,164,158,132,119,122,122,121,110,127,124,128,148,143,136,128,125,127,128
160,176,140,143,137,145,143,140,154,148,138,134,106,120,119,128,130,138,140,137,148,139,152,132,137,125
159,172,147,133,134,137,147,147,164,146,155,143,121,127,126,129,127,140,125,141,153,162,135,151,143,134
158,166,152,137,121,142,135,147,144,160,155,149,151,149,122,129,131,142,141,141,146,154,155,159,145,151
157,149,148,148,122,137,140,162,149,161,155,162,166,145,130,130,139,116,149,139,145,153,150,144,158,146
158,150,150,142,133,126,136,149,160,162,162,165,174,159,151,129,132,147,152,153,156,152,161,149,152,139
133,156,156,139,141,127,139,141,161,153,172,171,170,175,154,165,142,140,127,141,149,163,149,157,154,141
143,156,152,138,138,133,138,138,153,153,162,165,159,180,151,169,154,156,139,149,146,160,142,154,146,146
141,135,155,145,133,127,133,138,142,141,151,169,163,173,180,174,166,160,152,157,148,145,174,163,149,162
138,126,125,136,140,129,128,133,144,150,138,169,172,179,178,168,173,164,156,153,146,142,166,160,151,163
121,128,138,130,127,129,131,136,133,121,156,151,142,168,168,169,172,166,156,144,140,139,133,156,166,171
144,122,119,112,120,139,115,119,131,143,158,168,166,160,178,172,163,153,171,164,165,145,144,156,158,147
158,143,125,121,102,117,110,128,131,145,161,153,169,172,162,159,172,168,167,135,138,122,114,122,104,112
173,154,129,130,109,76,125,124,127,139,152,164,164,167,181,175,174,155,148,125,82,67,89,96,95,111
178,164,142,125,119,86,108,123,124,145,157,156,186,182,168,171,171,106,75,62,87,113,124,136,137,132
178,178,172,136,139,122,84,123,127,150,148,174,163,177,169,154,88,67,65,118,143,131,145,157,135,129
199,191,180,152,146,118,92,112,141,145,143,156,180,177,155,58,67,88,146,165,157,152,144,142,156,145
208,203,187,167,154,139,127,102,152,145,154,142,184,161,68,52,80,155,172,170,156,143,140,150,161,152
222,215,193,166,160,161,132,93,125,131,145,149,163,79,43,55,155,186,181,159,151,136,138,155,158,170
230,234,201,172,173,159,136,115,118,144,150,158,108,25,46,156,168,193,176,172,158,135,127,150,160,133
226,229,206,176,173,172,151,121,115,144,151,144,40,40,125,184,152,184,182,180,164,150,125,156,159,124
205,206,192,173,177,177,149,137,90,136,150,113,28,48,167,173,157,189,185,185,179,161,136,139,148,143
187,180,179,183,153,170,155,136,95,122,135,50,36,116,193,186,177,189,183,190,182,167,163,156,138,134
154,153,165,175,164,160,146,124,97,128,132,41,39,143,194,194,190,192,179,171,178,174,149,157,155,141
93,149,158,162,163,158,149,123,109,116,113,28,38,132,175,180,207,178,196,188,184,179,181,169,158,153
75,101,141,149,170,161,132,114,113,128,81,35,79,159,180,189,197,193,185,193,207,194,193,161,157,139
82,105,140,152,145,147,123,98,128,123,91,49,94,198,167,177,181,194,186,201,192,184,197,179,171,149
95,120,146,142,153,131,109,91,114,123,116,90,66,202,199,172,181,198,195,194,180,197,175,170,177,161
117,119,128,133,131,105,103,126,109,123,124,105,47,191,186,187,170,187,173,181,180,183,159,172,170,146
94,95,107,89,76,96,90,116,132,123,111,137,37,154,198,193,193,176,188,175,166,138,184,167,162,161
