152,159,158,160,159,153,143,139,141,137,141,131,141,122,95,110,87,96,71,65,51,37,35,37,50,84
159,165,162,163,161,156,156,164,157,142,151,130,143,135,125,137,129,138,126,124,113,95,76,63,34,33
177,163,165,174,157,163,170,160,157,151,139,126,123,130,116,120,106,139,140,154,144,138,137,136,106,75
175,180,173,174,160,162,168,149,130,163,164,132,132,130,126,119,137,167,203,216,191,242,169,135,153,119
180,166,174,167,171,172,156,150,158,155,158,166,167,168,163,164,156,253,253,252,255,255,246,120,144,159
176,180,165,171,185,212,161,159,155,163,149,162,169,162,167,145,173,246,255,254,243,253,184,106,143,159
189,182,164,253,247,255,233,164,155,131,164,151,155,156,144,143,143,130,110,135,137,157,198,214,237,181
180,184,189,253,255,243,214,167,151,150,186,244,199,126,127,150,118,113,97,128,118,196,221,225,195,172
186,202,196,219,246,179,174,168,178,177,210,224,173,157,179,197,154,140,116,163,154,179,187,199,255,250
163,182,185,239,229,163,159,164,170,178,175,192,255,162,189,243,195,200,172,247,182,169,189,251,255,255
168,158,172,196,176,157,153,177,175,166,189,252,255,216,244,255,250,249,248,255,232,181,185,255,255,255
167,154,159,134,137,151,130,102,122,137,251,255,255,253,252,252,255,252,253,250,247,57,34,52,146,245
224,137,161,137,110,139,97,110,123,210,255,252,250,252,255,252,253,253,252,255,151,8,5,8,19,65
245,204,213,154,132,139,113,116,93,203,249,255,253,255,253,254,255,251,255,238,46,12,10,3,4,27
252,243,229,179,164,141,129,119,167,210,229,244,244,252,245,253,249,255,253,205,65,25,4,0,3,16
252,245,222,187,169,155,113,113,234,186,190,214,250,243,255,247,249,249,247,139,45,4,0,3,6,0
250,241,201,162,178,141,92,129,210,160,156,183,213,249,250,240,250,246,255,80,16,6,1,1,0,8
254,207,173,126,133,136,93,117,193,115,119,131,193,246,237,255,204,247,201,33,15,3,0,2,4,7
248,188,135,101,113,70,86,124,155,82,88,146,217,241,244,245,217,194,37,19,10,5,2,0,5,0
246,155,69,66,59,93,146,138,155,81,70,149,193,226,241,225,237,28,9,21,0,2,6,0,3,4
242,92,62,42,72,153,242,114,122,82,100,93,175,222,246,223,111,20,16,7,4,3,4,0,2,2
198,92,110,95,63,119,226,138,109,110,99,53,155,202,245,207,32,8,20,5,0,0,0,2,1,0
184,159,159,136,79,51,181,196,181,194,166,119,164,172,237,193,26,18,10,8,5,2,1,4,0,3
212,246,194,144,118,139,211,178,175,193,159,134,141,144,206,140,29,23,13,0,0,1,1,3,0,3
252,246,183,203,249,250,241,162,176,163,150,138,168,168,175,138,30,7,8,7,0,1,0,1,1,1
174,178,140,197,239,243,184,156,124,139,124,175,194,212,192,119,45,14,3,0,0,1,2,0,2,3
149,163,96,70,108,155,129,143,101,108,133,179,197,245,165,84,54,29,4,1,6,0,3,0,2,7
169,172,104,47,69,187,227,223,151,133,146,184,243,232,134,107,82,53,13,3,1,5,3,0,2,2
185,199,115,65,166,241,245,253,127,172,169,214,240,210,176,145,93,54,11,6,2,1,0,7,0,7
227,187,109,144,212,203,207,137,130,168,183,217,210,203,190,114,65,43,14,1,0,4,0,8,0,7
