217,203,187,201,189,161,103,136,128,125,194,107,88,74,68,65,46,32,39,46,48,93,113,125,68,139
203,210,211,185,173,175,124,139,158,154,140,148,162,134,126,123,161,117,117,119,118,105,107,112,116,121
203,184,141,188,179,159,144,136,163,179,163,139,146,197,134,160,129,160,146,168,158,166,138,142,151,158
203,197,183,179,171,145,127,168,175,202,186,172,175,179,180,153,161,137,171,193,184,187,175,197,178,186
157,157,164,169,104,142,170,164,180,184,190,194,195,196,190,182,168,173,188,190,184,162,191,185,186,206
181,210,185,197,116,146,166,133,189,181,199,205,209,212,196,190,171,197,192,169,177,174,195,202,205,209
205,190,182,156,181,147,159,185,175,188,199,202,199,212,208,182,201,205,200,198,236,232,204,220,203,212
211,172,157,156,156,174,162,149,157,180,180,209,208,215,206,199,205,209,202,220,210,232,236,245,228,234
179,169,129,160,193,160,170,165,180,190,183,206,206,204,198,208,210,223,205,228,231,221,230,230,244,243
147,172,155,177,175,163,169,183,166,191,196,208,207,205,218,211,199,214,214,229,225,235,234,223,245,238
206,159,168,170,152,165,174,169,187,160,178,200,199,209,228,198,218,214,218,210,229,225,235,239,239,237
189,154,165,171,212,175,180,180,195,153,174,174,165,200,202,213,231,229,224,207,195,221,218,204,223,230
161,143,175,201,176,169,164,178,188,189,141,170,143,171,189,200,209,227,222,225,194,205,201,203,209,215
149,188,197,167,201,171,198,194,191,185,188,182,166,179,188,201,204,202,190,214,201,191,212,184,163,184
173,167,179,149,143,192,195,192,154,189,165,131,159,182,179,182,184,184,121,167,188,176,172,185,122,152
152,177,165,177,197,211,184,182,152,151,171,157,169,172,191,168,148,155,160,182,202,207,153,120,128,162
177,148,141,164,180,186,192,190,131,143,169,166,143,154,159,192,171,150,150,160,160,146,145,104,97,130
150,143,185,158,140,161,196,131,135,173,136,147,157,143,163,193,166,165,146,172,125,105,125,80,89,92
166,171,155,145,142,130,157,162,160,198,121,126,152,161,142,169,133,158,160,135,97,95,136,96,77,70
153,140,149,122,153,178,137,156,148,189,191,134,154,179,165,149,160,150,157,156,129,123,84,96,97,89
139,137,160,105,108,129,116,170,164,184,149,176,114,156,97,128,132,171,173,138,135,114,137,143,113,123
140,121,181,164,109,124,164,136,142,135,155,172,145,136,153,167,178,192,171,173,185,150,153,202,130,144
164,112,137,119,77,123,151,102,136,126,119,132,133,158,174,170,187,173,170,181,137,101,133,139,123,100
132,127,108,131,101,142,103,154,127,130,176,105,143,171,131,171,174,141,125,176,149,90,100,105,112,96
128,83,128,137,155,136,146,120,143,106,156,157,187,170,138,130,125,134,131,117,130,127,126,150,122,131
121,132,150,128,178,130,133,132,143,110,114,162,171,153,169,139,152,118,142,146,140,154,115,120,148,147
126,130,142,114,153,151,149,80,127,178,111,142,166,134,165,161,169,139,153,149,158,116,132,165,159,161
133,122,125,159,171,123,112,158,103,92,138,135,120,115,127,129,129,126,168,173,151,149,171,167,151,147
127,128,130,127,123,114,131,153,154,135,139,138,130,125,155,128,160,146,116,130,127,137,155,173,156,134
128,126,125,129,129,129,128,169,102,131,154,136,130,127,107,149,133,108,142,139,129,161,167,190,188,157
