128,128,128,128,128,128,128,128,129,125,130,125,129,129,109,146,183,158,174,191,175,173,195,190,176,188
128,128,128,128,128,128,128,128,129,129,132,130,128,128,124,139,154,160,171,161,197,170,178,147,180,158
128,128,128,128,128,128,128,128,129,126,123,126,127,128,136,121,117,149,151,151,195,186,163,161,187,157
128,128,128,128,128,128,128,128,128,129,130,133,134,125,123,92,116,146,114,150,169,173,170,184,186,163
128,128,128,128,128,128,128,128,127,128,129,123,126,125,133,128,89,88,125,152,187,186,176,142,179,181
128,128,128,128,128,128,128,128,128,131,133,129,131,128,125,127,59,93,137,169,137,157,174,137,155,160
128,128,128,128,128,128,128,128,128,127,123,126,126,130,130,129,127,111,155,157,146,148,157,131,156,175
128,128,128,128,128,128,128,128,127,130,127,135,123,126,131,124,130,91,112,156,157,138,120,118,161,177
128,128,128,128,128,128,128,128,128,128,128,128,128,128,128,128,129,71,131,163,146,163,140,96,154,168
128,128,128,128,128,128,128,128,128,128,128,128,128,128,128,128,130,127,122,160,150,132,130,102,128,159
128,128,128,128,128,128,128,128,128,128,128,128,128,128,128,128,126,131,134,168,147,129,120,107,134,143
128,128,128,128,128,128,128,128,128,128,128,128,128,128,128,128,130,119,135,142,138,117,141,133,156,133
128,128,128,128,128,128,128,128,128,128,128,128,128,128,128,128,132,129,124,120,113,119,125,156,127,158
128,128,128,128,128,128,128,128,128,128,128,128,128,128,128,128,124,133,127,128,106,116,95,128,133,151
128,128,128,128,128,128,128,128,128,128,128,128,128,128,128,128,126,131,130,127,125,90,117,94,96,132
128,128,128,128,128,128,128,128,128,128,128,128,128,128,128,128,131,125,129,129,127,111,124,97,93,105
128,128,128,128,128,128,128,128,128,128,128,128,128,128,128,128,128,127,130,129,121,131,94,119,101,124
128,128,128,128,128,128,128,128,128,128,128,128,128,128,128,128,129,126,128,124,138,128,77,104,105,128
128,128,128,128,128,128,128,128,128,128,128,128,128,128,128,128,129,126,130,128,124,129,122,62,97,96
128,128,128,128,128,128,128,128,128,128,128,128,128,128,128,128,127,131,125,128,129,125,136,82,70,86
128,128,128,128,128,128,128,128,128,128,128,128,128,128,128,128,126,128,131,126,131,126,121,127,74,75
128,128,128,128,128,128,128,128,128,128,128,128,128,128,128,128,128,125,132,128,121,130,132,129,130,78
128,128,128,128,128,128,128,128,128,128,128,128,128,128,128,128,130,129,122,127,132,127,129,126,123,81
128,128,128,128,128,128,128,128,128,128,128,128,128,128,128,128,128,123,135,126,128,129,125,128,131,126
128,128,128,128,128,128,128,128,128,128,128,128,128,128,128,128,128,128,128,128,128,128,128,128,123,131
128,128,128,128,128,128,128,128,128,128,128,128,128,128,128,128,128,128,128,128,128,128,128,128,131,135
128,128,128,128,128,128,128,128,128,128,128,128,128,128,128,128,128,128,128,128,128,128,128,128,126,120
128,128,128,128,128,128,128,128,128,128,128,128,128,128,128,128,128,128,128,128,128,128,128,128,130,132
128,128,128,128,128,128,128,128,128,128,128,128,128,128,128,128,128,128,128,128,128,128,128,128,126,128
128,128,128,128,128,128,128,128,128,128,128,128,128,128,128,128,128,128,128,128,128,128,128,128,131,130
