209,221,227,231,235,236,247,248,248,245,227,217,214,215,223,222,227,230,234,225,217,216,193,191,178,178
212,221,225,232,241,241,246,242,240,241,227,207,212,209,223,231,233,230,238,237,222,213,211,190,186,181
208,215,225,240,241,247,247,245,244,235,223,220,223,222,234,225,235,235,247,223,232,215,213,193,185,176
201,212,223,230,238,247,249,244,238,231,230,237,219,230,238,236,242,229,234,236,222,210,200,192,179,178
190,207,219,220,230,238,243,243,240,235,233,237,245,247,239,239,249,244,232,217,215,202,195,185,182,172
188,207,222,223,225,230,235,240,240,236,231,230,231,236,245,243,231,228,234,221,211,207,186,194,174,176
185,200,217,224,224,226,230,233,232,230,230,231,228,216,224,233,236,226,229,215,209,200,192,186,179,164
180,192,207,218,221,218,221,228,230,230,228,225,220,223,226,226,236,222,219,212,200,196,184,189,168,164
179,191,202,214,214,211,219,230,233,231,225,217,211,223,221,217,222,222,218,209,196,185,190,180,173,158
174,187,195,205,210,213,226,236,232,226,225,222,222,217,213,222,213,218,219,209,195,184,190,183,173,161
161,172,196,204,209,204,228,226,229,233,228,231,224,226,221,217,216,207,215,212,194,194,187,184,169,161
158,184,192,199,207,213,220,221,230,234,237,226,232,231,217,222,215,218,204,195,186,193,192,187,167,157
161,182,201,200,202,212,215,216,226,227,228,219,219,216,223,213,219,211,207,199,188,188,185,182,171,163
158,176,186,192,201,206,220,219,221,219,209,216,220,211,209,211,211,215,200,198,187,186,184,181,169,157
165,169,190,188,203,212,224,223,221,216,207,216,220,209,208,212,210,210,198,202,195,184,179,178,172,156
160,180,186,203,205,223,219,224,221,219,222,214,213,207,217,214,218,202,202,205,205,185,175,175,177,162
161,173,193,205,212,228,223,232,227,228,234,222,224,222,211,224,220,218,200,191,202,191,187,181,176,159
176,192,210,216,224,228,237,246,237,240,237,237,227,228,224,225,228,217,210,191,205,195,189,180,180,167
197,201,217,226,227,237,236,245,239,247,238,235,237,226,232,233,221,217,228,203,212,203,193,183,176,172
194,221,229,228,225,234,242,245,247,246,238,229,235,239,231,228,222,220,218,205,206,208,205,195,187,183
198,226,228,231,231,240,248,248,252,251,248,239,232,236,225,227,222,219,206,198,211,201,199,201,192,178
222,230,223,224,227,239,243,248,243,251,246,243,239,229,224,232,225,220,209,198,203,205,210,208,194,182
233,227,224,223,221,233,240,244,238,241,237,235,235,228,230,226,222,215,210,202,197,202,213,217,207,193
220,217,225,224,229,232,241,235,238,230,234,231,217,231,236,219,221,212,203,202,200,194,199,213,213,202
213,219,225,220,233,229,235,229,237,228,233,231,217,227,234,224,223,218,205,207,194,199,203,203,207,211
213,216,224,231,231,229,231,238,242,239,235,234,230,214,218,225,214,217,211,213,194,194,196,200,204,209
227,221,226,228,225,228,216,236,245,225,242,233,227,226,217,213,211,216,222,207,195,199,195,194,195,195
223,223,228,232,226,225,222,236,241,228,235,234,219,219,213,216,210,214,222,218,210,213,203,196,197,200
220,224,226,231,234,228,229,231,229,230,231,242,233,232,226,227,213,210,214,219,219,220,208,199,196,196
222,225,227,228,223,229,239,241,235,242,236,242,238,237,230,231,216,212,212,220,218,216,207,204,197,187
