27,14,15,18,22,31,49,63,93,106,93,71,70,77,73,77,51,61,67,49,46,34,54,47,37,51
16,23,43,66,88,96,95,81,90,89,77,95,95,68,66,62,71,48,51,63,52,59,52,49,43,37
57,79,107,86,79,67,89,66,95,90,95,85,99,72,68,63,73,76,69,76,73,62,41,44,43,37
102,105,105,98,106,105,101,100,87,85,99,86,91,100,85,84,77,94,87,87,90,44,40,55,45,50
113,89,115,111,117,104,106,104,111,122,112,109,111,109,100,107,100,102,87,88,72,61,53,72,52,47
89,103,105,69,114,108,115,117,117,110,114,111,117,113,113,111,105,104,94,87,67,61,70,45,47,46
110,111,124,117,113,119,117,115,120,115,117,119,118,118,116,123,122,126,111,111,107,87,96,61,64,76
136,120,110,120,119,117,116,133,119,119,114,119,125,114,123,121,130,129,119,118,116,110,96,80,80,41
123,117,130,124,129,137,129,140,139,95,120,121,142,139,159,132,139,137,138,129,135,126,122,109,119,58
131,140,135,149,148,141,143,154,139,143,119,137,146,143,154,158,161,156,156,164,167,145,124,109,71,70
148,155,143,152,163,138,160,150,167,153,118,148,181,178,184,162,131,193,254,200,177,110,85,97,59,107
148,150,155,167,159,167,169,166,179,163,168,138,182,174,185,188,247,255,252,255,241,158,104,54,42,37
255,253,165,143,144,146,163,148,160,173,167,169,136,171,162,183,194,187,192,205,212,169,114,63,107,122
140,135,73,6,8,19,111,141,148,165,151,158,178,255,254,146,157,113,119,173,152,130,137,134,119,103
161,234,20,9,15,12,30,111,130,144,147,126,116,110,116,109,90,81,134,183,164,144,148,250,253,140
245,255,60,20,6,3,25,100,231,252,253,109,67,81,60,43,49,77,167,197,178,159,189,255,250,238
255,255,50,8,20,14,35,211,251,255,251,25,14,21,41,36,44,74,199,212,217,181,202,255,255,250
189,29,12,9,9,16,47,225,255,252,251,19,7,9,30,42,29,122,250,253,243,236,252,255,255,254
27,22,11,8,13,14,27,195,225,253,178,15,15,9,25,37,34,124,252,253,252,250,255,255,255,255
21,12,10,13,11,6,24,120,128,178,26,23,11,17,12,37,28,133,249,251,251,253,251,253,251,251
14,7,12,2,10,17,15,6,9,102,29,34,37,12,19,21,41,171,255,254,250,255,253,255,254,255
6,3,14,8,8,1,12,13,9,36,103,26,31,25,24,20,37,197,251,253,249,250,255,255,252,254
7,14,11,5,8,11,13,8,13,33,59,33,44,33,19,22,19,144,250,255,255,250,255,255,252,249
6,5,8,11,8,8,11,9,9,22,15,99,27,30,13,21,26,188,255,245,247,253,253,254,255,250
12,9,10,16,16,13,18,21,20,26,14,11,26,25,10,17,23,248,227,170,181,249,249,251,253,249
18,10,11,11,16,9,10,19,22,13,7,13,20,9,12,14,11,255,178,81,108,248,255,255,249,248
9,9,5,15,0,5,16,10,22,15,12,34,17,12,16,10,14,121,168,92,171,248,252,255,248,248
11,7,6,0,14,2,7,20,59,24,19,103,20,16,12,13,34,117,251,255,90,108,134,176,253,238
10,10,4,10,1,7,4,111,173,26,126,106,19,16,16,24,70,96,245,117,28,29,41,152,252,229
24,15,11,4,8,9,0,41,48,18,62,99,17,16,17,20,94,67,49,96,25,28,38,252,242,205
