131,142,157,180,201,211,220,216,207,193,196,177,178,199,200,213,213,219,212,209,216,211,202,165,160,153
135,157,155,176,190,206,216,226,231,219,184,220,210,193,203,228,227,218,219,225,229,205,203,194,174,168
146,144,177,174,197,218,228,222,234,237,217,225,244,209,226,237,226,223,232,229,234,203,195,183,184,166
165,157,176,187,203,211,224,224,222,228,223,234,218,212,228,225,228,224,223,223,233,226,223,212,182,178
180,187,188,193,212,208,211,230,240,232,210,226,196,211,227,216,234,231,229,240,231,227,212,210,197,200
192,189,187,206,208,220,234,241,236,246,234,224,217,203,202,199,232,233,224,223,218,206,216,214,197,190
183,187,196,202,223,240,236,236,241,236,225,247,229,203,211,210,219,221,224,221,225,217,211,190,198,193
193,183,196,207,221,233,240,234,230,233,236,231,222,196,207,211,210,221,225,211,207,194,201,200,186,183
187,189,199,195,200,209,230,239,243,231,235,233,223,214,222,221,210,218,218,218,221,202,189,193,192,190
177,175,184,190,202,191,212,221,230,235,241,202,232,220,211,213,216,222,209,217,205,199,200,191,180,181
156,174,182,177,199,195,204,231,225,236,230,221,232,219,213,212,208,215,218,208,204,201,196,184,180,172
157,163,174,187,187,196,208,217,222,230,228,220,213,215,216,214,215,217,213,205,195,189,190,183,176,168
150,156,166,183,192,204,215,210,224,220,218,209,224,226,217,206,208,207,202,198,184,187,184,176,180,166
144,153,161,177,185,186,194,196,219,223,231,230,224,220,216,211,216,209,198,187,182,172,180,179,172,162
147,151,157,178,178,179,188,198,210,219,224,218,230,216,216,213,213,207,206,194,174,172,174,168,174,161
145,152,158,174,168,179,191,202,205,221,225,218,229,218,227,224,217,204,205,191,184,165,177,175,165,158
143,154,160,168,185,192,190,192,199,216,224,231,232,226,229,215,213,206,211,203,186,170,178,172,167,159
147,153,160,172,188,191,185,190,209,214,215,229,228,233,234,216,222,212,206,192,184,161,176,173,163,160
149,154,162,179,183,189,183,188,210,229,234,228,229,230,232,235,229,223,217,200,186,177,169,177,173,165
150,154,165,185,186,183,182,198,218,227,233,236,229,237,227,233,229,224,215,219,200,172,163,177,169,164
153,161,174,186,187,180,184,207,222,226,234,237,219,223,229,237,225,221,221,213,203,183,174,179,172,166
158,173,182,178,185,184,192,212,223,229,236,233,230,228,239,227,220,218,231,209,220,207,175,159,172,181
163,174,181,175,186,190,199,216,226,233,239,232,220,231,235,223,234,226,223,207,201,211,197,173,172,173
167,170,180,185,191,193,201,221,231,233,236,235,230,230,217,217,218,221,217,213,206,198,193,179,167,166
170,178,190,199,198,201,206,224,237,235,236,238,236,234,225,230,221,222,215,206,199,192,202,195,175,161
173,191,203,204,206,213,215,227,240,241,240,239,220,236,225,218,231,230,224,225,212,202,197,189,185,172
184,203,211,214,227,217,215,235,237,242,241,234,226,237,231,223,229,224,224,214,205,198,192,195,178,184
201,218,219,216,223,216,227,237,232,239,242,251,230,244,242,236,233,229,219,208,210,195,197,182,188,180
204,222,227,225,225,223,217,242,246,242,249,238,232,240,239,232,224,226,214,212,207,198,187,190,184,185
222,234,235,232,230,227,213,234,241,236,250,240,242,236,234,221,214,215,209,213,206,199,190,194,187,178
