164,158,150,147,147,133,142,150,139,135,129,127,124,117,129,124,123,111,126,122,134,127,137,138,135,125
149,141,159,141,146,151,149,155,157,145,162,134,126,139,121,127,135,125,131,126,130,126,132,136,134,126
144,147,159,150,151,155,160,153,148,154,148,145,144,144,140,136,134,137,135,134,127,136,135,142,141,130
135,129,145,141,140,157,160,164,164,146,155,160,163,145,162,142,138,140,142,130,139,143,141,134,144,128
145,159,145,140,136,150,161,144,161,157,153,160,153,149,162,158,145,153,147,134,142,151,142,148,145,129
156,154,145,151,152,159,148,157,155,155,157,159,164,174,174,164,156,152,147,156,142,160,140,141,145,127
180,183,175,156,158,168,176,175,162,171,163,170,171,167,180,181,166,174,162,164,174,154,143,146,159,124
210,191,199,182,182,196,171,185,168,167,176,178,185,182,169,178,181,163,172,168,165,169,149,160,175,127
234,202,210,224,174,197,208,197,191,204,192,188,191,186,189,187,199,181,183,172,174,172,168,169,169,126
221,225,234,207,200,223,215,213,209,215,225,212,207,203,188,200,191,181,207,169,181,169,152,164,164,128
239,231,206,195,226,228,233,223,221,216,209,211,215,210,207,213,188,190,199,201,177,176,172,163,160,133
239,230,205,230,234,240,231,234,220,220,224,216,216,221,214,218,210,207,193,189,186,180,171,161,131,123
232,220,233,235,235,235,230,239,226,222,205,223,222,213,218,217,216,223,187,193,188,185,176,177,128,128
218,224,229,238,242,232,236,226,225,223,225,218,226,220,228,226,207,207,190,187,190,190,174,182,128,128
202,225,235,234,219,246,237,239,231,227,228,218,216,225,216,221,202,199,208,184,179,179,185,167,128,128
224,241,239,227,237,236,246,224,234,232,236,238,228,223,198,205,201,213,185,192,183,174,162,180,128,128
212,233,242,240,241,223,238,237,239,234,234,224,225,203,196,201,190,191,184,188,197,174,170,178,128,128
220,234,233,230,219,239,226,236,230,237,230,229,234,217,198,183,188,172,188,180,150,172,186,181,128,128
213,233,227,215,222,226,241,239,233,246,229,231,233,234,211,197,173,162,187,178,160,160,168,176,128,128
224,214,217,215,228,226,205,208,211,225,227,215,221,215,207,205,176,170,165,174,143,169,180,176,128,128
199,211,210,208,202,208,226,228,227,220,214,226,227,196,214,196,201,182,174,178,167,168,168,130,128,128
172,172,190,184,190,206,211,218,224,201,222,211,220,221,215,190,195,184,185,178,171,162,164,125,128,128
93,128,153,186,191,218,213,204,203,209,217,215,221,203,193,169,182,200,185,174,184,192,187,132,128,128
82,103,118,137,148,158,178,178,205,191,214,207,215,200,210,185,208,195,198,189,199,203,185,128,128,128
83,94,118,156,146,158,141,159,156,177,191,207,217,223,208,200,192,186,201,207,210,194,208,126,128,128
70,73,90,105,121,139,157,169,156,149,136,166,161,186,188,186,187,217,203,207,202,202,190,130,128,128
41,59,54,67,70,93,116,116,149,152,183,174,170,143,139,160,166,185,197,209,209,220,124,126,128,128
51,47,57,50,47,53,66,81,103,124,117,154,159,164,179,173,162,159,157,158,165,173,129,130,128,128
41,49,49,47,51,51,49,52,61,80,104,111,134,152,146,163,181,188,208,198,181,165,129,128,128,128
26,31,34,37,44,45,43,46,46,44,56,70,88,99,104,118,120,143,167,179,183,171,131,124,128,128
