48,43,41,47,52,46,41,43,40,41,48,42,36,27,17,14,13,18,19,17,27,45,39,13,10,118
49,49,44,41,44,45,46,47,43,38,47,49,59,54,46,40,18,10,13,19,21,26,29,22,6,131
46,50,47,46,52,45,38,47,42,41,41,50,57,54,55,65,53,32,12,10,16,18,21,28,10,127
51,50,53,51,50,52,46,38,42,44,49,54,55,51,54,64,54,51,39,18,7,16,26,24,14,128
55,51,50,44,43,48,45,43,45,44,47,51,51,50,51,52,57,55,52,36,13,9,19,24,19,129
67,63,53,41,44,41,36,54,55,51,53,55,53,56,57,52,55,49,48,48,33,12,10,22,24,130
93,80,68,54,53,50,42,57,50,50,53,51,44,47,53,52,49,52,49,49,47,27,12,17,28,130
113,80,72,57,48,63,62,54,56,55,53,49,46,49,53,53,47,55,53,50,51,35,17,16,31,129
109,65,57,46,39,62,65,53,56,52,45,41,43,45,45,44,49,50,53,54,50,38,24,13,31,128
94,54,46,40,41,55,50,50,55,56,49,43,43,41,41,47,47,46,55,56,46,46,35,7,31,128
130,67,47,39,42,64,44,45,59,48,43,50,50,37,35,48,49,48,50,53,51,51,37,16,22,128
72,95,86,90,68,88,45,52,50,51,45,45,51,47,43,50,50,46,53,46,51,43,39,19,21,128
91,137,254,251,89,69,51,53,53,57,50,46,54,54,49,54,50,44,49,41,48,43,43,24,18,127
99,221,255,250,235,102,61,56,58,50,46,49,51,48,48,53,54,48,44,43,44,49,42,26,17,126
143,249,255,255,248,173,73,77,63,47,50,59,52,49,54,53,54,50,47,45,43,46,40,25,17,126
224,252,255,249,255,234,105,78,72,61,65,68,57,57,61,52,47,45,54,44,46,41,44,30,18,127
254,251,253,255,246,242,129,80,78,74,70,64,55,55,56,52,43,42,52,45,49,44,47,33,21,128
251,255,252,255,254,250,175,109,83,81,69,59,57,54,54,62,49,47,47,48,48,52,45,29,22,128
251,253,255,254,254,245,193,132,78,66,71,67,62,53,55,56,56,49,50,49,49,52,43,28,23,129
251,255,252,247,255,246,198,152,87,73,69,60,57,59,62,61,58,55,55,58,50,50,41,26,27,128
252,252,253,255,254,238,211,168,85,59,50,58,57,55,54,62,54,56,56,64,53,50,44,24,33,128
253,254,252,255,248,248,228,164,92,75,63,65,63,73,64,57,53,58,57,61,59,53,49,20,37,129
252,255,250,251,251,241,219,179,120,82,58,63,58,58,53,62,59,63,60,57,65,55,48,13,38,128
251,253,253,255,250,229,204,171,105,86,75,71,68,70,58,47,59,64,60,54,65,52,39,12,42,127
252,250,254,250,240,228,187,127,114,85,72,68,66,61,60,61,51,62,58,57,60,46,24,18,55,127
255,252,252,252,238,195,146,126,117,95,86,72,68,62,59,53,48,63,59,65,57,41,12,25,67,130
27,41,176,247,236,206,145,125,119,86,79,67,69,69,63,63,54,62,57,62,58,33,8,36,84,127
24,42,254,240,223,213,168,161,117,95,74,77,66,62,62,64,62,56,71,58,59,19,15,41,102,134
37,232,247,238,206,202,142,128,94,86,71,70,62,68,68,59,69,72,52,52,39,12,16,56,88,123
52,245,243,217,210,207,149,138,103,85,83,64,66,75,67,57,56,61,53,45,18,8,29,82,108,135
