163,132,115,83,110,99,113,130,122,119,115,121,116,120,103,105,104,101,88,77,74,68,74,70,62,61
135,145,150,143,115,125,133,159,134,150,139,123,133,126,93,118,108,118,93,99,88,84,84,68,70,57
168,154,138,135,121,128,139,140,164,134,140,146,105,138,130,136,121,99,90,90,97,76,75,79,72,74
150,130,142,151,179,179,165,141,161,148,116,147,140,125,124,113,102,85,84,94,94,85,84,76,77,68
189,200,139,166,199,139,176,178,145,146,125,121,142,135,126,128,104,106,102,99,88,77,79,72,76,73
193,177,190,191,188,156,158,167,149,180,139,132,127,136,131,115,102,107,103,91,94,83,87,83,69,70
165,178,156,152,171,161,157,154,156,135,131,139,143,107,135,126,126,109,109,107,92,90,92,77,79,70
173,180,155,168,174,151,137,166,139,149,108,131,137,139,123,127,119,98,98,94,97,89,91,83,72,68
158,151,154,146,121,136,152,134,136,154,184,125,139,138,117,122,119,97,97,101,101,82,86,90,78,69
154,129,142,152,118,134,126,124,129,120,133,125,134,104,124,109,112,124,100,76,79,84,96,84,75,73
163,162,158,133,108,131,151,141,133,132,121,128,136,121,135,130,119,110,106,86,81,79,79,79,80,79
146,169,165,170,144,147,168,136,130,129,119,137,136,128,124,129,121,112,107,88,73,80,84,89,79,74
156,138,172,167,158,150,152,148,118,142,132,132,136,127,110,114,127,110,97,98,98,82,92,78,82,80
179,162,156,174,177,158,148,154,161,156,152,137,137,142,120,130,132,104,106,114,89,94,80,95,78,75
142,150,174,159,170,163,167,147,139,123,143,148,138,136,130,134,122,123,113,96,98,99,95,71,81,79
175,165,169,179,162,168,170,156,156,140,142,131,145,131,131,122,125,109,141,118,98,105,77,83,89,78
194,184,194,191,181,183,158,183,188,162,147,149,137,145,150,136,100,128,147,116,105,93,86,96,80,83
171,200,151,193,186,191,195,172,177,159,169,158,161,154,162,136,143,152,126,108,109,106,100,103,91,77
215,204,202,194,213,189,182,162,179,181,184,181,188,153,133,143,129,144,137,118,129,95,98,99,91,89
191,202,194,188,201,193,205,185,174,156,167,166,161,140,152,146,120,142,122,124,123,99,118,100,98,88
208,222,167,226,196,180,192,182,147,174,152,159,162,128,140,134,110,154,144,128,118,107,105,119,94,97
173,181,182,177,195,182,175,158,176,158,147,164,134,123,135,120,121,113,115,99,108,102,110,95,109,89
203,196,172,180,168,190,141,129,136,128,109,101,113,113,137,100,106,108,98,95,96,103,88,99,85,89
139,159,146,134,127,95,67,89,80,97,97,84,82,85,89,74,66,93,72,76,66,56,87,81,76,79
25,37,24,28,30,28,32,24,28,26,24,25,24,24,23,24,22,19,18,22,21,25,21,28,31,37
21,16,21,20,19,13,17,17,23,20,16,17,18,19,20,23,23,21,20,18,21,18,23,20,22,20
14,24,20,22,28,22,27,34,31,17,29,29,29,27,26,25,25,24,22,23,33,38,49,43,38,28
21,31,31,21,25,28,26,24,26,33,18,18,19,16,17,14,15,14,10,11,9,17,16,21,15,13
20,35,26,31,40,41,31,22,15,14,14,16,25,29,41,44,52,54,54,55,51,53,47,50,48,50
22,26,36,35,15,10,13,26,37,40,51,49,54,52,60,54,58,55,51,53,59,55,55,48,51,50
