180,174,164,170,162,159,177,166,166,148,163,163,138,128,166,141,119,129,101,81,91,92,79,77,76,71
194,174,182,176,183,136,160,165,166,172,150,150,146,150,149,143,140,122,115,98,88,87,67,81,78,68
198,187,199,176,168,172,173,168,173,172,166,166,152,156,150,139,122,137,120,116,84,88,97,93,70,75
201,178,173,183,171,171,168,158,187,152,175,148,161,163,136,150,137,120,134,105,89,92,82,74,81,70
189,195,175,187,167,173,173,171,161,164,168,159,159,154,152,154,138,129,136,148,117,92,93,76,71,87
193,202,194,176,175,174,192,170,162,167,169,172,169,167,158,138,147,151,132,142,120,111,95,86,70,77
178,200,175,189,180,176,151,179,183,163,165,173,184,171,154,151,158,151,146,130,124,124,95,96,89,83
200,177,188,185,172,199,173,194,178,187,203,174,180,163,160,174,154,157,149,152,149,123,109,105,96,97
206,212,203,193,201,204,186,190,176,188,184,189,166,162,169,165,163,172,152,152,139,145,129,117,101,99
200,203,212,197,203,187,176,190,183,183,172,174,194,175,175,158,174,154,144,133,143,148,136,110,130,111
207,220,203,209,195,192,172,176,187,169,182,176,171,156,166,152,155,168,148,155,139,166,131,131,132,113
207,216,226,205,196,196,180,186,145,174,179,161,163,150,171,172,165,148,151,161,125,140,154,134,115,121
213,207,176,205,179,186,165,161,160,178,173,158,149,154,134,157,148,139,153,139,132,112,128,136,149,111
204,187,201,180,165,144,116,150,170,143,159,130,136,136,135,130,133,115,120,108,111,129,137,125,115,104
184,163,187,126,143,134,103,125,122,111,107,108,132,133,97,107,132,117,103,96,100,113,116,107,121,113
158,157,135,115,82,73,70,73,60,73,76,91,91,93,94,82,83,88,76,84,78,86,82,77,99,88
99,120,89,70,53,45,41,41,44,47,52,54,60,68,76,79,76,73,62,60,65,64,66,58,64,69
63,67,60,44,32,27,24,23,25,27,30,29,29,33,40,46,50,52,53,47,42,46,52,55,51,47
41,40,38,28,22,21,18,16,17,16,15,15,15,17,21,26,29,31,31,31,26,30,30,39,34,31
32,26,26,21,19,19,16,13,12,11,7,8,10,11,12,13,13,13,11,17,18,20,16,21,22,24
22,28,21,18,18,17,13,11,9,6,5,4,3,1,0,1,3,5,7,5,9,10,14,12,15,15
23,15,20,18,17,15,11,10,8,4,5,4,3,2,1,2,4,5,5,1,5,4,11,6,8,7
14,19,15,13,12,10,7,8,7,2,3,3,3,4,4,4,4,3,0,3,6,5,5,4,5,5
19,13,13,12,12,10,8,10,10,5,5,3,2,2,3,4,4,4,0,5,3,5,2,10,6,2
17,9,11,13,12,10,10,8,6,8,4,3,2,2,3,3,2,1,3,0,5,5,2,5,1,0
15,13,15,15,11,8,6,4,2,4,5,5,4,3,1,0,0,1,2,1,5,2,3,5,1,5
10,15,17,17,12,8,6,4,3,6,0,0,1,0,0,0,2,4,1,3,4,0,3,4,0,6
30,20,19,19,15,11,10,8,7,9,3,3,3,3,2,1,1,1,1,3,5,4,4,5,4,6
30,21,22,23,21,18,17,14,12,13,12,11,10,10,11,10,8,6,6,5,9,11,8,12,19,15
33,39,31,33,31,30,30,29,27,29,25,22,19,18,19,19,16,14,14,15,16,20,21,29,39,36
