196,193,197,192,190,182,175,186,183,160,139,167,167,171,177,160,165,165,152,163,150,148,134,85,56,59
200,199,193,204,203,199,187,159,179,177,161,166,127,106,100,172,183,178,169,166,158,164,153,163,163,120
202,196,207,193,181,183,170,160,172,184,178,192,183,183,181,163,188,177,174,153,143,120,158,166,135,157
204,202,249,250,254,250,186,176,183,184,174,181,197,192,205,190,255,249,255,254,255,136,135,186,183,174
195,203,192,243,255,210,188,162,169,176,187,172,177,188,176,188,183,221,242,232,231,128,158,176,182,183
202,202,202,208,178,184,169,159,143,173,173,169,159,158,144,134,135,121,153,138,142,138,172,183,184,170
192,225,247,255,196,188,196,184,198,251,252,175,182,189,134,144,143,170,163,251,255,249,174,187,151,51
174,159,169,162,167,172,185,182,191,162,213,199,205,210,167,175,150,192,136,176,175,179,169,87,18,16
156,151,177,170,190,192,187,187,218,227,236,224,188,250,214,235,170,195,196,196,184,119,136,36,34,34
190,175,160,177,129,136,149,165,226,255,255,251,251,252,254,252,251,196,180,201,255,254,253,62,19,5
240,191,176,136,123,137,120,208,255,254,255,253,254,252,255,253,255,247,232,255,255,255,231,32,10,10
247,222,179,146,107,185,200,232,249,252,251,255,250,255,250,252,219,248,255,236,250,69,41,19,13,3
246,211,189,163,108,150,183,226,249,255,254,254,251,253,254,251,210,144,51,248,127,38,41,40,24,13
236,216,202,141,129,199,247,214,216,241,251,253,246,250,255,250,78,85,49,54,39,14,8,3,13,4
228,165,181,123,140,189,206,158,226,238,248,254,249,251,248,238,65,132,45,32,25,6,7,13,12,3
120,114,133,103,129,202,191,161,176,223,255,249,250,245,253,235,102,45,32,22,5,7,21,1,8,8
77,69,79,67,107,187,147,105,131,142,243,253,253,244,239,248,58,45,25,7,2,29,9,15,13,27
80,72,80,211,148,151,126,121,133,241,253,248,249,245,239,240,40,31,22,2,5,6,8,23,19,33
143,78,70,210,142,178,125,81,169,191,245,251,243,210,203,104,35,34,60,62,15,28,30,30,30,24
219,113,82,117,142,151,126,134,76,115,244,244,253,57,53,54,54,70,186,183,6,17,8,16,14,0
156,164,136,203,241,209,183,165,133,182,222,244,188,60,58,49,155,159,133,177,10,9,3,2,9,10
183,253,250,249,182,184,206,190,202,208,168,234,175,62,55,50,213,115,183,200,18,0,9,5,11,1
78,84,186,155,201,149,178,203,136,136,166,200,157,73,63,76,69,76,165,171,10,6,5,13,5,7
82,94,159,125,143,154,184,146,208,206,209,206,146,135,176,135,82,97,156,123,18,7,7,2,6,8
89,83,226,243,248,179,148,150,194,185,243,194,148,126,175,178,97,190,206,56,52,36,27,16,25,47
144,242,249,248,203,151,186,168,199,249,223,132,93,89,111,115,72,153,194,34,24,37,29,40,29,26
248,102,125,89,150,126,203,196,223,235,200,204,114,137,139,94,103,164,165,25,6,6,10,2,13,36
67,89,76,91,140,103,184,216,245,209,203,194,105,104,102,111,110,180,174,41,14,8,3,20,18,36
64,45,44,81,122,147,212,242,162,188,196,172,139,110,92,96,175,199,190,77,20,10,17,17,32,31
62,48,49,47,131,169,205,197,200,208,247,188,216,190,177,186,228,237,244,107,21,19,7,26,30,55
