46,34,23,23,16,15,9,7,3,8,2,1,1,0,0,0,3,5,9,10,22,25,34,43,53,84
38,32,24,22,14,16,10,8,2,7,2,5,8,9,9,13,20,26,44,40,62,57,63,77,76,117
35,26,26,17,14,11,15,10,13,13,15,22,25,28,48,47,55,75,66,71,91,91,92,91,120,121
34,36,27,29,26,21,19,23,26,27,29,29,31,50,51,64,65,71,61,103,103,103,106,111,105,118
49,35,32,36,31,30,24,32,31,33,43,47,47,49,62,62,61,66,72,113,114,119,101,120,122,136
53,32,38,33,28,33,32,34,31,33,42,53,58,52,67,61,64,73,76,85,94,100,76,84,100,102
35,36,38,32,32,33,37,32,32,32,32,35,37,39,19,21,18,15,13,19,20,32,40,37,32,31
33,35,35,36,38,27,28,23,25,20,10,10,11,12,8,11,13,14,17,29,22,34,49,54,44,44
23,32,35,36,32,22,16,14,13,10,7,9,10,5,22,18,23,28,21,26,17,18,13,20,21,18
25,33,38,31,20,21,15,14,9,11,14,11,16,25,13,13,10,5,1,2,0,1,3,0,3,1
22,37,36,23,24,15,12,16,8,12,14,13,17,6,9,5,0,0,1,1,0,6,0,0,4,0
36,25,29,26,18,14,18,13,8,18,16,8,1,2,8,3,7,2,0,1,4,3,2,3,4,0
23,29,31,30,20,16,16,17,14,1,0,2,11,17,26,47,9,1,8,9,19,2,0,2,6,13
27,28,28,39,22,10,21,15,1,5,13,8,36,57,90,133,21,3,1,4,14,4,2,3,6,17
30,27,37,23,25,21,11,3,6,33,19,25,80,113,167,198,80,3,2,5,4,4,0,5,6,8
17,33,39,31,25,12,12,8,9,51,45,65,85,169,180,207,121,19,0,3,5,9,0,6,8,5
20,24,36,28,24,12,6,13,19,26,55,31,40,101,141,146,152,104,16,0,6,12,6,9,8,9
18,18,18,22,18,15,11,5,6,6,5,7,9,16,27,82,121,152,90,21,8,4,5,7,7,19
15,14,16,26,30,23,18,19,17,13,11,8,13,12,13,13,10,22,36,38,26,16,16,22,56,105
22,11,13,16,18,19,21,23,25,24,20,23,30,29,23,13,9,18,14,17,15,13,16,20,27,36
12,13,18,17,18,21,21,19,20,24,21,23,21,24,25,19,19,23,20,24,28,23,16,17,23,23
23,19,11,14,20,26,26,24,27,32,26,26,15,17,21,18,23,23,23,21,22,27,26,21,22,29
28,23,20,24,28,29,28,28,29,29,26,32,25,26,24,19,24,25,22,24,24,32,40,33,36,59
32,24,20,22,22,22,28,36,39,37,29,33,31,31,32,31,32,31,32,41,39,39,48,49,61,90
36,38,30,30,28,24,25,32,36,37,44,43,42,40,44,46,41,40,41,42,39,42,52,56,62,76
56,41,26,31,33,31,28,32,42,51,47,52,61,58,60,63,57,60,58,55,58,60,54,52,67,84
83,50,36,45,35,37,30,30,42,44,61,64,56,65,74,73,80,86,71,76,69,70,66,70,85,79
125,79,58,40,42,42,41,45,38,45,44,66,72,96,89,106,86,97,93,89,93,89,91,88,81,119
150,100,70,52,59,46,77,48,46,35,56,51,72,73,90,99,115,101,128,118,127,103,113,108,88,113
134,115,77,95,75,77,73,66,47,55,44,61,53,68,98,102,112,105,107,124,123,146,123,131,110,145
