127,132,195,190,186,185,147,123,114,90,94,57,50,49,33,28,40,32,19,16,13,14,7,6,8,8
129,124,194,178,183,164,142,105,70,57,58,44,36,41,35,18,27,19,20,15,6,7,8,9,11,4
123,132,199,183,186,177,159,122,102,63,33,37,27,22,25,18,9,17,15,20,14,16,9,15,18,10
129,126,213,159,181,153,89,72,69,55,30,22,32,34,38,37,35,27,22,22,30,29,28,27,29,40
127,121,199,175,170,134,99,84,36,35,44,48,59,49,41,51,48,41,45,54,64,53,40,31,45,39
127,127,203,176,138,92,56,32,49,64,51,46,36,43,79,75,101,77,92,86,85,85,124,131,94,81
126,129,186,166,173,106,78,83,76,70,55,52,56,97,107,96,82,97,96,116,105,108,104,131,126,105
128,123,208,202,139,78,79,83,98,112,119,109,76,79,67,84,91,97,117,159,104,118,117,124,111,128
128,128,205,165,110,108,69,80,114,141,122,128,102,102,135,137,174,146,144,148,152,147,152,142,127,132
127,126,217,210,174,166,159,163,139,106,117,139,133,146,148,144,145,162,148,153,160,150,132,158,155,113
126,125,193,194,160,122,121,149,168,184,189,168,169,156,138,140,133,152,161,170,142,129,157,109,76,37
125,132,227,207,183,173,175,184,168,176,193,188,161,176,169,156,172,163,125,125,104,62,33,25,36,51
131,120,230,214,212,184,156,165,191,192,172,175,176,187,168,148,144,119,93,47,36,48,64,57,55,33
122,130,214,165,172,158,132,149,162,174,180,186,154,140,150,112,81,27,52,72,80,45,27,11,10,0
132,122,194,198,227,198,160,169,205,186,179,170,139,129,118,59,31,55,66,36,19,11,0,9,10,0
125,130,197,201,210,203,189,167,176,170,158,138,121,92,38,35,57,40,33,13,7,4,11,33,33,18
126,129,189,191,200,209,222,198,175,171,171,140,100,57,33,53,68,16,10,0,10,12,26,50,103,64
126,127,196,209,206,172,184,195,162,158,158,128,104,69,72,45,14,6,5,6,12,8,47,195,233,166
123,132,212,194,170,176,198,189,190,176,139,123,121,71,57,32,6,8,8,11,56,154,231,251,255,253
133,119,189,185,177,186,188,181,186,172,164,98,95,59,65,16,7,3,3,26,115,213,249,255,254,253
123,127,230,205,202,186,194,190,188,180,148,129,107,61,35,10,14,11,13,9,38,145,247,255,253,255
126,127,217,183,191,180,209,215,188,174,162,128,100,59,27,39,43,35,39,26,26,31,68,144,220,249
130,127,184,190,191,189,203,211,203,178,149,111,100,92,111,101,114,99,70,49,41,19,21,22,35,53
123,128,179,190,184,189,210,218,198,190,167,137,112,133,129,142,140,136,123,74,65,58,43,44,38,28
127,132,188,184,174,176,186,181,184,201,173,162,164,177,165,154,149,145,125,99,108,94,75,53,44,54
125,128,189,206,185,195,190,197,211,199,176,175,162,171,165,162,146,130,145,138,126,103,100,98,72,70
130,124,183,177,190,186,216,214,200,192,179,171,180,164,164,159,154,160,153,151,136,131,132,115,105,81
127,124,191,188,183,194,189,211,179,167,190,175,170,179,155,140,140,178,169,168,156,134,154,127,123,94
125,127,184,191,204,204,166,208,184,185,181,185,181,168,155,133,183,165,171,167,157,166,161,152,130,153
132,128,185,178,183,203,208,198,195,176,172,178,172,165,175,153,168,179,185,169,171,116,145,143,147,110
