193,191,186,179,189,208,196,203,209,214,208,196,213,212,204,165,180,181,217,211,192,191,174,190,158,177
181,172,175,196,188,173,207,207,201,204,206,197,208,189,180,189,213,168,186,179,203,168,177,158,173,158
194,164,190,171,192,183,193,190,211,204,200,200,188,189,197,196,184,188,174,204,164,162,153,168,148,129
175,171,178,195,198,195,195,182,194,200,213,208,191,189,181,190,183,179,195,176,172,180,176,162,141,119
172,182,181,171,170,182,187,199,196,188,207,197,201,182,211,193,196,187,206,184,163,155,148,156,132,128
174,168,188,178,186,187,191,188,192,181,217,205,202,189,190,193,200,208,164,164,161,156,147,142,137,155
186,179,186,185,196,177,200,197,171,200,203,205,205,208,198,202,200,207,200,184,177,163,145,160,129,152
193,179,195,179,199,204,195,172,196,198,197,208,222,215,207,206,215,202,195,192,179,170,177,154,145,188
194,196,198,202,204,194,189,190,185,194,201,197,202,220,211,215,205,203,208,199,207,184,178,188,189,156
209,203,202,224,205,193,197,168,213,211,201,203,214,218,219,209,212,207,218,215,217,208,178,208,189,202
204,204,222,186,211,194,189,186,216,199,193,207,208,217,215,213,223,215,218,211,218,216,202,176,184,185
224,217,226,205,217,211,207,210,202,211,195,210,209,205,200,214,212,210,212,206,222,206,179,175,174,167
218,218,210,214,223,215,212,192,207,211,213,209,202,195,202,201,209,201,204,215,209,201,201,195,199,182
221,219,222,204,208,216,214,221,208,217,209,201,211,209,211,214,207,209,206,202,206,197,182,189,170,189
216,209,215,214,219,217,215,219,221,212,209,208,222,218,192,199,206,212,184,204,204,179,196,143,177,193
228,220,220,216,220,221,226,228,226,216,225,210,229,212,208,216,222,210,226,213,211,213,216,203,199,211
232,227,226,223,228,231,221,228,224,222,226,225,218,215,219,220,211,228,227,213,214,204,210,208,208,203
230,228,228,226,228,229,218,228,220,242,220,221,234,216,227,230,228,234,222,231,210,232,214,211,195,187
229,228,225,225,226,229,222,225,232,225,222,221,219,225,230,220,232,229,240,228,235,233,224,228,213,219
238,237,228,226,228,235,226,234,222,221,222,219,216,224,225,215,214,224,209,228,200,220,219,205,206,197
225,224,214,213,212,219,213,190,207,211,183,203,192,191,199,191,202,190,169,163,197,189,188,189,200,200
172,180,180,186,186,192,192,189,204,190,192,185,165,176,168,190,191,173,188,181,197,183,191,203,204,207
122,134,122,134,131,135,136,149,170,172,190,175,192,191,203,192,189,182,183,182,172,183,184,177,194,219
136,154,123,132,128,135,120,153,128,125,142,135,120,130,145,151,152,150,156,173,184,185,170,176,197,187
169,156,168,136,141,143,140,131,153,135,152,139,145,132,137,139,132,130,122,128,148,145,164,158,168,185
147,188,156,173,150,133,148,160,170,162,149,170,155,159,160,150,138,132,119,125,154,158,165,182,142,188
184,184,157,155,149,144,147,159,162,166,175,159,156,167,133,139,151,151,143,151,162,158,164,168,163,158
158,193,169,157,144,136,166,138,168,176,168,181,162,181,152,161,171,171,164,162,164,168,176,183,174,163
184,168,158,161,161,172,162,179,164,163,142,159,169,159,136,157,160,165,163,149,153,163,185,193,173,156
188,174,171,163,143,146,153,164,181,173,142,149,145,155,137,176,167,162,164,158,174,180,181,167,172,152
