238,235,232,235,243,239,239,241,224,224,224,224,222,227,222,231,221,221,210,216,210,213,207,185,186,183
242,244,242,239,242,244,248,244,228,229,234,234,229,235,239,226,227,222,226,224,225,212,206,206,199,190
245,242,241,244,249,241,238,235,237,243,243,230,235,232,228,230,236,233,225,220,212,222,222,199,188,202
248,241,240,248,242,240,243,236,237,237,244,239,230,230,231,239,241,237,231,234,228,216,217,215,228,218
243,243,241,240,242,244,250,244,241,235,244,249,239,241,246,231,240,232,236,229,221,230,225,215,219,214
247,245,242,245,248,243,241,243,248,246,245,243,244,242,239,234,240,234,229,222,235,228,204,212,210,211
239,233,232,240,238,242,242,244,244,245,243,244,231,237,235,249,240,239,231,241,230,229,224,234,222,222
242,242,241,242,233,244,244,245,243,248,244,246,239,241,238,235,239,240,235,230,226,224,232,228,225,231
233,239,232,245,241,242,243,226,239,249,242,241,231,234,243,247,245,244,240,228,243,236,217,218,225,220
241,237,232,240,239,244,235,242,239,242,246,241,243,246,244,236,235,244,247,241,231,229,216,227,220,231
235,241,241,234,241,233,247,245,235,247,236,238,237,241,238,230,230,234,235,233,231,230,231,220,232,225
235,235,230,230,240,239,240,229,230,234,242,232,243,241,235,233,235,231,230,236,232,221,232,214,233,216
225,217,228,218,237,242,240,230,240,241,239,232,241,238,233,234,237,233,229,234,230,216,217,225,214,215
213,220,233,222,227,226,232,230,235,243,220,230,238,242,241,238,241,243,240,236,223,227,210,223,218,219
224,226,225,232,234,238,227,234,231,232,237,240,233,235,234,229,226,232,235,232,220,226,218,217,228,225
228,207,233,214,225,224,240,229,224,228,231,228,227,229,237,239,232,228,227,224,236,219,230,228,214,222
222,219,223,237,236,227,227,237,235,237,218,227,231,238,236,238,228,242,220,220,229,229,239,232,227,237
240,240,230,237,221,232,229,227,232,228,235,232,229,239,232,238,242,236,226,239,236,222,238,234,238,222
230,231,225,233,233,225,214,226,236,217,229,241,229,239,246,240,244,237,235,242,236,238,244,241,238,237
236,227,230,236,236,236,227,234,234,233,221,221,238,222,233,225,228,242,236,221,236,238,237,245,241,241
225,223,217,227,227,240,230,237,229,237,230,220,243,225,227,232,226,239,242,238,230,230,234,234,243,235
208,201,199,218,226,228,209,241,233,218,233,225,223,232,224,235,229,231,235,241,232,238,237,239,240,243
129,171,121,180,189,200,183,221,203,199,218,202,219,217,215,225,228,233,217,223,234,231,218,239,230,232
64,104,47,124,127,143,133,170,137,171,198,206,210,177,207,211,199,205,184,218,213,212,203,201,204,209
28,21,19,23,24,24,20,22,11,25,18,22,21,17,25,25,26,39,44,40,52,48,56,65,67,79
30,28,27,26,30,47,61,61,66,53,52,35,36,33,33,32,34,22,31,29,30,27,24,25,25,24
33,30,40,34,13,3,1,4,3,5,4,5,5,8,13,8,7,7,12,7,9,6,16,16,24,34
52,236,195,28,9,24,27,49,45,52,80,61,48,47,40,42,41,38,32,26,25,12,7,4,7,26
82,66,120,73,14,31,50,64,58,123,160,148,151,125,104,145,145,108,122,108,112,77,48,45,29,28
24,63,45,195,32,25,44,71,84,114,188,198,198,119,143,182,167,153,174,150,141,75,65,49,27,24
