69,55,40,37,35,42,36,35,35,43,52,61,58,59,85,72,79,54,69,89,84,94,69,90,96,93
104,77,61,42,48,63,31,34,42,37,56,55,73,91,79,90,96,92,99,99,93,87,106,112,115,104
114,83,81,78,62,55,73,64,37,51,54,77,73,71,76,77,106,115,109,117,111,139,109,108,87,112
118,95,99,76,100,78,71,59,55,50,55,54,54,84,89,94,111,127,111,102,135,133,138,126,135,127
138,105,98,99,104,107,111,97,65,55,51,58,59,85,90,103,105,100,105,93,130,143,134,129,152,135
144,142,128,103,112,104,105,116,100,77,63,66,50,60,71,72,80,121,113,128,128,153,142,140,141,142
138,135,110,99,104,134,116,126,136,83,96,101,60,45,77,65,113,123,126,103,117,134,127,126,128,146
120,124,130,115,117,123,127,120,123,151,113,102,103,85,72,91,102,80,106,94,114,126,118,145,142,141
130,128,122,113,126,109,134,131,134,133,124,108,139,108,108,98,89,104,114,123,117,118,154,129,139,136
147,108,127,148,150,116,134,161,143,123,85,68,98,123,122,126,116,138,122,162,134,128,153,162,146,149
130,110,116,137,148,150,131,153,177,157,99,40,95,112,114,148,172,158,152,159,160,149,161,157,135,144
128,126,125,117,173,134,142,170,161,138,123,125,123,128,148,152,170,166,160,169,164,162,169,171,167,175
122,115,110,112,124,150,143,162,139,168,159,147,160,152,176,163,167,179,164,169,155,170,158,175,180,180
147,118,84,101,117,146,148,149,165,152,150,161,164,186,165,177,184,152,169,170,197,173,176,165,189,183
131,119,99,90,105,130,138,161,160,162,149,161,138,171,168,174,177,175,162,188,180,183,189,181,173,197
118,111,126,95,96,120,142,169,140,161,160,162,188,167,182,165,180,168,122,154,167,188,186,178,178,187
155,127,147,125,97,103,135,150,154,146,161,157,165,178,191,196,165,170,160,166,172,154,180,183,211,192
168,177,163,149,168,113,93,137,153,182,173,168,170,163,161,166,171,177,172,191,192,198,176,214,185,206
156,169,170,160,158,136,112,109,140,158,184,176,168,171,182,168,175,204,194,198,200,227,235,202,227,197
209,176,191,164,177,168,164,87,121,168,168,153,192,185,189,183,206,194,215,208,213,216,224,214,197,210
175,188,178,191,201,168,184,131,88,165,175,175,181,199,189,201,187,207,193,216,208,214,209,224,213,215
196,181,205,196,202,224,202,181,113,132,173,180,195,185,180,206,198,168,174,205,213,200,211,213,212,216
208,211,211,223,213,235,227,196,151,133,159,183,198,199,200,189,181,162,193,199,176,212,195,201,207,210
212,215,233,232,222,236,230,223,199,138,168,176,166,185,196,183,196,215,208,179,185,199,203,211,212,222
189,219,227,225,247,230,243,225,210,144,144,162,190,195,192,191,191,196,199,206,191,170,200,191,211,208
157,178,188,206,205,238,228,231,215,141,113,137,195,181,188,187,174,198,207,195,192,186,201,225,204,217
6,42,91,157,176,206,221,214,214,159,127,139,163,167,190,173,159,196,191,203,179,211,216,191,218,173
1,6,18,70,156,181,197,223,211,141,115,144,153,190,194,171,175,186,170,190,226,177,178,195,197,179
7,6,15,40,110,155,172,181,158,129,141,136,166,182,196,209,178,185,186,199,187,200,184,229,209,212
36,23,38,53,95,143,142,141,110,109,117,153,168,176,180,198,182,184,173,188,194,192,195,223,203,221
