188,158,183,164,152,163,162,146,140,138,119,123,113,104,71,70,54,47,34,35,41,26,19,21,22,17
185,189,191,178,183,187,160,184,188,161,162,150,135,140,109,78,77,67,59,55,32,39,38,33,36,36
203,207,193,195,178,184,187,193,178,164,156,162,170,140,122,99,117,87,73,56,68,54,50,44,39,33
208,209,201,195,196,214,213,203,197,145,155,148,149,159,143,149,132,129,94,102,74,68,58,58,43,43
213,202,209,202,195,205,221,197,192,197,177,185,175,152,144,165,143,125,121,114,99,97,79,77,79,76
209,208,200,211,214,198,203,216,201,206,180,192,211,177,195,169,173,142,134,129,134,100,119,99,85,82
217,221,219,207,205,198,191,198,200,200,200,188,192,179,185,174,179,159,153,153,126,120,116,109,97,71
221,210,224,216,206,207,205,185,208,193,198,171,194,189,181,177,174,163,133,141,139,134,121,112,102,121
216,207,217,203,202,201,193,193,196,198,174,173,204,186,176,169,181,162,144,147,151,133,129,125,110,94
215,216,201,209,212,201,194,185,171,170,188,184,167,171,165,177,166,144,140,160,128,144,110,113,120,109
210,217,200,197,209,202,191,206,200,162,167,185,163,161,165,153,165,152,144,130,138,128,161,125,117,108
218,212,219,195,194,201,196,190,187,188,176,160,166,185,146,172,150,128,140,130,132,130,114,101,104,111
220,203,201,186,196,212,212,202,188,178,180,173,185,173,163,140,157,136,134,135,123,110,114,111,96,97
212,208,206,165,169,194,193,193,196,193,189,171,171,169,160,157,153,139,154,132,131,121,105,102,98,95
220,228,212,211,205,195,196,200,199,205,180,189,162,172,175,167,135,136,127,121,118,115,111,81,103,104
231,229,227,221,226,223,217,220,217,209,208,189,193,165,179,171,152,168,139,126,150,114,87,82,89,94
233,222,227,227,217,231,229,236,215,210,219,215,207,197,189,177,187,154,149,140,136,126,97,85,86,64
229,235,226,230,246,234,242,224,231,230,211,223,199,192,202,187,189,167,153,157,122,124,118,90,92,72
236,240,246,246,240,240,239,241,236,237,228,208,221,189,194,215,179,169,158,168,149,140,132,110,92,74
233,239,235,241,244,243,243,239,235,234,229,215,215,222,212,203,210,196,163,157,169,158,135,122,96,74
236,235,243,244,231,239,234,244,231,230,221,218,221,215,205,194,200,194,181,153,153,153,139,128,102,66
242,235,235,234,229,216,217,218,226,231,218,204,197,196,204,202,211,176,153,152,164,144,132,136,114,106
219,209,207,206,203,206,219,222,214,204,210,179,180,180,190,177,185,163,157,152,151,124,128,136,101,96
192,148,161,155,184,158,198,162,172,147,114,133,165,115,122,124,126,143,135,129,111,114,115,99,96,101
57,80,46,88,72,64,105,64,48,52,50,63,46,75,77,60,78,77,94,106,69,76,73,71,73,71
27,23,16,29,28,20,25,23,19,27,26,21,18,19,23,25,19,21,24,22,19,20,22,24,18,32
31,27,30,24,33,32,22,32,30,24,24,31,31,32,22,25,21,25,24,25,26,28,27,16,21,24
17,27,28,25,28,31,33,29,35,26,33,29,30,29,34,21,28,21,16,28,30,41,44,40,53,39
37,35,38,38,40,39,35,18,19,18,17,15,14,25,20,37,36,44,50,46,44,42,35,36,27,12
37,28,35,18,14,13,12,34,56,79,70,85,74,87,68,81,88,86,87,73,62,66,64,69,68,63
