32,18,149,15,3,5,8,7,0,7,4,87,115,196,80,245,198,17,109,113,21,41,28,37,44,57
14,46,33,12,13,0,12,2,9,0,2,99,129,208,243,255,189,4,119,80,8,47,45,47,29,33
5,18,42,17,12,5,115,13,1,5,0,81,91,18,186,125,55,45,53,78,13,69,51,35,19,42
33,5,21,30,14,68,90,51,6,3,33,84,25,89,169,181,27,144,143,70,14,61,58,30,19,24
90,16,4,29,21,54,112,63,9,7,65,39,67,109,135,128,20,180,178,133,33,53,47,43,34,32
137,61,5,8,19,28,34,52,16,17,43,50,87,95,108,141,195,231,185,151,51,59,42,57,33,46
121,134,38,17,0,18,25,17,13,18,30,60,60,84,111,161,249,242,211,143,59,63,50,52,27,45
125,129,98,35,16,10,17,26,26,16,27,51,63,70,76,191,249,255,225,121,64,53,49,28,34,40
120,128,150,90,44,22,9,14,11,25,27,24,22,61,69,120,193,198,125,68,50,44,45,26,43,33
108,105,131,132,113,58,33,25,4,24,18,24,27,23,23,24,66,82,66,58,32,32,23,19,24,25
110,107,118,139,150,150,97,49,46,26,14,11,17,25,27,26,39,25,23,29,13,21,18,19,14,19
120,98,80,115,149,177,137,144,109,91,72,45,34,17,19,17,17,20,18,20,29,25,33,36,47,43
159,111,109,100,132,187,193,162,159,149,150,113,107,99,61,47,33,27,25,17,20,13,9,9,19,15
175,162,105,101,107,147,167,207,191,173,180,164,161,153,130,121,121,100,81,86,91,72,81,90,95,71
185,161,141,108,117,109,188,199,198,207,201,190,199,195,194,185,187,192,172,159,147,163,160,163,157,165
196,192,179,135,117,117,159,209,201,203,214,217,209,221,216,193,214,225,214,205,191,211,197,193,179,194
208,208,209,173,146,111,149,183,197,208,210,214,219,214,201,204,205,211,215,214,218,215,222,218,222,225
217,234,215,210,174,131,89,169,196,195,210,211,218,231,205,214,229,199,223,217,217,213,219,217,224,225
225,232,242,223,212,151,135,158,192,200,199,217,214,207,225,221,197,217,212,218,220,223,219,232,231,222
232,243,239,236,233,192,135,160,166,181,198,200,213,211,216,217,221,227,214,211,221,220,219,220,230,226
218,233,238,238,231,205,137,157,155,185,169,198,197,199,200,206,209,211,233,233,224,225,233,215,228,212
196,208,224,237,222,205,138,134,160,167,195,191,208,200,181,214,216,214,222,199,215,214,214,241,226,220
106,151,206,218,219,179,135,134,152,167,161,169,194,207,195,198,209,217,223,216,222,230,219,227,226,223
65,127,166,186,194,120,122,149,140,151,163,180,188,198,202,177,198,222,221,215,217,222,238,222,216,220
54,95,128,120,107,94,138,149,154,172,154,167,174,182,198,196,202,216,222,223,215,220,245,219,218,210
54,65,63,90,112,123,133,131,152,166,152,173,161,180,196,194,184,192,211,226,212,220,224,216,220,197
51,66,113,119,126,140,135,137,142,158,162,172,160,170,182,184,195,202,194,209,212,213,216,240,219,210
73,75,95,120,114,136,137,145,145,158,144,127,175,164,166,190,204,182,171,221,210,212,209,205,199,201
74,76,84,114,116,129,116,142,153,160,154,145,150,162,167,178,189,176,184,190,193,200,175,201,208,219
71,66,82,71,118,109,119,139,133,160,155,144,151,145,155,171,179,193,184,175,171,192,181,185,206,213
