5,7,5,3,4,7,8,11,9,16,9,17,18,18,14,19,34,56,79,94,131,118,125,137,161,137
3,1,5,7,5,9,12,9,9,13,13,22,19,18,19,13,16,37,44,65,103,128,128,118,145,127
3,7,11,1,5,16,9,12,11,17,9,11,9,9,6,11,16,17,41,43,70,106,111,173,148,130
17,25,34,50,33,27,30,22,12,12,18,17,24,18,14,8,7,15,17,31,43,91,113,145,152,133
31,37,24,26,28,38,34,48,68,42,31,35,29,33,25,32,24,19,18,17,27,45,96,125,126,120
79,79,74,97,81,64,88,110,84,86,93,74,40,39,25,19,26,16,33,40,29,70,113,104,153,132
127,109,116,103,110,120,106,95,87,63,80,65,74,66,60,39,35,58,65,40,50,59,98,118,134,125
108,113,111,101,122,123,127,127,108,88,111,115,104,74,77,88,85,106,73,76,63,63,74,110,145,131
97,104,125,111,109,123,126,110,117,104,92,102,99,109,88,65,59,90,88,76,78,50,53,93,121,119
119,112,93,100,117,119,120,111,110,126,130,128,125,141,134,109,92,60,80,68,59,37,57,107,145,131
19,12,16,24,50,79,91,100,111,115,107,126,126,131,138,121,121,91,59,43,60,87,122,116,152,122
44,46,38,28,22,13,16,35,68,91,90,97,116,136,123,132,111,105,110,128,77,75,90,97,104,131
19,16,31,44,33,34,39,27,14,26,50,74,100,112,108,132,125,120,125,121,141,88,59,75,106,123
0,2,2,4,9,27,44,67,50,26,16,32,78,101,115,113,123,116,159,142,150,151,131,133,161,129
0,2,4,4,3,5,0,29,42,61,51,22,29,60,96,116,124,134,123,142,157,123,138,144,156,121
8,0,3,12,5,13,3,4,6,32,60,53,22,32,56,102,117,133,144,170,128,137,135,122,159,136
0,8,9,35,30,16,4,8,7,5,36,64,48,30,49,93,90,136,151,157,164,134,108,102,100,123
14,5,33,114,88,33,19,4,2,6,5,25,67,46,66,85,86,126,140,154,137,128,125,108,149,129
4,27,114,177,187,187,33,10,3,0,6,7,34,61,58,74,95,133,136,143,145,164,130,161,153,127
18,93,216,243,251,185,171,88,13,6,1,5,17,38,66,83,100,154,151,116,143,145,164,136,139,123
78,196,249,255,245,210,162,68,14,4,5,9,6,26,64,84,92,111,118,151,122,145,137,135,139,124
193,237,249,239,183,132,47,24,22,16,22,19,7,9,23,32,68,116,129,143,151,149,140,141,151,123
158,165,136,74,45,23,12,18,18,34,33,43,47,38,42,36,68,97,114,125,156,134,138,151,172,136
28,23,24,33,27,33,43,31,28,31,53,47,63,76,49,63,92,105,116,150,141,159,158,160,149,126
22,28,33,33,33,25,27,50,50,73,62,77,88,77,89,87,107,121,122,137,152,135,158,155,145,125
35,34,45,45,43,48,59,72,94,105,104,109,107,95,100,108,131,122,140,138,133,151,163,185,160,128
61,78,82,78,81,81,64,95,101,94,100,94,119,100,110,117,128,114,129,149,140,147,133,142,150,129
72,71,75,77,91,67,82,85,105,115,106,119,150,125,127,115,116,130,143,107,147,129,138,133,126,126
64,75,90,96,118,94,92,97,111,113,129,115,126,134,127,110,125,123,139,131,127,154,118,122,135,126
74,83,97,91,99,113,86,108,111,125,128,118,140,143,122,103,102,121,126,143,137,147,116,157,131,127
