152,135,137,153,168,170,166,155,150,138,153,147,136,131,125,116,87,101,79,78,91,81,93,81,81,77
150,137,158,172,174,169,145,152,152,163,163,141,125,136,108,119,101,91,77,81,85,99,88,79,64,65
161,161,167,166,177,158,123,139,155,149,157,111,156,121,126,108,101,98,77,62,87,66,84,71,73,61
166,154,180,166,169,137,120,121,150,140,146,143,140,100,135,107,94,108,84,72,100,73,73,77,66,61
187,168,166,174,146,140,136,128,122,140,135,155,137,132,112,112,93,81,113,85,71,73,64,82,63,59
157,158,150,161,158,151,165,146,134,130,128,153,134,129,111,100,76,83,74,75,68,71,66,56,65,53
156,160,152,154,153,166,118,142,127,137,138,141,92,94,94,79,98,86,76,79,60,59,57,56,64,52
145,157,184,162,188,170,114,106,123,172,106,108,106,68,96,76,99,64,91,73,63,57,64,60,53,55
142,149,172,176,185,170,158,145,135,118,131,119,92,71,82,83,84,81,81,73,66,57,58,53,49,42
108,148,141,161,129,154,142,142,114,98,102,112,114,83,85,92,79,91,71,68,62,49,50,50,48,38
134,131,147,134,134,126,129,118,137,97,89,94,94,88,77,74,70,72,68,59,55,50,51,42,40,38
118,153,119,138,113,119,99,85,99,89,82,106,88,74,78,83,70,59,63,55,54,52,51,39,36,36
145,138,150,131,117,118,143,124,100,76,86,81,92,89,75,80,65,66,54,57,56,42,42,40,39,29
107,118,113,87,136,119,85,93,141,105,76,93,91,71,67,71,58,57,53,53,50,37,37,36,37,31
100,93,113,133,107,75,80,86,112,97,101,93,80,77,71,62,66,55,53,45,43,38,38,29,30,30
142,134,125,111,116,104,79,134,93,112,99,84,80,63,72,75,62,56,47,44,43,35,35,28,26,20
126,165,131,89,124,115,89,98,97,91,78,72,70,76,54,61,60,54,36,39,39,32,32,34,22,16
123,114,107,126,59,110,85,93,120,76,83,77,71,67,54,54,50,43,40,36,36,28,27,28,26,25
86,81,97,83,90,104,96,122,79,90,86,83,72,58,58,52,46,40,40,29,34,26,26,22,23,19
111,89,88,111,84,110,145,99,93,93,78,81,66,51,57,53,44,44,35,23,30,21,23,18,20,9
88,78,87,109,93,105,107,91,88,84,67,73,57,46,49,47,37,43,30,23,31,16,14,12,18,9
71,83,78,95,132,122,98,113,73,73,65,69,55,46,45,41,33,38,26,28,37,20,11,7,11,6
68,101,81,121,105,82,99,90,84,80,66,61,55,46,45,37,34,35,27,27,30,18,11,7,3,2
63,71,70,96,121,78,79,84,90,72,61,50,51,42,45,32,36,32,30,22,14,7,8,10,4,6
64,101,69,64,89,74,76,113,69,67,57,52,50,42,34,37,36,30,21,24,15,10,12,4,10,11
92,88,87,107,71,55,63,64,57,68,51,43,40,35,31,32,27,17,6,14,10,19,7,14,9,129
72,95,83,88,70,70,72,62,53,48,46,39,37,36,30,27,21,11,15,9,9,18,13,9,11,127
76,89,96,65,69,66,56,61,54,42,42,40,40,38,27,19,19,14,14,11,14,22,8,9,129,129
94,71,73,67,61,57,51,44,42,38,37,37,35,32,19,10,16,13,20,15,13,12,8,134,126,127
83,72,58,64,52,47,44,41,42,47,37,35,27,25,16,10,17,9,15,19,9,14,133,125,124,131
