57,38,48,38,36,24,26,30,20,13,15,12,11,6,7,5,5,0,4,2,0,0,2,6,5,3
41,48,28,25,22,23,21,22,15,13,8,4,6,9,0,2,4,2,0,2,6,0,5,5,6,0
31,34,27,26,25,19,12,11,13,11,6,2,1,4,5,2,1,3,5,0,0,3,0,5,4,6
47,33,33,29,26,19,12,9,8,4,2,5,4,0,0,2,2,0,0,5,0,4,9,3,0,11
43,38,23,19,16,13,10,10,9,5,1,1,0,0,0,1,2,4,0,4,8,9,13,23,36,38
51,29,22,17,13,9,6,6,6,3,4,1,1,5,7,7,12,19,31,34,52,48,44,58,71,73
32,26,26,22,18,14,8,7,9,9,11,18,23,24,31,46,56,57,45,53,69,61,68,82,80,102
41,35,24,22,22,21,16,17,21,24,27,32,34,36,40,49,54,55,67,74,83,73,78,106,90,85
49,33,28,26,27,27,23,22,25,27,27,28,35,45,52,56,59,63,64,80,90,98,94,125,115,91
32,41,27,26,29,31,29,28,30,30,35,43,48,49,53,58,56,49,48,73,66,82,70,78,88,105
37,30,35,24,24,30,31,31,30,25,20,17,11,10,12,0,7,6,7,11,12,18,22,23,24,22
34,17,19,23,29,27,20,20,20,14,11,6,7,7,5,14,17,19,19,29,35,36,32,32,42,50
22,23,22,26,27,20,13,13,11,4,6,7,14,17,14,21,21,15,10,8,6,5,5,5,6,7
23,29,33,27,20,15,12,10,10,9,9,14,15,13,12,4,8,2,1,0,1,0,0,0,0,0
25,21,27,23,17,13,11,10,11,14,12,15,13,10,8,9,0,2,0,0,1,0,1,4,0,2
21,25,22,23,18,12,14,15,10,5,8,4,7,7,8,40,11,4,8,3,6,2,1,5,1,5
21,19,26,25,18,14,18,15,8,5,7,5,16,25,45,91,69,8,3,7,20,11,0,3,7,24
20,28,26,23,19,18,16,7,7,21,12,30,63,92,136,163,149,17,1,1,12,4,0,2,1,13
22,24,22,26,20,13,11,5,9,26,29,38,84,140,174,198,197,49,7,1,4,10,1,0,4,5
17,24,32,31,22,16,19,18,20,31,52,36,61,120,172,176,168,107,24,1,5,6,8,11,3,9
18,17,26,28,21,12,8,3,1,7,22,18,15,36,120,183,204,216,153,29,8,19,10,10,8,9
15,11,12,20,23,20,18,13,9,11,3,8,12,3,11,22,56,135,187,150,118,36,21,14,49,112
15,15,11,15,18,23,30,32,29,26,24,15,15,15,15,17,10,13,16,35,42,85,87,128,132,179
15,9,13,13,14,17,19,21,22,23,20,21,33,39,22,18,22,9,8,16,16,22,11,16,21,30
18,15,14,14,19,21,18,18,23,28,14,22,26,24,20,16,24,20,17,17,22,22,20,18,29,32
15,19,15,13,19,27,27,25,25,24,31,31,17,17,33,20,18,33,22,13,28,26,30,19,28,25
29,21,19,22,17,15,44,23,30,29,36,24,30,37,21,23,30,26,29,25,28,37,35,46,40,48
39,21,21,23,22,25,28,31,35,41,32,34,30,32,32,36,26,47,36,30,31,42,62,53,49,67
47,37,39,30,22,23,22,38,25,29,38,47,50,43,48,37,49,38,47,56,43,39,53,64,66,67
69,31,35,34,38,36,26,31,29,41,47,41,38,51,64,61,43,64,61,69,63,70,66,85,91,77
