107,111,143,135,151,177,183,198,201,196,220,232,241,245,241,209,226,217,198,202,209,205,181,177,159,128
98,108,114,159,153,175,198,206,228,223,242,244,242,232,223,219,216,214,212,198,206,212,186,170,149,115
103,113,125,179,186,201,239,206,227,251,243,248,235,230,223,216,204,192,200,193,202,189,177,172,156,106
94,108,138,183,188,215,233,219,220,244,242,243,240,232,230,212,209,191,201,215,204,215,193,167,161,139
97,121,144,184,188,213,240,222,236,234,230,238,240,220,211,214,203,221,209,201,209,209,198,174,140,136
113,124,135,160,176,206,186,212,244,235,226,222,231,193,205,188,194,171,200,213,204,190,177,176,151,145
124,118,135,146,153,192,211,233,244,232,211,206,211,202,173,182,184,173,165,189,179,181,186,176,138,153
129,145,133,141,150,187,210,215,214,199,219,187,191,197,176,161,161,154,157,156,170,168,158,161,149,134
114,104,137,132,132,172,207,208,193,204,211,202,199,182,192,180,181,164,174,156,150,153,162,154,116,107
112,112,137,134,136,164,184,179,206,203,204,196,204,188,182,173,169,188,186,177,178,142,143,145,106,94
108,103,111,124,137,161,176,191,179,195,191,201,194,193,203,189,200,192,193,171,166,140,117,124,110,99
103,107,95,114,133,147,183,165,185,175,203,211,222,211,208,208,205,193,202,203,177,148,118,111,88,95
86,101,87,106,121,127,158,175,174,187,209,221,215,206,214,215,203,203,195,200,181,172,125,102,84,84
98,85,105,104,90,139,163,158,178,206,214,220,232,227,225,224,214,216,211,208,184,178,149,94,87,81
89,85,89,100,116,138,163,158,205,229,231,206,232,231,221,235,231,200,205,200,191,185,151,107,88,68
81,81,84,109,109,139,163,186,229,225,212,231,235,225,229,223,225,201,197,213,202,167,152,119,73,74
63,72,81,102,110,133,174,199,228,230,225,220,219,224,242,221,230,222,200,212,199,173,154,133,78,68
70,62,112,117,138,159,190,219,233,242,231,227,221,244,228,219,233,220,219,213,208,193,185,149,102,76
64,81,102,135,154,173,221,220,216,227,230,230,238,222,237,232,214,197,214,210,197,201,191,165,110,77
79,83,130,147,171,205,210,211,227,229,232,227,241,223,209,216,211,202,206,188,193,196,188,172,128,86
98,126,165,160,195,221,205,211,225,221,234,248,234,220,214,211,203,213,194,195,195,183,202,168,176,101
130,148,172,200,211,207,211,227,233,242,239,243,240,238,235,220,207,211,187,196,207,191,178,171,158,134
142,162,186,217,210,204,220,224,223,249,245,236,234,244,223,226,230,218,213,201,214,193,193,174,169,153
178,175,213,207,205,218,237,247,248,254,250,242,241,246,236,237,240,224,222,211,215,195,194,169,156,156
170,218,218,195,226,227,228,240,252,248,250,245,242,236,250,246,242,237,231,238,221,207,202,184,168,171
194,196,198,204,244,244,253,250,250,250,255,248,255,241,242,249,244,239,236,233,240,221,201,183,170,173
217,197,193,226,247,246,250,255,254,248,246,250,250,247,244,242,246,253,251,240,233,247,219,199,167,173
196,189,202,231,241,245,249,251,250,247,245,245,248,244,242,242,242,245,247,246,235,223,220,196,173,179
178,188,221,225,244,251,255,254,253,254,252,247,248,244,242,240,239,242,246,244,239,224,222,211,183,155
183,208,204,238,247,253,255,253,253,254,252,248,251,250,246,238,239,248,247,236,241,228,223,208,186,162
