108,111,100,85,87,87,108,104,102,86,93,75,70,65,60,54,68,72,75,73,78,78,76,83,82,100
105,113,93,99,95,95,102,104,129,115,88,101,101,81,62,60,70,64,76,75,77,74,80,82,85,91
94,100,113,96,92,90,98,119,117,100,103,107,98,90,74,66,74,79,67,76,78,76,93,82,99,90
113,113,115,105,106,113,103,113,115,106,113,117,101,101,98,99,95,88,77,84,90,83,83,91,88,94
92,94,111,105,116,105,99,105,114,116,110,120,109,112,106,105,108,95,88,104,98,81,93,105,93,98
96,97,95,114,110,109,118,101,105,119,126,114,121,99,109,111,84,101,93,104,114,108,98,111,115,121
100,93,93,119,119,107,112,106,112,111,128,126,111,117,92,97,112,122,114,102,112,108,128,121,126,124
99,96,99,98,110,108,113,113,113,121,114,117,103,110,101,110,101,117,134,125,137,154,124,119,124,133
80,70,79,77,88,97,121,123,117,128,122,109,123,107,110,104,97,124,121,133,127,140,143,141,129,141
97,82,70,73,74,85,105,114,125,115,130,114,114,140,146,127,130,122,126,138,150,135,144,135,143,129
95,87,84,73,69,78,87,91,113,113,122,132,115,135,135,130,129,152,117,142,136,132,135,137,133,132
116,101,76,86,80,59,79,95,99,117,125,135,124,124,111,111,130,135,135,140,137,142,139,136,139,135
127,124,115,106,94,83,78,78,91,111,108,127,122,134,130,107,124,137,139,129,143,144,140,122,135,138
128,126,115,118,105,107,103,97,87,106,126,129,140,139,149,126,144,134,150,144,144,148,138,148,147,156
126,154,155,140,148,141,107,127,98,87,106,107,123,131,138,106,98,147,137,145,140,147,146,136,163,139
147,155,156,164,155,158,141,154,139,113,93,121,121,120,121,124,111,125,128,138,135,141,146,151,143,133
169,147,169,162,167,174,166,167,148,131,102,128,101,118,140,116,112,117,131,140,132,130,155,159,133,137
170,165,168,168,165,183,177,167,178,143,123,112,109,128,117,123,127,126,129,136,144,150,157,143,142,129
170,171,171,184,181,172,186,182,171,163,138,114,106,115,120,140,118,139,157,147,141,149,114,145,148,164
173,163,174,180,183,186,191,185,177,172,140,128,111,112,143,127,125,134,133,156,127,148,141,149,146,156
167,164,167,167,174,185,179,184,182,177,154,122,111,121,129,131,138,145,146,149,155,147,133,145,150,166
88,55,46,56,81,128,157,174,183,172,163,122,92,129,124,131,130,141,131,154,153,151,149,148,139,149
4,4,11,14,20,58,103,140,175,169,119,116,138,126,108,124,126,133,134,117,141,156,157,152,145,153
9,5,21,24,29,43,78,109,134,125,111,103,113,122,132,114,129,131,122,142,158,152,152,123,145,161
22,32,53,47,54,55,78,98,106,103,90,112,116,122,122,135,124,129,139,136,145,139,155,155,148,154
62,68,86,69,73,72,81,84,72,75,105,109,126,125,122,149,103,122,141,140,132,154,146,147,156,152
102,108,110,93,80,72,71,77,73,83,117,122,122,128,130,130,125,121,109,137,136,137,140,154,152,163
124,105,78,77,60,53,55,77,93,105,113,118,122,139,142,140,146,123,116,124,132,141,147,139,146,137
95,72,51,50,34,57,79,91,76,119,121,122,135,133,125,133,129,129,127,135,137,141,138,145,135,142
77,61,63,65,63,77,98,114,101,116,130,123,138,133,119,139,120,132,138,133,133,130,154,148,140,141
