27,26,22,14,15,20,6,4,8,10,2,12,11,21,6,13,11,9,13,7,8,14,4,16,15,6
42,40,34,28,23,12,11,23,15,10,9,14,7,13,27,3,18,5,20,9,12,13,5,13,11,3
47,44,37,34,37,25,22,24,12,13,17,16,7,10,15,10,7,23,9,8,13,3,17,11,8,14
51,49,39,38,35,38,33,26,23,23,16,10,15,4,11,9,14,21,8,7,9,11,16,17,11,8
52,51,41,40,35,36,33,30,32,28,21,15,14,7,21,11,19,8,18,15,15,8,20,13,8,13
46,46,40,37,39,34,36,29,25,30,33,16,6,14,15,18,7,11,20,17,12,14,6,14,16,13
41,43,41,38,32,36,41,30,28,30,29,11,11,10,13,12,12,12,21,11,12,6,12,12,15,21
37,38,40,38,35,38,33,23,32,21,18,26,22,9,15,17,19,15,20,14,12,10,16,13,8,9
41,44,39,39,35,38,33,26,27,22,13,22,22,8,8,19,16,9,19,23,22,10,10,20,8,25
37,36,36,37,32,32,31,28,28,23,22,19,22,16,6,19,13,20,22,24,19,13,25,14,14,24
39,34,32,27,28,28,29,25,24,17,28,17,21,27,18,26,19,24,16,9,15,9,13,8,14,8
29,24,31,29,22,31,36,30,28,11,20,6,20,27,23,18,20,23,25,20,14,20,7,7,25,8
27,31,32,18,30,36,25,12,21,13,28,27,22,26,22,21,26,28,29,24,15,5,21,21,9,9
17,20,31,32,26,31,21,15,32,25,28,25,31,33,25,37,32,35,22,14,18,24,29,30,22,20
30,29,28,31,41,37,28,22,28,26,25,24,37,35,26,37,28,34,30,25,25,28,23,28,22,20
33,36,34,43,39,32,34,33,29,33,36,38,33,33,37,38,30,28,35,28,34,33,34,17,26,30
35,36,43,47,45,36,39,39,36,37,34,37,39,32,38,31,31,35,25,29,31,32,34,30,28,26
33,29,43,33,34,28,25,23,36,37,38,41,37,46,40,42,39,45,48,42,48,41,42,38,40,36
27,30,34,36,41,38,47,43,49,60,48,53,64,59,71,82,78,65,68,88,69,88,78,76,62,53
42,47,58,45,47,52,43,59,74,73,58,86,83,66,97,84,102,119,103,114,120,114,120,108,105,75
50,59,77,71,83,92,84,96,90,82,90,69,112,104,124,119,123,135,133,154,137,143,141,123,126,85
49,64,84,103,99,109,142,132,122,122,132,107,128,145,123,139,133,138,149,141,154,146,133,136,109,96
76,83,107,113,114,119,135,132,147,130,123,165,138,147,132,153,145,135,153,158,152,157,153,130,115,92
101,105,108,120,127,129,112,144,138,127,141,149,154,151,157,128,140,161,165,159,164,160,154,136,122,119
88,109,120,116,142,141,132,142,128,147,166,158,161,156,129,120,132,159,150,158,162,155,160,153,141,98
100,130,133,139,153,162,149,162,166,158,143,133,125,128,152,155,140,164,153,169,159,162,142,141,136,114
119,123,121,151,150,146,145,159,157,158,157,137,145,155,137,145,152,163,152,152,162,158,152,140,132,117
141,139,138,145,142,154,156,154,158,163,167,158,155,155,166,160,152,168,166,164,161,146,148,131,136,124
131,150,139,145,141,146,152,150,147,155,160,149,157,149,162,157,156,153,145,133,145,155,145,131,121,113
136,145,147,132,150,132,138,151,145,158,165,149,153,159,152,156,166,141,145,149,154,149,130,130,120,123
