187,189,189,192,193,193,191,179,178,170,165,143,105,12,2,2,3,4,1,4,5,12,131,128,128,128
182,187,193,194,191,189,186,178,177,165,160,135,95,6,4,0,0,4,5,8,9,2,124,128,128,128
181,184,193,195,193,191,185,179,169,157,154,127,80,4,6,0,3,3,9,9,3,129,133,129,128,128
187,182,187,191,192,190,179,172,165,158,156,124,59,3,6,4,6,3,6,9,10,125,128,125,128,128
190,179,182,186,187,185,174,170,168,161,154,115,37,4,4,6,1,5,5,4,5,129,131,128,128,128
187,175,180,184,184,182,176,179,166,156,143,103,19,4,2,5,2,11,11,10,9,128,129,128,128,128
188,186,183,183,178,184,174,170,170,152,138,92,6,5,1,8,3,5,6,7,127,124,133,128,128,128
184,181,185,194,182,184,173,171,161,150,138,85,5,3,5,13,5,4,7,5,128,128,128,125,128,128
187,183,180,180,173,187,176,164,163,149,130,68,4,3,4,4,3,3,7,10,128,129,124,132,128,128
177,183,185,174,175,178,168,158,157,143,116,48,5,6,10,4,2,10,6,6,129,130,129,126,128,128
184,180,178,169,185,170,158,162,155,144,109,34,4,3,10,7,5,0,19,130,127,126,126,132,128,128
185,183,178,162,179,165,157,165,159,142,93,19,3,3,5,2,5,6,16,124,128,127,131,125,128,128
170,185,192,174,168,161,156,159,151,129,69,4,4,9,8,6,5,4,14,127,127,128,128,131,128,128
190,182,177,175,167,171,158,150,146,125,64,0,2,6,7,11,8,3,13,123,128,133,123,128,128,128
181,176,182,175,161,170,150,145,136,109,29,3,0,5,6,10,3,8,125,128,126,130,131,126,128,128
174,177,184,165,168,162,166,142,127,95,12,0,4,8,4,5,17,0,131,128,130,120,128,127,128,128
176,170,168,169,163,152,151,141,122,77,3,3,11,10,4,3,4,7,129,128,127,133,125,133,128,128
182,170,179,160,162,155,145,128,113,50,4,5,10,7,6,5,6,4,125,128,129,129,121,126,128,128
172,167,163,166,156,166,143,128,94,16,4,0,4,4,9,5,4,129,128,134,125,125,135,130,128,128
182,170,163,160,164,136,132,103,73,1,6,0,2,5,11,3,7,131,125,119,132,128,126,125,128,128
163,172,155,157,147,146,133,99,46,6,8,3,4,6,11,6,3,122,132,128,129,131,121,134,128,128
163,161,150,154,134,137,110,92,17,9,7,7,4,3,10,11,129,129,129,127,129,126,133,125,128,128
152,158,158,147,146,128,112,63,2,0,7,4,7,4,10,6,128,128,128,128,128,128,128,128,128,128
158,154,153,149,132,123,107,34,2,9,3,7,1,3,5,15,128,128,128,128,128,128,128,128,128,128
156,162,144,141,129,109,71,13,1,5,4,5,11,2,5,127,128,128,128,128,128,128,128,128,128,128
156,150,142,144,116,88,44,3,10,8,8,7,6,12,6,131,128,128,128,128,128,128,128,128,128,128
156,145,136,123,100,69,23,13,2,0,10,3,1,12,9,127,128,128,128,128,128,128,128,128,128,128
140,143,134,108,99,54,0,2,4,11,0,7,5,5,129,128,128,128,128,128,128,128,128,128,128,128
153,130,121,89,62,18,12,7,3,12,3,7,5,15,130,126,128,128,128,128,128,128,128,128,128,128
140,121,108,82,60,0,9,16,6,4,4,9,5,124,131,127,128,128,128,128,128,128,128,128,128,128
