36,31,27,26,25,22,31,29,40,39,44,42,34,52,54,54,52,71,58,66,66,76,77,102,102,116
61,59,55,53,50,45,45,49,32,37,43,48,42,41,43,48,51,58,46,47,54,56,54,74,66,81
88,101,87,99,57,73,100,116,109,108,89,72,58,50,41,32,42,42,49,38,55,45,49,52,54,58
166,176,180,173,149,113,99,107,93,83,76,90,124,97,33,31,36,23,20,29,32,36,37,40,37,39
231,230,238,230,241,241,239,248,242,247,245,247,246,250,200,82,64,33,16,7,11,16,9,21,23,33
167,186,194,189,230,244,201,235,251,239,239,216,241,245,235,177,125,162,184,186,124,67,29,12,6,19
136,180,235,201,223,244,228,239,242,233,243,238,207,241,232,135,166,150,129,108,182,207,118,152,150,36
184,188,228,243,248,237,233,235,252,240,237,228,234,229,233,120,111,136,126,246,247,121,92,74,92,222
186,187,227,233,236,240,238,236,236,243,234,230,223,247,240,106,90,90,90,124,101,118,100,78,78,107
97,111,161,150,211,166,177,222,234,243,239,227,230,231,239,78,63,73,73,92,99,130,109,65,69,53
64,80,128,130,128,126,124,162,193,212,208,201,195,235,242,68,75,71,77,78,94,82,86,84,72,72
52,68,103,98,139,144,126,139,166,183,185,186,195,201,246,89,92,92,75,78,77,87,102,75,64,68
56,44,90,115,120,136,115,134,154,185,196,185,173,182,159,53,71,94,75,76,63,78,66,69,72,88
53,60,103,134,113,164,183,159,178,167,200,248,244,224,61,63,63,69,68,49,48,62,74,77,67,111
69,95,121,131,135,153,247,168,194,129,191,247,250,244,145,71,59,53,58,43,16,27,13,20,59,178
106,94,107,95,116,124,131,148,121,123,156,245,253,252,208,202,73,58,37,52,25,79,78,43,56,218
74,64,102,98,88,119,121,101,117,121,171,242,246,246,134,122,80,67,30,28,70,79,43,21,37,198
74,75,98,118,97,123,97,98,106,121,211,245,252,237,101,110,83,57,42,29,46,39,15,15,53,159
80,77,84,115,94,108,96,90,113,166,243,250,252,217,160,85,75,69,34,37,56,39,61,44,81,125
93,58,69,98,107,114,111,98,144,248,255,249,252,243,113,81,56,86,47,54,37,51,88,55,126,100
102,79,71,104,104,105,121,102,161,222,237,238,227,233,98,78,54,42,46,40,45,48,35,30,216,68
216,137,104,108,134,165,204,178,177,163,141,89,68,56,51,45,43,32,43,42,59,44,31,35,207,53
228,208,158,156,159,219,246,247,96,79,68,64,62,53,59,55,59,68,55,46,57,56,34,72,207,78
107,135,99,117,148,164,143,109,88,81,84,72,63,92,69,62,64,61,60,47,59,68,76,176,142,108
130,132,123,122,112,145,188,142,102,85,85,96,72,78,68,75,76,69,63,67,59,53,86,229,102,120
118,119,126,97,96,166,185,142,151,84,71,75,78,86,75,75,84,61,51,63,67,55,88,218,116,139
125,134,126,148,139,105,105,103,102,91,79,88,76,74,72,81,68,53,64,57,66,67,132,171,111,130
157,167,179,176,172,146,122,135,126,84,84,77,84,83,80,82,68,57,48,76,75,73,201,105,139,159
182,182,167,168,161,180,164,150,123,102,99,91,90,93,69,121,84,66,59,82,82,100,191,111,138,164
217,207,205,185,180,184,169,173,119,98,125,101,104,100,113,115,84,84,75,104,100,188,105,138,167,153
