138,130,131,123,134,140,140,139,135,155,135,136,118,113,98,92,98,92,85,89,98,84,69,72,72,76
142,141,130,121,131,135,145,143,138,141,142,142,131,124,112,105,105,95,96,100,93,94,83,82,88,80
160,142,133,126,127,129,139,143,141,131,146,146,144,137,129,123,116,105,103,111,103,108,98,90,94,102
134,146,130,133,133,133,133,138,145,142,146,144,145,134,129,131,130,126,119,114,108,112,114,109,94,115
134,139,152,142,143,139,144,152,149,162,151,157,150,136,153,157,146,141,141,134,134,131,134,114,104,108
118,135,128,156,144,147,147,139,156,148,165,170,154,151,151,156,140,131,147,144,137,137,140,124,114,100
119,119,131,142,130,136,153,156,158,156,156,165,177,165,167,152,169,164,149,151,157,136,129,134,125,114
109,111,123,122,126,123,140,155,154,181,177,181,180,182,173,163,174,162,135,143,145,149,136,124,138,139
108,115,101,120,114,112,121,126,146,169,176,184,187,191,175,164,176,172,165,157,163,151,135,136,130,135
124,124,109,118,102,108,115,109,128,144,182,188,195,193,192,176,183,176,161,166,155,153,143,139,140,130
134,138,131,127,124,123,119,109,113,133,153,181,188,205,191,194,184,197,180,174,176,181,170,157,139,145
152,145,145,150,146,140,132,122,117,114,139,158,167,184,198,201,180,181,185,197,180,163,158,170,163,151
163,150,157,174,180,159,147,132,143,121,132,134,142,172,186,200,185,186,189,184,192,195,161,167,160,146
175,158,176,177,172,169,168,151,150,133,127,134,136,162,180,185,172,193,186,195,191,190,178,185,177,152
192,184,181,191,187,186,184,174,168,154,137,133,136,149,152,172,177,186,181,204,196,192,193,190,184,160
198,198,193,205,197,198,200,199,183,164,141,125,128,140,141,169,186,189,193,207,205,202,206,190,183,169
202,198,205,214,209,212,208,205,190,184,156,136,131,148,157,165,175,198,204,199,204,202,205,194,186,176
209,206,205,220,221,217,207,211,207,206,170,144,137,143,142,147,162,183,198,194,205,199,198,196,196,190
204,210,210,215,215,211,211,224,217,204,178,149,144,144,138,153,173,181,187,197,206,205,202,199,204,202
198,208,213,206,211,214,211,211,206,201,172,148,136,138,150,152,156,172,180,194,194,204,209,197,198,192
192,200,192,189,194,191,206,198,201,202,189,148,123,153,160,150,152,161,171,184,192,202,195,203,190,190
167,179,172,137,107,98,113,143,175,175,159,135,135,158,156,151,149,159,186,178,197,203,191,198,193,194
159,122,77,81,84,90,92,115,148,152,137,123,140,160,161,167,158,157,164,178,188,185,190,191,190,188
73,83,115,122,109,102,103,104,116,118,127,128,153,166,161,166,168,167,147,177,186,189,203,198,189,184
106,125,150,144,126,106,104,94,109,118,135,141,156,168,163,162,173,168,174,163,175,179,178,189,186,200
145,170,158,132,123,100,90,90,124,139,145,150,154,165,172,169,178,168,162,173,159,183,186,176,191,183
179,168,157,117,108,104,118,134,142,141,146,156,167,167,173,171,178,178,170,172,181,174,190,199,186,187
176,155,129,120,128,132,146,155,142,151,156,160,170,162,175,180,174,173,173,167,168,177,187,178,194,171
152,148,132,146,168,156,154,171,150,156,165,167,171,184,173,172,175,165,174,168,157,162,178,167,186,180
142,153,167,167,164,169,176,160,142,165,155,153,160,184,177,180,181,179,186,171,149,157,168,171,189,187
