82,73,76,71,78,77,73,64,29,19,11,0,2,128,131,127,128,128,128,128,128,128,128,128,128,128
84,78,68,59,78,72,48,37,19,11,4,0,1,121,129,127,128,128,128,128,128,128,128,128,128,128
87,79,71,64,69,50,26,23,8,1,1,1,127,132,127,128,128,128,128,128,128,128,128,128,128,128
89,69,63,60,54,42,20,2,8,0,4,0,127,127,132,123,128,128,128,128,128,128,128,128,128,128
78,66,58,40,20,20,15,6,0,9,2,127,133,124,125,134,128,128,128,128,128,128,128,128,128,128
79,56,34,28,29,23,4,3,5,17,14,127,130,130,130,124,128,128,128,128,128,128,128,128,128,128
55,38,29,39,36,21,0,2,3,2,127,128,126,126,127,129,128,128,128,128,128,128,128,128,128,128
50,27,16,15,6,19,14,3,2,7,132,131,124,133,128,127,128,128,128,128,128,128,128,128,128,128
10,9,14,9,3,6,0,8,3,14,128,127,132,128,126,130,128,128,128,128,128,128,128,128,128,128
6,18,5,1,10,0,4,2,0,126,126,126,128,129,127,126,128,128,128,128,128,128,128,128,128,128
5,7,0,2,3,3,8,0,1,132,128,131,126,123,126,132,128,128,128,128,128,128,128,128,128,128
10,0,2,14,0,5,0,0,127,126,128,124,129,135,129,125,128,128,128,128,128,128,128,128,128,128
12,6,1,0,4,0,3,5,132,124,128,132,128,128,126,128,128,128,128,128,128,128,128,128,128,128
7,7,0,2,1,3,2,120,124,132,127,125,129,125,131,127,128,128,128,128,128,128,128,128,128,128
14,5,6,0,5,6,128,131,130,127,132,126,131,125,131,125,128,128,128,128,128,128,128,128,128,128
0,7,13,10,0,2,125,129,129,128,124,131,125,127,128,128,128,128,128,128,128,128,128,128,128,128
3,8,11,15,1,133,125,126,128,128,128,128,128,128,128,128,128,128,128,128,128,128,128,128,128,128
0,4,2,3,1,124,133,129,128,128,128,128,128,128,128,128,128,128,128,128,128,128,128,128,128,128
5,10,0,7,132,131,126,129,128,128,128,128,128,128,128,128,128,128,128,128,128,128,128,128,128,128
0,1,1,4,125,127,131,127,128,128,128,128,128,128,128,128,128,128,128,128,128,128,128,128,128,128
16,0,7,124,122,130,125,130,128,128,128,128,128,128,128,128,128,128,128,128,128,128,128,128,128,128
1,0,130,128,132,131,129,128,128,128,128,128,128,128,128,128,128,128,128,128,128,128,128,128,128,128
2,19,130,122,133,123,126,129,128,128,128,128,128,128,128,128,128,128,128,128,128,128,128,128,128,128
4,125,125,129,126,132,129,128,128,128,128,128,128,128,128,128,128,128,128,128,128,128,128,128,128,128
128,128,128,128,128,128,128,128,128,128,128,128,128,128,128,128,128,128,128,128,128,128,128,128,128,128
128,128,128,128,128,128,128,128,128,128,128,128,128,128,128,128,128,128,128,128,128,128,128,128,128,128
128,128,128,128,128,128,128,128,128,128,128,128,128,128,128,128,128,128,128,128,128,128,128,128,128,128
128,128,128,128,128,128,128,128,128,128,128,128,128,128,128,128,128,128,128,128,128,128,128,128,128,128
128,128,128,128,128,128,128,128,128,128,128,128,128,128,128,128,128,128,128,128,128,128,128,128,128,128
128,128,128,128,128,128,128,128,128,128,128,128,128,128,128,128,128,128,128,128,128,128,128,128,128,128
