81,87,74,97,94,123,151,179,167,215,213,217,236,219,206,230,219,225,239,186,187,167,114,145,98,86
57,63,74,88,108,110,129,147,211,206,218,220,204,223,222,220,234,201,198,183,165,135,117,101,91,82
55,53,72,77,94,117,129,152,164,210,182,193,203,219,189,203,202,164,183,174,151,142,104,101,81,67
54,55,64,66,98,105,115,153,153,191,211,198,221,229,235,224,211,193,170,166,165,124,92,83,83,61
55,61,61,66,92,89,111,131,162,200,184,220,176,164,225,199,208,171,167,161,116,94,92,79,80,60
53,63,60,72,85,90,94,104,141,148,173,170,152,146,207,204,166,179,155,163,134,113,90,68,57,63
45,59,58,69,80,68,89,114,119,138,148,158,154,140,109,124,197,172,141,123,104,91,74,80,66,64
39,55,60,62,67,76,77,99,100,109,107,137,134,148,134,139,95,143,153,114,101,88,83,88,73,54
37,45,59,61,60,72,80,59,78,84,118,108,99,139,133,110,110,100,125,132,111,82,76,70,65,57
35,31,51,61,67,69,70,76,78,84,84,83,100,102,115,123,139,112,96,133,101,70,73,70,60,56
31,43,50,65,63,81,56,68,96,77,90,81,96,97,100,105,94,93,98,89,93,73,80,67,63,49
33,32,51,49,60,62,59,73,80,65,72,87,105,122,131,87,84,105,106,104,96,77,56,65,55,44
32,38,42,55,62,60,57,70,68,80,86,95,117,125,140,122,142,105,131,95,102,66,86,48,49,51
28,39,34,55,53,56,64,69,95,92,105,84,113,120,140,153,164,125,106,102,92,86,72,59,53,41
32,30,41,44,53,54,60,84,108,108,120,124,163,128,139,127,133,169,149,125,104,80,70,73,55,51
39,32,43,49,49,52,76,113,130,140,136,154,183,195,162,143,158,157,171,122,114,94,56,64,50,60
39,42,37,57,61,63,99,116,140,144,161,161,186,181,176,169,167,199,167,156,159,93,88,68,58,52
44,49,48,54,49,76,94,153,136,160,175,172,154,215,192,213,216,206,198,170,143,126,85,80,56,50
38,59,58,49,65,103,110,159,184,224,236,211,198,211,187,222,191,210,217,181,206,149,108,77,56,59
62,45,57,67,57,103,162,207,231,223,237,227,213,182,213,213,217,215,223,202,169,119,153,91,78,55
62,60,58,65,105,121,191,197,221,236,239,227,197,189,220,203,214,227,191,224,193,157,132,100,80,67
61,66,60,87,118,181,168,192,191,221,218,190,224,212,227,234,216,220,214,236,203,190,158,126,120,96
71,56,72,118,126,154,190,204,197,176,142,215,225,200,215,177,190,206,162,196,217,200,191,145,130,97
78,78,93,117,148,145,186,176,187,194,183,209,203,192,219,200,191,172,213,208,226,206,191,167,151,137
68,73,105,152,148,161,168,205,175,220,235,219,207,143,239,237,228,194,187,171,213,166,186,170,140,163
87,96,125,157,149,162,167,224,213,240,240,228,202,209,211,234,210,208,201,192,180,219,172,159,162,160
95,111,117,156,157,143,164,203,212,210,230,228,234,219,230,232,229,213,212,191,179,173,195,175,177,164
112,114,131,152,147,153,167,193,213,219,218,225,223,221,251,217,227,236,209,215,186,188,192,189,165,171
97,127,144,148,147,148,172,185,185,190,211,198,231,240,245,244,230,207,226,208,200,182,170,153,147,124
118,144,140,129,122,147,155,197,189,231,246,225,227,201,224,247,245,214,235,209,207,182,167,141,133,172
