30,30,28,10,15,7,9,10,3,9,8,4,5,9,8,6,5,3,4,4,4,4,5,5,4,4
28,35,26,11,20,8,13,7,6,7,7,5,6,7,6,6,7,5,6,4,2,2,3,6,9,10
29,29,22,18,15,15,13,10,10,13,7,10,10,8,7,8,8,7,7,6,2,5,5,4,10,12
44,34,24,21,19,18,16,13,14,18,10,15,20,21,19,17,16,15,12,14,10,11,12,13,19,18
46,40,25,25,27,28,27,25,27,31,38,39,40,38,32,27,26,28,23,29,29,32,36,39,42,36
49,43,39,40,43,46,46,44,42,43,45,43,40,37,32,28,29,33,34,35,31,35,40,44,50,49
60,55,52,50,49,50,50,47,42,40,39,34,30,28,25,21,19,20,22,21,19,26,29,26,28,27
62,58,54,50,46,44,44,41,37,33,33,28,22,18,16,14,12,11,16,14,14,23,24,17,17,18
58,49,49,46,43,41,40,37,32,28,16,14,12,10,11,14,15,15,23,19,12,14,15,15,22,27
52,49,38,37,36,34,31,25,18,13,8,13,17,18,18,19,16,12,12,14,12,14,13,10,13,11
48,35,38,36,33,29,23,16,12,11,13,12,23,18,8,9,12,7,1,4,2,5,3,10,8,7
32,38,32,32,30,23,13,8,11,17,20,14,12,4,19,29,2,5,2,2,0,2,0,5,3,3
41,36,31,25,19,16,14,13,13,14,10,7,23,39,63,43,10,0,1,4,2,4,0,4,2,4
36,31,28,21,15,16,20,19,14,9,10,31,57,85,62,25,8,9,9,16,15,14,7,10,7,7
33,29,21,22,22,20,16,14,15,19,36,45,95,93,64,15,17,15,21,26,21,16,12,21,17,9
36,27,23,24,24,19,13,12,21,31,44,67,85,152,59,16,26,9,19,18,7,5,10,27,23,12
23,27,28,26,23,21,21,23,30,37,56,67,124,146,64,21,0,14,10,6,0,0,7,22,20,14
30,33,28,27,27,29,31,33,36,40,58,99,128,98,113,42,9,5,6,5,0,5,6,14,12,13
30,30,31,30,39,28,46,54,40,41,65,83,119,126,113,78,24,12,6,9,3,5,7,7,14,14
27,31,28,34,45,40,48,56,37,38,60,81,103,124,139,111,52,15,7,14,8,5,7,5,16,35
27,32,26,26,26,27,39,57,36,31,38,65,85,103,114,128,118,63,30,17,10,17,17,12,61,148
26,30,20,21,21,14,16,30,21,23,27,35,48,63,59,78,113,105,78,57,42,38,53,83,133,199
34,30,23,24,30,19,21,24,23,26,20,29,28,32,42,52,74,101,80,74,74,70,89,130,149,153
31,34,31,25,29,23,30,31,33,33,37,42,40,27,30,34,29,36,40,37,48,50,43,47,50,47
55,31,35,30,30,26,21,20,25,32,47,35,41,46,38,31,29,33,35,35,35,37,33,33,40,39
57,51,44,33,25,33,31,34,31,32,31,34,34,35,36,33,34,41,38,42,39,48,52,46,53,62
55,48,48,41,35,30,32,35,30,34,34,36,34,34,38,45,45,39,40,39,40,53,60,60,79,94
75,74,67,52,41,42,29,28,39,40,34,38,43,43,38,41,47,47,59,51,50,58,63,68,60,79
92,74,63,63,54,47,45,43,28,49,49,44,49,51,51,54,57,49,51,58,56,62,67,73,66,78
93,98,70,78,69,75,53,42,48,41,44,44,58,60,59,64,73,66,57,70,68,67,70,78,86,82
