128,128,128,128,128,128,128,128,126,126,130,125,132,127,248,254,253,250,255,253,251,254,249,204,200,204
128,128,128,128,128,128,128,128,127,131,134,122,130,127,255,255,249,255,250,248,255,255,247,210,194,188
128,128,128,128,128,128,128,128,129,125,122,130,126,127,128,250,251,249,248,255,249,247,250,204,196,126
128,128,128,128,128,128,128,128,127,128,129,135,125,128,132,254,255,255,253,250,251,255,254,201,203,172
128,128,128,128,128,128,128,128,131,130,126,124,129,123,129,127,249,248,255,255,255,251,249,201,197,202
128,128,128,128,128,128,128,128,123,127,128,130,131,132,123,131,254,253,252,254,250,252,253,197,198,207
128,128,128,128,128,128,128,128,132,128,129,129,128,123,131,126,129,246,255,250,249,254,253,215,200,210
128,128,128,128,128,128,128,128,127,127,127,126,128,130,128,128,128,254,248,255,251,250,254,222,204,206
128,128,128,128,128,128,128,128,128,128,128,128,128,128,128,128,126,254,255,250,254,250,253,225,200,204
128,128,128,128,128,128,128,128,128,128,128,128,128,128,128,128,133,127,250,255,251,254,248,238,198,187
128,128,128,128,128,128,128,128,128,128,128,128,128,128,128,128,121,130,250,252,250,252,248,241,186,201
128,128,128,128,128,128,128,128,128,128,128,128,128,128,128,128,134,126,130,253,251,254,252,242,187,178
128,128,128,128,128,128,128,128,128,128,128,128,128,128,128,128,124,127,127,255,251,255,253,239,204,190
128,128,128,128,128,128,128,128,128,128,128,128,128,128,128,128,131,130,126,125,250,252,248,251,183,201
128,128,128,128,128,128,128,128,128,128,128,128,128,128,128,128,123,130,127,131,132,248,254,244,203,199
128,128,128,128,128,128,128,128,128,128,128,128,128,128,128,128,131,124,128,133,125,250,255,246,196,189
128,128,128,128,128,128,128,128,128,128,128,128,128,128,128,128,129,128,129,128,130,128,244,249,185,171
128,128,128,128,128,128,128,128,128,128,128,128,128,128,128,128,126,130,132,122,130,129,255,255,173,182
128,128,128,128,128,128,128,128,128,128,128,128,128,128,128,128,133,127,123,130,127,126,126,245,179,176
128,128,128,128,128,128,128,128,128,128,128,128,128,128,128,128,127,126,130,133,128,128,134,253,191,179
128,128,128,128,128,128,128,128,128,128,128,128,128,128,128,128,131,128,127,122,132,122,131,127,172,192
128,128,128,128,128,128,128,128,128,128,128,128,128,128,128,128,126,128,130,129,132,130,122,129,129,201
128,128,128,128,128,128,128,128,128,128,128,128,128,128,128,128,129,127,128,130,127,125,132,128,126,189
128,128,128,128,128,128,128,128,128,128,128,128,128,128,128,128,128,129,127,129,126,132,127,128,132,121
128,128,128,128,128,128,128,128,128,128,128,128,128,128,128,128,128,128,128,128,128,128,128,128,130,126
128,128,128,128,128,128,128,128,128,128,128,128,128,128,128,128,128,128,128,128,128,128,128,128,122,131
128,128,128,128,128,128,128,128,128,128,128,128,128,128,128,128,128,128,128,128,128,128,128,128,135,125
128,128,128,128,128,128,128,128,128,128,128,128,128,128,128,128,128,128,128,128,128,128,128,128,123,125
128,128,128,128,128,128,128,128,128,128,128,128,128,128,128,128,128,128,128,128,128,128,128,128,128,131
128,128,128,128,128,128,128,128,128,128,128,128,128,128,128,128,128,128,128,128,128,128,128,128,130,126
