21,46,84,160,189,212,211,235,218,233,233,212,231,213,209,211,210,198,172,172,164,156,151,119,108,57
49,66,123,174,197,190,213,210,227,234,230,241,237,243,224,222,224,196,191,169,175,134,144,119,101,78
60,93,135,167,169,178,209,222,236,230,211,232,237,216,225,234,226,209,198,186,171,165,131,115,99,93
81,94,109,137,152,181,207,199,228,229,232,236,236,203,230,235,229,205,194,194,190,148,145,105,97,93
88,110,115,136,174,198,212,217,223,232,239,235,240,238,233,230,241,225,209,206,178,169,177,133,118,106
120,135,154,180,207,225,230,232,236,240,243,238,240,243,240,242,243,236,227,231,230,196,213,154,125,116
171,175,175,199,235,243,242,241,243,244,244,240,240,239,235,242,241,244,239,241,216,212,224,180,161,143
206,191,231,241,241,245,241,242,245,244,245,243,245,239,236,241,241,247,245,241,238,227,224,213,181,167
242,232,240,240,243,246,242,245,248,245,247,247,245,240,244,243,242,242,247,241,238,225,203,224,210,217
241,248,247,244,245,247,244,247,248,244,245,246,243,238,243,240,243,242,244,234,231,211,223,221,236,218
250,239,244,245,242,244,241,243,246,243,243,243,244,241,241,240,243,244,240,229,216,219,208,219,223,226
240,250,240,220,239,241,237,241,246,245,246,244,237,242,241,241,232,234,228,225,209,169,189,197,222,224
240,217,192,153,180,233,222,243,241,238,246,236,240,229,227,240,231,229,233,203,186,151,137,166,187,203
215,134,49,18,13,37,133,235,245,250,233,237,233,231,228,218,225,221,210,198,117,40,17,0,26,112
158,83,25,5,13,7,23,67,240,238,229,223,194,229,218,216,209,218,186,97,3,2,0,17,30,74
167,84,43,41,29,42,51,83,126,215,221,214,212,202,193,215,199,172,108,88,37,29,33,31,47,92
161,97,72,64,77,96,108,120,146,201,213,199,198,171,184,165,170,146,119,113,87,84,74,69,65,100
161,124,120,117,130,146,171,168,209,200,184,182,173,151,147,156,143,142,140,145,152,146,120,110,120,122
137,155,132,173,223,220,195,198,192,197,200,168,170,150,146,135,157,133,128,182,159,142,164,122,132,121
106,98,91,128,185,187,209,190,164,197,195,170,129,160,120,155,156,174,143,156,131,146,113,120,106,91
107,88,82,119,127,165,209,170,158,180,191,161,154,154,147,158,148,131,126,140,134,124,113,89,74,68
141,115,125,137,153,187,181,183,185,203,214,171,160,152,156,151,128,142,119,129,118,99,111,100,97,95
155,162,120,128,163,158,187,157,165,158,164,164,147,168,161,162,119,124,148,129,112,102,102,115,102,106
159,155,166,145,159,183,165,161,173,161,136,143,137,134,148,154,170,162,141,154,138,123,118,110,115,113
157,162,170,160,146,156,112,157,164,150,155,152,132,145,156,156,153,143,160,150,140,110,119,130,125,109
169,170,152,175,160,152,129,182,162,161,139,136,128,127,132,162,168,142,139,142,124,114,121,153,144,127
168,184,164,164,140,168,167,147,150,129,141,142,133,122,125,138,145,137,135,122,112,130,127,126,143,134
165,178,170,197,178,152,157,152,133,126,145,131,108,128,120,107,138,124,133,127,119,140,133,144,117,113
167,196,174,178,147,158,179,126,116,114,124,131,113,110,108,128,115,124,107,109,126,122,136,134,137,131
183,171,180,193,143,164,162,139,122,108,118,121,124,114,115,116,119,125,125,121,117,123,165,133,131,144
