210,206,202,186,188,186,178,177,171,166,163,158,149,163,161,173,165,167,159,128,146,157,175,149,150,181
211,196,225,183,195,184,166,149,145,142,149,144,137,143,164,164,160,157,152,149,163,169,164,170,176,144
196,189,212,194,197,174,163,159,146,134,150,157,141,136,155,156,151,154,145,162,157,171,170,157,170,156
190,201,199,204,196,183,180,182,158,141,147,151,138,141,139,149,140,147,140,156,154,165,157,168,169,160
209,204,220,204,214,227,211,175,182,162,149,137,128,139,138,152,159,167,167,177,172,160,166,192,159,181
220,212,220,215,214,204,188,208,199,194,167,153,148,146,157,160,190,187,185,185,198,173,186,187,160,166
216,198,201,177,162,166,162,196,204,220,190,187,188,189,185,195,200,191,190,191,190,199,189,183,186,193
157,150,145,153,131,129,139,140,143,145,170,204,206,173,175,179,154,148,156,149,164,193,204,203,184,178
126,134,139,135,140,132,131,127,129,133,140,150,151,144,130,138,135,125,137,138,135,144,174,197,169,217
127,123,123,135,135,138,137,127,115,122,126,134,132,126,128,122,122,129,126,127,126,125,133,152,187,190
114,119,117,132,136,127,126,120,124,120,122,126,129,137,122,123,127,127,139,130,129,123,119,116,122,142
92,128,108,119,126,131,124,118,112,120,117,128,130,129,128,121,122,125,122,127,115,118,124,124,110,116
77,71,91,89,82,108,105,110,107,122,96,95,120,121,126,131,117,120,138,125,122,117,112,114,116,120
107,101,97,90,95,102,95,86,97,91,71,70,81,105,100,82,85,88,89,95,90,84,86,82,97,101
129,151,114,114,117,115,128,95,105,109,99,109,108,105,107,92,86,90,93,102,90,100,87,84,83,75
147,146,144,134,123,115,130,118,118,121,136,116,123,133,124,119,114,111,108,108,131,112,110,130,114,132
142,148,176,141,135,125,119,161,139,128,121,136,153,162,134,132,150,146,143,130,125,123,128,130,133,141
181,135,165,162,143,135,137,152,145,161,153,140,136,164,155,156,184,178,176,168,142,166,160,139,141,150
194,182,164,203,160,154,144,148,147,141,147,171,140,166,155,168,188,205,178,173,156,185,153,152,155,139
172,189,191,184,170,141,124,152,143,152,175,166,152,163,175,146,169,167,166,170,151,150,155,153,150,153
172,174,187,183,179,160,154,156,167,149,169,165,151,161,156,154,149,171,153,157,158,166,161,175,155,179
155,177,177,171,183,174,174,169,167,160,157,174,157,162,171,156,157,159,156,151,160,158,157,155,165,176
155,150,156,172,168,182,176,165,178,164,163,183,159,167,178,173,161,171,162,163,153,163,148,162,168,181
160,155,160,154,153,152,158,152,148,157,158,177,159,155,153,160,140,151,142,160,156,170,163,168,168,173
155,146,155,139,140,134,138,140,136,123,113,124,117,115,133,133,140,137,138,145,153,158,164,173,168,169
140,158,144,128,118,114,106,90,88,92,120,90,94,95,102,110,115,123,121,131,142,149,152,151,144,167
150,135,119,111,111,116,96,86,96,77,84,80,86,80,83,101,112,117,120,139,139,156,153,163,161,166
177,135,120,113,121,122,115,99,80,87,83,83,86,91,100,105,121,119,123,128,132,164,159,174,180,163
164,142,127,139,140,135,122,111,88,85,67,86,74,103,102,115,116,144,143,150,139,168,163,159,159,159
183,163,165,161,150,147,134,118,94,96,93,83,85,113,122,131,139,155,163,172,183,167,175,190,174,163
