131,128,10,26,34,50,70,76,85,63,64,35,26,23,24,17,19,28,25,22,15,11,21,22,15,15
128,125,21,30,44,52,66,77,72,58,28,24,22,26,25,38,25,31,25,31,29,21,25,18,20,18
132,125,22,33,49,56,57,53,47,15,27,29,36,25,20,32,42,41,35,26,27,20,18,13,14,7
126,129,28,36,52,61,55,41,26,25,19,21,25,30,36,40,37,30,40,43,31,25,9,20,14,15
127,127,29,41,52,50,44,41,25,31,37,33,48,38,40,29,57,51,51,55,59,40,43,26,23,27
130,127,29,43,53,47,41,40,27,31,53,75,56,51,46,73,71,68,59,67,47,53,51,50,42,44
127,130,36,45,57,62,55,39,44,74,99,89,75,106,100,73,58,54,46,66,54,43,52,52,56,57
125,129,42,51,57,69,75,60,64,62,98,127,130,88,103,98,110,72,86,51,56,47,42,49,44,47
127,126,42,56,60,81,97,84,100,124,126,142,138,137,128,103,71,74,72,59,40,35,29,31,23,28
128,127,42,55,70,107,119,83,80,117,120,117,114,133,114,103,69,67,40,39,25,16,23,28,22,23
125,135,58,50,84,110,109,111,128,136,149,146,123,99,81,76,59,34,26,23,38,25,8,13,6,7
130,119,60,62,88,125,94,112,129,144,132,142,132,106,77,60,30,36,24,24,1,10,11,5,25,12
130,128,66,82,102,151,115,112,131,124,140,118,113,80,52,31,47,34,4,2,3,20,15,49,35,9
127,126,70,109,123,158,138,141,129,140,124,102,94,66,33,31,22,4,5,9,40,72,92,95,39,10
128,125,94,116,122,145,135,151,140,141,135,99,49,31,9,21,4,9,14,42,94,106,130,77,35,14
127,133,103,113,124,137,141,140,137,138,86,65,59,26,25,11,10,15,29,92,144,143,139,99,50,31
127,127,98,123,145,138,147,148,129,107,67,52,28,25,15,10,26,23,77,152,147,167,160,140,49,22
127,129,126,126,141,147,136,146,124,97,81,42,33,25,23,34,39,38,71,152,143,160,161,167,68,25
127,129,116,129,133,146,156,138,116,97,63,52,39,46,44,54,48,33,44,98,148,169,161,167,139,48
129,129,125,134,144,150,148,140,129,106,86,56,58,61,65,43,56,45,40,46,158,167,164,166,170,109
127,127,133,135,145,141,131,135,115,99,68,61,72,63,52,66,66,49,41,41,58,122,165,172,172,177
127,130,143,142,142,133,133,137,132,107,91,69,68,59,65,57,62,53,37,41,30,49,82,144,160,162
126,128,142,145,138,131,141,132,131,99,90,84,78,73,80,70,68,57,49,40,35,33,35,49,78,88
132,130,141,148,138,137,143,121,118,119,105,98,87,92,84,79,80,75,67,62,43,39,29,35,27,43
125,121,132,137,128,132,125,111,120,101,113,105,103,80,93,91,69,89,99,72,58,64,63,49,32,44
130,128,142,143,135,144,129,131,125,132,125,102,118,109,106,108,80,87,79,73,83,95,72,56,52,53
125,127,137,146,148,137,138,129,125,130,130,121,118,110,106,105,85,89,81,79,81,79,69,73,78,73
133,134,137,144,145,141,151,129,130,131,96,111,116,111,91,105,96,88,80,93,78,86,81,69,76,60
123,126,141,145,151,142,133,135,131,127,105,120,134,108,104,118,94,114,91,87,81,88,82,70,67,54
130,130,141,156,148,137,152,139,132,130,122,131,120,127,123,105,108,102,104,111,103,98,83,84,79,80
