123,134,17,8,14,21,31,19,12,57,12,17,4,5,7,51,22,35,50,53,34,20,51,109,161,153
131,129,12,18,26,23,28,38,15,40,21,13,5,3,0,14,19,40,23,12,32,22,76,160,216,189
123,131,2,0,16,49,57,39,32,6,66,23,14,16,8,2,10,23,30,39,38,103,125,185,170,177
131,129,0,7,5,23,52,60,41,26,14,48,10,18,20,18,17,10,11,33,104,130,128,127,168,139
129,125,25,6,26,24,44,41,59,59,8,17,36,7,40,19,64,13,11,14,37,47,90,71,83,97
128,129,12,20,37,63,27,30,58,64,49,3,29,48,12,17,28,31,6,19,19,35,27,60,55,43
125,134,30,34,59,63,32,18,35,46,61,59,8,18,56,17,18,27,34,15,13,15,67,68,46,76
128,128,46,66,63,41,29,31,26,56,44,49,62,25,3,42,39,15,17,24,6,26,37,40,45,22
131,120,33,48,50,42,30,32,23,47,44,47,71,72,53,21,18,67,40,10,21,18,25,38,34,31
125,134,23,18,26,20,36,45,56,49,45,42,61,81,89,85,50,15,30,63,64,38,21,21,36,26
130,123,17,0,6,0,8,23,61,60,60,58,63,79,83,97,102,99,71,38,20,28,62,68,68,50
128,127,128,9,7,0,8,20,41,39,56,65,50,75,86,110,102,110,103,116,103,91,50,29,33,47
124,130,131,15,10,5,8,33,25,31,53,61,61,72,88,96,106,119,116,120,111,126,128,131,115,107
130,123,125,68,36,25,38,22,21,30,37,65,57,82,79,92,100,108,118,123,130,125,137,139,144,135
129,126,134,56,51,58,74,46,33,29,42,48,67,75,83,86,105,108,115,126,141,128,147,149,155,150
127,128,129,66,66,64,44,50,45,43,42,48,60,78,82,88,101,108,104,127,136,135,148,147,160,171
129,126,129,87,79,57,37,36,44,49,55,52,65,78,84,86,87,108,107,131,133,142,152,150,156,169
130,123,134,52,60,65,63,50,43,56,65,71,68,82,77,77,81,105,115,126,128,133,153,157,157,172
129,125,123,37,36,63,57,60,54,52,77,64,76,67,79,73,80,94,109,114,117,118,141,155,150,194
127,132,128,44,43,45,72,51,60,54,61,65,59,66,75,82,79,86,101,117,119,118,134,153,160,171
127,131,129,130,49,36,62,52,51,54,52,59,63,66,76,76,89,83,91,114,108,110,137,135,153,157
128,125,130,122,39,59,35,66,32,48,50,36,64,51,64,73,78,79,87,108,116,120,135,138,143,151
127,127,128,136,34,38,43,49,40,42,50,56,51,45,60,70,74,87,93,99,108,112,122,139,151,174
130,131,121,121,32,27,28,30,51,33,44,77,45,39,50,67,63,81,91,91,98,108,121,143,147,165
124,131,130,129,39,17,24,22,41,30,43,56,65,33,37,63,57,70,85,90,98,112,124,136,139,162
129,124,124,132,29,22,9,25,28,33,41,35,67,38,31,49,60,72,85,90,92,105,124,133,155,163
127,133,132,124,129,23,23,7,23,31,36,33,47,47,32,31,53,71,79,85,89,100,125,138,147,168
127,128,128,125,132,21,19,22,25,34,38,34,46,56,39,31,49,70,70,80,94,101,120,128,152,161
126,129,127,129,130,24,22,17,24,30,36,34,46,65,55,21,47,82,67,77,90,101,111,129,148,165
129,129,130,124,128,31,24,18,29,21,31,37,51,64,63,24,41,74,78,76,92,95,114,132,142,168
