51,84,93,97,98,90,105,108,103,101,106,99,100,99,94,90,104,105,107,107,104,99,95,91,85,78
104,102,105,107,114,115,104,109,101,101,107,109,108,118,132,120,123,127,128,126,131,124,104,100,100,88
104,96,104,104,117,109,103,122,120,116,127,123,128,124,120,140,134,155,254,255,255,246,134,104,95,86
247,255,122,99,92,107,104,110,109,126,113,138,132,161,166,137,145,166,176,134,152,151,146,90,69,79
103,105,98,100,93,98,93,103,98,98,103,96,100,106,163,117,102,87,69,100,117,92,81,92,85,66
148,255,254,248,85,81,86,74,103,246,234,90,82,63,72,58,58,59,72,106,134,104,94,107,87,73
251,249,255,114,30,24,56,93,255,252,254,245,81,67,54,52,50,56,97,135,132,122,104,102,249,191
246,255,52,13,8,9,8,168,244,255,255,243,118,64,59,50,44,52,161,142,137,120,111,115,255,249
231,245,17,25,17,0,7,86,64,246,242,199,28,13,51,49,53,48,242,242,231,211,127,240,253,255
170,160,19,16,3,23,25,59,32,192,103,38,15,6,47,55,48,44,247,246,245,243,223,243,252,255
90,32,11,2,4,15,24,84,29,87,31,65,39,13,62,50,45,51,250,246,249,244,241,250,253,254
24,20,0,4,2,14,30,77,34,69,64,54,58,50,54,107,49,58,246,244,255,244,246,253,252,255
28,37,29,6,2,12,26,57,68,161,87,88,64,31,38,52,70,71,247,244,238,252,242,250,255,252
9,0,0,19,13,16,27,22,24,45,50,60,46,36,41,39,70,60,216,248,254,249,240,255,255,249
0,1,4,0,1,3,28,23,10,27,45,45,39,33,39,46,39,84,174,247,237,249,245,255,253,251
2,3,0,12,0,0,19,8,5,0,85,24,37,38,41,48,35,64,227,247,247,240,243,248,252,247
2,7,5,4,3,0,20,23,0,1,66,21,45,41,37,55,29,72,244,73,70,83,237,253,246,247
4,5,12,8,3,9,21,18,0,9,60,39,46,38,41,50,51,60,125,64,59,95,244,247,246,243
3,18,18,12,9,23,14,10,15,7,30,32,36,37,38,51,37,60,115,87,64,177,248,246,244,246
12,7,19,25,17,19,11,26,13,10,29,56,29,33,20,134,39,88,76,248,254,196,243,249,249,233
17,7,2,2,8,5,15,22,16,33,46,49,31,16,37,84,66,69,61,243,91,42,47,52,65,228
21,1,10,5,0,8,0,20,29,68,44,38,31,15,32,92,112,72,71,65,72,40,44,47,213,210
19,2,1,0,2,1,6,25,73,86,98,15,11,15,29,106,112,107,75,56,65,33,44,98,195,197
18,9,5,8,0,9,0,25,81,79,95,25,5,38,21,110,112,104,95,57,71,47,65,202,169,171
26,16,18,6,2,0,4,13,94,102,241,9,20,76,7,109,95,113,84,65,99,98,158,168,182,172
30,43,21,17,17,14,9,11,85,101,64,7,3,94,23,97,92,88,60,91,107,84,80,164,164,156
51,26,30,22,22,35,15,23,76,90,41,38,16,64,63,86,88,52,41,134,103,105,119,146,137,163
63,34,21,8,11,0,7,30,69,62,39,35,229,31,76,85,74,49,43,124,85,74,100,154,126,137
21,77,32,15,0,8,5,45,56,29,51,10,179,31,76,88,71,52,44,131,112,48,57,180,136,133
4,20,71,18,26,4,13,53,30,52,77,16,69,35,93,86,74,48,57,102,103,43,52,114,142,136
