127,127,127,127,127,127,127,127,127,127,130,125,128,126,202,207,215,209,221,213,209,192,211,196,172,186
127,127,127,127,127,127,127,127,128,128,124,128,126,131,199,205,203,203,198,199,195,199,191,189,188,191
127,127,127,127,127,127,127,127,127,125,130,128,126,121,135,184,212,208,210,191,196,204,192,176,176,205
127,127,127,127,127,127,127,127,129,124,130,124,129,129,124,187,195,197,206,209,190,204,198,184,175,170
127,127,127,127,127,127,127,127,125,127,127,129,127,123,129,126,198,206,203,199,177,187,197,189,175,171
127,127,127,127,127,127,127,127,130,128,126,122,126,125,134,126,201,197,181,182,192,172,173,180,183,175
127,127,127,127,127,127,127,127,124,125,130,127,133,126,119,130,127,180,172,171,172,205,179,166,188,167
127,127,127,127,127,127,127,127,128,130,122,128,126,124,132,125,127,172,189,187,168,191,186,204,184,175
127,127,127,127,127,127,127,127,127,127,127,127,127,127,127,127,128,179,196,174,182,181,173,174,193,168
127,127,127,127,127,127,127,127,127,127,127,127,127,127,127,127,119,127,200,181,196,176,203,199,206,182
127,127,127,127,127,127,127,127,127,127,127,127,127,127,127,127,132,125,202,187,185,194,197,177,183,199
127,127,127,127,127,127,127,127,127,127,127,127,127,127,127,127,125,127,129,174,181,188,195,191,181,185
127,127,127,127,127,127,127,127,127,127,127,127,127,127,127,127,129,124,128,165,194,184,174,191,178,185
127,127,127,127,127,127,127,127,127,127,127,127,127,127,127,127,126,130,124,126,157,166,178,179,186,172
127,127,127,127,127,127,127,127,127,127,127,127,127,127,127,127,129,122,129,124,134,170,160,175,172,174
127,127,127,127,127,127,127,127,127,127,127,127,127,127,127,127,124,130,126,129,124,158,153,172,172,171
127,127,127,127,127,127,127,127,127,127,127,127,127,127,127,127,127,128,127,126,127,128,168,156,142,156
127,127,127,127,127,127,127,127,127,127,127,127,127,127,127,127,127,128,128,128,127,126,152,143,141,149
127,127,127,127,127,127,127,127,127,127,127,127,127,127,127,127,127,128,127,129,126,126,135,133,134,139
127,127,127,127,127,127,127,127,127,127,127,127,127,127,127,127,129,128,125,128,125,128,126,132,147,151
127,127,127,127,127,127,127,127,127,127,127,127,127,127,127,127,128,128,124,128,126,130,123,132,134,132
127,127,127,127,127,127,127,127,127,127,127,127,127,127,127,127,126,127,125,129,127,130,123,128,127,134
127,127,127,127,127,127,127,127,127,127,127,127,127,127,127,127,126,127,126,130,127,127,126,126,128,124
127,127,127,127,127,127,127,127,127,127,127,127,127,127,127,127,126,128,126,128,126,125,130,127,127,124
127,127,127,127,127,127,127,127,127,127,127,127,127,127,127,127,127,127,127,127,127,127,127,127,124,131
127,127,127,127,127,127,127,127,127,127,127,127,127,127,127,127,127,127,127,127,127,127,127,127,132,120
127,127,127,127,127,127,127,127,127,127,127,127,127,127,127,127,127,127,127,127,127,127,127,127,121,138
127,127,127,127,127,127,127,127,127,127,127,127,127,127,127,127,127,127,127,127,127,127,127,127,130,126
127,127,127,127,127,127,127,127,127,127,127,127,127,127,127,127,127,127,127,127,127,127,127,127,124,125
127,127,127,127,127,127,127,127,127,127,127,127,127,127,127,127,127,127,127,127,127,127,127,127,128,127
