128,125,135,217,249,247,237,244,255,223,109,57,71,106,104,125,153,153,206,212,225,237,227,231,240,238
123,135,51,140,253,255,254,250,251,251,240,215,224,239,246,241,238,235,239,247,242,244,239,238,218,226
127,131,67,126,250,252,228,249,251,248,204,242,213,228,234,241,247,250,240,250,246,244,245,240,227,226
128,129,60,162,247,252,239,251,255,250,249,236,222,204,217,232,229,236,244,247,254,248,248,245,239,235
130,130,69,176,245,255,239,255,252,240,240,241,214,178,187,184,201,203,231,242,247,248,245,246,241,243
129,119,66,226,245,252,235,252,252,253,251,224,237,209,209,200,202,225,221,223,238,237,236,243,242,245
129,134,57,205,242,255,250,251,255,234,255,238,238,213,215,197,224,186,206,194,217,219,216,224,214,231
124,128,61,238,240,250,191,255,253,242,245,230,234,236,223,217,215,209,217,185,206,193,184,211,194,215
130,129,79,238,255,252,244,255,253,247,251,254,236,228,223,248,204,221,169,167,149,167,215,184,215,199
128,123,86,253,245,246,244,254,238,253,243,237,245,246,233,228,222,226,196,181,181,182,180,187,204,160
127,131,80,249,251,249,255,251,250,253,244,244,223,212,225,212,203,192,163,157,203,156,151,168,165,176
130,126,129,244,255,231,255,248,206,247,232,235,220,205,220,227,209,187,210,187,195,173,178,186,179,143
127,128,127,248,251,242,251,255,251,248,234,238,219,214,223,220,216,222,217,213,189,202,214,219,207,179
131,125,131,249,255,252,254,255,246,233,224,231,222,210,223,224,226,228,216,217,222,218,227,223,226,230
127,130,128,246,250,236,255,252,254,235,226,225,222,209,224,221,218,229,230,234,227,227,231,228,231,229
130,121,135,246,255,252,254,251,254,245,239,230,226,218,221,202,220,224,216,224,210,216,187,189,234,223
128,132,129,247,248,237,255,241,255,242,227,211,206,213,220,205,209,227,231,226,216,197,189,214,215,222
127,122,132,248,249,255,255,254,251,237,231,227,223,225,225,214,234,224,229,214,223,205,218,193,193,192
132,130,123,253,254,255,249,221,248,226,225,221,224,219,226,222,238,219,224,215,219,225,214,188,190,186
126,129,130,251,237,250,255,251,248,225,230,220,229,222,234,230,228,234,235,233,209,215,149,205,171,210
128,131,128,126,253,251,254,243,237,239,227,225,218,222,232,237,238,238,228,224,237,230,212,198,198,207
126,124,127,128,232,251,255,245,251,238,221,228,236,243,237,230,226,234,237,231,234,215,233,207,210,181
128,132,130,127,249,255,245,253,247,241,237,242,239,240,234,239,242,244,237,232,238,234,231,209,206,202
128,127,130,119,248,255,253,239,247,243,243,242,236,239,232,239,233,234,241,240,242,215,230,190,201,204
127,130,125,136,243,253,251,255,249,245,241,236,231,241,236,239,245,249,244,239,236,239,214,232,206,213
129,123,127,131,253,255,251,239,246,247,243,236,229,240,242,248,251,242,240,243,248,236,225,216,218,164
126,134,126,124,131,249,255,251,252,248,235,236,238,248,249,246,252,247,239,236,231,231,212,223,199,188
129,127,130,131,123,255,255,253,252,248,234,241,243,246,249,246,251,240,235,230,226,219,231,221,225,216
125,132,130,128,126,254,255,238,255,245,240,245,249,246,243,244,248,238,239,241,234,235,237,226,231,225
129,126,124,131,129,251,255,247,254,248,243,244,246,246,245,245,247,244,247,244,233,232,238,237,222,210
