125,127,214,212,200,199,229,211,220,195,141,66,35,16,23,24,33,31,26,22,15,14,18,25,18,17
128,129,220,208,205,211,212,220,203,136,47,35,27,34,31,48,36,34,27,31,31,43,51,61,57,48
128,124,192,203,200,219,222,225,202,69,36,27,38,40,57,60,49,45,43,57,53,54,66,52,64,67
129,131,231,208,230,220,223,172,82,54,31,34,38,59,59,57,60,67,88,80,95,86,86,133,83,86
125,129,210,233,224,206,192,82,44,29,37,37,41,39,54,77,74,97,107,133,142,145,134,117,118,97
129,130,224,216,205,219,121,63,37,42,43,63,49,66,78,79,97,109,120,105,115,145,103,87,111,82
129,123,212,177,183,156,101,69,45,37,48,38,51,86,95,95,138,113,151,111,117,125,99,105,87,74
128,130,203,208,197,143,122,49,33,48,56,67,110,105,100,153,143,132,134,132,138,97,86,78,77,57
127,127,204,189,164,143,78,44,44,47,64,83,94,73,117,118,168,141,124,119,96,75,68,48,44,25
128,130,198,222,178,71,67,45,51,62,67,72,77,139,109,141,140,119,85,52,66,49,28,23,9,20
130,125,186,124,116,93,73,59,65,80,106,106,171,167,158,152,134,87,70,54,29,18,15,22,34,31
126,132,162,160,97,75,69,68,78,114,164,174,165,124,169,132,97,65,47,24,12,23,37,40,38,34
130,129,172,121,118,81,67,67,97,100,109,117,135,126,140,94,59,32,18,13,29,44,51,40,20,11
128,125,195,143,106,94,66,72,94,110,124,126,119,120,92,60,35,16,15,34,55,40,24,8,1,0
132,126,201,168,145,107,109,104,144,163,131,127,115,87,52,30,13,20,32,43,41,10,0,4,21,12
124,126,196,168,143,123,151,133,129,182,156,105,86,56,37,14,14,38,43,25,6,0,15,51,67,30
133,128,147,107,108,110,124,145,147,119,112,90,68,35,18,7,34,44,30,6,0,15,49,113,102,29
125,129,170,206,161,125,121,169,147,118,91,63,44,21,14,33,30,22,2,0,6,37,78,164,188,63
128,130,170,187,158,149,163,139,160,105,75,55,31,16,27,28,19,7,0,0,8,44,125,201,181,135
127,126,185,189,183,153,170,148,96,79,58,37,24,29,23,3,3,1,3,4,6,11,32,51,77,134
130,126,174,192,171,163,132,116,119,84,46,38,28,22,9,9,5,3,7,8,19,20,26,25,30,33
125,132,184,174,162,125,143,114,89,65,44,45,38,27,14,12,19,17,22,16,18,12,20,25,26,26
132,123,188,185,172,178,139,99,80,65,60,47,34,28,32,26,24,30,38,34,31,26,33,38,28,36
126,128,196,186,163,163,126,94,78,59,58,53,45,35,40,34,33,37,35,29,29,38,44,45,41,32
128,131,198,184,164,154,110,102,91,78,64,53,49,47,45,39,41,43,37,40,38,50,48,48,41,29
128,127,132,140,136,120,89,79,81,77,61,57,50,45,41,56,61,62,58,71,61,60,50,56,47,56
127,126,147,128,126,90,94,84,76,67,59,46,49,54,45,78,91,87,93,99,104,93,79,93,87,90
131,128,164,145,117,96,78,83,70,71,51,53,58,67,77,102,106,113,157,136,119,99,131,99,103,72
123,128,161,142,126,95,104,92,73,62,66,74,74,95,106,132,137,108,110,114,108,107,85,75,67,65
132,123,150,127,114,111,80,74,83,70,75,87,77,93,113,103,139,115,118,103,96,89,76,79,62,54
