128,125,207,197,194,192,195,193,196,189,203,199,205,218,208,217,214,215,211,211,207,199,196,191,188,180
129,127,209,200,196,194,197,194,193,194,192,201,209,213,221,218,219,221,217,215,207,196,193,190,186,178
127,127,212,205,203,200,202,198,195,192,193,193,203,217,219,218,219,217,210,208,204,197,197,195,194,188
126,127,214,209,207,203,203,198,196,200,188,188,197,206,215,204,205,205,202,204,202,198,201,201,195,191
128,122,212,206,209,213,202,212,189,192,194,189,188,197,204,204,206,204,197,195,199,196,191,193,196,193
130,125,219,216,221,207,212,200,204,200,188,188,180,172,186,189,192,191,186,184,187,189,189,190,192,190
127,126,218,217,218,222,213,206,205,200,190,189,186,186,192,189,194,191,190,188,186,188,189,187,183,180
122,129,230,226,229,221,211,217,205,200,211,197,189,196,190,198,192,186,186,186,180,176,177,175,176,176
128,127,224,233,230,226,224,226,227,208,213,207,202,202,191,201,200,190,189,193,186,180,182,185,178,182
130,123,248,235,226,238,240,232,229,222,214,218,219,214,211,202,204,193,190,192,189,183,187,194,190,194
123,127,246,238,241,229,238,233,218,232,231,229,220,214,219,208,211,206,201,200,200,198,198,204,205,206
124,132,127,231,234,233,227,238,235,228,226,228,230,231,225,218,214,217,213,210,213,213,210,212,216,216
125,125,129,246,237,238,241,235,238,239,226,223,220,228,225,223,230,230,227,218,217,212,220,219,216,220
130,126,126,243,239,241,241,234,227,219,235,223,230,231,228,231,222,233,231,232,224,227,226,222,227,228
130,126,125,242,239,241,241,235,232,221,232,238,238,243,231,231,228,241,238,237,229,235,236,232,230,228
126,126,127,244,239,240,241,241,235,230,227,250,245,246,246,241,236,241,241,232,232,229,237,234,231,233
126,128,129,247,243,242,242,243,240,235,243,252,252,238,254,251,249,251,253,249,249,241,247,245,237,236
128,128,126,245,246,245,241,240,250,243,253,255,252,248,248,252,247,251,247,255,249,247,246,248,241,245
127,127,125,244,247,247,244,244,249,249,246,255,252,255,251,254,251,255,249,255,250,252,251,250,254,231
125,129,129,247,249,248,248,254,249,255,250,250,254,241,253,246,251,254,255,251,255,249,251,242,246,246
128,129,126,130,244,253,247,254,252,249,255,253,253,255,248,250,245,251,250,255,251,253,248,252,245,252
126,125,132,126,251,251,252,250,251,252,255,253,253,255,253,255,252,252,249,250,253,254,251,252,250,249
126,127,126,126,237,251,250,252,250,254,253,252,250,250,254,253,254,255,251,250,246,248,246,251,253,247
128,129,124,129,220,242,245,254,250,255,252,253,252,250,255,254,255,255,252,255,246,251,245,251,255,240
128,124,131,130,208,221,236,245,244,250,248,252,253,250,255,252,254,251,247,248,252,252,244,239,252,237
127,125,127,131,174,199,219,235,242,246,249,254,253,249,250,251,250,245,251,241,255,240,239,229,230,241
127,129,121,129,137,183,204,222,237,238,248,253,251,246,245,254,250,251,255,248,253,238,237,233,215,224
126,127,129,125,129,172,200,208,216,218,234,241,238,235,236,251,246,250,246,249,246,245,235,235,219,191
129,126,126,130,123,154,159,194,206,226,230,234,238,238,242,240,238,240,228,244,238,234,227,227,222,201
122,133,128,124,137,139,140,167,189,207,218,231,239,250,244,246,240,226,218,221,225,225,224,213,218,210
