131,126,130,130,121,127,128,128,0,6,3,6,5,8,6,13,15,21,18,17,11,2,3,7,8,8
126,125,130,126,136,129,129,0,0,4,5,6,5,7,10,18,22,22,14,11,15,20,26,33,35,34
129,131,123,130,122,132,125,4,6,5,8,8,10,16,26,30,39,22,27,30,28,43,54,44,49,63
123,127,133,126,128,129,130,7,11,7,14,15,23,30,41,37,33,42,44,45,66,65,54,63,70,67
131,124,125,130,132,120,131,10,10,11,22,26,36,43,53,47,52,64,67,64,80,68,62,78,98,97
128,128,132,123,130,131,7,24,18,25,34,37,46,61,76,80,80,76,84,83,79,76,101,106,95,94
128,128,128,127,128,130,24,31,34,43,46,51,63,83,96,103,104,119,108,94,102,87,102,110,107,88
127,127,131,126,129,126,39,33,43,54,55,66,80,98,96,95,90,117,113,108,124,109,121,115,112,106
127,126,131,122,132,128,43,45,52,61,71,79,73,82,87,98,118,111,118,109,121,117,115,132,143,117
126,129,130,130,127,39,62,55,71,86,87,90,82,104,89,99,115,123,137,122,140,150,131,136,142,125
133,122,127,131,129,48,57,77,100,83,101,101,100,109,108,125,113,148,151,161,159,137,127,128,118,128
127,131,130,124,126,53,64,90,92,82,92,101,123,98,94,118,122,133,145,135,144,148,139,134,127,144
125,129,123,129,129,62,84,88,114,112,101,118,117,105,115,110,142,137,155,150,149,165,154,152,154,152
131,127,130,127,124,68,85,114,89,93,125,109,125,136,106,132,137,133,154,146,137,129,154,171,172,141
126,126,128,126,131,72,85,91,109,115,125,120,129,114,123,127,150,168,173,177,139,171,141,164,152,178
126,132,126,128,64,73,98,119,115,121,120,126,141,150,133,141,140,155,162,157,171,155,158,161,177,171
129,123,133,126,67,87,110,133,127,125,135,132,139,165,172,150,165,175,178,165,156,164,178,170,179,176
127,131,128,128,95,117,126,144,126,153,144,145,136,148,153,157,173,166,146,176,174,141,188,165,171,162
129,129,118,131,129,115,146,150,167,147,152,167,166,159,161,163,154,149,162,163,171,173,168,182,159,148
126,131,134,125,97,120,149,166,171,168,163,162,177,166,162,168,150,155,130,136,160,161,167,173,145,159
127,125,129,126,138,140,159,146,183,186,165,183,172,157,152,180,129,143,148,164,157,156,153,150,147,154
133,123,126,140,152,168,145,180,173,172,182,175,153,171,148,159,152,135,143,135,154,146,153,152,125,124
125,131,128,144,171,184,163,177,169,171,183,174,171,182,138,161,160,145,132,156,123,116,74,100,71,60
128,129,130,158,162,185,165,185,176,185,152,176,160,181,155,132,70,36,32,22,13,17,25,15,20,24
128,127,131,174,190,181,190,173,176,197,167,163,106,46,14,28,27,30,24,28,31,33,26,27,25,21
133,125,130,191,193,179,182,174,151,205,126,40,25,32,59,34,41,32,25,24,23,13,19,12,16,18
119,134,124,192,185,182,179,184,176,62,29,39,52,41,23,13,7,21,35,62,80,108,141,136,115,108
133,130,131,155,197,190,197,196,47,33,54,29,8,12,37,126,175,177,177,137,162,85,115,118,117,149
126,125,130,149,164,175,188,53,32,38,13,5,29,149,184,210,178,156,121,111,97,119,135,129,117,143
128,124,133,141,163,177,94,32,30,11,11,44,181,189,201,180,178,123,123,109,91,83,143,130,130,127
