128,125,180,164,160,144,81,51,41,11,41,100,109,95,186,180,197,230,218,196,177,166,92,83,59,49
127,129,180,176,163,157,131,80,56,45,26,20,82,75,149,201,236,222,104,161,188,129,81,65,62,87
128,127,176,181,158,150,159,132,80,54,55,33,13,56,72,132,235,126,77,61,73,68,69,64,67,75
128,124,175,178,161,162,157,153,138,102,47,55,43,12,41,50,64,72,70,62,49,58,60,64,65,58
127,130,180,185,184,178,165,160,138,133,105,66,48,53,49,38,36,50,65,61,85,58,62,58,66,55
127,126,186,190,180,185,173,184,163,149,130,133,94,56,50,47,45,43,34,33,58,40,45,68,56,46
125,129,198,197,198,193,187,175,175,147,158,126,120,109,108,75,61,46,50,53,45,44,40,29,38,32
129,124,210,198,195,199,192,195,195,156,175,168,156,145,117,106,106,73,56,53,45,44,39,49,56,52
125,129,209,227,220,217,210,217,209,194,184,174,162,158,136,119,117,104,105,91,76,67,56,49,46,44
126,131,215,220,222,214,213,216,211,203,205,195,198,191,160,148,173,119,103,104,97,81,76,64,67,64
126,126,222,227,229,224,202,218,212,212,219,215,193,201,161,171,140,143,129,113,109,93,86,88,86,79
129,126,129,224,230,219,214,213,227,211,205,214,209,195,185,186,153,161,150,139,130,125,121,108,109,99
128,125,129,233,235,225,222,218,221,212,219,213,209,203,204,203,193,183,183,170,155,149,158,143,155,151
129,126,129,232,224,216,225,238,224,211,206,201,191,189,192,200,209,181,195,189,183,168,188,183,168,163
128,125,125,235,231,227,223,224,219,213,210,214,206,210,204,206,209,203,206,201,193,195,193,197,198,186
125,130,127,229,222,229,226,223,222,217,213,213,216,229,225,222,209,208,220,219,196,218,208,194,194,186
126,130,125,226,221,231,230,228,230,221,219,214,223,229,230,231,232,229,230,218,222,226,215,220,232,213
127,126,126,234,233,234,228,225,227,222,230,232,241,233,233,241,233,227,236,241,233,235,224,219,226,220
127,128,133,234,230,226,230,235,224,225,230,233,239,238,236,245,228,238,225,226,225,238,232,242,235,227
128,125,126,226,234,237,238,229,224,232,231,230,234,244,232,229,232,239,241,238,243,235,237,236,234,235
126,131,124,130,233,232,238,229,235,232,240,239,238,243,238,239,235,242,230,240,236,238,228,230,237,233
127,126,125,125,233,234,235,224,241,243,243,243,241,238,238,238,234,245,238,241,241,247,241,238,241,242
127,131,127,130,232,228,224,242,239,247,241,244,243,234,238,240,235,243,239,237,238,238,237,234,243,230
128,122,125,129,235,238,241,232,235,242,237,239,242,235,235,242,242,241,242,244,247,238,243,245,236,241
129,132,126,128,233,218,223,239,239,240,239,236,241,239,231,240,239,236,239,240,242,231,238,240,241,232
125,122,129,127,241,235,239,235,240,239,243,238,241,244,235,241,246,246,248,245,243,236,243,238,230,241
130,132,123,130,123,238,238,207,235,239,242,240,241,243,242,241,241,241,244,246,244,241,248,244,240,240
126,126,131,125,129,246,234,208,231,240,240,241,238,237,244,237,242,236,238,247,243,235,240,241,233,245
127,127,127,127,126,240,228,222,240,241,241,241,242,242,243,243,247,240,239,243,243,245,233,241,244,242
130,130,129,126,123,238,230,231,243,244,244,245,245,244,243,243,246,243,241,242,242,242,235,238,225,233
