125,132,215,217,223,212,223,224,227,222,211,193,177,157,144,138,138,137,132,123,127,121,117,112,102,105
129,123,216,223,220,230,229,232,224,213,200,178,161,137,133,138,132,127,125,122,129,117,114,117,111,108
125,127,221,231,225,228,232,223,211,198,181,154,142,133,140,142,147,138,135,131,120,122,114,118,116,111
134,125,214,228,232,232,229,216,201,176,153,140,149,154,163,164,158,145,139,133,129,132,125,124,127,124
123,131,234,238,241,235,225,199,174,157,147,148,160,163,166,165,159,151,154,153,160,167,168,165,162,159
126,130,229,224,229,220,202,171,153,153,158,166,175,177,178,177,175,173,178,175,181,188,199,200,196,183
128,126,232,235,232,202,176,158,153,156,158,162,171,184,190,190,195,199,207,204,205,202,208,203,195,189
127,127,229,222,210,187,173,175,168,176,178,181,186,201,205,205,209,212,217,221,220,214,211,201,198,197
128,129,225,219,211,200,178,172,164,181,193,203,203,211,210,210,221,218,209,212,207,204,205,199,205,192
127,125,218,214,198,183,162,169,177,190,200,213,212,216,211,211,211,213,208,217,208,202,197,191,176,173
129,126,214,200,188,176,172,182,197,195,202,212,209,221,223,225,213,214,210,205,196,191,170,170,158,149
124,124,213,204,193,180,178,184,199,203,214,207,221,218,221,226,220,201,195,188,173,162,151,152,150,160
131,130,208,198,192,186,198,206,217,209,222,226,214,223,223,205,200,177,167,155,145,154,166,167,166,161
124,125,200,193,190,186,201,207,219,223,223,221,212,222,205,189,179,155,143,152,165,178,165,143,116,112
130,128,198,187,186,187,206,213,214,218,225,208,208,202,189,167,137,148,160,184,171,146,118,114,84,76
125,129,213,210,212,210,216,216,219,212,219,212,196,184,162,132,140,166,173,165,132,110,116,141,123,125
127,128,216,210,215,219,223,226,216,219,203,197,182,161,128,137,169,178,164,124,105,120,174,203,154,127
127,127,217,209,213,219,219,222,214,202,197,177,153,124,135,168,180,141,110,93,134,175,223,211,175,135
129,126,217,216,210,226,227,214,202,194,182,151,136,141,160,161,135,104,84,118,169,209,242,251,206,149
129,125,221,225,218,223,219,206,195,182,169,152,155,160,154,130,103,93,95,123,169,211,235,248,243,177
129,125,224,232,224,219,209,198,189,168,157,155,155,140,122,104,102,108,120,120,137,165,181,202,231,209
128,125,225,230,224,213,204,194,191,174,164,160,146,123,112,113,120,126,130,131,144,154,153,162,168,180
127,127,227,226,220,210,202,192,187,183,173,161,149,140,136,136,139,144,139,145,152,147,151,159,165,166
127,129,228,221,216,207,201,193,187,185,175,170,162,157,150,153,163,171,165,164,155,142,157,173,165,155
127,128,224,214,212,203,203,199,197,191,180,181,174,164,158,168,165,166,165,165,166,166,168,168,165,152
128,125,219,208,208,200,204,207,199,196,180,175,171,173,168,175,183,178,179,169,171,185,182,176,178,178
126,128,215,210,207,201,199,193,191,184,174,177,178,177,188,195,197,196,189,188,190,191,194,190,182,184
128,129,215,208,204,198,196,189,191,191,180,183,185,185,198,199,202,211,213,212,206,200,202,201,193,190
127,127,212,205,202,198,198,193,192,188,196,190,193,207,204,211,214,218,216,216,213,209,209,205,191,186
126,125,209,201,198,197,199,196,191,196,196,199,204,209,215,213,218,214,205,206,209,208,206,199,190,183
