0,7,5,9,13,12,14,23,22,34,37,33,54,64,79,151,160,145,134,121,96,125,150,151,135,150
0,9,8,11,13,26,22,41,34,41,56,60,75,111,92,94,135,121,135,110,121,169,162,155,169,126
15,14,14,23,23,36,50,44,57,63,65,93,95,98,91,102,147,160,161,173,203,189,189,177,158,132
10,11,21,33,36,45,59,80,90,120,121,111,120,102,96,128,164,162,170,184,177,189,203,155,115,105
19,30,41,44,70,99,115,107,124,144,148,133,139,165,176,190,171,170,145,185,175,196,174,185,166,177
29,45,68,76,103,122,122,118,135,160,168,158,165,192,189,172,182,203,179,170,195,165,197,177,185,178
59,69,106,125,126,117,125,137,149,149,149,159,139,169,166,188,194,197,182,193,191,183,196,191,177,176
104,101,116,121,120,128,146,141,146,181,163,189,184,162,194,206,162,192,194,186,183,193,195,187,173,176
102,131,124,141,127,116,138,134,164,178,153,176,203,195,193,192,185,193,180,186,167,194,191,197,193,196
127,124,130,133,148,116,129,143,166,178,174,165,175,177,176,188,197,165,166,192,201,200,192,187,191,185
115,126,128,134,117,98,130,135,147,147,150,164,194,146,181,197,191,191,171,199,183,202,193,191,197,184
113,115,124,124,124,134,140,118,147,150,161,159,155,172,195,185,195,179,191,192,189,188,189,178,177,169
132,128,131,120,125,115,136,144,137,139,161,155,139,151,151,161,191,195,179,190,192,197,199,173,173,181
127,136,120,119,123,140,154,132,142,149,129,148,158,158,183,171,176,175,194,195,186,197,199,188,188,184
115,125,142,132,132,145,127,147,119,123,148,151,138,162,149,148,166,160,189,194,186,180,168,177,198,159
123,119,125,120,138,133,126,126,151,147,133,145,138,156,162,143,187,190,172,181,191,162,168,172,152,180
115,125,121,138,112,113,132,141,124,141,127,139,145,139,155,134,172,178,187,165,172,174,173,184,182,168
96,117,97,127,119,136,122,130,136,133,146,152,136,163,115,173,149,157,156,145,170,191,173,174,176,170
109,108,109,116,119,132,113,125,127,137,134,127,147,134,139,121,166,162,150,173,165,171,154,160,163,173
109,96,101,108,102,123,131,133,127,129,119,156,111,110,108,91,113,119,161,154,154,158,145,153,150,169
120,107,108,105,106,127,108,120,121,128,117,120,110,113,81,112,121,111,121,129,158,154,155,126,140,151
100,99,100,85,99,103,119,110,110,116,127,95,83,98,81,94,79,107,124,116,143,128,119,123,120,140
83,100,84,87,93,93,91,78,79,110,79,82,73,88,73,89,86,85,91,101,120,100,122,103,128,150
87,83,72,53,55,46,31,45,30,31,30,26,26,31,35,39,40,48,48,70,66,80,83,102,126,88
12,16,8,18,21,31,29,31,33,26,30,34,40,31,35,44,31,25,28,35,27,23,31,14,22,24
44,47,44,60,45,51,39,49,36,48,52,60,106,97,49,43,44,46,41,47,28,54,73,88,68,52
22,27,19,17,18,16,19,28,18,18,17,26,21,39,38,42,74,93,96,97,45,38,44,44,52,151
92,132,137,129,143,135,142,126,128,111,137,125,118,115,103,65,27,27,20,26,60,76,109,88,55,45
171,173,172,169,157,142,156,126,134,138,119,139,145,138,117,114,133,121,108,134,92,38,22,25,54,98
181,184,178,159,159,165,152,164,152,143,160,158,123,139,137,136,119,137,118,129,135,116,137,94,50,36
