56,92,176,199,220,232,229,244,237,244,231,228,227,221,215,209,209,206,193,196,205,212,189,161,63,31
79,145,194,213,220,235,233,241,235,234,238,234,222,221,220,205,218,225,213,220,215,197,191,166,76,43
156,195,182,184,222,233,235,242,239,235,243,240,232,236,239,217,222,224,220,220,211,208,180,188,93,78
179,184,175,192,215,220,225,241,241,243,242,240,241,238,237,220,224,220,228,219,199,195,166,129,103,69
189,196,172,168,189,202,221,236,245,246,245,244,249,242,241,242,236,227,221,218,217,199,165,122,89,81
188,147,138,173,178,198,224,244,251,249,247,246,247,245,246,246,242,237,231,222,227,212,184,145,95,75
156,100,188,187,192,211,234,248,250,248,248,251,245,246,246,242,239,240,233,220,234,207,205,186,165,136
154,178,219,220,220,231,244,250,248,246,248,251,249,250,247,242,241,244,240,228,230,226,210,201,203,188
174,228,225,231,233,238,245,249,250,249,248,249,250,248,246,245,245,247,244,235,216,218,216,217,204,214
213,242,243,245,240,241,243,246,248,250,250,249,247,244,244,245,243,241,236,228,227,224,232,236,223,228
253,248,247,241,246,244,243,242,243,246,248,250,247,246,246,243,239,235,228,219,213,233,216,222,234,237
245,251,248,237,242,243,244,243,242,242,244,246,243,243,242,236,230,229,224,214,211,211,215,221,229,239
250,246,244,235,207,191,201,220,231,243,245,242,242,234,234,236,241,216,206,170,164,89,87,148,209,229
251,247,206,71,38,26,21,30,52,168,225,239,232,225,232,233,213,208,80,37,24,17,22,32,84,201
244,231,161,59,32,22,15,8,11,30,75,193,221,219,220,223,198,44,30,8,10,23,28,41,73,177
230,226,179,100,63,42,24,23,13,57,77,168,211,210,205,197,152,72,55,30,29,23,52,78,127,181
228,217,201,184,156,96,50,38,61,183,212,216,213,206,195,193,163,158,102,67,58,67,107,149,169,184
142,181,188,202,218,191,187,190,208,228,209,194,197,212,192,173,149,171,170,187,197,181,140,106,107,114
152,110,156,167,191,212,222,230,217,217,204,201,190,205,196,189,185,158,173,175,191,153,96,76,75,75
184,178,166,117,137,171,185,187,210,193,190,186,181,186,200,202,193,188,149,113,146,103,98,82,83,99
214,202,212,163,136,134,152,174,188,177,199,200,199,190,208,206,193,158,152,124,98,88,92,94,103,151
221,214,221,206,181,159,163,146,161,168,175,196,177,172,188,193,185,177,107,134,72,74,94,112,118,147
219,216,217,183,170,140,156,155,102,172,165,162,169,173,173,202,201,183,88,103,89,66,82,111,109,126
206,209,190,201,192,157,169,165,182,182,161,144,158,153,185,208,211,168,156,130,99,91,69,95,138,121
198,169,184,208,192,161,137,162,165,167,183,162,174,180,183,207,213,185,150,148,92,84,82,84,80,86
172,168,169,181,179,173,138,162,175,172,180,134,168,162,193,210,214,168,157,146,140,108,97,95,87,84
153,130,106,137,175,180,175,188,186,171,177,162,172,163,165,196,212,184,170,146,127,148,131,77,77,94
162,115,122,143,170,169,192,181,163,170,180,173,187,173,169,193,207,203,176,147,135,160,153,89,67,64
171,168,185,162,150,161,156,164,188,186,191,191,175,171,160,180,185,194,183,183,174,154,129,105,81,75
179,181,193,163,132,151,148,183,189,181,220,203,200,191,156,155,173,160,184,202,194,198,190,178,133,85
