147,144,149,155,121,144,145,179,180,168,171,139,171,135,156,173,180,176,192,185,185,175,168,159,161,159
149,147,150,126,103,133,175,153,169,157,168,178,166,157,158,173,188,196,175,167,174,164,178,140,165,120
135,140,136,138,128,162,162,124,145,138,168,165,169,148,171,189,182,178,177,171,158,162,156,167,123,134
114,144,122,105,150,142,167,151,158,145,148,140,149,183,190,179,176,172,173,185,164,147,147,141,139,104
155,152,143,127,157,157,147,139,134,141,133,140,146,165,167,183,190,181,163,165,169,149,135,121,116,128
157,181,133,127,118,139,143,147,114,141,144,140,123,136,151,164,171,165,142,155,148,126,126,121,112,131
125,145,150,101,138,120,120,121,122,114,168,153,161,164,149,181,140,148,144,149,146,148,112,110,119,142
131,140,141,170,115,140,112,117,124,143,194,140,152,170,156,136,124,124,148,137,107,92,94,127,120,130
143,178,138,114,109,123,147,137,135,145,135,123,120,133,126,141,150,133,121,105,113,86,110,117,126,119
147,156,122,97,106,92,103,138,173,139,140,103,97,88,111,128,131,128,109,82,81,85,98,83,94,111
102,101,117,107,94,97,95,108,139,99,104,91,62,71,86,88,96,96,92,73,69,100,114,102,100,108
121,63,98,109,124,102,81,93,111,98,71,64,58,73,83,91,74,76,65,72,86,105,107,101,94,96
99,72,79,124,112,74,79,73,78,77,60,57,73,69,71,63,61,53,62,71,93,95,92,90,87,97
81,78,87,86,81,77,68,95,68,61,38,54,66,70,54,49,72,66,58,61,82,74,79,86,87,96
84,63,65,79,58,71,49,71,58,44,38,40,53,54,37,54,49,53,53,64,82,76,76,81,88,95
64,58,55,52,62,69,59,49,55,31,37,45,53,49,46,41,55,53,55,54,57,72,80,81,85,88
66,56,54,52,56,46,64,54,37,30,34,44,57,41,39,44,50,52,58,45,52,74,74,85,92,90
52,46,46,47,50,41,54,47,43,41,47,46,49,37,43,52,52,47,41,51,60,70,81,92,99,105
49,39,46,46,43,35,43,36,40,36,51,51,55,47,49,48,42,35,37,50,65,83,86,83,80,90
53,39,35,38,37,33,35,27,39,37,46,48,50,45,43,43,44,45,45,62,73,81,70,89,90,81
48,41,25,33,34,32,29,24,38,42,44,44,41,44,45,47,44,41,59,61,72,81,78,81,89,91
40,39,30,31,27,28,33,34,40,45,43,46,44,50,49,48,42,36,50,71,84,64,82,79,86,82
36,32,30,29,25,28,42,49,47,54,47,53,46,47,41,46,55,58,66,75,80,71,90,83,87,93
34,24,32,38,41,37,43,45,41,58,55,62,51,50,41,47,58,62,76,83,85,91,91,99,89,76
32,46,38,49,41,50,40,43,51,56,56,47,39,43,48,51,67,79,88,85,104,102,87,85,96,92
52,51,51,53,40,45,39,43,51,54,57,46,35,42,53,60,74,83,91,106,92,100,98,77,104,126
56,56,68,62,50,51,48,47,46,43,50,53,51,56,57,57,66,75,87,90,98,92,100,98,89,131
53,65,62,56,52,57,58,59,54,55,55,54,54,68,63,54,68,98,112,123,97,93,93,95,123,128
66,48,55,51,53,59,57,62,57,66,67,90,86,81,84,102,106,104,85,100,105,94,99,120,131,130
76,58,58,56,63,68,56,59,44,58,78,91,87,99,104,105,95,95,91,111,108,95,118,129,129,126
