71,61,70,70,81,91,82,90,87,123,97,99,104,107,129,114,116,155,133,145,126,162,170,171,171,122
53,87,90,88,88,125,104,102,114,105,114,89,107,130,129,137,169,134,133,178,159,167,155,188,197,136
114,113,130,106,110,117,113,138,123,147,158,152,136,118,140,172,151,155,147,192,141,162,153,172,161,117
116,159,145,107,153,156,127,151,154,153,144,145,146,160,127,147,152,166,179,130,184,179,195,183,193,133
172,157,179,164,148,165,184,184,165,170,151,126,164,161,156,137,142,157,187,198,194,183,182,199,199,127
150,169,184,151,170,150,176,184,138,204,169,166,174,171,150,176,180,155,157,188,181,178,205,182,160,123
154,143,165,198,186,160,148,166,170,185,192,185,188,188,178,191,196,153,140,168,202,194,213,187,170,135
125,174,147,165,167,163,138,167,174,186,159,184,176,211,193,176,177,205,149,161,165,175,201,208,166,123
165,171,179,168,198,206,169,166,219,201,187,187,193,197,205,190,198,210,192,172,170,182,186,199,213,130
143,164,183,193,188,179,183,216,223,241,192,199,215,180,204,196,211,207,219,177,206,181,199,177,203,122
179,196,197,195,183,213,191,188,197,218,215,215,213,220,220,200,230,213,215,161,189,208,198,170,192,133
198,193,213,207,198,182,201,185,195,204,218,217,218,229,212,240,223,208,233,215,209,205,206,199,129,122
205,212,194,192,209,192,214,169,223,211,203,229,213,215,230,238,203,236,234,222,197,200,228,219,127,127
191,201,216,185,183,199,220,211,200,226,217,223,221,208,235,241,225,214,199,228,205,222,234,217,127,127
184,218,197,196,193,219,219,193,213,231,225,241,217,208,226,232,232,226,218,230,215,202,221,192,127,127
233,216,225,191,215,225,203,224,199,238,220,220,237,248,222,243,242,238,200,226,239,215,229,222,127,127
223,221,236,214,229,221,222,230,239,221,231,235,233,225,227,234,236,241,227,215,232,189,213,228,127,127
226,219,219,222,211,231,238,232,233,228,229,233,244,235,224,200,239,243,243,236,223,229,215,224,127,127
228,206,206,221,219,206,227,236,227,241,231,214,217,205,207,234,251,229,241,241,237,234,222,216,127,127
188,203,177,196,198,184,204,211,225,221,236,192,204,208,220,228,234,231,235,242,241,229,214,177,127,127
194,178,160,151,168,166,191,205,212,219,242,222,165,156,217,229,233,228,211,220,243,208,226,124,127,127
167,162,171,174,154,143,184,178,223,219,220,221,189,200,192,205,231,225,240,245,236,236,225,130,127,127
160,174,183,186,185,178,205,221,146,241,214,193,218,209,182,230,247,224,245,246,238,242,222,125,127,127
187,159,155,176,173,166,149,180,190,190,211,207,217,232,236,230,220,222,250,233,233,215,217,131,127,127
168,141,199,153,136,140,199,183,200,165,191,195,204,186,213,227,223,233,206,182,204,226,205,126,127,127
151,92,121,161,172,159,195,195,186,202,166,156,159,179,202,207,229,228,212,219,214,216,246,123,127,127
97,99,129,168,184,168,171,173,177,181,194,149,188,203,207,137,135,220,212,221,243,246,122,131,127,127
173,115,124,165,157,149,154,168,173,174,156,185,222,207,182,131,147,222,241,229,238,232,123,128,127,127
172,171,160,142,164,158,187,186,192,226,202,200,219,197,185,195,213,199,233,223,243,229,127,128,127,127
194,171,144,136,148,158,179,214,221,221,212,190,198,201,226,213,234,211,203,226,241,242,131,124,127,127
