127,127,127,127,127,127,127,127,131,123,125,132,125,124,225,210,200,205,200,170,174,202,177,178,166,149
127,127,127,127,127,127,127,127,126,127,133,122,131,129,229,184,200,207,194,170,156,184,202,171,170,171
127,127,127,127,127,127,127,127,128,125,128,126,127,131,124,210,190,185,181,191,165,184,167,147,137,138
127,127,127,127,127,127,127,127,130,123,127,126,125,127,125,220,169,216,216,195,188,184,191,163,117,111
127,127,127,127,127,127,127,127,124,126,131,129,131,122,131,126,191,217,200,207,208,219,206,173,111,108
127,127,127,127,127,127,127,127,130,129,123,125,126,135,123,124,219,214,218,206,190,186,192,172,127,113
127,127,127,127,127,127,127,127,124,126,128,130,125,124,133,128,129,216,196,193,168,185,203,174,127,115
127,127,127,127,127,127,127,127,128,127,128,128,127,126,125,128,127,220,175,182,196,193,189,218,134,145
127,127,127,127,127,127,127,127,127,127,127,127,127,127,127,127,125,216,206,182,191,208,212,205,134,135
127,127,127,127,127,127,127,127,127,127,127,127,127,127,127,127,131,118,233,217,157,196,229,207,148,146
127,127,127,127,127,127,127,127,127,127,127,127,127,127,127,127,126,134,221,192,173,215,227,174,184,152
127,127,127,127,127,127,127,127,127,127,127,127,127,127,127,127,126,123,128,212,207,220,238,193,151,136
127,127,127,127,127,127,127,127,127,127,127,127,127,127,127,127,129,130,124,186,194,180,227,204,167,144
127,127,127,127,127,127,127,127,127,127,127,127,127,127,127,127,121,131,126,131,196,192,209,166,170,134
127,127,127,127,127,127,127,127,127,127,127,127,127,127,127,127,125,130,125,125,124,194,212,170,156,164
127,127,127,127,127,127,127,127,127,127,127,127,127,127,127,127,129,126,127,126,131,183,171,188,163,179
127,127,127,127,127,127,127,127,127,127,127,127,127,127,127,127,127,123,131,123,130,126,196,211,201,184
127,127,127,127,127,127,127,127,127,127,127,127,127,127,127,127,130,125,128,128,126,125,242,179,219,176
127,127,127,127,127,127,127,127,127,127,127,127,127,127,127,127,129,122,125,128,122,129,130,191,197,184
127,127,127,127,127,127,127,127,127,127,127,127,127,127,127,127,126,134,124,126,131,125,121,202,202,219
127,127,127,127,127,127,127,127,127,127,127,127,127,127,127,127,126,120,136,126,128,129,127,127,199,235
127,127,127,127,127,127,127,127,127,127,127,127,127,127,127,127,128,130,117,125,123,128,127,125,133,186
127,127,127,127,127,127,127,127,127,127,127,127,127,127,127,127,126,130,130,129,128,125,127,128,125,183
127,127,127,127,127,127,127,127,127,127,127,127,127,127,127,127,129,124,127,124,126,130,124,127,128,130
127,127,127,127,127,127,127,127,127,127,127,127,127,127,127,127,127,127,127,127,127,127,127,127,125,126
127,127,127,127,127,127,127,127,127,127,127,127,127,127,127,127,127,127,127,127,127,127,127,127,126,129
127,127,127,127,127,127,127,127,127,127,127,127,127,127,127,127,127,127,127,127,127,127,127,127,127,127
127,127,127,127,127,127,127,127,127,127,127,127,127,127,127,127,127,127,127,127,127,127,127,127,129,126
127,127,127,127,127,127,127,127,127,127,127,127,127,127,127,127,127,127,127,127,127,127,127,127,126,126
127,127,127,127,127,127,127,127,127,127,127,127,127,127,127,127,127,127,127,127,127,127,127,127,129,130
