128,128,128,128,128,128,128,128,127,132,124,127,132,126,55,61,52,51,69,72,44,57,55,59,57,64
128,128,128,128,128,128,128,128,128,127,131,124,129,123,64,56,68,51,49,69,62,51,64,58,60,57
128,128,128,128,128,128,128,128,127,126,129,129,127,132,126,58,49,52,53,54,58,53,53,58,60,68
128,128,128,128,128,128,128,128,125,128,129,135,124,123,134,50,50,55,54,64,70,64,44,59,46,52
128,128,128,128,128,128,128,128,130,128,128,124,128,129,131,127,44,47,46,66,64,62,67,55,51,57
128,128,128,128,128,128,128,128,125,128,128,130,132,127,122,131,54,58,52,38,61,62,59,62,59,44
128,128,128,128,128,128,128,128,130,130,125,128,125,125,136,122,129,51,62,61,57,64,63,54,57,64
128,128,128,128,128,128,128,128,129,124,132,125,128,129,128,128,128,66,55,63,56,58,59,59,52,59
128,128,128,128,128,128,128,128,128,128,128,128,128,128,128,128,126,59,59,65,43,50,61,46,48,52
128,128,128,128,128,128,128,128,128,128,128,128,128,128,128,128,128,131,51,61,49,49,62,67,21,43
128,128,128,128,128,128,128,128,128,128,128,128,128,128,128,128,130,125,70,48,51,61,52,64,25,26
128,128,128,128,128,128,128,128,128,128,128,128,128,128,128,128,127,125,124,60,52,61,58,68,33,12
128,128,128,128,128,128,128,128,128,128,128,128,128,128,128,128,127,134,133,49,46,52,35,47,58,25
128,128,128,128,128,128,128,128,128,128,128,128,128,128,128,128,130,125,129,124,39,35,33,42,50,30
128,128,128,128,128,128,128,128,128,128,128,128,128,128,128,128,127,131,123,131,126,8,31,38,43,50
128,128,128,128,128,128,128,128,128,128,128,128,128,128,128,128,126,128,129,126,129,10,4,38,58,56
128,128,128,128,128,128,128,128,128,128,128,128,128,128,128,128,128,130,127,131,126,127,7,51,65,58
128,128,128,128,128,128,128,128,128,128,128,128,128,128,128,128,128,125,129,125,131,127,32,34,59,53
128,128,128,128,128,128,128,128,128,128,128,128,128,128,128,128,128,129,130,127,127,133,122,47,63,67
128,128,128,128,128,128,128,128,128,128,128,128,128,128,128,128,131,129,126,132,126,123,128,19,64,52
128,128,128,128,128,128,128,128,128,128,128,128,128,128,128,128,125,125,132,132,127,131,136,126,54,69
128,128,128,128,128,128,128,128,128,128,128,128,128,128,128,128,134,128,123,128,124,126,120,129,127,43
128,128,128,128,128,128,128,128,128,128,128,128,128,128,128,128,126,132,127,134,128,124,136,127,126,42
128,128,128,128,128,128,128,128,128,128,128,128,128,128,128,128,126,129,127,124,134,126,128,127,129,126
128,128,128,128,128,128,128,128,128,128,128,128,128,128,128,128,128,128,128,128,128,128,128,128,126,128
128,128,128,128,128,128,128,128,128,128,128,128,128,128,128,128,128,128,128,128,128,128,128,128,137,120
128,128,128,128,128,128,128,128,128,128,128,128,128,128,128,128,128,128,128,128,128,128,128,128,122,130
128,128,128,128,128,128,128,128,128,128,128,128,128,128,128,128,128,128,128,128,128,128,128,128,132,126
128,128,128,128,128,128,128,128,128,128,128,128,128,128,128,128,128,128,128,128,128,128,128,128,129,125
128,128,128,128,128,128,128,128,128,128,128,128,128,128,128,128,128,128,128,128,128,128,128,128,130,130
