112,123,129,110,100,99,78,99,170,122,130,117,127,98,70,66,60,57,71,61,67,75,96,99,92,83
108,114,104,104,92,81,76,75,73,76,89,62,39,44,47,55,58,59,62,87,64,86,77,66,66,76
96,102,112,87,62,55,55,48,45,35,26,22,28,26,31,31,45,63,61,52,69,53,53,52,40,51
97,113,91,90,48,41,27,21,28,7,19,15,3,5,15,21,28,45,54,39,45,42,35,32,43,26
94,114,99,89,43,57,42,29,26,27,25,25,9,16,12,21,25,26,46,45,48,47,43,48,49,68
88,110,116,83,54,56,53,50,41,56,70,61,43,21,22,15,25,30,50,51,67,61,101,84,88,102
97,119,94,117,118,85,81,59,88,96,102,89,114,69,46,34,31,40,57,77,77,102,113,135,153,156
138,121,108,117,117,111,85,74,110,104,147,160,166,111,94,76,54,51,65,65,129,112,108,149,179,191
127,115,120,115,114,123,102,89,116,160,157,181,174,210,151,156,100,75,77,74,98,126,132,162,175,193
150,145,122,142,105,138,102,116,116,130,180,194,160,220,226,207,189,117,92,105,96,108,135,118,156,176
118,136,160,163,113,129,130,124,124,123,139,167,163,183,217,196,203,193,176,127,126,127,73,96,179,149
114,147,154,180,150,130,183,194,184,164,153,156,162,215,220,179,194,154,168,193,198,140,138,114,123,141
152,149,161,182,153,167,167,218,189,193,186,165,212,218,199,177,168,90,141,212,227,230,223,221,177,152
158,105,121,162,171,162,122,167,189,183,195,194,201,206,184,222,155,113,96,207,223,239,210,241,232,227
160,128,117,128,132,146,108,149,197,202,171,164,169,200,185,152,133,155,182,191,200,226,207,221,224,210
174,148,147,140,127,114,102,167,199,203,134,160,175,191,189,129,150,174,157,142,194,201,188,197,197,189
185,162,128,128,123,113,117,146,153,159,144,102,161,174,172,151,141,102,156,121,161,126,144,164,143,160
190,170,129,136,133,130,114,147,142,188,214,89,144,149,168,166,124,115,92,132,177,129,109,84,129,133
158,199,141,164,161,165,132,126,151,180,132,127,125,161,162,148,126,124,116,124,171,144,136,98,109,136
221,184,175,194,202,209,194,169,172,182,159,166,130,158,173,182,149,120,135,136,173,184,163,134,113,138
219,186,194,214,193,173,170,172,205,152,180,167,139,174,163,166,157,165,130,154,180,182,143,159,145,169
215,187,180,177,153,125,176,179,200,169,183,181,155,167,147,153,156,183,216,134,133,143,136,111,166,191
226,191,177,165,180,159,179,188,179,133,154,176,161,167,178,174,178,204,218,212,129,182,149,167,161,171
217,168,150,140,153,225,191,164,153,127,145,136,147,185,188,200,187,180,180,181,157,151,145,151,168,191
129,179,129,131,177,210,217,173,135,97,138,105,154,205,186,194,196,174,175,172,137,160,146,134,183,159
129,127,131,160,205,188,200,153,124,147,131,135,192,178,168,175,191,190,152,129,135,141,126,139,194,193
128,128,213,185,173,164,177,149,140,138,114,123,148,136,163,159,148,165,162,117,132,194,151,198,209,185
124,128,126,146,139,130,181,143,167,142,108,119,141,114,124,143,145,133,149,139,119,145,154,171,161,183
130,128,127,129,131,161,159,160,130,131,127,121,122,86,141,99,125,128,104,125,143,147,134,139,210,142
124,123,126,132,121,149,121,161,144,159,136,115,148,130,110,109,115,125,123,119,107,127,126,132,143,122
