143,197,215,244,244,243,245,219,231,236,236,239,230,226,222,203,195,209,211,219,179,188,214,180,135,173
188,230,236,241,239,228,232,235,219,236,231,225,227,218,207,196,199,220,204,231,198,213,214,173,159,172
206,237,240,246,244,247,222,221,228,222,234,229,234,232,208,193,227,183,212,209,196,195,199,188,158,124
230,237,248,241,243,232,232,218,232,238,229,237,236,231,231,237,230,222,213,199,182,184,185,183,156,140
237,246,240,239,242,234,227,212,223,230,235,250,238,237,229,238,231,228,223,210,219,203,181,204,173,134
242,248,238,247,231,231,216,219,227,238,238,244,239,240,232,235,230,236,236,224,228,216,207,195,195,181
246,242,243,243,242,240,215,216,221,230,240,246,243,239,232,239,244,249,241,223,245,240,221,193,168,178
241,248,233,230,239,229,215,217,240,244,248,241,246,243,240,243,240,238,240,244,241,231,230,226,216,203
244,247,249,233,233,223,224,222,237,246,249,251,241,238,235,231,229,229,235,246,247,232,225,227,226,208
240,247,233,232,224,226,234,239,237,245,235,240,250,246,240,228,236,244,242,239,238,238,227,207,214,221
241,240,239,240,234,227,222,232,237,249,243,238,244,246,244,224,228,236,239,242,245,231,216,234,228,228
226,234,229,235,223,229,237,242,246,237,244,236,243,243,248,239,249,250,244,243,240,235,242,228,226,226
203,183,193,221,218,210,250,246,245,238,246,236,233,237,243,247,248,249,249,249,250,245,238,241,236,235
124,113,163,189,193,231,243,243,245,251,246,243,244,247,250,250,248,246,244,243,235,244,243,237,235,213
111,121,119,140,167,241,251,255,252,250,240,238,243,245,248,249,249,249,249,249,246,237,252,234,242,234
133,142,131,131,220,251,248,253,251,249,255,248,247,248,250,250,249,248,248,248,253,248,237,238,240,239
169,176,177,189,246,249,253,255,255,253,255,247,253,253,253,252,250,249,249,249,250,254,242,242,229,233
224,211,184,233,245,252,255,253,251,251,250,255,252,252,252,251,251,252,252,253,253,249,255,248,241,248
235,238,241,248,251,255,253,252,255,255,255,255,255,254,253,252,251,251,250,250,252,254,248,253,255,250
248,243,245,249,253,255,255,255,255,249,255,254,255,254,254,254,254,254,254,254,255,254,255,252,247,252
249,251,246,252,253,253,255,254,255,254,255,255,255,254,253,253,254,253,252,253,255,255,254,250,249,251
255,251,255,250,254,255,255,252,253,255,255,253,255,253,252,252,252,251,251,252,253,254,255,251,254,247
254,250,246,255,251,251,255,255,255,251,254,254,254,253,252,252,251,250,251,252,255,249,251,250,243,248
255,253,251,251,243,244,250,245,254,248,255,255,253,252,252,252,251,250,251,252,252,243,248,247,248,233
215,239,225,244,233,239,237,239,247,253,255,247,252,251,251,252,251,250,250,251,255,239,243,224,213,137
48,30,46,81,162,168,172,220,233,247,248,255,252,251,251,252,252,250,248,248,239,245,231,172,112,90
30,25,21,20,18,29,65,166,222,241,242,249,249,247,246,247,247,245,241,238,240,217,175,124,51,49
146,146,149,105,103,73,63,116,190,223,245,240,243,241,239,240,240,237,231,228,206,187,135,65,46,33
106,122,201,190,224,211,139,112,233,193,212,241,233,228,225,226,188,212,204,195,177,89,37,26,34,47
79,77,136,169,178,167,123,131,119,182,181,185,211,210,187,159,180,150,135,148,94,46,29,31,26,20
