117,182,85,86,104,64,77,93,76,44,38,51,33,42,51,57,32,36,30,32,38,79,55,83,96,150
125,98,113,142,112,61,108,73,69,54,81,70,56,73,56,92,44,35,31,44,62,63,86,118,150,149
179,78,124,89,97,88,98,70,80,102,85,98,99,61,89,45,38,59,50,80,94,110,102,134,178,189
208,163,154,113,169,102,89,128,109,102,107,99,99,77,58,61,56,48,103,89,107,139,133,139,147,149
207,198,192,158,147,133,123,90,105,107,97,85,75,61,56,74,74,82,88,104,135,144,133,129,163,187
186,153,126,146,127,124,136,97,92,73,62,48,48,40,45,46,60,63,95,138,135,146,163,169,181,174
134,138,135,106,110,95,92,72,41,46,37,47,44,60,67,81,91,92,105,128,135,112,151,124,152,142
86,100,86,55,50,50,45,37,34,40,38,40,50,51,73,54,63,55,49,46,40,34,19,28,32,44
102,67,67,64,47,35,29,30,36,39,46,32,42,63,25,27,15,7,16,12,22,29,15,35,24,25
67,73,40,45,40,38,29,29,39,44,43,34,46,13,7,10,13,25,17,20,21,17,13,17,18,21
51,40,32,35,29,28,29,30,31,31,29,18,17,6,20,19,19,24,18,10,4,1,7,2,1,1
38,39,32,35,22,26,34,19,36,29,21,13,17,6,24,9,8,9,0,8,4,6,0,4,0,3
47,46,38,25,37,23,25,41,18,22,7,18,12,29,12,9,15,14,5,0,5,1,0,0,7,3
51,45,38,25,26,32,31,24,16,19,23,20,14,0,16,33,123,15,8,9,20,14,19,10,4,5
53,42,40,33,26,31,36,16,30,19,6,11,10,19,167,77,249,15,27,50,35,135,13,131,10,222
70,98,57,29,31,30,28,36,10,10,6,6,5,39,122,247,255,179,235,39,53,101,0,14,26,246
72,138,71,43,33,38,26,17,3,4,12,12,28,156,197,254,254,49,4,30,21,10,0,8,10,44
51,115,71,82,81,27,21,2,42,14,11,68,44,88,185,228,239,110,4,5,31,23,2,3,11,10
56,89,74,57,53,28,1,6,0,10,6,8,9,12,15,47,92,113,11,3,9,30,2,14,8,6
32,68,68,38,36,32,12,14,15,16,20,20,22,21,12,18,13,17,9,12,16,9,7,3,0,19
25,54,67,46,28,47,50,53,40,53,39,26,40,22,36,31,33,37,56,36,32,28,16,20,15,9
33,23,41,44,48,62,113,85,83,68,87,53,57,33,52,39,44,33,51,36,59,56,34,52,29,88
33,29,43,73,73,68,94,91,102,46,45,31,38,41,36,42,65,68,61,67,75,47,36,34,41,60
30,34,28,37,63,77,64,96,51,60,79,47,33,27,26,29,47,36,54,77,65,57,70,107,90,88
36,32,25,57,64,73,68,69,77,76,81,55,50,24,32,20,32,25,26,23,49,54,72,70,107,101
30,36,33,23,56,93,79,47,74,94,92,79,72,41,39,27,17,24,25,24,31,30,42,78,68,92
57,45,40,34,42,56,89,84,61,63,85,61,84,59,65,56,34,33,27,21,19,21,29,34,33,69
117,69,52,29,45,53,72,70,92,80,70,92,85,86,73,57,52,51,62,52,39,27,29,34,23,28
170,106,76,39,44,33,57,75,99,89,114,119,113,116,104,85,74,58,74,90,72,74,73,63,60,43
165,133,66,46,52,52,54,67,112,145,139,137,136,162,126,84,103,78,80,68,79,106,92,108,99,154
