128,128,128,128,128,128,128,128,125,131,129,124,130,130,237,194,177,156,179,194,195,204,212,211,195,194
128,128,128,128,128,128,128,128,128,132,122,135,123,122,228,204,169,159,144,167,196,193,207,199,184,183
128,128,128,128,128,128,128,128,128,126,130,124,136,130,131,206,186,154,121,175,196,206,191,164,164,180
128,128,128,128,128,128,128,128,129,127,131,128,128,124,126,216,200,170,112,173,151,133,174,171,184,193
128,128,128,128,128,128,128,128,129,129,122,133,128,126,130,128,174,149,114,140,134,109,167,189,203,185
128,128,128,128,128,128,128,128,123,131,134,126,127,131,127,127,202,189,166,133,102,125,153,171,186,181
128,128,128,128,128,128,128,128,132,126,126,129,127,127,133,129,129,196,165,157,79,101,147,171,184,185
128,128,128,128,128,128,128,128,128,127,130,129,128,130,125,128,128,207,158,181,120,92,111,156,188,190
128,128,128,128,128,128,128,128,128,128,128,128,128,128,128,128,130,173,195,200,110,113,97,129,155,164
128,128,128,128,128,128,128,128,128,128,128,128,128,128,128,128,125,132,197,174,134,114,81,113,146,177
128,128,128,128,128,128,128,128,128,128,128,128,128,128,128,128,126,133,204,187,178,137,99,115,132,158
128,128,128,128,128,128,128,128,128,128,128,128,128,128,128,128,127,128,129,208,192,158,90,103,97,121
128,128,128,128,128,128,128,128,128,128,128,128,128,128,128,128,129,132,125,205,203,195,133,140,91,111
128,128,128,128,128,128,128,128,128,128,128,128,128,128,128,128,126,126,128,129,200,179,188,123,93,150
128,128,128,128,128,128,128,128,128,128,128,128,128,128,128,128,132,124,130,129,128,195,149,143,135,137
128,128,128,128,128,128,128,128,128,128,128,128,128,128,128,128,127,129,129,128,125,197,178,164,136,145
128,128,128,128,128,128,128,128,128,128,128,128,128,128,128,128,126,131,127,128,129,122,185,171,135,168
128,128,128,128,128,128,128,128,128,128,128,128,128,128,128,128,127,125,128,131,126,136,180,178,165,145
128,128,128,128,128,128,128,128,128,128,128,128,128,128,128,128,128,129,128,130,125,123,129,170,153,132
128,128,128,128,128,128,128,128,128,128,128,128,128,128,128,128,130,131,126,125,128,129,127,182,159,135
128,128,128,128,128,128,128,128,128,128,128,128,128,128,128,128,125,125,132,131,127,131,125,125,177,158
128,128,128,128,128,128,128,128,128,128,128,128,128,128,128,128,129,130,127,125,125,129,134,126,131,154
128,128,128,128,128,128,128,128,128,128,128,128,128,128,128,128,125,133,125,129,132,124,124,131,130,176
128,128,128,128,128,128,128,128,128,128,128,128,128,128,128,128,129,130,125,130,125,130,130,126,124,134
128,128,128,128,128,128,128,128,128,128,128,128,128,128,128,128,128,128,128,128,128,128,128,128,127,130
128,128,128,128,128,128,128,128,128,128,128,128,128,128,128,128,128,128,128,128,128,128,128,128,129,126
128,128,128,128,128,128,128,128,128,128,128,128,128,128,128,128,128,128,128,128,128,128,128,128,125,131
128,128,128,128,128,128,128,128,128,128,128,128,128,128,128,128,128,128,128,128,128,128,128,128,134,123
128,128,128,128,128,128,128,128,128,128,128,128,128,128,128,128,128,128,128,128,128,128,128,128,126,132
128,128,128,128,128,128,128,128,128,128,128,128,128,128,128,128,128,128,128,128,128,128,128,128,129,126
