28,46,48,60,60,80,94,72,73,93,138,112,110,138,153,134,123,130,135,137,178,213,198,221,236,238
18,21,42,29,53,53,55,78,87,71,102,96,120,96,144,110,133,135,152,145,141,179,183,199,193,225
13,20,13,19,30,46,52,46,70,77,77,82,86,99,121,131,124,139,132,125,158,165,191,190,215,206
10,20,14,7,23,28,32,40,40,43,63,77,80,77,88,133,130,125,140,148,135,149,164,203,214,198
9,12,4,15,6,8,16,19,29,43,47,72,49,71,69,86,111,120,130,135,111,141,152,158,176,197
15,9,15,4,6,17,11,19,21,20,25,45,43,45,67,69,75,102,101,143,134,137,149,163,182,158
21,15,10,2,15,11,6,16,15,18,26,27,29,36,54,53,84,77,107,116,117,115,148,172,176,200
55,23,27,13,9,7,16,16,16,21,15,16,23,14,38,45,78,93,103,123,116,149,131,162,146,215
124,60,36,46,29,14,26,27,32,32,19,20,7,7,14,46,44,71,74,92,130,134,142,145,161,173
113,118,103,89,60,34,33,48,37,21,15,16,16,6,7,24,27,51,55,83,101,124,132,124,135,156
141,108,123,77,77,80,66,77,43,27,16,14,16,11,7,12,24,35,51,46,81,118,128,117,130,143
117,99,112,131,96,129,139,93,61,41,26,19,7,19,11,15,17,16,44,43,56,75,103,127,127,166
115,120,124,105,113,118,115,116,94,55,39,28,21,18,23,9,18,21,35,36,52,72,86,92,111,160
109,111,106,103,106,94,98,107,121,89,74,53,19,19,22,23,12,24,31,47,33,59,80,70,98,142
102,100,101,83,87,88,97,89,117,141,106,77,34,35,29,10,9,19,31,36,42,54,72,78,108,126
91,96,87,84,74,85,91,99,92,137,146,110,54,38,18,14,18,19,23,37,60,39,72,73,117,117
76,75,66,71,82,69,79,83,91,91,109,112,78,44,18,13,20,24,29,34,44,45,73,85,113,119
74,54,55,61,62,70,71,73,70,76,84,114,110,71,46,28,26,17,37,41,43,81,79,92,100,134
47,41,63,51,58,64,56,55,70,71,83,83,82,77,60,62,58,38,37,31,34,76,91,104,102,123
46,54,34,50,63,41,42,51,31,76,65,81,71,96,103,94,54,61,58,55,61,89,97,109,115,143
78,69,70,80,62,40,58,20,66,82,51,48,63,90,80,89,87,87,103,92,85,100,100,110,107,127
103,92,84,86,94,66,72,59,20,8,20,35,50,55,81,92,95,98,111,112,118,108,109,107,105,110
145,115,102,86,101,70,71,56,42,29,23,30,53,70,89,91,110,101,107,155,137,114,125,110,124,143
125,150,104,90,93,88,69,58,58,47,48,59,70,85,87,94,86,108,120,124,122,140,110,121,137,151
169,135,131,108,100,82,74,62,71,67,74,74,91,102,85,107,89,98,115,132,150,106,139,110,136,168
127,127,100,101,101,94,91,99,83,106,92,105,101,94,103,104,84,100,115,130,153,145,130,110,116,142
140,122,114,94,110,109,140,121,110,130,122,130,106,97,113,91,94,125,116,126,130,141,140,130,129,159
158,128,119,118,116,123,142,165,168,157,148,142,117,106,103,90,102,119,99,137,133,114,116,143,129,116
162,157,144,135,148,161,167,158,167,173,161,155,142,109,103,100,89,102,139,117,127,125,133,123,120,142
153,177,177,181,184,180,180,190,157,155,177,142,174,136,110,115,112,122,154,117,148,141,138,139,137,141
