161,154,166,193,96,135,148,112,101,103,86,77,42,55,55,66,44,55,81,64,62,59,86,89,100,127
144,223,169,172,146,170,111,152,103,61,90,87,84,67,52,46,69,61,60,93,69,45,58,71,106,127
183,192,200,205,153,166,172,172,112,93,60,73,76,69,80,68,60,87,76,57,72,65,77,96,117,129
200,188,207,209,180,139,122,115,95,103,54,43,46,74,88,54,49,66,57,48,66,76,90,114,101,127
180,176,170,171,150,120,115,104,95,78,82,80,68,54,77,96,113,72,87,78,95,81,113,102,105,132
153,95,114,148,102,95,94,102,125,101,85,77,75,78,51,92,103,88,72,84,85,107,90,93,106,123
120,101,95,110,110,100,91,111,86,95,75,98,97,107,101,99,85,81,91,73,87,104,113,104,136,129
114,101,113,117,92,128,148,120,102,88,77,76,115,81,129,97,92,79,93,90,98,63,115,71,131,125
114,131,126,130,111,134,96,129,64,131,146,141,101,124,113,121,123,112,96,115,93,117,109,94,108,128
121,134,128,144,147,163,99,64,73,92,142,89,104,103,79,106,78,88,106,97,117,126,97,111,93,133
147,147,140,157,166,131,111,103,114,109,115,149,120,86,113,49,89,118,94,121,108,97,108,132,92,122
135,118,98,80,83,98,126,158,92,90,86,142,128,90,80,117,117,125,109,113,71,103,132,124,129,126
129,125,124,74,77,149,115,108,118,139,157,140,160,164,105,76,88,89,108,94,110,85,110,139,127,127
174,168,149,134,166,156,131,132,116,104,187,191,166,172,162,128,81,118,149,144,131,111,122,117,127,127
178,142,137,159,166,166,87,90,86,151,104,147,146,148,188,152,133,161,162,122,103,95,125,136,127,127
182,168,164,165,186,198,130,103,83,155,208,157,122,153,158,161,146,168,179,117,131,137,122,129,127,127
164,156,118,186,204,186,184,133,126,136,182,180,140,221,130,142,119,163,144,149,134,113,100,118,127,127
157,189,213,184,185,180,165,184,188,136,182,137,146,182,170,138,137,157,158,121,130,157,145,135,127,127
196,201,190,184,181,202,187,188,194,146,157,144,142,147,149,156,101,131,135,136,131,172,134,125,127,127
195,208,214,213,207,176,205,204,187,227,191,174,160,163,165,156,170,175,170,145,172,158,134,122,127,127
201,193,159,192,220,214,232,204,223,177,135,144,189,148,144,116,140,169,156,167,128,117,118,131,127,127
204,217,219,199,172,222,215,214,210,188,207,177,125,191,151,128,111,158,157,181,128,142,158,124,127,127
196,223,206,192,218,222,217,186,139,180,192,182,154,154,194,157,184,161,144,158,151,130,144,128,127,127
177,196,185,189,204,201,174,204,218,217,225,206,190,221,174,166,178,176,143,155,163,151,159,127,127,127
172,193,139,196,196,203,210,223,197,222,190,184,213,206,183,167,161,148,140,169,117,155,138,129,127,127
187,190,198,180,219,181,216,218,227,210,214,220,221,213,186,142,178,148,130,137,110,145,157,125,127,127
181,207,148,182,191,192,209,190,175,180,200,198,195,207,181,148,156,140,161,133,132,109,126,129,127,127
168,192,185,191,142,190,195,206,197,212,167,189,182,197,188,157,145,133,122,140,155,136,128,127,127,127
176,180,205,215,127,189,153,204,195,148,188,173,163,175,170,147,115,88,62,111,130,128,125,126,127,127
194,210,152,140,194,190,196,183,206,186,180,185,171,178,128,100,101,101,91,155,100,111,129,133,127,127
