87,100,83,62,74,48,62,43,63,72,90,85,112,97,62,75,69,43,36,35,31,35,44,39,48,36
92,113,90,85,60,70,60,75,91,92,120,120,98,122,80,90,104,44,37,47,45,47,44,48,46,52
117,101,86,79,79,102,98,113,130,120,134,119,114,76,105,94,67,61,61,66,48,45,53,64,36,45
113,98,86,119,137,123,123,140,122,144,135,111,81,103,75,69,63,49,48,44,79,61,56,43,58,49
95,97,122,127,132,125,178,182,133,180,105,150,106,77,66,74,54,59,44,50,55,50,59,53,53,51
111,108,106,134,144,128,182,191,137,140,143,104,102,75,65,52,74,62,71,74,67,72,63,63,53,54
60,85,118,131,159,172,122,156,151,149,152,92,74,84,59,87,74,61,59,65,86,70,91,58,44,45
80,100,109,138,133,144,174,174,103,119,116,112,110,94,87,93,83,82,61,54,87,85,78,67,51,53
87,114,84,125,158,152,150,120,99,112,111,91,97,81,96,89,78,80,59,68,66,72,63,57,55,72
123,122,137,107,99,171,175,147,134,139,117,107,120,95,66,73,85,61,85,73,69,78,40,77,75,64
142,149,158,156,152,165,133,169,164,176,137,127,122,99,64,92,91,81,74,54,70,63,79,62,60,72
95,207,154,149,163,157,174,171,128,158,125,124,120,106,105,80,105,60,77,53,60,57,68,65,66,57
123,146,135,155,164,164,143,163,158,132,134,134,102,81,111,96,100,75,80,59,45,56,48,79,88,55
94,98,155,162,141,168,163,161,158,147,144,144,93,128,105,108,120,95,115,87,52,51,74,73,72,43
95,127,128,119,126,107,157,145,153,114,143,144,128,133,100,89,94,105,113,104,84,69,59,63,79,74
76,88,104,115,133,122,168,149,143,112,140,139,122,110,84,84,81,79,118,93,73,62,69,76,79,70
85,106,126,100,105,108,129,122,129,124,158,134,147,101,98,65,79,75,77,90,82,83,81,103,73,97
121,99,119,105,99,127,107,121,117,137,144,161,145,126,114,74,84,101,76,87,70,84,76,101,59,96
108,91,110,104,103,116,102,117,130,173,143,141,134,129,106,119,80,83,95,84,71,83,91,77,97,80
113,112,107,107,107,135,118,107,122,151,136,114,147,113,124,106,121,88,91,86,95,81,118,96,108,95
120,114,118,129,139,146,136,116,145,93,104,113,139,160,139,117,96,105,107,107,94,93,87,83,84,115
106,126,118,148,146,124,116,166,112,95,104,170,165,122,171,128,106,99,105,109,90,88,96,118,120,92
96,99,100,141,148,145,98,102,112,122,107,121,152,154,144,145,132,121,110,100,105,88,98,91,93,113
136,110,133,159,134,117,132,144,120,141,140,158,160,168,137,122,135,104,114,124,112,119,78,94,111,108
198,103,94,116,109,115,104,116,167,147,151,136,133,156,130,93,119,154,121,136,128,114,147,97,87,95
185,137,135,89,65,72,127,128,112,112,122,132,170,146,134,147,129,155,121,121,123,100,96,101,104,129
141,138,96,116,72,108,86,101,143,124,186,146,165,114,128,146,130,139,120,101,119,115,99,94,107,122
179,162,110,82,49,73,111,122,131,147,113,146,135,128,134,150,140,155,125,125,93,124,133,100,127,130
168,130,125,100,133,124,119,110,135,133,151,186,149,147,130,141,144,129,150,124,105,127,104,129,131,126
139,107,115,102,134,127,75,93,126,149,116,158,164,152,162,140,129,135,102,127,97,117,123,133,128,130
