26,24,1,14,57,144,191,200,207,217,204,215,211,212,212,194,208,205,193,205,172,173,145,120,121,37
24,7,8,38,129,209,189,207,199,213,211,203,218,214,211,207,211,211,218,211,205,188,189,171,159,118
15,3,23,63,136,199,191,202,214,224,212,233,230,226,208,202,217,220,220,216,218,193,175,168,145,138
8,22,44,79,173,186,202,207,217,223,230,213,225,216,218,205,205,215,209,211,217,205,186,179,168,143
24,41,67,145,185,185,198,210,219,220,213,220,224,219,224,208,205,212,217,215,217,208,191,194,183,145
27,42,119,197,194,186,197,219,218,224,214,215,223,220,222,212,211,218,218,216,216,206,201,197,199,162
48,67,124,172,195,185,201,221,218,220,218,217,225,226,224,220,222,229,223,221,218,188,200,202,182,147
60,71,94,150,176,183,214,222,226,214,221,220,221,227,221,222,224,230,221,221,220,218,207,196,197,188
67,86,116,126,163,193,226,229,237,220,220,219,222,229,222,224,224,227,221,223,223,222,220,212,202,177
108,89,124,134,180,216,229,234,236,232,223,223,228,232,227,229,228,227,227,227,229,216,230,218,211,209
161,135,129,156,208,232,231,235,232,236,232,230,230,230,228,229,228,224,229,225,226,222,223,213,217,202
181,191,172,204,221,233,237,238,236,235,239,231,235,232,231,232,233,226,235,227,227,228,217,216,217,217
212,209,209,223,224,237,239,234,240,242,237,235,237,234,232,232,232,231,231,231,233,229,228,225,220,209
224,230,226,227,227,238,238,240,241,238,240,243,238,236,234,235,235,234,233,234,234,236,234,224,235,225
223,229,235,231,233,239,239,244,245,241,243,238,239,238,237,237,237,237,237,237,232,242,237,234,228,225
240,235,226,232,236,237,239,236,237,243,242,236,237,236,235,236,236,236,236,237,241,238,235,235,230,225
237,235,235,234,238,234,245,239,237,243,233,233,233,232,232,233,233,233,233,234,238,230,237,225,229,222
224,224,229,231,231,222,228,228,234,241,233,238,233,233,233,234,233,232,232,234,231,231,231,227,209,208
196,190,176,203,212,225,228,226,230,234,234,234,233,233,233,234,233,231,232,233,231,229,203,196,178,178
53,30,26,44,83,154,195,217,227,230,237,226,231,231,231,231,230,228,228,230,221,216,178,124,133,132
34,27,22,16,19,23,64,164,213,228,226,229,226,230,228,225,226,233,220,226,215,178,130,92,84,74
79,81,70,64,48,57,53,113,201,218,232,233,225,226,221,227,223,217,224,198,198,150,100,68,51,52
147,171,190,162,159,165,138,144,185,187,219,215,224,205,223,180,206,200,181,176,139,120,96,96,92,86
148,152,165,175,189,204,174,162,164,149,167,207,194,181,185,173,191,171,167,123,79,71,86,100,74,61
123,120,128,155,146,169,175,154,122,116,121,167,182,167,164,158,157,165,134,107,72,63,64,67,68,53
110,120,102,95,113,115,160,168,143,137,134,143,146,164,160,142,148,143,121,108,120,74,50,40,41,48
115,105,79,110,72,104,123,123,145,165,155,117,131,156,152,131,130,130,142,111,74,58,39,29,32,36
68,55,60,60,56,63,67,97,100,103,140,136,131,174,148,138,137,154,120,86,54,41,24,21,15,23
50,38,41,34,28,35,59,69,61,78,91,73,119,147,130,104,131,109,76,66,51,36,22,20,15,21
42,45,25,22,17,27,32,32,59,45,59,70,75,87,93,110,130,69,79,43,40,33,23,15,6,12
