186,166,207,202,167,139,153,122,121,133,211,233,218,224,226,233,185,202,162,116,63,50,51,77,101,156
130,153,187,165,166,133,146,168,107,157,189,219,204,206,224,210,219,187,208,201,96,85,34,44,53,106
165,200,174,177,185,145,107,134,150,181,207,225,204,231,201,161,198,176,154,161,166,98,73,47,96,88
170,152,98,172,174,151,102,138,162,194,213,220,218,198,193,190,111,165,177,162,160,135,107,107,96,56
208,128,185,148,143,110,86,159,209,225,194,166,195,203,191,184,190,150,109,148,164,80,95,91,103,47
185,157,151,162,123,118,100,178,200,201,169,137,186,212,178,161,179,204,136,129,100,132,33,62,54,14
166,163,159,147,161,101,163,189,205,189,203,114,136,140,149,162,141,123,136,56,62,98,30,34,17,15
159,147,142,149,144,115,155,172,136,168,175,158,143,133,130,131,92,38,99,88,146,70,28,22,17,10
159,153,101,107,144,151,183,167,185,192,171,126,61,105,44,64,32,48,49,53,44,51,21,13,7,13
199,173,140,134,144,171,170,199,163,151,154,150,44,32,41,46,107,26,26,21,45,5,12,6,1,13
180,133,126,144,183,163,186,170,169,140,132,54,37,20,20,16,15,2,5,9,8,12,7,0,6,3
173,142,155,157,133,173,165,153,164,74,82,36,14,12,9,16,5,4,6,8,6,4,2,1,4,2
156,163,138,128,174,204,125,100,88,33,28,9,5,14,10,3,3,1,0,1,4,6,0,4,0,6
139,152,138,173,126,152,102,61,32,29,16,11,8,10,2,4,0,9,9,4,4,0,2,1,3,0
157,153,133,155,177,125,54,27,20,16,9,8,6,8,0,3,6,6,3,7,3,2,6,0,6,6
168,176,155,131,147,107,26,13,14,12,8,7,2,0,7,2,1,6,0,5,4,5,1,14,7,15
147,156,193,162,120,40,15,13,14,8,5,7,3,2,2,5,7,10,4,14,9,3,13,22,22,64
145,100,209,164,107,23,12,14,10,3,1,3,2,3,4,4,8,2,12,9,9,16,29,83,104,56
69,112,154,119,27,16,9,10,7,5,5,2,0,1,1,7,8,16,16,29,49,126,91,112,56,55
41,160,154,53,26,7,10,8,3,6,4,0,3,3,7,14,22,27,50,91,115,198,96,51,54,88
123,144,88,25,15,13,7,4,0,2,0,0,11,11,23,42,59,104,129,185,89,73,45,46,35,52
183,145,25,35,8,3,3,3,3,8,5,10,27,24,33,97,219,175,162,113,58,40,34,32,34,65
186,137,63,23,16,4,3,0,9,6,10,23,34,42,55,165,193,170,103,52,36,30,47,22,46,44
129,128,113,37,27,6,8,6,10,18,26,24,36,78,115,153,122,103,58,36,22,24,35,30,35,22
215,211,125,84,63,12,11,13,14,32,44,42,61,53,56,90,72,49,22,24,22,21,17,23,28,16
195,223,158,114,127,77,38,51,51,33,36,121,67,53,47,43,28,10,16,19,20,12,19,8,12,18
173,151,156,89,111,96,53,62,44,50,38,44,48,33,31,25,22,10,11,3,7,8,13,22,22,21
155,150,148,115,86,64,63,96,49,50,56,43,24,13,13,12,1,0,0,3,8,18,36,32,24,40
160,132,126,88,133,79,66,65,67,44,42,28,29,30,21,20,7,15,6,0,2,22,38,23,33,72
164,146,114,115,100,79,81,58,48,46,34,36,38,24,27,42,28,12,10,8,16,15,15,19,31,54
