62,42,20,28,79,199,231,220,225,215,207,196,215,190,149,166,176,127,148,187,173,151,164,153,160,115
49,12,22,64,139,218,229,222,219,200,197,209,204,206,219,165,188,157,170,143,138,141,134,159,152,126
22,22,60,103,204,228,233,217,210,209,211,239,210,211,204,211,206,181,176,164,127,133,137,168,146,154
32,58,106,183,213,222,224,216,216,196,199,211,230,210,201,180,195,198,207,183,185,150,145,152,174,174
68,94,157,200,223,206,229,217,222,211,213,204,208,225,189,209,227,216,197,191,206,191,180,169,179,164
118,193,168,227,224,205,217,201,207,229,227,231,230,233,225,221,238,233,231,220,211,165,173,177,197,156
166,179,221,204,211,218,196,223,225,205,228,219,234,225,234,207,203,210,223,216,221,198,154,169,176,185
174,174,201,219,230,220,209,202,211,213,217,223,230,227,238,220,201,222,235,237,228,220,196,186,193,190
174,166,200,199,223,218,193,202,216,215,215,207,221,226,230,230,214,227,225,223,230,206,202,193,196,202
137,189,152,172,180,183,171,208,214,228,219,230,234,235,233,236,237,235,228,220,227,214,201,175,190,205
155,111,93,111,141,175,191,226,218,238,221,225,223,222,227,228,237,237,237,236,242,231,221,215,215,168
100,98,116,113,106,151,181,236,237,238,236,235,230,231,242,239,233,234,232,237,226,234,234,235,231,204
124,122,115,110,111,178,217,233,242,241,242,234,236,237,238,238,239,240,237,234,239,225,230,224,227,225
171,140,156,141,145,206,238,245,245,241,247,246,239,241,241,240,239,240,240,239,233,237,240,214,211,223
204,202,168,157,188,227,241,244,246,244,247,244,242,243,243,241,239,240,242,243,246,239,241,232,229,224
226,215,220,213,223,240,241,242,249,250,250,245,246,246,245,243,241,242,243,244,243,243,244,238,240,237
246,233,240,238,234,245,247,246,248,248,250,252,250,249,247,246,246,245,244,243,241,248,248,239,240,244
239,240,244,237,236,244,248,247,246,245,248,252,250,247,245,246,246,244,243,242,249,246,245,247,243,239
243,244,242,250,242,244,247,247,248,250,249,249,246,244,243,243,243,241,241,241,244,244,243,243,237,238
248,243,239,244,241,241,244,244,245,248,246,246,244,243,243,243,241,240,241,244,244,241,241,244,238,237
241,240,238,237,238,241,233,239,238,243,249,243,244,246,245,243,242,240,240,242,241,237,231,236,226,212
227,197,157,155,193,221,224,212,229,240,242,245,244,240,245,241,245,242,238,237,240,234,231,207,145,145
157,92,38,33,41,24,61,120,196,233,240,238,244,239,237,241,234,242,236,240,232,233,206,164,119,100
96,73,79,84,77,72,64,60,102,197,230,240,240,240,240,244,236,233,233,232,231,224,177,115,93,110
111,138,189,201,204,213,183,178,116,197,204,226,236,234,229,222,228,210,225,214,198,192,143,108,101,105
111,111,143,142,156,206,210,200,187,176,145,156,211,217,200,204,203,199,199,190,161,117,66,93,101,95
117,123,105,127,111,166,180,183,181,145,121,115,187,193,169,164,157,172,162,171,108,118,82,76,68,61
153,124,140,108,89,106,117,76,175,156,193,149,132,146,165,142,149,134,110,109,110,110,96,69,43,52
150,127,102,100,104,116,109,140,144,181,160,172,150,140,140,141,136,130,151,124,117,92,73,62,42,31
107,111,71,72,79,66,67,72,81,92,103,117,131,153,155,181,169,128,143,101,91,72,57,37,27,25
