161,178,196,194,179,170,140,153,155,146,162,164,185,170,163,122,129,156,131,126,110,125,142,163,160,207
143,167,166,180,164,145,143,123,151,171,160,140,144,148,166,149,203,176,137,126,132,175,176,162,220,217
145,164,158,156,142,150,149,160,165,175,135,138,149,160,128,196,141,138,162,137,150,167,175,199,212,221
131,128,143,126,147,191,178,211,155,167,167,147,133,143,150,147,109,140,185,147,129,188,199,217,229,231
139,166,183,194,157,195,192,166,204,183,181,171,164,172,153,125,124,115,120,155,184,212,217,235,235,234
151,195,196,194,172,173,163,172,189,169,183,160,165,156,182,165,115,121,136,141,191,220,229,236,230,225
209,179,146,176,146,147,171,170,166,160,177,147,171,174,179,169,184,169,149,188,226,224,229,241,214,224
206,203,190,202,163,119,62,111,155,185,179,187,177,159,161,173,177,198,222,223,231,250,243,216,210,202
154,181,162,212,180,198,166,147,177,202,232,206,195,184,164,196,193,218,238,238,253,235,226,200,204,172
214,213,191,210,201,200,195,197,181,208,220,217,200,208,189,218,236,238,245,247,242,247,192,185,138,119
205,217,230,218,214,206,223,233,202,208,215,227,217,217,213,234,237,233,245,248,234,219,169,121,99,110
229,214,221,220,210,228,212,215,210,216,213,224,222,226,238,242,245,235,233,238,204,147,123,124,120,143
218,222,225,228,227,228,236,214,228,233,230,234,214,238,241,242,235,221,243,217,169,160,143,177,167,194
230,236,232,222,226,238,231,219,243,232,235,238,234,237,237,230,233,239,204,190,151,181,189,208,227,213
232,237,240,227,220,216,207,233,240,233,246,248,229,241,239,238,230,218,216,177,185,202,213,222,241,232
240,229,230,226,231,230,238,248,246,248,239,242,237,242,239,234,215,219,217,163,201,234,244,239,251,244
248,239,236,233,241,245,248,245,248,244,240,228,238,231,236,212,221,220,200,165,212,241,250,249,252,253
242,248,247,240,238,241,237,249,248,248,249,238,235,231,221,219,210,224,190,199,230,245,254,255,252,255
240,245,237,236,240,255,244,245,240,247,226,229,230,224,219,219,213,215,198,198,241,255,253,252,254,242
249,252,240,243,241,248,243,249,244,237,243,226,223,234,236,224,224,214,173,220,244,247,251,251,244,235
246,249,247,242,247,244,245,249,241,242,235,211,211,228,234,238,219,213,172,217,240,234,242,232,200,107
249,248,248,248,244,243,240,241,245,239,235,235,233,238,241,241,210,205,207,169,189,221,220,170,76,32
255,250,249,250,238,236,236,239,230,235,229,225,240,231,245,226,225,230,195,185,163,194,158,103,67,62
248,242,242,248,246,247,237,243,231,234,231,227,246,241,232,226,231,221,198,175,148,164,141,142,150,143
246,251,254,249,241,228,228,231,236,216,222,240,229,235,218,239,212,212,225,175,168,125,142,155,219,209
236,240,245,241,238,225,229,226,228,219,234,244,226,232,235,227,213,214,191,181,160,118,108,108,171,216
234,239,243,240,235,230,223,215,209,225,240,235,232,233,228,203,218,208,189,181,161,186,134,132,137,124
246,244,238,234,226,233,226,212,216,223,227,230,225,225,205,211,195,210,208,182,168,148,167,176,170,114
236,226,221,234,227,223,202,221,210,226,222,232,226,222,221,206,192,167,148,205,163,148,144,150,130,91
245,207,236,232,213,163,205,204,223,218,216,193,214,206,189,213,189,222,206,144,144,162,88,121,57,65
