141,107,116,115,95,97,92,96,61,94,120,104,57,38,50,50,25,35,28,67,95,190,166,166,196,131
135,149,140,135,160,140,130,126,146,140,149,143,92,52,56,62,54,58,35,42,59,153,156,161,184,127
166,175,155,188,138,151,132,87,115,147,124,142,128,88,74,63,92,37,56,49,62,133,159,152,184,124
104,120,109,119,130,127,138,126,101,105,130,123,129,116,125,135,107,70,45,49,61,74,156,175,200,131
185,141,173,82,95,90,152,94,72,121,135,138,135,149,148,81,113,142,132,67,111,125,153,134,197,122
178,192,165,170,132,80,70,90,136,101,127,126,170,128,147,115,143,118,119,127,99,135,177,186,208,127
142,144,156,158,162,150,135,61,63,142,121,155,104,118,137,126,152,143,124,143,137,167,168,170,205,129
43,36,81,50,87,89,114,136,108,92,98,125,151,139,117,128,158,138,147,148,127,112,164,169,183,126
29,30,28,20,17,29,42,58,77,97,153,100,115,124,117,139,119,175,153,143,141,124,158,170,176,134
21,18,28,31,43,39,21,10,27,52,62,101,141,145,134,115,116,109,119,123,147,145,126,149,151,124
0,7,3,9,20,25,42,35,25,11,15,45,100,127,126,106,77,75,106,116,152,133,143,145,165,124
4,0,4,0,2,0,16,14,36,31,19,11,32,65,85,84,102,69,75,122,133,116,142,137,161,128
2,0,20,22,11,4,2,5,13,28,28,14,8,29,53,66,64,47,84,103,90,120,139,118,208,136
11,1,34,215,111,140,11,4,0,12,23,28,13,13,24,45,52,47,87,103,100,122,124,109,135,123
15,13,22,138,205,224,164,11,3,2,8,26,20,13,13,29,50,59,83,81,82,115,72,100,146,125
22,10,77,228,230,243,203,171,12,3,2,16,24,25,24,29,34,56,62,50,90,75,73,103,137,124
30,22,193,191,255,248,255,188,18,11,5,4,13,21,28,30,28,59,56,54,70,115,90,113,138,128
23,16,235,252,252,250,165,39,6,8,13,9,15,17,24,25,35,32,54,58,61,77,74,112,135,126
9,36,246,243,237,42,16,12,24,34,36,25,19,25,27,29,29,38,63,64,45,65,57,85,90,133
10,30,44,32,15,25,22,18,25,39,77,43,37,34,29,47,43,31,39,46,55,58,50,62,60,121
17,21,19,16,25,45,39,49,64,54,78,82,82,50,54,59,49,56,53,64,85,82,92,66,85,129
87,59,34,30,49,55,56,68,62,83,85,93,110,87,64,39,43,84,59,60,50,57,65,98,102,128
75,64,80,56,58,100,87,98,87,92,70,93,85,79,124,71,54,49,69,60,62,45,56,102,116,127
139,99,91,104,69,89,51,80,81,93,108,88,58,65,108,84,80,73,46,54,45,69,81,101,122,133
130,129,113,92,88,76,88,58,70,64,69,83,71,66,83,58,34,82,51,47,57,56,51,53,94,124
92,77,94,70,71,78,58,62,61,104,91,80,74,73,51,51,52,42,50,49,58,66,74,85,100,123
62,49,73,61,37,37,45,64,86,65,118,99,67,58,39,34,32,41,44,49,68,90,80,80,116,131
30,35,35,28,45,55,46,71,86,91,116,82,68,94,117,44,30,42,52,43,55,73,66,90,91,123
52,40,45,68,46,82,89,83,119,84,76,107,111,99,64,43,49,43,46,50,59,41,80,51,100,123
128,116,113,90,112,102,111,96,109,112,73,63,67,56,48,48,42,28,60,56,58,78,85,107,112,128
