124,133,16,19,25,26,47,48,56,58,56,54,58,65,67,66,64,63,56,49,51,56,58,60,56,59
132,125,17,13,5,29,52,66,60,62,63,63,66,71,66,53,52,60,57,53,53,56,63,67,65,73
125,133,15,4,7,32,57,71,72,71,67,81,77,71,65,57,60,60,60,59,57,57,61,65,65,54
129,128,4,1,5,42,66,74,69,85,88,85,69,59,58,56,63,62,62,63,61,59,58,59,53,41
128,128,4,6,8,49,71,78,77,93,89,72,63,60,65,64,71,66,61,60,59,54,49,45,43,39
129,127,0,1,23,58,69,71,88,94,84,61,59,57,66,74,76,71,64,58,54,53,56,59,54,41
128,129,1,0,36,61,74,85,95,84,71,60,70,69,73,83,84,77,71,69,68,63,56,50,60,61
128,127,1,0,42,61,76,91,85,69,58,53,58,55,59,77,69,70,71,68,61,56,56,58,60,61
131,121,0,11,48,61,61,59,53,54,63,65,59,64,80,110,104,83,61,56,63,69,65,58,60,57
125,131,32,49,53,49,46,44,57,54,60,69,69,80,79,88,81,84,88,90,90,92,98,105,135,222
124,131,49,43,57,84,95,96,95,86,99,101,100,115,118,109,92,96,104,94,99,93,107,117,136,209
130,128,45,43,82,103,120,116,112,100,103,107,110,119,120,111,96,103,99,102,97,96,103,128,136,152
129,125,48,52,111,115,133,122,114,109,105,110,111,111,115,112,88,94,89,83,107,112,114,117,117,124
127,127,52,62,121,111,126,116,114,116,109,113,116,111,112,107,83,73,70,74,108,94,90,98,106,114
129,130,48,66,115,110,123,121,119,121,110,114,122,118,108,92,65,80,77,76,83,90,92,104,107,104
129,128,44,72,116,125,130,129,122,125,118,117,121,115,99,81,78,72,76,85,91,89,103,122,111,106
127,125,48,79,118,135,131,126,121,121,123,120,115,106,90,80,65,60,86,100,127,137,161,154,127,107
130,126,53,80,114,132,125,119,115,107,111,109,106,99,80,71,55,57,94,130,132,139,151,147,143,105
126,132,51,77,119,124,128,117,111,109,109,110,103,84,69,65,72,64,99,121,138,139,148,143,147,127
129,128,51,96,109,125,127,128,114,111,107,103,92,74,64,66,81,69,89,106,120,126,139,141,158,135
125,127,56,87,115,128,125,112,116,111,102,92,81,69,67,75,83,82,96,99,96,96,108,123,129,134
129,133,55,104,125,123,120,104,99,97,94,91,87,80,80,86,103,103,104,100,94,91,86,91,96,102
126,123,60,113,122,125,123,114,105,98,89,86,87,86,89,96,106,120,127,114,99,92,88,96,97,95
134,129,79,117,134,128,108,109,112,104,93,88,91,95,102,111,111,114,119,114,115,110,100,96,99,105
121,133,248,133,129,120,101,107,96,98,100,104,108,111,117,126,121,116,123,117,118,107,105,106,98,97
129,126,250,231,139,128,116,101,104,107,107,105,105,108,119,134,158,132,126,116,120,108,110,112,108,107
130,124,253,250,222,149,118,106,112,104,103,112,113,107,109,127,129,125,119,117,117,111,108,111,115,111
125,137,225,246,205,242,121,122,114,117,112,112,105,105,115,125,127,124,120,119,118,115,113,116,112,110
132,126,239,245,181,250,168,117,120,128,117,118,110,108,114,111,128,127,126,123,119,117,117,118,111,111
125,133,248,244,147,238,252,120,108,120,111,112,106,101,112,119,129,131,132,128,123,121,122,121,116,114
