177,188,173,161,177,171,160,146,116,120,135,87,95,80,74,48,48,41,35,40,43,60,53,65,74,98
191,176,184,191,173,190,124,135,128,138,116,92,82,93,64,69,44,52,46,50,49,58,59,66,69,101
176,173,163,193,182,159,165,127,128,121,96,92,101,99,79,63,77,48,62,49,65,52,77,66,69,88
181,167,145,176,183,157,151,140,117,123,95,93,104,104,87,57,64,80,49,88,54,46,72,69,78,75
168,124,152,177,153,158,163,122,123,138,107,120,100,134,70,55,69,71,71,74,69,64,66,72,82,81
114,142,153,153,146,140,145,149,119,124,102,116,119,94,85,63,81,76,107,68,65,56,62,53,86,84
148,183,170,158,151,150,173,136,117,167,128,130,89,123,63,60,64,80,72,73,63,52,59,73,49,68
143,151,166,157,161,152,154,116,136,160,126,123,101,141,93,73,64,95,71,62,55,70,49,52,66,88
161,183,161,164,157,132,122,139,146,138,133,163,127,128,78,75,66,75,77,54,59,51,62,63,52,64
177,161,157,169,170,126,94,133,158,106,115,125,146,140,86,65,70,76,75,72,50,66,59,59,49,56
174,178,186,183,171,141,133,100,112,92,110,133,96,121,95,86,62,71,58,58,52,63,68,71,58,69
185,165,175,145,149,166,115,75,106,100,93,91,110,114,94,77,93,72,59,62,65,62,68,67,51,54
141,169,189,169,150,168,127,92,107,122,87,83,116,101,75,85,57,71,62,77,56,61,60,66,69,64
155,184,174,134,141,143,141,74,90,107,86,89,71,89,79,67,90,63,55,62,62,58,59,60,54,44
164,156,153,147,137,158,107,96,70,102,90,90,97,97,69,64,85,62,75,57,68,50,53,64,59,64
156,148,170,150,153,109,126,104,96,104,90,94,92,85,62,72,77,47,66,58,54,68,51,62,52,53
130,151,134,155,129,115,130,85,75,110,91,70,75,79,75,72,70,61,66,51,56,63,60,61,63,66
117,146,120,107,118,95,103,93,99,73,70,91,84,78,79,62,67,51,68,55,69,58,53,64,52,51
136,113,118,96,114,91,74,93,96,82,60,81,89,75,77,80,74,64,65,59,59,63,58,56,59,58
127,127,79,106,89,81,107,67,76,81,76,117,67,77,78,80,53,59,57,69,60,57,53,57,72,59
132,92,112,105,93,104,101,82,90,92,88,102,79,76,92,70,69,59,65,56,65,70,68,65,66,81
98,99,122,92,91,109,141,86,85,62,77,103,85,87,85,80,48,67,69,71,77,75,72,70,64,64
85,75,95,80,104,118,104,75,62,78,75,90,75,91,76,63,65,67,60,56,54,70,77,67,68,72
94,100,110,111,91,85,74,77,70,85,102,87,82,85,80,70,66,82,81,66,69,61,68,77,61,69
96,75,101,142,88,73,73,92,89,98,94,107,88,86,70,66,86,75,74,64,69,70,60,96,76,63
109,89,128,111,109,90,84,104,104,80,96,96,94,72,82,68,76,76,73,97,70,65,75,61,75,132
112,102,101,113,122,80,80,73,76,107,69,88,75,71,82,61,66,74,73,79,81,72,80,101,76,126
109,108,110,117,88,94,102,104,75,89,65,95,80,96,101,87,87,93,88,80,80,70,66,75,127,133
137,109,93,84,86,78,102,67,71,62,72,79,85,94,105,106,89,89,85,91,87,66,78,125,134,122
123,111,93,94,99,83,91,70,70,93,79,86,81,101,97,104,87,84,85,87,85,71,128,125,126,131
