179,162,166,164,182,165,139,142,134,130,145,145,99,113,62,110,88,91,77,68,93,112,98,90,102,114
138,160,180,158,169,175,159,126,155,138,126,120,113,93,86,110,85,119,81,85,65,97,102,118,110,88
187,182,169,168,188,164,156,147,165,149,145,167,92,96,92,144,94,91,82,77,72,81,82,108,108,87
174,180,173,161,179,166,141,167,177,176,139,143,117,110,96,89,81,79,79,82,76,74,88,101,96,107
152,177,179,197,160,162,153,163,159,162,158,168,119,93,115,111,97,91,68,83,74,96,82,96,104,99
199,175,168,161,134,161,161,143,156,170,125,146,138,109,91,92,99,69,60,94,92,84,80,88,91,93
202,172,186,181,164,127,132,119,117,127,129,112,116,117,91,95,78,93,86,84,99,76,77,82,93,89
188,195,177,163,169,125,131,121,113,103,100,127,108,103,85,97,100,93,83,84,78,83,76,66,85,98
184,180,161,165,174,113,121,148,111,136,120,126,128,88,129,99,87,90,83,68,85,83,77,89,89,102
177,173,156,163,125,133,107,120,117,116,119,123,111,78,96,86,98,90,79,70,80,81,84,79,76,101
170,161,189,137,166,120,114,98,137,159,102,119,118,93,97,92,86,81,78,65,90,77,94,82,88,67
167,144,181,175,167,153,108,100,134,141,120,97,91,96,91,81,85,81,94,75,75,90,80,81,78,62
170,160,157,155,141,100,101,98,117,103,89,120,113,95,94,88,97,88,77,83,73,87,75,77,74,84
113,109,150,143,140,116,135,109,96,88,105,87,101,87,83,89,85,76,87,96,101,90,84,74,82,83
107,112,113,108,102,124,116,104,83,101,106,86,104,91,81,88,74,71,82,70,67,84,72,73,74,87
138,137,130,121,106,118,120,115,130,127,119,101,95,118,92,79,101,74,83,84,78,79,88,82,65,74
123,133,111,95,118,108,117,104,100,135,98,99,105,96,73,90,85,85,78,79,93,90,80,79,82,82
106,125,95,132,136,111,81,96,84,118,97,107,96,72,78,99,71,100,82,88,99,81,93,90,83,82
120,159,133,115,107,96,86,95,76,101,97,105,103,105,102,98,70,84,84,85,111,91,91,89,95,75
109,107,145,111,114,90,95,111,102,121,146,95,90,74,80,84,88,83,63,92,92,93,85,86,80,73
148,156,135,113,98,106,120,142,120,139,102,82,79,77,100,92,119,101,73,91,93,81,104,71,91,70
147,157,133,115,120,143,107,117,121,97,104,98,119,103,119,78,112,108,98,111,94,107,93,76,92,77
152,123,114,102,118,135,123,101,101,109,116,101,105,101,70,89,72,96,100,121,95,98,95,75,74,82
128,81,101,87,132,118,83,109,115,96,107,142,132,111,116,94,116,84,102,102,89,94,91,82,78,76
138,111,91,125,89,88,94,119,100,118,96,153,134,127,112,119,128,81,108,92,89,76,70,63,69,56
98,108,139,129,83,114,97,69,111,111,122,107,124,114,118,121,108,89,109,106,80,56,59,56,64,127
84,111,130,148,133,86,111,117,116,146,122,116,125,163,107,98,84,111,74,98,65,80,58,59,58,126
112,99,97,103,105,111,122,105,119,122,142,128,103,104,94,74,68,75,93,81,77,106,81,46,131,131
97,126,115,107,94,109,105,95,86,89,89,126,117,131,72,91,109,65,83,76,55,63,63,129,125,125
108,103,113,99,73,81,69,91,94,123,109,83,92,109,93,100,53,66,82,55,83,66,123,124,136,128
