115,108,107,95,115,116,145,143,143,135,135,142,163,148,166,169,156,153,149,143,159,156,170,184,193,208
112,107,115,126,109,124,165,138,124,106,134,137,167,118,134,133,137,138,159,167,178,144,137,176,210,201
112,113,113,111,119,130,146,157,176,153,148,155,135,127,135,136,122,135,147,138,154,173,167,160,185,193
107,126,121,134,147,142,163,157,153,151,145,138,125,140,147,169,139,138,138,152,154,171,178,176,181,171
169,167,146,147,152,134,161,166,124,151,157,136,159,136,131,153,156,154,152,145,139,167,170,167,175,191
177,160,194,184,139,144,133,158,168,152,144,139,163,147,162,158,178,172,150,152,153,153,130,152,167,167
100,103,127,156,178,181,159,161,166,166,140,182,145,161,168,174,178,192,132,130,163,143,148,146,152,175
100,95,94,96,109,134,186,183,170,127,142,186,177,169,171,172,169,169,155,146,147,154,160,162,147,193
91,89,78,86,80,102,128,177,162,149,151,152,171,168,148,150,163,166,154,126,149,139,170,159,167,179
77,84,76,76,84,80,89,111,165,149,165,135,153,137,175,140,159,173,151,132,149,143,156,158,161,155
71,73,71,75,70,71,77,86,90,128,105,105,129,142,158,143,165,189,159,151,145,164,169,180,170,183
62,55,73,67,61,75,64,54,74,78,81,65,94,120,128,132,166,158,164,147,149,162,171,170,173,171
74,68,63,54,60,58,55,54,55,48,53,60,63,91,106,131,148,166,151,138,146,161,158,176,193,178
74,75,66,68,58,56,45,35,37,41,41,47,58,62,94,119,135,139,143,140,140,144,150,164,189,190
78,79,75,66,67,57,51,55,52,58,57,68,61,64,84,126,110,126,135,146,154,162,153,158,162,174
77,81,75,74,63,77,75,84,106,101,83,74,78,73,89,96,95,107,111,138,152,141,166,151,174,165
87,83,90,98,112,118,127,140,136,119,99,85,89,83,76,85,100,105,92,138,160,152,163,156,170,160
137,171,185,171,179,172,165,162,166,130,131,101,76,84,110,105,105,125,119,137,159,179,166,162,152,172
196,195,205,193,198,186,189,181,149,150,134,105,101,92,111,94,109,120,137,137,144,159,181,175,141,141
206,207,207,225,183,180,178,170,157,158,144,130,124,106,107,114,122,119,130,157,146,139,167,157,139,144
216,196,203,192,185,180,155,164,170,156,140,142,127,123,115,114,101,144,134,144,139,154,185,173,144,140
187,199,199,184,185,174,174,148,143,157,155,123,135,142,119,120,117,127,129,129,152,132,154,172,172,156
182,194,188,198,179,188,184,155,157,160,140,122,135,142,131,130,109,119,119,148,141,144,151,182,177,168
183,174,192,191,184,189,176,182,178,163,143,147,139,133,117,119,106,129,117,121,129,149,161,164,148,154
201,216,199,181,162,179,186,193,178,182,150,144,139,135,124,117,120,120,115,128,146,126,148,165,152,133
191,176,185,191,183,183,184,152,177,178,178,149,126,124,117,111,127,118,121,124,117,135,126,147,125,138
202,191,201,165,162,175,149,178,161,167,147,139,117,124,123,114,111,107,100,113,118,131,132,140,138,140
202,185,197,209,161,146,173,148,136,164,144,131,132,120,130,124,136,124,112,127,128,144,131,132,125,126
201,201,186,208,176,161,166,154,153,154,148,121,140,121,121,120,133,117,110,113,129,117,124,119,127,121
205,196,202,191,152,154,157,153,149,154,136,130,138,142,120,132,112,125,128,119,128,117,116,119,117,121
