128,127,128,130,128,130,124,130,21,24,19,30,36,60,75,55,28,23,28,31,36,41,36,31,35,20
127,133,122,132,124,125,133,23,25,28,22,32,52,70,91,61,36,37,42,37,28,27,25,28,26,22
128,128,127,128,130,125,129,23,28,34,29,37,61,70,86,47,39,27,23,23,29,32,21,13,6,16
124,129,131,122,131,136,121,22,22,34,34,49,62,75,72,37,23,24,29,25,19,13,8,14,11,31
130,131,119,134,120,128,131,28,31,39,39,59,59,84,56,33,28,22,20,20,24,21,9,9,19,30
126,126,134,128,129,125,31,30,39,37,35,56,52,78,39,27,16,13,13,14,20,18,11,18,26,39
131,127,124,129,125,127,32,24,24,22,31,50,54,60,32,24,11,10,10,12,18,14,7,17,32,47
126,127,130,127,128,129,10,14,15,20,42,55,62,42,26,16,11,9,10,15,25,22,13,22,33,51
124,133,127,128,132,123,15,13,16,34,55,44,66,32,18,10,11,2,11,23,18,12,19,25,47,65
130,121,127,128,128,21,16,13,35,49,47,68,41,29,6,22,11,9,18,25,17,12,22,33,46,73
132,127,134,126,127,13,21,29,49,47,54,70,28,19,9,7,7,15,24,25,16,13,26,43,63,74
120,130,131,126,132,8,29,43,35,45,66,40,24,5,15,3,5,17,24,21,14,15,32,52,60,77
135,128,125,127,128,31,42,38,46,58,41,11,16,8,2,5,12,20,21,14,11,20,40,60,66,83
123,126,132,129,122,48,46,50,55,40,14,10,7,11,5,10,21,20,16,10,13,29,51,66,87,93
130,131,122,129,128,52,59,49,25,13,15,18,8,10,22,25,19,12,10,12,20,39,60,68,84,83
124,130,131,124,52,53,38,26,14,24,14,7,23,29,19,17,10,2,6,16,26,47,64,66,71,87
126,131,128,129,35,35,18,14,10,15,17,28,30,20,14,5,0,12,13,20,33,61,69,70,84,98
134,119,132,126,25,30,15,9,13,23,26,28,22,13,10,2,4,9,14,22,42,60,71,75,89,110
125,136,123,131,24,12,8,16,19,29,28,20,12,8,7,0,5,5,17,31,55,60,72,80,90,103
127,130,132,125,17,3,10,27,23,24,18,9,6,8,7,0,5,7,19,36,55,61,74,88,102,99
128,125,127,136,3,9,29,29,17,13,8,4,4,7,5,2,8,13,21,38,50,65,80,99,93,110
131,128,127,1,9,37,23,9,7,4,6,6,6,5,1,4,8,21,31,50,58,74,84,100,100,99
128,120,132,17,26,12,16,9,3,0,7,7,7,7,2,6,11,25,40,57,68,75,81,89,91,85
129,133,122,23,16,6,5,6,4,1,5,4,7,11,6,8,19,26,40,50,65,66,74,81,74,79
126,128,128,0,8,5,11,1,4,1,7,4,4,5,7,9,16,19,33,36,36,39,41,46,51,51
131,127,130,2,5,7,9,10,2,9,9,0,5,11,10,26,33,41,42,63,68,76,70,76,77,82
125,126,132,1,7,4,6,0,4,12,0,8,24,46,55,67,69,100,87,93,79,61,55,60,56,50
128,127,124,9,2,1,3,8,5,5,2,37,62,71,91,82,53,29,44,79,131,204,232,204,217,217
129,131,128,0,8,0,6,0,0,17,43,79,71,45,28,30,47,190,250,242,235,220,226,238,230,230
125,130,126,2,7,3,0,4,18,52,83,45,28,37,90,190,218,246,219,227,229,225,228,229,237,229
