32,8,25,162,197,222,221,218,236,223,229,220,232,222,216,217,217,216,212,206,197,190,191,88,7,10
12,17,107,181,191,209,216,233,219,234,227,228,229,234,217,215,215,213,213,186,201,201,198,160,39,16
9,61,150,179,211,224,220,229,233,217,224,229,225,225,219,224,214,197,200,196,198,205,201,180,113,17
62,151,193,200,218,230,239,230,231,226,236,226,235,225,225,218,212,210,196,191,200,180,192,188,142,57
145,212,215,229,227,228,232,223,237,231,233,230,230,229,219,235,225,201,188,194,195,198,186,189,185,119
205,224,227,230,237,237,235,227,236,232,234,235,234,220,226,219,224,216,200,201,192,194,176,160,182,153
230,227,232,240,238,238,237,235,237,233,231,233,227,222,220,214,220,216,215,202,199,190,180,173,164,201
215,225,246,230,236,237,235,239,235,233,229,231,225,229,223,226,218,215,218,205,207,189,150,160,157,146
225,228,228,235,241,239,235,239,232,234,232,236,229,220,230,226,218,216,209,212,206,196,178,156,145,136
228,238,237,245,243,241,238,242,234,237,234,234,231,218,225,219,225,211,215,215,208,194,171,150,117,117
222,234,235,231,241,240,241,243,238,239,236,230,232,230,224,217,229,211,227,219,208,206,201,147,133,128
226,239,246,230,244,240,240,239,236,239,240,233,227,227,228,212,216,217,215,218,217,202,181,167,116,97
226,239,244,240,243,237,240,238,240,242,237,239,238,232,237,222,222,223,218,222,209,198,182,142,140,91
230,235,239,240,245,241,244,242,243,243,237,238,235,230,235,235,215,228,224,229,208,205,208,182,147,132
239,240,244,250,243,241,246,246,246,245,240,241,241,230,241,231,232,228,229,226,226,210,211,209,151,175
244,241,242,248,242,243,246,248,247,245,243,244,239,243,238,236,240,237,222,231,226,221,210,216,203,185
245,244,243,245,247,248,248,249,247,242,242,242,233,245,242,239,239,236,228,242,225,225,219,213,206,214
244,248,250,250,248,250,248,249,247,242,244,243,242,238,246,238,239,233,242,237,219,221,235,226,224,218
243,246,247,247,247,249,245,248,247,242,244,242,245,243,238,246,234,244,239,227,237,224,232,236,221,234
244,246,245,246,249,251,245,248,246,239,240,236,237,244,245,241,245,240,236,224,228,226,218,230,235,230
245,246,242,245,246,244,243,249,242,230,238,236,227,243,243,242,236,235,223,233,222,224,231,230,232,234
215,223,242,242,242,242,243,231,236,230,236,239,244,232,236,229,235,230,227,224,215,221,226,227,240,236
83,150,223,230,245,226,233,244,240,232,220,232,235,235,221,227,225,207,196,193,191,202,217,212,223,215
106,94,101,176,225,235,232,223,209,222,223,218,219,226,219,208,201,175,162,83,48,41,50,50,79,101
102,134,142,112,148,218,216,213,205,216,222,219,215,204,184,205,157,91,60,68,71,71,74,76,73,52
132,142,150,131,125,117,192,187,187,181,173,189,190,186,179,117,68,79,97,94,99,106,96,97,83,51
115,151,132,126,108,90,89,174,187,146,118,186,189,155,101,57,56,98,100,95,98,95,99,100,108,81
125,137,137,124,117,102,98,66,94,118,131,124,100,62,34,47,72,75,97,93,93,75,104,87,108,97
106,115,130,108,116,93,120,112,93,68,94,94,93,52,69,63,68,69,92,94,69,64,109,92,89,96
124,113,123,74,114,106,100,97,91,99,90,102,118,104,81,98,100,72,80,98,63,96,110,76,94,107
