21,23,28,18,48,144,75,83,92,82,82,64,64,60,56,67,56,15,20,27,93,97,117,100,24,131
21,22,22,39,139,123,61,90,91,96,83,63,56,78,69,62,31,10,25,38,95,118,124,98,41,127
26,21,25,115,135,86,68,77,82,104,85,68,74,65,85,41,11,29,25,104,119,116,135,121,69,126
18,23,48,147,123,58,68,102,73,66,90,69,72,74,40,13,21,33,45,123,131,120,126,124,94,129
79,42,71,154,95,61,88,90,84,94,71,69,71,43,12,21,23,43,126,140,140,139,124,129,97,126
119,54,76,107,100,82,94,85,92,65,68,61,30,6,33,33,36,149,163,146,168,142,144,135,108,129
74,50,52,70,97,100,77,79,59,72,50,17,17,28,27,39,142,170,161,165,152,153,130,140,113,129
33,58,70,107,106,100,77,69,39,17,14,27,29,36,57,138,175,171,181,170,157,176,156,151,113,126
34,78,88,99,99,48,21,11,26,19,33,21,38,101,164,170,175,163,180,187,160,162,138,149,123,128
20,15,21,22,30,20,34,31,28,33,39,104,154,150,175,194,191,185,198,198,192,154,188,162,138,132
50,45,34,23,26,27,28,36,69,124,128,154,162,165,182,195,194,198,204,192,188,170,162,176,139,131
11,21,30,31,44,62,98,112,137,155,174,181,189,182,183,181,198,200,186,178,186,196,177,195,130,125
54,65,99,114,102,144,145,150,163,184,190,195,200,196,181,197,199,181,193,200,206,183,167,186,128,128
130,117,132,144,161,169,171,190,196,194,196,199,206,202,196,206,194,196,204,200,214,200,182,172,128,128
194,194,212,201,194,196,207,204,209,216,210,192,208,210,203,204,218,203,206,199,210,208,170,154,128,128
204,202,211,224,210,217,221,211,224,213,221,221,215,209,208,205,210,217,206,205,200,210,185,139,128,128
229,229,212,230,227,230,217,220,204,222,224,216,219,228,217,214,216,199,211,206,190,198,176,148,128,128
226,235,230,228,223,231,232,227,231,221,221,226,213,214,206,203,218,217,216,200,196,197,188,125,128,128
236,228,234,239,232,233,234,227,226,230,223,213,219,224,216,216,207,194,194,197,205,197,156,112,128,128
231,233,235,240,238,235,226,237,233,228,228,219,222,217,216,219,213,211,182,196,197,192,150,130,128,128
233,234,239,244,231,241,233,235,236,231,229,228,228,223,205,215,217,195,195,196,185,181,141,129,128,128
242,240,239,238,230,238,229,230,225,238,228,223,218,228,219,212,196,207,206,193,183,173,161,127,128,128
232,233,234,234,237,243,235,233,240,229,225,232,220,230,199,204,201,211,186,192,187,161,134,125,128,128
233,236,234,229,231,229,221,217,225,233,228,220,223,214,225,204,197,202,197,174,180,151,120,130,128,128
229,235,234,233,238,237,236,237,234,228,219,218,217,214,211,200,209,196,186,170,140,148,114,129,128,128
227,232,230,235,234,229,225,223,236,215,214,188,185,219,199,213,206,193,181,170,175,139,102,126,128,128
231,229,222,236,232,229,223,218,222,214,221,209,205,173,181,201,188,160,170,165,128,117,126,130,128,128
235,224,209,226,223,229,228,225,221,232,203,211,185,191,185,204,178,154,178,157,145,122,125,131,128,128
224,222,219,215,224,231,223,231,217,229,202,188,195,194,168,172,152,145,166,126,130,125,129,128,128,128
213,214,208,219,210,218,234,218,224,214,203,176,177,191,183,157,160,162,163,169,132,140,126,124,128,128
