185,123,131,117,97,87,89,91,118,86,77,86,79,87,102,91,82,80,79,88,74,91,79,69,84,84
195,149,100,139,114,117,124,104,95,124,99,106,98,100,111,89,105,102,105,118,140,114,107,114,137,106
189,191,167,170,153,122,131,152,156,133,141,147,144,132,92,103,121,133,133,142,138,159,146,148,167,171
196,181,182,173,160,174,156,145,165,144,145,119,158,150,128,149,130,119,128,153,166,145,161,176,162,175
209,192,194,173,160,175,167,129,165,146,148,155,137,148,153,137,154,171,139,143,161,172,154,148,167,158
223,204,182,190,156,158,174,158,168,165,147,149,184,163,154,137,144,141,164,137,149,140,139,141,127,120
216,204,203,190,177,183,184,170,177,167,179,148,166,151,178,172,163,156,129,126,116,144,142,124,113,123
182,207,217,199,198,172,168,171,195,182,184,175,167,186,169,168,167,187,131,161,75,124,109,107,103,146
170,178,193,206,210,182,200,188,177,182,186,191,166,151,196,172,165,141,145,146,131,147,145,135,132,105
168,198,196,189,200,202,208,197,180,185,185,184,172,190,212,173,164,173,172,180,157,140,144,152,157,167
140,176,181,157,183,196,195,206,206,187,183,174,187,202,198,188,205,165,187,177,153,147,181,174,159,137
116,131,170,149,168,183,216,204,200,209,192,209,190,195,206,187,208,198,174,182,187,167,180,177,166,156
95,73,111,116,116,146,178,200,216,219,200,218,207,194,204,209,198,203,184,196,199,199,192,168,181,180
118,83,98,110,127,110,127,164,199,203,214,212,212,220,211,214,207,197,196,203,187,206,199,194,195,185
164,134,147,106,115,100,151,144,194,187,214,226,222,214,217,208,224,207,199,205,185,226,199,213,217,218
187,130,163,158,95,108,101,128,183,203,217,227,220,216,215,239,209,208,200,227,218,209,197,194,197,207
205,203,208,182,125,135,145,90,148,195,209,234,223,239,219,212,218,218,222,222,223,222,212,218,213,217
221,218,219,220,193,204,185,113,109,173,199,220,226,221,237,213,228,228,221,222,232,224,207,208,216,236
246,223,232,223,231,197,209,130,107,150,158,200,208,219,233,220,230,235,211,238,226,186,234,225,224,224
247,244,246,246,242,223,215,164,99,121,163,150,190,201,219,229,228,236,213,234,214,233,232,229,220,217
248,249,250,250,247,227,224,197,96,123,119,159,182,205,211,225,226,224,223,238,225,222,216,221,222,208
252,254,244,249,248,234,223,177,81,118,156,158,181,201,217,228,230,224,215,232,223,226,227,230,231,228
254,248,255,253,245,234,215,145,82,132,146,140,199,182,228,221,215,238,226,243,236,233,231,229,228,224
246,243,242,243,255,229,208,98,100,152,146,158,185,171,199,228,229,228,228,232,234,239,233,225,227,226
219,216,222,235,219,209,142,63,98,168,169,132,183,192,191,210,225,226,234,219,228,244,232,218,224,224
73,131,176,189,156,95,85,75,145,171,172,185,150,170,184,214,211,229,223,211,225,236,232,232,240,230
42,26,21,28,37,54,105,106,130,165,177,176,176,188,178,192,203,217,228,223,230,227,232,236,236,221
32,18,41,55,72,90,131,128,118,176,161,164,165,187,171,187,203,203,226,214,216,223,240,233,227,230
53,60,66,73,104,125,124,148,144,129,159,173,169,182,177,189,188,208,216,216,225,213,219,222,227,227
55,78,89,101,110,125,136,96,112,135,159,147,165,141,174,182,189,179,210,207,209,212,206,195,227,221
