132,117,114,97,138,134,139,149,145,153,147,145,145,148,137,126,140,135,132,127,120,104,93,111,117,108
69,70,105,116,120,135,128,137,141,141,135,139,132,113,114,98,129,124,117,124,84,41,108,106,100,114
75,106,88,82,97,88,126,137,134,130,133,132,120,55,17,116,118,117,58,114,60,109,46,72,122,118
64,88,88,105,56,72,90,95,126,40,109,98,94,113,67,103,98,78,120,106,61,77,68,58,85,106
97,81,110,79,64,68,134,103,89,91,84,70,18,37,100,82,36,60,65,74,78,84,69,67,108,110
113,94,113,72,70,95,114,81,111,85,109,90,80,129,29,52,18,53,41,66,31,107,62,56,71,117
105,92,134,91,104,68,110,92,123,118,101,79,121,125,107,104,103,132,88,71,80,70,73,86,63,118
87,116,53,102,103,88,71,87,122,100,102,90,48,81,106,108,102,75,128,96,89,76,122,126,112,111
54,48,40,89,65,36,87,91,110,107,52,33,32,94,86,109,98,71,77,103,100,94,109,110,87,105
97,43,86,38,10,5,93,36,101,64,55,25,67,28,61,55,20,123,52,107,79,46,63,87,114,92
32,28,77,32,22,6,51,53,20,69,36,49,0,21,51,4,31,85,42,54,46,67,34,55,88,93
41,36,16,69,26,20,46,51,39,56,35,9,51,17,81,30,48,30,71,24,30,55,73,31,62,65
15,52,21,54,52,16,88,56,70,61,46,48,61,35,21,29,25,12,17,66,17,49,12,36,21,35
22,29,41,37,10,25,74,45,61,102,13,64,61,34,44,33,54,52,71,51,37,30,33,85,21,66
46,39,63,68,51,4,44,63,50,34,69,59,71,97,36,100,66,103,110,64,23,37,42,54,19,14
43,43,85,107,25,47,20,30,57,60,89,14,87,84,80,33,104,65,68,55,62,45,67,91,80,28
86,72,43,63,77,50,76,36,48,22,62,60,72,75,95,81,100,32,67,71,106,115,40,25,89,53
88,69,56,31,23,79,23,83,35,12,59,45,73,71,91,107,73,57,46,61,93,69,29,84,9,35
74,93,78,6,16,22,29,49,49,53,19,60,122,101,42,21,61,70,83,118,42,100,63,27,25,2
106,119,69,46,7,45,61,51,59,72,61,106,79,80,59,31,13,39,35,92,95,100,108,62,58,31
106,116,109,98,29,27,74,77,57,77,53,46,41,72,101,100,64,26,50,30,88,104,106,50,82,60
87,112,99,119,57,22,11,75,94,44,31,47,75,54,67,106,23,98,101,85,76,57,95,76,92,96
23,124,106,118,116,55,42,41,72,49,38,48,71,27,26,11,55,36,35,43,53,32,16,76,75,97
13,88,115,122,82,37,38,70,17,25,22,49,51,89,15,34,19,102,22,37,42,31,51,79,19,120
64,32,107,114,113,122,41,38,56,42,28,89,80,95,42,18,9,56,66,68,70,30,27,38,47,90
44,73,77,115,97,117,109,45,8,40,72,53,82,102,95,52,36,52,0,50,64,33,11,18,11,52
31,11,53,124,118,133,121,106,60,85,43,62,59,56,30,84,46,37,17,27,9,126,70,81,18,47
6,4,28,32,134,110,92,100,116,93,100,57,100,81,0,29,51,64,51,43,71,52,89,50,82,86
28,19,58,9,49,100,121,117,108,57,72,43,85,100,94,71,96,57,53,55,83,80,46,10,70,44
42,40,35,19,34,49,108,107,90,86,56,76,66,86,43,53,8,23,25,41,54,22,50,28,20,26
