127,130,128,127,128,107,116,108,105,110,111,113,93,120,96,105,108,128,110,123,125,131,133,123,123,132
126,129,129,129,126,108,110,108,99,100,91,84,95,104,106,97,114,112,125,108,117,129,119,122,126,118
131,127,126,130,129,127,108,109,109,88,103,88,91,108,104,93,95,105,114,107,121,115,128,117,120,110
129,127,127,130,127,131,103,106,97,118,96,97,101,114,93,100,97,116,108,124,109,122,116,115,112,106
125,130,129,128,125,124,102,102,99,99,100,90,93,104,89,102,96,105,111,120,115,122,119,118,124,118
126,131,126,125,132,127,110,102,98,93,84,92,82,90,83,101,102,109,121,124,130,111,117,101,120,117
128,130,126,130,127,126,129,107,104,101,101,87,90,92,77,84,86,106,107,119,115,100,117,114,124,119
128,130,125,130,128,127,128,106,98,91,91,91,94,83,84,106,99,94,98,107,102,107,96,108,116,120
128,129,125,130,129,128,127,108,89,100,88,80,84,79,99,101,85,72,93,100,112,113,100,116,109,127
128,128,126,129,129,129,128,114,86,87,101,74,79,93,81,80,98,95,85,106,101,108,97,114,123,118
127,128,128,128,128,128,128,123,100,92,85,83,83,68,68,67,81,85,85,101,122,109,111,107,122,114
127,129,129,128,128,128,129,129,80,80,78,81,79,78,81,83,77,88,82,99,106,109,108,116,108,93
128,128,129,128,129,129,127,130,69,91,83,96,86,80,83,65,70,82,94,97,115,97,106,112,103,81
128,128,129,128,130,129,126,129,82,74,77,99,90,85,73,84,83,94,87,96,112,89,100,101,104,82
128,128,128,128,128,128,128,128,128,75,90,99,90,90,77,90,73,89,98,100,113,110,105,90,82,83
128,128,128,128,128,128,128,128,132,73,84,81,91,81,83,82,74,89,73,95,99,85,83,81,78,75
128,128,128,128,128,128,128,128,126,75,67,74,89,82,104,86,84,89,96,91,98,86,84,89,71,77
128,128,128,128,128,128,128,128,131,79,82,94,69,89,92,78,92,63,95,96,89,74,81,81,66,85
128,128,128,128,128,128,128,128,125,135,83,110,109,103,79,69,74,98,85,79,84,83,73,69,75,66
128,128,128,128,128,128,128,128,127,128,81,89,83,85,90,89,81,84,84,84,69,66,71,71,72,82
128,128,128,128,128,128,128,128,132,126,82,82,102,93,94,78,80,88,94,74,63,66,72,77,70,86
128,128,128,128,128,128,128,128,128,127,127,90,94,87,81,107,83,97,63,75,65,61,61,71,70,74
128,128,128,128,128,128,128,128,126,128,131,82,90,67,75,78,84,90,76,78,73,66,61,61,67,73
128,128,128,128,128,128,128,128,134,123,124,90,89,85,84,73,75,78,76,68,66,63,59,62,72,74
128,128,128,128,128,128,128,128,123,130,132,131,84,73,79,77,77,71,77,66,66,60,58,68,61,63
128,128,128,128,128,128,128,128,130,130,123,131,73,77,68,77,87,76,78,75,72,60,59,72,68,60
128,128,128,128,128,128,128,128,129,125,134,122,86,93,71,89,90,85,76,80,71,64,66,71,74,69
128,128,128,128,128,128,128,128,131,126,127,128,130,98,87,91,87,90,76,77,67,70,74,68,70,77
128,128,128,128,128,128,128,128,125,132,126,131,131,88,92,98,91,86,78,71,63,67,72,69,72,74
128,128,128,128,128,128,128,128,129,128,131,123,126,131,90,81,97,77,78,67,62,58,63,70,59,62
