1,0,1,0,0,1,0,0,7,9,2,11,10,13,16,26,47,53,59,95,86,113,116,137,131,136
2,1,2,1,1,3,4,4,0,0,5,10,0,9,10,5,16,22,25,48,45,80,123,116,134,141
1,0,0,0,1,0,3,4,3,2,2,5,5,5,5,5,7,10,14,19,26,32,54,82,110,123
1,1,1,1,1,1,1,2,2,1,0,1,2,2,1,1,3,6,8,12,17,23,28,48,73,100
5,3,3,2,1,0,0,2,3,2,2,3,4,4,2,2,3,4,5,7,11,14,25,30,40,66
26,20,17,17,13,7,5,4,4,3,2,2,1,1,4,3,3,5,5,6,9,13,18,23,30,53
61,52,49,49,42,29,24,21,17,14,13,11,8,5,7,6,6,6,6,7,9,12,13,22,24,32
71,64,62,63,56,43,42,37,33,30,28,25,22,20,21,19,17,16,14,11,10,11,20,16,10,21
65,62,62,65,63,58,44,40,36,32,28,24,23,24,29,27,26,26,24,20,17,17,16,21,23,24
32,31,33,38,43,46,46,43,38,32,24,18,17,20,20,21,24,27,28,27,25,25,15,17,19,19
12,11,8,10,25,43,64,123,80,58,51,23,19,21,5,13,13,20,24,30,23,23,20,21,22,22
4,3,0,0,4,9,13,25,83,138,147,123,46,24,19,9,5,5,8,13,20,20,22,22,23,24
0,1,2,3,2,0,3,1,12,6,46,161,142,83,38,15,12,8,6,6,19,16,18,19,21,23
2,2,1,0,0,1,0,0,2,8,3,9,27,66,36,22,18,13,8,5,12,9,15,16,19,21
8,10,5,0,3,12,18,62,2,2,4,7,4,11,19,22,16,13,8,8,7,10,16,17,18,19
14,19,13,4,7,18,33,251,205,9,10,29,21,1,2,13,11,14,12,15,8,12,14,16,18,19
13,13,8,0,0,4,32,51,188,19,12,48,51,44,4,3,4,9,12,14,12,10,12,15,18,20
4,1,1,0,0,1,0,7,6,0,22,51,73,56,25,5,3,4,9,12,22,16,15,18,22,22
12,12,5,5,1,0,3,0,5,9,38,70,82,60,34,18,10,5,0,7,18,18,17,18,19,21
11,15,8,0,7,2,1,12,14,24,58,89,75,40,30,17,13,13,7,7,15,18,22,24,24,23
31,3,13,5,6,4,2,10,15,47,81,92,59,34,22,12,12,14,7,3,9,14,24,28,29,26
100,32,15,13,6,7,21,29,44,71,73,49,21,18,16,9,9,10,5,2,7,12,20,28,31,28
55,55,45,31,26,28,31,25,28,25,22,17,21,19,17,14,12,11,10,11,15,16,18,26,31,29
34,39,36,35,38,26,39,30,33,28,30,30,30,11,19,20,18,16,18,21,22,21,21,26,29,30
43,45,48,49,43,43,36,38,42,40,34,28,27,27,20,20,18,18,21,21,21,23,26,26,26,28
52,54,48,61,49,56,44,48,38,36,34,33,21,23,21,18,15,16,19,17,18,25,29,25,23,25
55,50,53,47,47,42,39,36,32,30,26,22,20,19,18,19,20,21,21,23,24,24,27,27,29,29
48,49,51,41,40,38,33,31,28,26,24,21,18,16,22,22,21,23,28,31,29,25,23,24,28,31
43,42,43,36,34,33,25,26,26,27,28,28,27,26,22,27,31,30,30,32,32,30,34,30,31,31
47,38,36,37,37,32,35,34,34,33,32,32,31,30,26,33,37,34,31,32,33,33,30,29,35,38
