128,126,129,126,126,152,147,165,161,164,162,182,185,195,205,201,211,195,205,208,214,207,210,205,208,214
128,125,129,125,128,146,147,167,160,169,173,168,175,186,202,193,198,198,218,180,217,202,212,203,208,212
127,126,128,124,129,132,147,159,171,170,173,178,180,193,192,195,204,211,213,214,211,210,200,220,206,207
126,126,127,125,129,125,153,157,167,169,161,180,168,199,186,203,196,198,214,205,208,211,217,204,206,204
126,126,127,128,126,127,160,163,161,168,163,163,164,185,191,200,207,197,204,214,212,210,216,206,206,204
128,126,128,130,120,129,159,164,167,179,160,173,165,184,185,190,200,208,205,211,205,206,212,213,207,206
128,128,126,126,127,126,126,171,168,169,171,176,175,174,188,196,191,196,210,215,208,212,206,210,207,207
127,128,127,126,127,127,128,168,170,170,156,176,169,185,182,186,206,197,200,203,214,218,216,209,201,201
126,128,128,126,126,127,129,160,173,167,170,163,175,170,189,186,198,196,206,205,217,208,214,204,202,197
126,128,129,126,127,127,128,146,166,171,176,170,170,168,185,187,200,198,200,200,209,200,209,199,207,198
127,127,128,125,128,127,126,132,168,172,183,176,183,175,189,183,195,198,198,204,202,198,202,196,201,211
128,126,128,126,128,126,126,124,168,173,174,177,175,178,186,184,183,192,196,207,198,198,196,195,197,213
128,125,128,127,128,124,129,124,162,159,172,158,173,160,183,180,191,185,180,190,191,205,198,197,201,195
128,124,128,127,127,124,132,127,158,162,164,173,171,173,178,178,183,181,186,191,189,201,197,202,199,192
127,127,127,127,127,127,127,127,128,165,169,175,166,166,180,186,190,181,195,187,189,197,189,201,197,187
127,127,127,127,127,127,127,127,126,158,165,165,180,181,179,175,182,196,196,194,186,185,189,186,190,192
127,127,127,127,127,127,127,127,128,163,164,164,178,175,179,188,192,191,187,192,196,205,183,166,183,180
127,127,127,127,127,127,127,127,124,155,156,174,180,168,177,190,189,191,193,195,184,192,182,189,181,186
127,127,127,127,127,127,127,127,128,131,147,166,181,176,176,180,189,200,188,203,193,185,175,161,173,166
127,127,127,127,127,127,127,127,132,122,163,158,174,178,172,179,175,188,186,183,175,183,182,180,163,169
127,127,127,127,127,127,127,127,124,127,163,166,173,176,163,176,177,181,196,180,172,184,169,173,166,157
127,127,127,127,127,127,127,127,126,132,126,158,168,176,162,175,172,176,184,183,183,184,179,178,172,159
127,127,127,127,127,127,127,127,126,130,130,157,158,158,155,168,174,157,186,196,184,183,189,175,162,163
127,127,127,127,127,127,127,127,127,126,127,144,153,151,156,166,162,172,186,189,193,182,169,176,168,154
127,127,127,127,127,127,127,127,129,125,128,133,150,145,157,161,164,170,179,184,181,177,168,169,168,167
127,127,127,127,127,127,127,127,129,126,128,129,146,143,153,154,165,158,167,178,168,176,175,163,165,156
127,127,127,127,127,127,127,127,126,128,125,128,138,142,149,150,151,162,161,167,171,176,168,165,167,156
127,127,127,127,127,127,127,127,126,130,123,128,131,140,146,152,150,170,166,162,167,167,163,166,155,170
127,127,127,127,127,127,127,127,127,131,124,128,128,134,143,151,155,167,170,164,159,160,170,163,163,163
127,127,127,127,127,127,127,127,126,130,126,126,127,127,137,145,146,159,166,163,165,165,175,161,145,145
