129,126,130,131,127,127,129,126,114,107,131,143,138,150,156,124,140,145,135,144,147,149,154,158,145,165
130,127,128,128,129,129,126,106,108,125,137,151,147,156,145,133,151,148,156,127,161,156,162,153,153,151
129,128,128,125,129,130,127,95,103,116,131,145,157,154,151,156,151,141,152,140,156,155,148,159,146,131
127,130,130,126,129,127,130,103,119,135,141,166,151,164,157,169,148,116,144,156,149,142,148,153,154,149
128,130,129,127,129,125,127,112,123,137,148,151,152,152,150,146,140,144,140,149,164,156,143,157,151,148
130,129,126,128,131,126,117,116,120,144,147,162,149,147,141,168,140,142,134,151,143,146,147,139,143,145
129,129,126,128,129,129,110,124,146,136,137,150,165,155,149,155,145,144,145,143,156,139,150,139,143,135
125,131,128,127,126,131,110,137,133,137,155,161,148,152,157,145,138,147,131,137,150,153,139,131,141,144
127,131,125,128,129,127,118,133,126,149,151,139,147,160,160,157,135,150,132,139,153,160,159,159,161,165
126,129,130,126,127,121,123,136,144,137,130,162,124,154,150,130,138,156,130,170,164,183,165,169,177,175
127,127,132,125,127,123,132,139,142,156,149,155,154,164,152,132,154,153,141,156,161,158,180,191,182,161
129,127,129,128,130,132,142,140,147,155,165,155,143,134,144,156,145,150,151,178,171,165,183,192,194,174
129,129,125,131,127,137,149,147,154,152,149,161,139,162,146,160,151,147,138,170,154,165,165,167,163,173
127,131,124,131,124,134,150,154,124,151,155,144,159,167,143,158,158,145,152,161,160,159,161,153,169,182
127,131,125,131,129,132,150,153,139,141,151,136,171,149,152,146,146,139,153,157,145,155,160,172,175,147
128,129,125,130,138,134,149,147,119,144,141,143,151,149,152,133,140,135,156,154,136,146,151,174,155,164
129,126,127,130,132,146,136,140,133,119,131,136,142,138,149,127,138,142,148,127,161,139,138,119,140,152
126,128,129,126,145,142,159,132,136,139,114,157,149,161,149,174,148,136,100,129,121,117,126,129,134,144
127,130,131,130,135,151,126,143,135,134,143,152,160,149,115,136,127,94,76,110,147,103,87,116,143,99
125,133,126,128,143,136,134,147,141,119,112,132,147,152,134,123,85,51,65,107,80,90,91,90,74,82
130,129,123,131,128,135,144,123,124,131,148,131,95,132,87,56,41,28,32,47,54,49,69,51,66,54
125,130,124,132,144,134,155,127,117,115,128,134,95,68,33,14,23,23,28,44,39,29,33,49,40,31
131,131,129,128,126,141,106,119,145,113,106,94,41,25,7,27,24,18,15,11,7,31,23,32,24,24
128,127,129,119,139,149,140,124,106,55,46,47,24,13,14,9,9,13,13,13,17,23,28,17,19,12
127,129,130,124,134,146,127,84,42,37,7,18,7,14,7,11,12,8,8,13,5,13,15,12,14,16
128,126,127,127,137,125,110,34,22,12,12,9,7,15,11,9,8,10,13,2,9,3,8,6,4,8
128,130,125,139,135,71,42,27,35,17,21,16,31,22,15,13,10,16,8,5,13,14,3,2,8,8
128,126,131,129,123,88,49,16,10,37,39,40,34,54,27,17,12,22,12,8,0,3,1,16,3,4
130,124,127,134,104,54,24,30,40,68,77,56,42,31,12,12,28,18,15,11,20,10,8,3,6,7
126,134,132,129,119,41,21,21,52,76,130,68,24,22,24,28,25,24,26,27,26,16,10,8,7,8
