3,11,15,2,20,53,32,35,35,30,28,36,31,29,23,22,23,9,10,131,128,128,123,132,128,128
17,4,12,15,34,49,38,43,37,37,28,24,21,29,21,9,17,22,16,24,129,130,128,124,128,128
17,10,26,35,46,46,46,41,35,38,28,19,17,30,25,14,13,11,19,25,126,125,131,132,128,128
22,28,39,49,54,49,50,40,40,42,34,27,17,19,18,21,15,26,17,36,128,132,126,128,128,128
41,46,39,54,61,57,53,48,40,44,37,31,18,12,12,23,18,17,33,32,134,125,131,125,128,128
44,59,51,60,62,61,57,50,41,46,37,29,19,15,13,22,29,30,26,26,25,130,133,127,128,128
50,65,69,72,63,58,60,48,49,53,40,29,18,14,11,21,59,39,26,27,28,129,124,128,128,128
75,65,73,82,71,52,59,51,47,49,38,30,20,13,14,34,42,27,11,19,37,126,131,127,128,128
80,79,74,75,68,70,61,53,47,53,56,33,31,24,34,34,36,17,22,33,33,129,128,127,128,128
99,98,92,84,74,73,67,58,57,54,45,38,34,32,29,29,26,26,24,25,27,33,129,127,128,128
96,97,95,83,73,68,65,57,55,42,45,62,56,32,23,36,22,28,22,22,34,37,126,133,128,128
112,107,105,92,85,76,78,73,61,60,70,61,56,35,34,32,30,27,28,19,18,24,130,121,128,128
129,115,106,93,87,76,78,77,72,68,73,61,60,47,43,27,21,21,26,16,15,17,131,134,128,128
130,116,106,99,93,84,81,78,75,61,61,71,66,53,40,30,20,14,16,10,14,21,127,124,128,128
125,116,106,101,93,89,81,73,80,69,65,63,55,51,42,27,25,13,20,18,16,12,127,132,128,128
140,131,114,101,88,91,83,74,79,59,64,66,68,49,42,26,24,29,24,20,15,18,16,127,128,128
129,118,114,104,100,89,66,69,69,67,61,62,55,45,44,35,33,27,24,17,17,16,19,129,128,128
110,107,99,106,100,87,65,62,69,63,61,67,59,49,48,35,29,24,15,26,23,7,18,127,128,128
110,112,93,100,90,79,61,49,47,57,72,73,59,61,60,32,28,27,19,21,19,21,33,130,128,128
86,91,77,78,74,71,59,40,32,28,51,71,62,58,57,40,41,19,19,19,18,27,28,126,128,128
71,58,44,31,37,42,47,42,29,14,28,52,59,68,67,50,41,25,27,17,12,25,42,130,128,128
56,37,35,28,33,21,22,17,18,17,28,37,51,73,72,53,43,38,22,14,27,37,45,66,128,128
44,33,25,25,25,13,21,13,8,6,18,31,41,45,42,49,42,39,26,19,33,36,62,78,128,128
27,30,14,17,12,9,23,7,6,6,11,15,27,29,24,37,31,29,27,12,39,49,42,19,128,128
7,11,15,14,8,5,9,15,8,6,12,9,17,19,23,27,19,22,17,24,49,36,21,60,128,127
7,7,9,13,15,13,9,7,4,8,12,12,21,16,8,15,24,17,16,46,46,27,21,92,131,129
5,4,5,8,10,11,11,11,13,18,11,8,17,16,5,18,9,16,34,36,28,23,74,115,126,127
5,4,2,3,4,5,8,10,10,15,9,9,13,20,8,12,31,25,36,32,17,45,96,120,126,127
8,4,1,2,4,4,1,0,11,12,11,10,8,23,17,9,16,36,14,25,33,41,131,140,131,130
5,3,3,2,2,2,3,6,14,12,14,9,3,18,20,9,24,29,20,27,27,36,192,150,122,125
