144,142,141,143,138,161,189,220,216,218,211,218,219,221,227,231,235,243,250,252,253,250,242,235,231,231
143,143,143,144,151,159,202,212,221,224,207,216,223,223,227,231,234,242,251,255,255,252,246,239,235,234
144,143,145,150,156,162,195,204,224,225,215,219,225,223,227,231,236,244,252,255,255,253,248,243,240,238
152,149,154,164,169,202,210,216,219,219,223,213,223,223,227,234,239,246,252,254,254,252,249,246,243,241
164,160,156,174,175,189,214,223,220,211,222,221,221,226,229,230,237,248,254,254,255,255,252,247,246,247
162,159,168,167,183,203,216,217,209,215,224,219,222,227,229,231,238,248,254,254,255,254,252,249,248,248
158,169,169,174,181,204,214,219,211,222,224,215,223,226,229,232,239,249,254,254,255,253,252,252,250,248
163,170,172,191,195,207,212,220,217,219,221,219,223,225,228,232,239,248,252,253,255,252,251,252,250,247
177,174,188,187,219,219,216,215,217,213,222,225,224,226,228,233,239,246,251,253,255,252,250,250,249,246
197,197,204,199,211,218,221,217,224,219,225,223,226,227,229,234,239,245,251,254,254,252,250,249,247,246
193,193,200,209,195,213,220,223,228,226,224,219,227,227,229,234,238,242,249,255,251,252,251,249,248,249
201,202,220,207,206,219,217,223,221,221,220,224,226,226,229,232,236,239,247,254,249,252,252,250,250,251
193,200,199,206,210,221,221,220,219,224,220,224,225,228,229,230,237,243,248,253,254,252,251,250,251,251
185,217,199,213,212,220,218,217,214,222,223,227,226,229,230,231,236,240,244,249,253,252,251,252,252,252
184,211,217,213,215,219,219,218,212,220,224,226,224,227,228,231,237,241,244,249,252,252,252,253,254,254
195,210,208,222,218,221,223,225,215,220,222,220,222,225,227,231,237,241,245,250,252,252,252,253,254,255
192,211,212,226,221,224,227,229,219,222,220,216,224,225,226,229,235,238,242,249,252,252,252,252,254,255
180,213,226,220,224,225,225,227,221,224,221,219,222,223,224,228,234,237,242,249,251,252,252,252,253,255
191,223,212,223,223,225,220,222,221,225,221,222,220,222,223,229,235,238,242,249,250,252,252,252,254,255
212,215,221,226,222,225,218,219,222,226,220,222,224,225,226,231,236,237,239,246,249,251,253,253,254,255
201,225,221,225,223,218,222,220,222,225,217,218,216,215,223,225,232,232,240,241,249,249,250,251,254,255
218,224,223,228,223,218,222,223,225,225,218,219,215,214,223,226,233,233,241,241,249,250,251,252,254,255
212,218,224,217,223,218,222,226,226,223,217,221,213,212,220,225,230,232,238,238,248,250,252,253,255,255
211,215,227,220,223,218,219,224,224,219,217,221,215,213,218,223,227,231,236,236,246,249,252,254,255,255
219,217,223,220,221,218,218,222,222,219,220,222,220,217,218,224,226,232,236,237,244,248,252,254,255,255
214,215,218,211,219,221,220,222,224,223,225,221,220,216,215,222,223,231,234,237,242,247,253,255,255,255
202,200,215,216,212,221,220,221,222,222,221,209,213,210,208,217,218,228,231,233,242,248,254,255,254,254
185,181,205,213,204,217,216,215,216,215,210,192,207,205,204,214,216,227,229,232,243,250,255,255,254,253
169,163,180,191,210,206,218,213,217,209,199,196,201,185,199,198,203,222,231,232,245,254,253,255,244,242
148,148,173,172,189,201,214,203,207,201,207,198,189,172,179,177,208,224,231,233,245,248,247,245,236,237
