246,247,249,250,249,250,252,250,251,253,246,235,213,141,93,56,19,5,12,4,5,0,128,131,127,127
243,245,249,250,249,252,252,248,246,245,237,221,174,121,89,36,10,16,24,7,7,0,127,123,127,127
241,243,248,249,248,250,249,244,248,239,237,211,156,105,84,44,8,2,12,15,4,126,129,132,127,127
245,246,249,250,249,248,247,242,240,234,228,181,142,90,69,39,3,8,14,11,5,128,126,123,127,127
251,248,249,251,249,247,246,243,240,237,219,166,130,90,67,26,6,7,7,7,6,126,124,130,127,127
252,247,247,248,247,245,245,244,236,228,202,166,111,80,61,12,0,3,5,0,7,128,127,127,127,127
249,249,248,247,246,246,244,242,232,223,187,141,97,77,54,8,2,3,0,4,128,126,126,129,127,127
249,250,249,248,248,247,244,241,225,204,171,127,99,83,46,9,5,0,4,3,127,127,127,124,127,127
247,248,248,247,247,245,241,236,230,190,154,114,96,70,21,7,4,0,7,9,125,125,128,129,127,127
245,247,247,246,245,243,236,229,215,181,145,107,95,62,14,10,2,8,4,5,125,127,131,123,127,127
247,248,248,247,246,242,233,224,187,171,135,99,88,49,10,0,3,4,11,129,124,128,124,130,127,127
247,249,248,246,244,240,228,217,186,159,118,96,81,25,0,0,2,13,5,124,126,130,126,124,127,127
246,247,246,242,240,235,222,209,183,145,110,98,78,14,2,11,3,7,3,131,126,128,126,130,127,127
246,247,245,241,238,232,219,206,162,135,114,94,67,9,0,2,7,2,6,130,126,128,126,125,127,127
248,243,246,234,238,227,218,192,163,118,106,90,50,8,1,2,13,5,128,131,124,130,127,125,127,127
239,245,244,240,229,225,197,181,150,115,105,84,23,0,0,5,5,10,132,121,128,121,132,128,127,127
238,243,237,239,229,227,188,170,143,109,94,65,5,5,3,0,12,11,125,128,128,130,125,126,127,127
241,239,236,232,228,214,190,160,125,105,93,46,0,0,5,5,4,0,131,131,123,128,123,130,127,127
241,238,238,231,216,189,183,146,123,99,74,16,5,5,7,0,8,130,126,126,127,129,126,125,127,127
242,239,234,232,209,185,171,134,111,95,63,6,3,0,6,11,0,130,122,120,132,122,128,130,127,127
242,237,229,224,208,191,155,128,109,81,30,2,4,6,7,6,5,128,134,127,122,132,129,120,127,127
237,234,232,212,203,184,138,125,100,68,7,6,0,11,6,3,127,124,128,125,130,126,125,129,127,127
234,238,216,216,200,172,140,105,90,54,5,8,1,4,9,5,127,127,127,127,127,127,127,127,127,127
241,226,221,218,181,147,124,100,83,17,4,3,2,1,3,1,127,127,127,127,127,127,127,127,127,127
230,227,215,187,171,146,110,91,59,1,3,9,3,6,6,130,127,127,127,127,127,127,127,127,127,127
232,229,208,177,170,134,94,83,22,6,6,3,2,4,2,128,127,127,127,127,127,127,127,127,127,127
221,206,200,177,140,111,94,55,8,8,12,1,9,12,9,124,127,127,127,127,127,127,127,127,127,127
226,201,187,162,121,105,80,11,12,13,0,4,4,6,126,129,127,127,127,127,127,127,127,127,127,127
198,168,140,126,115,93,43,6,2,0,9,5,12,12,127,126,127,127,127,127,127,127,127,127,127,127
188,180,153,118,101,77,16,4,6,8,0,13,1,129,122,131,127,127,127,127,127,127,127,127,127,127
