129,126,130,129,121,144,143,132,135,142,138,162,149,131,119,137,121,142,147,132,141,140,136,129,131,140
130,124,128,130,124,148,136,126,140,138,119,159,141,136,128,132,125,117,144,142,93,151,135,117,139,113
125,131,125,129,133,132,109,136,134,127,147,116,135,127,136,125,79,138,142,151,143,134,128,129,130,128
127,132,127,127,127,122,108,132,141,125,142,143,136,131,132,129,142,125,139,103,132,102,118,121,141,126
129,126,128,129,125,132,133,128,133,134,126,139,145,131,111,122,130,114,119,133,115,114,122,117,126,114
129,127,126,130,131,127,127,124,130,90,129,107,133,117,122,121,119,133,101,100,125,114,117,122,132,118
128,126,127,130,127,129,130,116,131,129,130,139,127,143,119,119,116,129,120,117,135,105,141,98,109,125
128,128,127,128,126,128,128,110,103,119,99,120,116,123,122,116,74,126,113,128,124,126,124,133,132,117
128,130,128,127,125,129,127,108,126,106,118,118,103,121,114,90,110,111,121,129,107,119,117,108,116,105
127,129,128,128,127,129,129,116,119,111,117,113,119,110,123,117,114,97,134,124,123,112,116,101,106,100
128,128,127,130,129,127,129,126,99,103,105,102,117,110,111,100,125,114,129,117,116,116,121,110,89,108
128,128,126,130,129,124,128,130,113,108,98,124,122,106,111,97,109,125,113,108,132,137,114,109,107,102
127,129,126,128,129,125,128,128,82,104,111,89,93,116,120,123,120,114,119,118,116,113,115,106,108,92
125,130,126,127,129,128,129,127,107,90,93,106,111,88,120,104,118,106,119,128,123,102,101,110,96,113
128,128,128,128,128,128,128,128,128,117,121,92,109,120,116,113,113,108,124,123,111,107,102,104,97,105
128,128,128,128,128,128,128,128,126,115,100,99,130,115,112,120,112,117,112,121,103,108,96,95,113,105
128,128,128,128,128,128,128,128,129,98,98,112,116,92,114,123,97,131,114,117,125,104,90,85,126,113
128,128,128,128,128,128,128,128,132,91,103,85,119,118,135,108,97,104,118,98,98,102,88,93,119,111
128,128,128,128,128,128,128,128,124,127,101,103,116,111,78,118,100,128,104,99,94,98,90,98,95,102
128,128,128,128,128,128,128,128,134,129,114,93,98,96,93,88,106,116,112,115,103,104,98,84,95,96
128,128,128,128,128,128,128,128,124,128,108,78,103,103,94,114,86,110,95,99,110,89,93,82,89,99
128,128,128,128,128,128,128,128,130,127,130,85,86,93,77,107,99,116,108,109,101,94,74,81,86,97
128,128,128,128,128,128,128,128,128,130,127,101,113,110,126,76,115,122,103,89,113,96,56,63,84,79
128,128,128,128,128,128,128,128,125,133,127,120,121,102,109,133,124,114,119,102,112,83,76,80,76,80
128,128,128,128,128,128,128,128,128,126,127,131,107,111,113,132,106,135,113,106,108,95,85,70,67,77
128,128,128,128,128,128,128,128,130,126,133,124,83,109,123,106,120,124,119,108,81,66,81,57,69,64
128,128,128,128,128,128,128,128,134,122,124,130,116,104,109,107,123,112,106,106,91,93,87,81,69,64
128,128,128,128,128,128,128,128,122,131,131,123,131,122,118,107,96,115,93,112,82,76,78,83,73,71
128,128,128,128,128,128,128,128,132,125,127,132,127,112,107,124,100,116,83,93,110,72,86,99,64,70
128,128,128,128,128,128,128,128,127,130,128,127,128,133,94,93,116,108,121,111,93,101,102,87,81,76
