62,79,91,111,133,149,149,160,161,148,147,142,164,153,141,145,128,126,95,112,102,75,90,76,58,32
57,79,75,98,129,128,129,126,141,141,136,160,153,139,154,124,127,114,100,102,83,71,52,70,54,47
43,64,56,76,93,97,139,138,149,138,147,139,145,142,154,138,127,129,114,62,85,70,44,47,57,34
20,44,67,79,107,113,98,124,155,148,123,143,105,143,124,111,119,100,98,75,77,66,35,54,35,41
30,33,40,51,94,96,128,117,125,137,123,117,114,96,133,112,111,99,89,92,79,57,52,55,38,48
43,37,43,73,68,72,84,88,126,129,101,144,113,115,82,112,91,68,95,79,78,54,45,49,64,36
28,30,50,63,76,67,82,100,89,107,135,105,118,102,129,107,102,91,83,66,82,66,61,76,64,56
44,51,62,57,77,92,93,107,130,127,133,110,99,109,125,107,113,106,87,92,82,83,62,77,63,53
52,51,52,61,71,108,116,125,130,136,131,138,124,107,135,128,121,109,94,83,104,109,57,90,75,103
58,61,59,64,68,91,112,115,133,126,154,120,121,122,105,131,125,142,131,117,117,135,95,100,132,105
63,67,73,74,78,89,120,133,147,136,128,148,134,130,134,121,151,143,164,139,134,137,155,128,134,113
60,63,70,73,84,82,118,130,155,171,162,130,168,164,153,167,157,191,185,198,149,182,167,144,124,87
57,61,68,73,84,92,142,150,161,174,192,179,153,155,160,201,200,202,205,221,209,204,158,148,94,66
54,59,65,70,77,92,131,150,172,170,172,177,195,208,205,214,216,219,236,230,217,212,161,115,68,61
52,55,57,62,62,101,138,162,184,191,193,211,206,195,214,215,231,223,229,231,225,193,150,86,66,50
55,55,53,59,73,95,116,143,162,183,193,206,215,214,221,215,230,231,238,225,231,176,98,93,48,49
59,56,52,60,67,81,108,142,163,178,195,208,210,217,199,230,223,230,231,227,190,162,94,66,59,32
61,54,50,59,57,82,111,136,162,171,188,201,214,214,219,213,222,234,238,229,187,146,81,74,55,42
55,52,51,54,57,76,101,136,145,155,172,187,206,216,209,220,226,223,227,211,170,147,89,63,50,42
62,63,48,58,64,80,90,114,141,141,170,175,201,209,206,225,222,234,225,208,167,141,91,72,58,49
65,60,43,50,60,74,96,119,150,148,169,183,197,202,224,227,224,226,227,208,189,119,95,61,57,56
67,56,54,51,66,74,92,128,148,155,184,207,204,200,221,223,230,227,232,199,163,133,86,74,62,59
64,56,58,55,68,83,107,153,167,173,201,202,203,210,215,231,225,228,232,204,175,128,100,73,70,71
57,55,48,56,80,94,147,167,180,198,205,208,204,223,229,239,230,221,231,215,169,163,105,88,66,64
58,57,54,62,75,102,163,184,195,211,196,209,213,225,231,238,250,236,232,215,188,153,135,101,80,78
66,57,65,62,89,131,138,188,199,203,208,220,204,223,226,245,251,251,227,224,217,179,161,118,84,78
62,70,66,66,111,156,186,197,191,211,195,212,218,223,223,237,255,253,241,234,216,191,156,146,117,108
63,65,58,93,116,173,192,199,201,207,208,206,214,222,236,249,250,251,251,236,239,211,195,155,150,128
72,70,69,106,130,173,201,182,185,195,198,212,213,228,244,252,249,252,255,240,228,208,204,186,170,159
79,72,89,107,129,176,196,203,212,203,213,215,218,237,241,243,252,255,251,245,231,215,205,188,210,157
