117,118,130,144,178,191,235,244,244,246,247,249,250,251,253,253,251,252,251,246,236,210,159,177,163,149
127,128,135,160,181,191,227,246,247,243,244,255,250,251,254,254,252,253,251,247,249,213,199,171,182,178
128,141,154,172,184,213,238,245,243,251,251,246,251,251,253,254,253,253,252,247,238,225,202,198,203,189
128,151,166,195,181,211,230,244,244,249,248,248,252,250,252,253,253,253,252,248,243,254,217,226,211,195
144,161,159,189,205,222,239,246,247,248,250,250,251,253,254,254,253,253,250,248,248,244,231,235,226,216
156,168,193,191,208,219,231,241,247,250,250,248,251,253,254,254,253,253,251,249,244,243,230,230,223,219
162,194,159,200,214,223,236,244,247,247,249,251,251,253,254,254,253,253,251,249,247,245,234,234,227,224
177,168,190,202,217,225,238,246,248,247,249,253,251,253,254,254,253,253,251,248,250,245,239,243,232,224
187,179,207,213,216,221,231,242,249,251,250,250,252,254,255,254,253,252,250,248,247,243,242,245,234,227
187,197,195,215,220,227,237,245,249,251,251,251,253,254,255,253,253,252,250,248,246,246,246,245,238,238
183,196,207,217,227,237,247,250,248,248,251,253,252,253,254,253,253,252,251,249,248,248,249,245,240,245
193,210,205,221,230,238,244,245,247,251,251,249,251,252,253,253,253,253,252,250,249,245,246,245,239,241
209,198,222,235,234,238,244,247,248,248,250,253,252,252,253,254,254,253,251,251,250,245,250,247,242,244
199,206,211,232,237,241,245,248,249,250,251,253,252,253,253,254,254,253,252,251,252,247,248,247,240,241
212,228,219,237,241,243,246,248,249,250,251,252,252,253,253,254,254,253,252,251,250,248,248,252,245,243
213,228,232,244,244,245,246,248,249,250,251,251,252,253,253,254,254,254,253,252,253,251,249,249,246,241
220,224,238,245,246,246,247,248,250,251,251,250,252,253,253,254,254,254,253,253,255,251,250,244,249,245
230,231,239,245,248,248,249,250,251,251,251,251,252,253,253,254,255,254,254,254,252,252,254,247,252,246
220,231,239,246,247,248,249,250,251,251,251,251,252,253,253,254,255,255,255,254,253,255,255,251,247,239
228,242,248,246,245,247,249,250,250,250,250,250,252,253,253,254,255,255,255,255,253,255,252,254,248,249
240,237,246,248,245,247,249,251,251,250,250,250,251,252,253,254,255,255,255,255,255,253,252,252,249,244
244,248,245,246,246,248,250,251,251,250,250,250,251,252,253,254,255,255,255,255,255,255,255,255,251,246
243,245,247,245,248,249,250,251,251,250,250,250,251,252,253,254,254,254,254,254,252,252,253,252,249,245
243,241,246,248,249,250,250,250,250,251,251,251,251,252,253,253,254,254,254,254,254,254,254,253,251,248
248,247,244,250,249,249,249,250,250,251,251,251,251,252,252,253,254,254,255,255,255,255,253,252,251,249
246,247,248,248,248,248,248,249,250,251,251,251,251,251,252,252,253,254,255,255,255,254,252,249,247,247
240,242,252,246,248,248,248,249,250,250,249,249,249,250,250,251,252,253,254,255,255,255,255,250,246,245
241,245,248,247,248,248,248,249,250,250,248,247,248,249,249,250,252,253,254,254,252,254,253,246,240,238
236,239,240,245,243,252,246,247,251,243,248,246,246,250,244,251,248,252,253,253,253,250,250,246,227,222
233,242,246,246,249,239,245,247,243,248,249,242,243,235,251,244,254,250,244,252,252,250,232,218,205,199
