121,124,137,132,146,154,161,151,163,170,165,158,163,167,168,158,161,158,154,132,141,133,128,119,124,108
106,119,126,139,140,143,156,152,158,172,166,151,161,160,154,161,153,145,147,146,141,128,121,116,120,116
101,102,120,126,134,140,149,149,158,168,159,157,165,160,160,162,145,153,141,137,123,127,121,100,101,117
98,98,108,115,130,137,144,143,149,157,155,154,154,149,148,154,140,145,139,139,125,125,125,103,102,108
95,95,96,107,124,137,143,146,151,154,155,152,148,145,143,154,141,139,136,135,136,127,119,111,106,100
94,96,93,107,113,127,129,136,143,144,149,144,151,150,142,151,142,137,136,132,133,130,109,116,110,106
95,99,97,110,120,127,124,129,138,144,151,148,152,149,137,139,137,138,140,134,121,137,119,122,124,121
100,102,104,111,120,127,127,131,140,146,149,147,149,147,138,138,141,143,141,134,128,137,131,128,139,127
108,107,113,113,123,132,143,147,153,156,153,154,153,148,145,144,150,152,146,145,144,139,142,136,143,140
114,111,120,115,118,129,145,147,149,153,151,158,162,150,147,144,152,157,155,164,156,158,165,153,149,175
119,119,123,123,123,123,136,141,149,158,157,163,155,148,145,152,150,172,189,196,198,174,197,200,182,181
118,121,126,125,133,131,139,155,171,169,169,166,168,152,161,157,167,193,213,231,228,222,227,215,208,179
114,120,126,126,128,141,142,144,162,180,198,189,192,161,177,165,188,210,222,237,235,228,221,231,180,164
111,116,123,126,129,138,141,156,170,185,199,202,197,171,191,185,210,224,228,238,243,238,232,226,181,149
112,114,119,125,133,134,143,167,181,203,200,207,200,194,211,214,225,229,237,248,243,241,235,218,180,142
113,113,115,121,128,132,143,158,172,202,204,214,214,217,221,227,229,230,239,248,246,243,228,210,172,144
113,114,113,118,126,125,140,160,175,183,196,213,217,219,219,223,231,234,242,248,247,244,227,187,180,135
115,117,115,117,121,127,138,149,178,188,214,213,217,222,228,226,233,233,240,248,249,231,227,212,176,147
120,120,117,116,121,130,137,145,175,196,200,218,215,223,228,228,229,233,237,243,241,230,223,188,177,145
122,123,118,113,117,126,138,150,167,179,190,210,211,220,225,227,230,234,239,245,237,234,223,194,164,145
130,131,123,113,116,126,137,149,158,171,194,207,207,215,221,224,228,231,235,240,235,230,220,198,160,143
131,131,122,114,119,130,137,143,148,168,191,186,210,217,223,227,231,234,237,241,241,227,222,205,172,149
130,127,120,117,121,131,137,146,154,175,194,184,208,215,220,226,233,236,238,242,238,228,222,205,172,153
126,122,117,118,125,131,137,148,165,186,204,208,209,214,218,224,231,233,234,238,232,235,223,206,167,160
120,118,116,116,130,135,138,147,172,195,205,217,218,220,223,228,234,235,235,238,237,239,229,216,185,173
123,126,124,122,124,136,143,151,188,216,213,219,218,220,223,228,235,237,237,240,240,230,227,219,207,176
122,126,127,127,135,140,143,162,203,220,214,223,224,224,226,229,235,244,249,246,241,236,228,223,220,207
126,128,132,138,131,136,153,162,204,221,215,219,223,223,225,227,233,243,250,250,244,239,232,226,224,215
131,128,132,141,140,140,157,185,217,221,215,219,221,222,225,228,232,243,251,252,247,243,236,230,228,224
138,134,134,140,137,148,161,211,221,219,215,223,218,220,226,230,234,243,251,252,250,246,239,232,230,229
