179,177,161,169,169,180,153,154,148,151,150,169,169,168,166,178,175,177,194,185,175,165,183,168,166,156
184,187,184,176,158,160,161,141,141,167,167,168,176,167,178,173,163,169,177,184,193,183,171,160,166,157
176,179,160,163,169,158,173,155,181,158,169,148,167,164,159,164,164,173,182,169,176,170,168,173,160,166
181,190,174,171,176,188,181,175,190,177,180,175,171,188,180,183,166,170,174,156,178,169,174,192,190,173
189,174,163,158,160,167,175,164,167,171,172,193,179,173,173,189,181,190,174,176,184,178,184,171,173,170
197,193,188,182,173,161,179,172,178,165,181,182,174,188,185,182,178,198,198,187,190,174,192,184,180,173
176,178,183,177,183,181,168,177,172,179,191,179,177,166,157,174,190,175,193,193,174,192,194,185,196,191
182,187,177,189,185,169,166,173,176,172,169,192,169,171,194,177,188,175,199,208,202,195,179,193,194,184
183,181,193,186,157,173,184,167,160,167,165,181,186,171,180,181,180,170,189,193,199,181,199,189,193,187
195,190,180,197,184,171,187,172,179,158,159,167,187,169,175,165,180,183,182,192,171,197,190,180,189,191
197,203,184,194,194,171,174,183,187,177,172,186,170,191,195,187,186,179,196,184,180,200,185,198,193,174
195,202,178,202,184,202,200,194,178,191,186,199,175,167,195,184,180,195,196,185,190,189,191,196,186,187
198,196,196,186,203,204,201,187,204,188,176,177,192,167,183,190,194,200,195,189,196,185,199,184,191,190
197,198,194,186,205,198,202,194,213,177,176,192,195,194,195,196,203,199,191,194,179,185,166,200,192,204
200,200,202,193,203,208,201,192,199,202,198,187,182,202,170,186,199,184,202,191,191,194,184,183,200,198
189,200,196,210,191,190,189,189,189,197,195,176,188,177,184,200,201,189,183,197,198,196,194,195,192,205
197,199,198,203,195,204,184,199,175,196,198,192,200,192,183,203,202,197,197,201,186,192,188,189,195,185
205,207,206,201,202,192,190,191,189,195,198,193,191,196,201,187,199,208,188,189,187,183,205,204,196,188
196,184,190,190,199,177,166,193,194,192,192,198,177,164,196,187,198,206,204,195,174,194,176,175,175,204
185,200,196,205,179,197,193,166,159,176,201,192,195,186,183,202,193,191,193,199,177,173,171,179,165,173
181,184,205,179,204,191,185,185,168,180,168,186,200,185,185,198,185,179,201,196,184,194,159,205,193,179
179,185,203,188,189,191,181,195,201,161,189,184,190,193,196,188,197,183,169,184,186,161,183,163,192,182
195,194,202,187,191,181,177,184,187,185,185,197,189,183,197,207,185,201,167,174,168,194,163,186,153,179
165,171,179,186,182,199,179,200,184,160,180,187,194,172,205,184,179,188,184,160,182,177,156,152,164,162
169,186,191,186,201,155,180,151,142,180,188,180,184,184,186,183,191,196,199,173,151,148,170,161,127,144
160,175,158,177,194,174,181,165,153,169,183,173,180,178,180,183,200,189,184,159,173,151,154,106,128,104
136,159,148,175,150,164,156,174,172,164,185,161,151,156,185,177,199,184,171,166,146,161,139,104,119,120
89,134,141,147,157,155,172,156,162,154,168,158,190,153,153,163,167,164,169,98,165,142,123,69,76,102
95,95,113,162,150,180,174,195,154,166,168,166,179,146,146,178,166,176,159,126,133,130,113,101,52,65
89,98,107,128,107,125,145,155,146,157,168,172,164,173,151,177,135,158,139,90,63,115,80,74,59,44
