186,203,188,211,216,217,217,189,201,131,95,67,49,127,126,130,128,128,128,128,128,128,128,128,128,128
139,143,139,160,204,210,145,195,99,88,85,63,39,126,134,124,128,128,128,128,128,128,128,128,128,128
112,103,109,107,164,87,154,110,84,84,63,51,130,131,125,128,128,128,128,128,128,128,128,128,128,128
90,103,110,96,96,94,88,73,66,64,59,46,126,127,127,132,128,128,128,128,128,128,128,128,128,128
86,90,98,86,80,93,72,59,56,53,41,130,132,127,124,126,128,128,128,128,128,128,128,128,128,128
75,76,75,56,80,62,63,49,41,43,43,123,128,130,132,126,128,128,128,128,128,128,128,128,128,128
51,53,63,49,61,55,43,41,46,28,130,128,125,128,126,132,128,128,128,128,128,128,128,128,128,128
43,46,38,41,41,36,35,33,27,25,125,130,127,128,130,125,128,128,128,128,128,128,128,128,128,128
41,32,36,38,31,31,30,27,21,18,127,129,127,131,126,128,128,128,128,128,128,128,128,128,128,128
29,33,33,24,29,23,20,36,26,130,128,130,128,127,128,131,128,128,128,128,128,128,128,128,128,128
42,23,17,27,21,20,30,23,28,133,124,127,131,125,128,130,128,128,128,128,128,128,128,128,128,128
18,27,31,16,32,22,37,28,131,125,132,123,127,132,129,126,128,128,128,128,128,128,128,128,128,128
33,36,29,38,39,25,24,42,128,123,133,135,124,129,125,130,128,128,128,128,128,128,128,128,128,128
26,27,44,46,37,31,45,126,128,130,122,127,130,131,128,128,128,128,128,128,128,128,128,128,128,128
30,37,40,35,43,20,135,125,129,126,133,128,130,124,127,130,128,128,128,128,128,128,128,128,128,128
29,25,34,33,42,44,122,132,127,128,129,127,128,130,129,127,128,128,128,128,128,128,128,128,128,128
30,23,37,33,38,128,131,128,128,128,128,128,128,128,128,128,128,128,128,128,128,128,128,128,128,128
16,27,30,26,37,131,126,128,128,128,128,128,128,128,128,128,128,128,128,128,128,128,128,128,128,128
22,14,19,25,128,129,127,128,128,128,128,128,128,128,128,128,128,128,128,128,128,128,128,128,128,128
26,38,33,37,122,135,126,130,128,128,128,128,128,128,128,128,128,128,128,128,128,128,128,128,128,128
39,23,34,129,134,123,131,128,128,128,128,128,128,128,128,128,128,128,128,128,128,128,128,128,128,128
37,30,131,125,129,129,123,128,128,128,128,128,128,128,128,128,128,128,128,128,128,128,128,128,128,128
39,27,129,129,128,125,137,128,128,128,128,128,128,128,128,128,128,128,128,128,128,128,128,128,128,128
35,126,130,127,130,126,127,127,128,128,128,128,128,128,128,128,128,128,128,128,128,128,128,128,128,128
128,128,128,128,128,128,128,128,128,128,128,128,128,128,128,128,128,128,128,128,128,128,128,128,128,128
128,128,128,128,128,128,128,128,128,128,128,128,128,128,128,128,128,128,128,128,128,128,128,128,128,128
128,128,128,128,128,128,128,128,128,128,128,128,128,128,128,128,128,128,128,128,128,128,128,128,128,128
128,128,128,128,128,128,128,128,128,128,128,128,128,128,128,128,128,128,128,128,128,128,128,128,128,128
128,128,128,128,128,128,128,128,128,128,128,128,128,128,128,128,128,128,128,128,128,128,128,128,128,128
128,128,128,128,128,128,128,128,128,128,128,128,128,128,128,128,128,128,128,128,128,128,128,128,128,128
