151,169,81,135,175,172,160,170,169,173,178,178,177,181,206,218,200,210,198,197,182,179,196,182,180,181
152,115,89,155,172,154,169,182,178,191,182,197,194,208,208,213,219,215,206,192,190,173,190,186,180,189
138,69,117,172,185,186,175,181,183,184,177,200,199,198,217,209,219,214,200,211,193,190,195,196,193,189
57,118,161,173,178,202,183,187,194,195,196,205,217,205,205,208,211,208,219,216,221,209,191,201,184,159
107,193,183,191,184,185,181,178,174,194,209,207,210,215,211,210,202,215,226,215,217,221,202,200,175,190
181,180,178,197,193,194,190,194,202,201,212,205,214,222,219,210,196,219,220,233,226,222,204,211,199,198
193,192,198,219,195,196,182,184,218,206,214,220,221,229,213,235,224,222,223,210,224,231,219,208,216,210
207,197,195,203,211,189,200,183,216,215,201,211,229,217,215,222,200,220,233,220,218,220,232,214,217,207
203,207,208,206,186,186,200,207,206,222,217,219,214,208,226,230,221,222,222,223,231,216,224,222,212,217
206,199,204,207,207,205,213,209,210,218,222,227,222,217,223,231,228,213,224,221,225,227,228,222,229,222
210,214,226,227,223,224,228,222,226,220,225,230,224,229,231,224,229,221,231,220,227,219,225,223,222,219
234,221,219,228,229,231,228,226,231,223,227,231,233,223,229,230,238,231,226,237,232,232,227,221,227,226
225,232,231,222,228,233,229,237,240,237,230,230,226,232,232,228,233,245,233,235,237,236,233,233,231,234
235,232,233,225,231,232,229,237,238,242,233,233,232,232,219,239,239,234,230,238,238,228,232,239,225,236
222,228,235,224,235,228,228,222,222,233,235,241,232,235,225,236,237,237,237,235,237,243,231,230,237,242
232,229,232,234,228,224,242,234,233,237,237,239,240,226,230,236,241,240,235,245,243,244,234,235,237,240
236,233,226,239,234,233,230,234,238,238,236,231,242,239,241,243,240,237,239,241,235,227,239,240,241,240
232,228,229,240,237,234,233,234,237,239,238,237,241,240,241,242,241,243,244,241,237,236,247,242,241,239
231,235,238,235,237,231,234,230,232,238,235,239,239,239,240,240,240,244,245,239,244,241,240,232,239,246
240,233,235,240,237,229,234,228,230,237,232,238,239,239,240,240,240,242,242,238,240,236,228,220,232,241
236,232,235,239,240,232,237,232,235,242,235,239,241,239,242,245,243,241,242,242,239,244,242,238,241,239
231,233,237,234,240,235,238,237,240,245,239,240,241,239,243,247,244,241,242,244,232,238,239,240,241,238
238,228,232,234,233,233,235,237,240,241,240,239,240,239,242,245,243,242,242,240,234,238,237,238,238,242
229,233,241,223,226,230,231,235,237,237,239,238,242,242,244,243,242,243,242,235,232,241,242,237,228,232
219,233,229,237,227,227,235,217,223,230,243,238,230,242,239,243,243,244,237,244,236,230,234,224,217,227
211,217,220,220,230,234,225,226,218,224,236,240,235,234,229,241,227,244,240,239,228,236,222,220,212,213
196,217,206,224,198,218,240,239,233,225,232,237,222,234,236,243,236,245,234,238,229,229,212,197,194,181
184,187,207,213,213,227,242,224,230,234,238,233,225,234,237,232,239,237,231,231,234,212,212,190,157,155
148,152,176,202,201,223,228,222,216,232,219,213,233,222,226,226,231,229,231,206,190,217,204,173,137,141
139,151,175,176,195,227,215,224,220,216,234,230,228,226,220,230,231,224,225,202,171,167,179,181,137,100
