117,138,146,150,167,166,174,172,198,169,187,185,195,127,128,127,128,128,128,128,128,128,128,128,128,128
116,139,155,157,168,173,195,214,172,170,181,198,184,133,125,132,128,128,128,128,128,128,128,128,128,128
130,135,145,149,162,165,169,178,201,202,187,201,129,126,126,128,128,128,128,128,128,128,128,128,128,128
139,140,149,150,160,170,172,183,182,176,178,188,126,127,132,131,128,128,128,128,128,128,128,128,128,128
132,136,145,148,156,172,174,182,185,179,178,129,134,128,131,118,128,128,128,128,128,128,128,128,128,128
144,142,142,148,158,173,168,163,169,182,181,126,125,124,130,129,128,128,128,128,128,128,128,128,128,128
139,141,138,148,151,164,174,178,180,162,129,133,126,130,125,130,128,128,128,128,128,128,128,128,128,128
133,138,139,156,156,162,172,176,159,170,126,126,128,128,127,128,128,128,128,128,128,128,128,128,128,128
120,126,146,150,157,167,173,166,171,175,125,129,133,127,127,128,128,128,128,128,128,128,128,128,128,128
123,142,137,139,164,156,159,165,174,134,126,123,129,126,129,128,128,128,128,128,128,128,128,128,128,128
66,142,149,153,146,148,175,162,172,121,134,128,128,128,128,127,128,128,128,128,128,128,128,128,128,128
80,76,143,152,161,156,165,166,137,127,128,130,126,129,128,129,128,128,128,128,128,128,128,128,128,128
42,64,120,146,149,178,165,172,120,133,125,130,125,128,127,129,128,128,128,128,128,128,128,128,128,128
41,62,86,140,145,154,166,125,133,129,131,131,127,128,129,128,128,128,128,128,128,128,128,128,128,128
27,69,80,114,143,159,126,134,130,120,127,127,128,128,132,130,128,128,128,128,128,128,128,128,128,128
26,55,114,129,148,149,129,126,126,133,128,129,129,126,129,126,128,128,128,128,128,128,128,128,128,128
22,42,77,140,162,122,131,129,128,128,128,128,128,128,128,128,128,128,128,128,128,128,128,128,128,128
27,34,65,122,152,133,125,128,128,128,128,128,128,128,128,128,128,128,128,128,128,128,128,128,128,128
27,31,58,117,128,131,129,128,128,128,128,128,128,128,128,128,128,128,128,128,128,128,128,128,128,128
30,32,76,112,124,124,128,129,128,128,128,128,128,128,128,128,128,128,128,128,128,128,128,128,128,128
20,33,40,128,134,129,124,130,128,128,128,128,128,128,128,128,128,128,128,128,128,128,128,128,128,128
25,32,130,127,123,133,125,127,128,128,128,128,128,128,128,128,128,128,128,128,128,128,128,128,128,128
36,39,123,130,127,130,125,130,128,128,128,128,128,128,128,128,128,128,128,128,128,128,128,128,128,128
34,122,132,131,126,125,128,127,128,128,128,128,128,128,128,128,128,128,128,128,128,128,128,128,128,128
128,128,128,128,128,128,128,128,128,128,128,128,128,128,128,128,128,128,128,128,128,128,128,128,128,128
128,128,128,128,128,128,128,128,128,128,128,128,128,128,128,128,128,128,128,128,128,128,128,128,128,128
128,128,128,128,128,128,128,128,128,128,128,128,128,128,128,128,128,128,128,128,128,128,128,128,128,128
128,128,128,128,128,128,128,128,128,128,128,128,128,128,128,128,128,128,128,128,128,128,128,128,128,128
128,128,128,128,128,128,128,128,128,128,128,128,128,128,128,128,128,128,128,128,128,128,128,128,128,128
128,128,128,128,128,128,128,128,128,128,128,128,128,128,128,128,128,128,128,128,128,128,128,128,128,128
