137,145,159,160,169,175,168,179,187,195,194,195,198,183,181,198,194,189,190,183,182,192,196,202,199,199
144,153,161,169,177,176,175,180,186,196,196,193,191,178,177,181,182,187,191,196,190,208,201,200,193,195
147,150,166,174,171,182,191,197,203,209,205,201,205,203,202,181,187,197,190,212,200,189,201,190,188,185
149,156,159,172,176,180,188,196,203,205,202,201,206,208,208,202,193,180,181,199,194,196,193,201,154,149
151,156,172,177,171,191,192,198,202,203,208,213,209,203,206,199,203,198,188,177,183,180,137,173,152,188
158,170,175,182,187,192,196,200,202,199,207,216,211,207,198,200,194,187,187,150,156,187,176,151,192,179
164,169,185,189,191,198,202,205,209,206,212,218,211,214,207,194,194,199,207,185,155,133,175,198,214,217
170,172,183,191,201,198,204,204,209,211,220,218,200,197,184,184,171,135,140,180,193,197,217,225,220,217
175,168,184,198,193,209,212,208,217,217,217,215,197,186,195,200,210,221,226,223,218,214,214,223,224,226
180,178,194,209,205,215,225,219,218,218,223,228,227,227,217,220,223,225,226,227,225,221,217,226,229,227
185,184,197,212,211,217,220,220,215,217,222,224,228,231,224,229,231,230,232,237,236,231,223,229,235,231
193,195,201,212,215,217,219,229,227,231,233,230,232,229,231,233,234,233,233,235,234,232,229,231,239,236
204,210,210,217,220,221,217,230,228,229,231,233,239,235,237,234,232,232,232,232,235,239,234,232,240,240
209,212,211,216,224,227,229,234,234,232,230,237,246,241,238,235,235,239,239,238,240,245,237,235,239,242
208,210,214,219,227,230,236,231,238,238,232,237,241,237,243,243,244,245,243,240,238,239,238,239,238,241
209,217,227,230,232,231,241,227,240,246,239,243,245,243,242,243,242,240,240,242,244,245,238,242,237,239
214,218,221,224,233,229,233,239,244,240,245,244,245,244,245,242,246,244,244,243,236,242,242,241,244,247
215,219,215,225,235,238,233,238,244,242,248,247,249,248,247,244,246,242,242,242,238,246,239,240,242,242
207,218,218,228,220,213,234,238,244,242,247,246,248,246,247,245,245,242,241,239,237,244,241,241,242,239
211,217,217,226,230,233,233,235,242,241,245,245,249,246,246,246,245,244,244,239,235,238,242,240,240,238
204,199,206,211,218,220,224,224,232,234,239,240,247,244,247,247,244,246,248,242,238,238,241,236,236,239
188,189,213,221,223,216,222,220,228,230,234,236,244,240,243,243,239,242,244,240,240,240,241,234,234,239
183,177,188,198,210,217,222,217,224,226,227,229,238,234,234,237,231,235,236,231,235,238,237,233,234,237
170,164,169,185,197,211,206,200,207,209,211,214,224,220,228,233,229,232,231,225,231,234,229,230,233,234
154,174,172,171,174,174,168,185,181,199,203,198,216,208,207,222,228,234,225,231,232,226,224,233,233,238
120,131,132,126,150,149,167,164,177,168,172,179,187,203,203,217,212,216,216,214,211,220,227,230,227,229
101,112,118,117,122,141,125,110,130,131,145,157,174,177,192,202,208,211,201,203,211,212,221,222,224,225
67,76,78,100,88,99,103,100,108,104,113,117,137,151,161,177,195,200,191,200,207,190,204,208,216,216
65,77,66,68,69,64,84,82,77,72,99,111,104,127,143,147,151,170,186,180,182,193,198,201,207,208
57,65,66,65,65,64,63,67,65,66,66,71,83,90,101,118,128,136,153,161,173,178,188,189,190,191
