60,48,35,41,26,26,51,35,33,46,55,55,63,72,89,105,89,89,94,94,74,66,85,94,114,127
61,76,60,60,60,46,54,46,43,37,56,62,58,70,78,90,92,86,84,98,69,73,95,97,108,126
74,79,60,61,65,49,48,56,45,46,54,62,49,68,67,61,84,106,103,95,77,80,95,99,98,133
101,101,82,85,90,77,75,77,67,51,61,79,36,65,71,62,76,98,101,103,84,84,92,93,91,127
111,112,102,104,100,86,85,85,81,61,82,86,63,55,60,61,65,85,94,110,92,89,90,88,91,128
123,120,111,107,97,88,93,95,93,66,82,97,66,58,58,72,64,80,90,114,96,91,89,87,92,130
121,114,109,110,105,102,102,98,100,89,88,89,74,63,44,67,65,75,82,105,91,80,79,82,86,127
104,102,103,105,104,103,102,100,99,75,94,89,70,69,62,57,72,80,85,104,97,81,83,92,84,126
106,105,103,98,96,99,102,107,105,94,84,86,63,69,37,54,64,75,82,95,96,73,76,88,86,129
109,108,108,106,108,105,95,90,84,73,73,83,83,71,35,65,70,83,91,99,103,73,74,86,85,128
118,118,116,110,105,93,117,110,99,72,75,94,85,72,50,67,62,86,87,105,91,80,81,89,98,131
103,112,105,116,119,119,96,108,113,103,81,83,78,79,60,74,66,97,75,98,103,85,44,70,94,129
40,60,83,111,123,115,129,95,87,76,84,80,92,83,64,69,68,79,67,85,100,81,50,63,89,127
22,34,41,62,70,100,114,113,89,51,64,87,87,91,59,71,74,85,72,94,87,84,68,70,84,127
65,63,55,46,38,36,71,113,100,51,56,69,93,84,70,70,64,85,78,72,99,65,64,66,81,127
79,103,90,92,55,14,31,66,70,73,55,73,88,90,70,70,70,91,72,71,102,74,61,75,78,128
89,115,122,125,110,60,14,35,50,70,68,66,83,84,70,76,86,83,78,59,98,76,65,69,75,128
110,139,138,213,128,98,38,41,37,37,54,60,68,91,62,81,85,86,82,60,96,98,69,74,73,127
120,137,174,250,138,111,72,81,54,54,58,61,83,90,71,75,94,85,67,75,93,95,60,74,73,129
141,134,223,215,122,91,75,70,60,66,69,71,80,76,61,84,80,77,79,87,90,103,82,79,72,129
122,124,110,107,104,105,97,76,66,80,85,73,67,87,80,75,77,76,77,72,69,96,92,85,71,128
124,107,112,111,107,117,118,86,82,91,83,80,86,92,78,88,75,82,80,72,75,97,92,86,71,128
127,118,114,114,123,144,109,106,103,91,94,103,90,85,86,92,77,81,83,82,81,95,97,95,72,128
123,136,132,130,138,126,118,99,101,111,109,96,94,94,92,89,85,77,83,82,67,80,102,101,73,129
126,141,138,143,118,126,118,114,112,105,110,101,94,93,100,83,84,80,88,85,68,77,96,90,74,130
129,128,127,122,127,125,123,115,114,109,112,98,97,87,95,82,78,87,86,76,74,80,87,81,75,131
125,133,126,134,134,118,116,113,116,119,117,107,102,106,101,88,83,90,84,66,71,67,83,94,84,125
129,134,130,135,133,120,119,121,124,119,115,111,107,105,101,93,80,92,86,77,69,74,75,88,90,129
126,129,129,130,127,119,118,124,120,121,118,111,108,111,103,87,85,87,91,71,72,71,79,93,93,130
132,132,136,134,132,129,126,130,125,128,125,115,113,119,111,91,79,76,96,78,84,70,75,87,89,128
