33,25,24,33,29,31,21,14,17,17,6,5,12,10,23,31,26,27,27,41,54,50,55,74,93,104
30,30,21,17,8,24,38,10,6,15,9,4,10,10,14,15,22,26,14,13,34,32,48,51,72,84
26,30,17,12,14,18,9,0,9,0,0,6,1,3,2,11,9,17,7,13,32,31,45,48,57,70
28,26,23,11,14,10,8,2,12,13,11,12,4,13,9,7,12,17,20,11,34,39,34,48,62,59
40,36,36,30,39,38,37,29,22,27,27,32,22,29,24,18,19,22,34,22,38,39,42,41,53,57
64,73,65,63,64,65,73,67,51,44,46,52,46,44,45,46,38,40,49,51,50,40,44,46,52,55
84,91,80,74,71,69,68,68,67,58,60,60,62,61,60,67,63,63,71,78,73,61,55,56,55,64
88,83,79,65,66,62,56,48,55,51,53,50,51,51,57,61,71,73,82,85,90,87,84,75,64,78
79,76,70,50,50,48,57,39,46,41,35,38,30,25,43,43,54,65,69,79,87,93,93,98,87,85
60,63,44,31,34,44,38,30,45,42,28,44,34,28,33,32,33,54,48,76,78,84,88,97,99,98
49,43,40,34,28,35,26,30,44,41,43,39,40,36,39,35,38,44,47,53,65,73,70,89,94,91
23,26,30,26,18,17,23,20,25,24,27,33,44,50,48,42,38,39,43,52,61,63,75,89,91,89
16,17,22,21,11,6,7,7,8,12,14,31,40,40,45,45,46,46,48,55,61,60,69,80,86,89
25,23,31,34,30,25,13,21,15,14,11,39,48,37,32,38,49,55,55,56,61,63,68,75,82,89
34,38,48,48,40,30,30,40,28,23,13,51,78,78,44,39,42,50,54,56,60,63,76,79,82,86
44,52,60,52,32,8,37,45,36,33,14,41,76,88,85,60,42,43,51,57,63,65,74,78,83,88
54,55,60,54,31,0,2,13,16,29,23,52,93,104,110,84,59,49,48,56,66,73,71,78,86,92
68,53,52,51,33,0,0,6,8,22,29,69,115,119,105,92,76,59,45,49,66,79,81,86,91,92
77,55,69,60,38,7,0,14,24,22,47,84,114,118,114,97,80,70,63,53,65,62,78,93,95,100
110,70,51,58,28,8,2,14,29,42,76,107,122,114,110,86,78,68,75,57,68,69,85,90,102,107
178,101,83,47,34,21,27,33,48,67,101,121,125,114,108,85,76,61,71,60,69,78,74,75,104,113
178,158,114,85,53,60,61,68,85,99,115,113,107,97,86,70,57,50,61,67,54,51,64,69,100,109
146,148,142,116,102,94,94,95,103,103,103,90,85,82,66,71,72,61,56,60,58,71,79,85,99,101
109,113,110,114,112,99,100,94,90,81,80,73,77,79,88,78,76,68,77,76,83,90,94,99,100,101
98,97,84,90,93,91,82,79,80,76,79,75,76,73,77,75,78,79,82,79,88,87,97,100,101,104
105,109,103,91,93,102,81,81,83,79,82,79,79,75,73,80,76,83,78,90,98,92,100,100,103,102
119,117,109,101,93,93,81,81,85,76,79,75,73,75,78,78,86,89,88,96,103,97,99,110,107,107
119,117,108,103,95,90,91,83,84,81,80,78,80,88,87,92,101,104,102,105,108,104,106,108,104,104
124,122,113,111,103,94,97,89,89,89,83,89,93,98,107,110,110,107,108,111,114,117,117,120,124,123
126,121,112,112,107,97,92,93,99,101,95,112,114,111,112,118,116,114,120,119,114,116,116,124,133,134
