159,157,161,156,153,162,165,187,172,177,184,172,186,183,181,188,191,190,198,197,196,179,188,211,207,206
152,143,155,162,162,138,158,172,157,155,167,172,179,182,194,182,198,190,203,202,204,195,201,214,205,203
156,174,137,158,171,166,150,171,157,167,177,186,186,168,181,174,187,181,196,194,200,199,205,211,202,204
165,166,145,151,143,144,155,179,152,161,146,176,156,183,172,183,191,186,200,200,203,201,203,205,201,206
166,174,156,163,155,172,134,177,159,156,157,155,171,184,177,190,185,193,195,202,207,203,204,207,208,212
170,157,162,162,161,162,175,177,172,163,172,165,176,167,174,183,204,196,184,197,205,206,209,212,214,215
158,150,156,147,141,146,165,160,175,169,174,174,175,171,161,196,184,188,195,205,209,211,214,213,213,213
157,153,152,172,166,142,170,147,171,171,177,169,172,176,190,190,189,199,201,205,204,207,212,212,214,215
164,145,167,159,148,161,165,176,160,176,165,176,184,175,193,197,192,199,208,208,211,212,211,213,215,213
153,153,164,177,168,164,155,180,143,152,150,173,186,184,193,198,194,198,207,207,211,214,213,214,215,214
160,161,163,144,144,166,159,155,161,151,158,171,175,183,195,201,198,194,206,208,212,215,216,216,216,216
158,177,158,182,146,174,145,179,163,157,166,175,179,185,190,184,195,199,207,210,213,215,217,216,216,219
157,170,164,156,158,154,155,161,157,186,174,184,189,186,190,181,195,198,209,212,213,214,217,216,216,221
189,165,170,164,169,177,165,172,166,174,182,193,193,183,192,194,201,199,210,213,213,213,217,214,214,221
161,171,157,166,130,148,146,161,163,167,173,190,192,189,188,195,193,207,207,212,211,213,217,213,212,220
157,171,153,142,147,158,160,164,178,158,164,174,174,193,194,199,176,196,205,211,210,212,217,213,210,219
169,166,140,150,156,152,156,151,161,176,161,146,183,169,191,185,187,195,193,188,194,213,213,213,206,214
172,157,161,164,168,153,144,144,148,138,162,165,167,168,177,158,181,192,194,181,195,203,209,197,207,204
168,165,155,147,147,136,168,138,138,148,148,153,164,173,173,149,167,181,188,175,193,175,199,198,192,204
128,154,148,154,142,142,134,148,155,172,156,142,138,167,123,144,157,170,172,170,155,140,163,189,196,199
144,139,140,156,146,152,138,158,146,145,137,144,125,134,136,124,123,128,157,139,145,120,124,182,159,116
150,147,145,136,127,132,149,137,128,138,135,120,116,122,110,118,111,104,112,93,101,104,100,108,119,106
133,136,131,122,127,138,118,119,120,118,123,102,111,97,100,105,100,102,98,90,95,79,98,112,101,81
118,127,129,119,114,108,108,107,106,97,107,111,86,91,81,85,86,98,87,73,74,76,73,68,75,70
127,120,123,122,109,96,95,96,96,97,97,86,79,76,70,65,68,72,70,56,61,57,54,65,63,59
116,118,104,103,98,91,89,86,80,76,76,68,63,62,56,50,47,46,51,47,44,43,44,46,49,49
111,108,107,98,88,81,77,77,77,74,60,54,52,51,47,42,36,30,32,31,38,32,34,37,26,38
108,99,89,79,73,70,63,60,57,49,44,41,39,37,35,34,32,27,23,33,28,30,29,23,28,24
89,83,78,71,69,68,60,52,43,33,31,29,28,26,24,26,28,25,28,23,31,21,14,24,22,19
77,65,69,63,57,50,42,36,32,27,23,22,22,21,19,20,21,19,21,25,22,25,16,16,29,11
