128,128,128,128,128,128,128,128,127,131,126,127,131,126,43,31,45,43,29,7,15,16,26,7,7,16
128,128,128,128,128,128,128,128,128,127,129,130,131,123,44,60,41,48,14,43,11,0,8,0,11,0
128,128,128,128,128,128,128,128,130,132,122,126,126,129,132,24,27,26,26,16,10,16,0,16,0,5
128,128,128,128,128,128,128,128,124,128,133,127,133,124,129,31,38,13,40,19,9,0,2,1,9,5
128,128,128,128,128,128,128,128,131,126,130,125,128,131,124,133,22,18,18,11,0,8,5,0,3,8
128,128,128,128,128,128,128,128,130,129,127,127,125,128,130,124,7,47,10,14,5,6,8,11,1,10
128,128,128,128,128,128,128,128,128,127,132,123,132,129,130,130,128,39,9,1,10,15,2,9,3,8
128,128,128,128,128,128,128,128,128,128,124,134,126,126,129,127,131,14,10,6,27,17,9,12,12,6
128,128,128,128,128,128,128,128,128,128,128,128,128,128,128,128,127,16,28,22,31,8,10,0,29,5
128,128,128,128,128,128,128,128,128,128,128,128,128,128,128,128,127,132,18,16,10,0,9,9,26,7
128,128,128,128,128,128,128,128,128,128,128,128,128,128,128,128,127,127,9,7,51,25,4,9,15,21
128,128,128,128,128,128,128,128,128,128,128,128,128,128,128,128,128,127,133,6,42,10,10,8,12,13
128,128,128,128,128,128,128,128,128,128,128,128,128,128,128,128,132,125,126,40,29,11,5,13,11,24
128,128,128,128,128,128,128,128,128,128,128,128,128,128,128,128,124,128,127,130,42,8,21,14,24,19
128,128,128,128,128,128,128,128,128,128,128,128,128,128,128,128,129,131,128,125,122,11,14,17,16,10
128,128,128,128,128,128,128,128,128,128,128,128,128,128,128,128,129,122,133,130,126,10,23,16,26,1
128,128,128,128,128,128,128,128,128,128,128,128,128,128,128,128,128,131,129,126,129,126,37,23,15,18
128,128,128,128,128,128,128,128,128,128,128,128,128,128,128,128,128,129,123,131,127,132,22,17,29,9
128,128,128,128,128,128,128,128,128,128,128,128,128,128,128,128,128,129,127,127,129,127,128,18,19,13
128,128,128,128,128,128,128,128,128,128,128,128,128,128,128,128,127,128,130,129,128,125,131,48,7,2
128,128,128,128,128,128,128,128,128,128,128,128,128,128,128,128,129,127,129,126,123,137,122,132,5,14
128,128,128,128,128,128,128,128,128,128,128,128,128,128,128,128,126,125,133,128,127,128,130,126,128,32
128,128,128,128,128,128,128,128,128,128,128,128,128,128,128,128,134,128,124,125,126,133,124,132,128,39
128,128,128,128,128,128,128,128,128,128,128,128,128,128,128,128,124,127,128,132,123,129,130,125,130,124
128,128,128,128,128,128,128,128,128,128,128,128,128,128,128,128,128,128,128,128,128,128,128,128,128,129
128,128,128,128,128,128,128,128,128,128,128,128,128,128,128,128,128,128,128,128,128,128,128,128,127,129
128,128,128,128,128,128,128,128,128,128,128,128,128,128,128,128,128,128,128,128,128,128,128,128,127,123
128,128,128,128,128,128,128,128,128,128,128,128,128,128,128,128,128,128,128,128,128,128,128,128,134,127
128,128,128,128,128,128,128,128,128,128,128,128,128,128,128,128,128,128,128,128,128,128,128,128,126,124
128,128,128,128,128,128,128,128,128,128,128,128,128,128,128,128,128,128,128,128,128,128,128,128,126,131
