57,55,49,39,44,43,41,50,46,47,41,33,39,35,28,28,26,22,24,26,24,27,40,35,31,42
52,52,44,41,38,37,37,37,27,34,34,26,32,29,31,34,40,37,39,40,32,39,35,53,44,51
51,52,41,36,39,36,33,28,27,29,26,19,20,26,30,34,34,40,38,43,42,44,71,59,60,59
41,40,35,32,31,27,31,25,20,23,27,27,23,21,23,24,28,30,34,36,39,41,51,53,62,56
35,31,28,25,22,20,18,20,20,18,15,16,17,18,19,19,25,23,31,30,38,39,39,53,44,58
30,26,24,21,20,22,20,17,14,13,16,18,17,16,19,21,25,25,29,29,35,37,45,40,48,48
13,13,13,11,10,13,10,6,4,6,7,6,8,12,16,20,22,26,25,29,29,32,32,34,51,50
21,24,24,22,19,18,13,14,16,15,8,3,7,15,11,15,16,24,22,28,26,28,28,40,36,47
22,24,20,17,17,17,18,15,11,11,11,9,5,1,7,9,13,18,22,25,26,26,30,26,33,37
10,12,3,0,8,12,10,14,16,13,10,10,8,4,5,5,11,12,21,21,25,23,21,30,29,29
4,0,1,0,0,3,2,0,7,11,8,11,10,6,8,5,6,8,14,19,20,28,28,25,27,30
2,1,3,2,2,1,1,0,2,2,6,10,9,14,8,6,5,3,10,19,20,25,24,25,29,29
4,4,2,0,3,0,4,3,1,0,1,2,0,6,7,8,8,2,5,14,17,23,24,27,31,30
6,6,7,6,8,6,4,2,3,2,4,8,4,4,5,9,12,6,5,9,13,23,27,28,31,32
13,12,17,10,3,3,9,1,5,3,2,16,18,4,4,4,8,8,8,8,10,21,28,28,30,31
18,11,15,5,0,0,24,11,12,7,11,42,49,25,11,4,3,5,11,12,10,19,28,30,33,31
13,7,9,3,2,3,4,0,0,0,18,64,72,45,28,17,10,5,8,11,11,19,28,32,36,34
14,11,7,1,1,0,0,3,3,1,34,85,88,58,43,35,23,8,3,6,11,21,27,30,35,34
14,12,7,9,0,2,2,2,1,5,85,105,113,109,52,34,20,15,8,4,11,20,24,37,37,31
6,16,8,0,5,2,4,0,9,46,104,101,86,77,81,40,9,9,14,11,10,13,21,32,37,38
70,12,7,4,0,0,3,9,36,73,89,79,57,42,20,15,13,12,5,3,11,19,24,27,29,35
112,80,28,9,8,12,22,32,39,37,21,17,11,4,7,5,5,6,9,17,21,18,20,29,39,36
21,11,9,18,3,5,0,5,7,6,9,10,17,25,21,16,17,19,15,15,23,31,25,32,44,36
3,13,14,14,13,13,13,17,18,14,24,15,11,15,16,12,13,17,20,24,26,25,36,33,37,35
21,22,20,19,22,9,11,16,15,8,13,14,17,19,13,15,15,14,16,27,33,30,34,42,43,41
30,16,24,26,22,18,19,15,14,17,16,16,15,14,16,12,16,24,28,30,34,38,40,52,42,41
29,21,21,25,25,24,19,22,17,16,13,19,16,14,19,20,28,30,34,41,43,43,55,53,43,46
33,27,27,28,25,22,22,21,17,22,19,20,20,25,30,25,33,39,38,36,51,53,53,51,59,53
37,33,32,29,24,22,21,21,21,27,22,24,25,32,33,36,36,39,46,49,61,57,55,63,71,66
36,33,32,29,25,25,26,32,32,33,29,36,36,36,40,49,45,49,54,60,64,82,61,65,82,97
