207,180,177,177,175,177,177,174,163,162,156,155,155,153,159,151,163,149,144,123,120,126,127,113,73,52
194,195,187,187,183,175,172,169,156,154,152,151,155,160,151,163,174,160,150,153,131,117,116,100,82,71
179,185,178,188,183,178,177,171,161,157,159,154,159,161,178,169,159,166,164,165,138,126,106,99,99,81
194,188,189,192,175,169,165,160,155,155,159,155,161,159,169,182,179,164,154,157,154,141,118,99,90,73
163,188,181,174,170,171,151,157,161,166,157,161,175,182,179,180,182,173,173,169,165,157,133,116,105,88
186,179,190,186,177,165,167,166,159,167,153,165,171,171,178,185,189,175,174,184,173,162,154,135,122,113
177,183,187,175,176,162,165,166,167,161,166,170,170,181,187,184,190,163,176,188,179,172,163,171,160,133
184,179,167,173,171,167,175,166,150,157,170,171,180,185,178,175,183,184,175,181,183,161,169,163,156,133
179,177,170,176,167,158,160,156,156,164,173,177,177,186,182,190,183,187,179,179,173,169,166,150,158,148
176,169,169,160,165,156,158,177,165,177,173,168,186,181,193,189,188,181,171,178,167,170,158,145,151,150
175,172,166,146,164,151,164,170,170,175,171,179,180,182,186,193,188,171,182,177,161,163,143,150,151,145
163,163,152,148,174,158,163,168,157,178,175,175,186,183,183,173,178,173,166,157,170,133,141,149,145,151
169,172,163,156,170,147,176,169,167,175,168,182,182,191,192,184,181,173,172,160,173,140,153,146,136,149
170,164,159,141,162,150,156,159,161,175,173,190,186,181,189,175,178,167,167,163,164,144,145,154,154,142
170,161,158,164,147,154,155,157,166,157,175,172,177,176,180,172,175,176,165,169,163,155,161,157,155,135
153,161,147,153,153,169,156,163,161,175,166,168,163,154,166,171,167,170,167,177,172,182,164,157,155,159
157,144,152,148,155,143,154,161,160,155,173,172,157,172,168,171,173,177,182,183,172,173,170,169,163,161
149,150,146,146,147,158,140,146,137,156,152,156,160,158,174,168,183,184,182,178,175,162,176,164,158,164
147,154,149,138,138,144,148,131,149,144,148,151,158,157,174,177,181,186,163,175,172,174,178,183,170,153
153,141,133,112,140,130,142,151,134,150,142,153,156,163,168,172,190,169,186,172,177,170,177,192,158,110
157,162,123,105,133,146,144,141,155,155,152,157,159,157,161,174,175,182,183,192,166,154,150,130,102,84
156,133,113,116,141,139,121,137,137,128,151,145,149,160,181,175,187,172,174,170,160,129,106,81,86,81
155,118,102,109,114,125,128,144,131,127,149,157,164,182,184,176,177,179,171,131,103,96,77,84,82,77
123,116,111,105,125,117,119,135,129,125,143,149,162,180,187,171,159,133,105,89,88,74,80,83,80,77
125,112,107,122,132,126,121,132,132,128,141,144,157,167,156,138,107,81,79,63,53,56,62,62,62,61
139,110,95,122,115,120,113,118,119,115,122,117,124,121,96,68,54,47,41,29,40,51,46,52,60,60
133,124,109,116,117,117,105,107,107,99,90,77,75,64,44,32,29,25,25,26,39,43,31,35,38,34
124,120,108,108,112,104,100,104,98,82,54,34,27,19,5,11,11,10,28,28,26,30,34,36,36,35
139,122,108,109,101,92,89,93,77,60,24,9,2,0,7,3,20,28,27,30,53,62,56,65,70,78
135,128,118,106,96,89,89,91,69,55,24,19,14,17,10,14,22,28,45,53,72,89,97,104,101,101
