102,89,128,149,148,135,133,121,102,113,113,139,131,111,107,103,98,96,85,69,73,74,79,78,89,77
138,132,154,165,153,133,128,117,120,116,131,128,122,101,105,103,121,116,130,128,107,108,110,94,87,103
120,133,151,163,159,142,118,115,109,134,139,132,118,99,102,103,130,126,134,128,129,125,115,109,123,151
107,125,143,154,154,141,149,118,114,128,133,131,122,107,104,107,112,108,109,127,131,138,130,138,157,168
145,140,123,129,145,158,149,138,112,111,122,120,113,96,93,102,115,118,108,128,142,139,145,158,157,189
146,141,134,126,143,141,149,135,121,113,103,101,93,97,111,100,111,121,120,138,138,142,151,165,160,186
147,146,133,136,151,169,160,154,123,117,106,92,97,103,105,114,128,131,134,145,142,160,168,168,176,201
140,144,140,138,143,155,162,143,136,125,103,117,96,117,129,124,122,138,146,159,168,178,176,200,185,194
145,143,158,159,184,155,121,152,123,137,127,130,133,132,140,146,146,154,154,162,156,193,174,185,191,211
151,158,150,164,177,121,139,133,133,132,143,132,128,136,148,152,152,160,172,166,182,185,186,196,202,212
156,154,155,164,162,158,159,138,140,145,129,135,145,144,147,153,163,164,186,172,189,192,204,197,207,202
157,166,155,155,176,149,144,146,130,140,162,146,152,149,154,162,168,166,200,204,192,200,198,203,224,197
166,162,167,166,190,170,170,156,162,157,156,175,157,161,164,166,182,215,227,217,191,202,204,206,199,202
185,174,172,182,184,185,183,174,190,174,183,173,166,167,173,171,169,197,183,182,202,214,215,222,205,210
182,184,169,187,177,174,176,166,173,174,181,187,160,163,139,131,130,126,114,115,126,142,163,197,211,214
203,158,138,126,120,139,127,112,118,129,127,129,113,116,111,105,101,95,99,103,97,101,110,125,130,152
142,129,94,104,105,106,107,98,104,109,123,102,84,95,109,108,106,99,104,91,102,95,97,97,87,96
110,107,108,116,97,116,97,89,104,101,99,96,90,99,109,107,101,96,107,108,103,96,97,96,89,83
114,108,109,113,98,138,92,94,89,111,92,109,111,95,75,85,95,97,97,102,97,94,84,78,77,74
104,108,105,120,114,125,80,91,91,110,95,114,98,105,92,88,81,84,86,94,96,96,82,77,74,69
106,81,102,98,118,110,79,82,116,96,77,106,96,104,98,84,69,71,81,80,80,81,76,86,76,72
103,104,89,100,95,83,84,94,108,87,77,90,93,84,91,88,68,52,70,75,72,69,64,76,55,56
106,85,86,87,72,73,85,95,65,79,74,70,78,82,94,80,54,56,65,61,60,56,61,65,54,47
77,76,61,78,67,62,57,52,42,49,57,52,58,48,44,46,22,27,39,46,46,54,45,43,48,47
60,61,67,64,73,51,54,49,49,45,42,61,55,54,37,45,53,53,65,86,98,79,73,61,51,63
93,109,116,117,118,122,109,103,91,98,117,127,111,106,122,135,136,130,155,140,148,154,160,124,110,111
152,151,146,156,160,149,166,168,149,153,155,177,157,163,184,191,189,181,204,189,198,206,214,170,160,158
178,168,176,181,186,192,200,196,187,188,199,185,179,204,203,210,215,209,213,232,174,227,214,225,176,202
170,213,199,191,198,192,204,211,209,203,179,172,176,188,200,215,203,202,201,206,210,218,221,213,189,190
155,190,188,217,192,193,177,187,183,187,157,153,164,171,184,187,184,187,188,189,179,205,211,200,200,172
