144,141,140,140,134,144,149,145,147,158,162,150,152,158,140,156,143,143,154,160,165,149,168,166,170,172
158,144,140,131,131,139,155,152,145,151,156,169,154,156,159,151,159,164,169,165,157,173,165,167,164,167
143,146,135,158,150,160,158,163,159,149,153,155,137,156,154,157,155,163,169,164,164,165,171,167,173,185
152,147,143,143,138,138,142,147,156,151,146,163,159,156,163,161,162,169,170,165,165,169,167,181,176,180
134,127,137,139,149,154,149,160,159,154,160,154,150,155,149,167,160,172,168,159,182,179,176,183,179,177
156,155,137,129,141,163,145,168,152,163,156,162,151,166,171,173,186,172,165,176,172,175,189,176,184,187
154,150,151,132,141,147,158,145,175,147,158,158,183,142,162,158,162,172,174,175,179,176,177,187,180,179
141,155,149,151,148,154,158,153,165,166,162,155,147,164,159,173,174,174,173,180,187,167,175,192,177,178
152,145,149,134,159,171,155,155,162,160,166,158,157,168,174,170,174,180,194,171,176,192,197,185,183,184
154,151,159,177,160,161,165,151,157,175,165,161,183,168,167,161,180,176,172,171,193,193,186,185,181,188
151,154,157,150,162,171,172,159,170,174,168,171,164,173,165,188,188,185,199,202,176,182,190,191,169,183
165,171,158,169,155,160,161,182,175,181,186,177,171,189,175,170,186,186,176,188,183,178,179,180,181,181
167,156,169,164,179,173,161,177,181,188,180,179,183,187,177,173,182,165,182,177,171,174,171,197,187,188
158,174,174,163,185,185,190,185,201,197,184,192,188,189,191,189,185,178,185,191,173,165,182,182,190,184
190,173,186,194,192,190,189,193,190,197,195,184,192,186,190,190,178,171,161,178,185,189,198,192,194,194
196,197,197,200,195,204,193,183,196,198,194,183,183,185,184,178,179,161,183,172,189,187,185,192,196,189
196,194,199,210,200,193,201,200,206,200,195,199,193,190,190,177,186,182,164,170,171,194,194,190,190,190
206,211,211,203,204,202,202,199,207,208,207,206,200,202,201,180,168,167,175,170,186,175,184,189,181,182
203,199,210,198,203,207,211,208,211,211,209,207,202,203,207,194,176,168,167,161,187,171,172,163,171,175
187,208,189,197,198,196,205,210,212,208,209,212,209,206,200,189,184,185,176,192,189,177,173,159,142,164
147,111,130,128,139,117,137,153,168,184,199,205,206,205,210,201,199,197,177,195,176,172,176,165,157,173
72,88,73,59,55,54,77,80,81,98,117,126,144,164,157,164,172,172,158,156,160,165,170,158,168,155
40,44,41,32,30,48,35,38,36,50,57,47,53,69,72,82,102,124,142,136,149,155,135,159,156,157
36,31,32,28,23,20,23,31,27,35,39,28,33,44,43,39,46,58,74,68,75,91,104,139,137,136
36,33,31,32,30,21,24,34,29,26,36,33,28,36,37,27,23,26,46,50,52,48,56,79,89,98
63,55,45,42,42,37,38,33,26,23,28,28,26,26,30,35,36,35,31,31,37,49,57,56,58,77
97,86,71,67,66,64,49,35,27,24,21,24,29,27,24,26,23,31,31,36,31,35,43,50,54,64
86,80,69,70,68,65,65,58,55,49,36,26,23,21,22,25,23,29,32,35,34,38,40,43,47,56
76,72,62,66,62,59,55,57,56,53,51,46,47,53,32,32,32,27,29,26,32,38,48,52,52,50
65,65,53,58,55,55,53,53,46,41,43,42,42,47,38,35,35,31,39,34,35,35,31,42,51,49
