187,201,215,221,223,224,236,236,238,240,243,246,249,250,251,252,255,253,255,254,255,252,128,125,128,128
190,200,212,221,221,223,235,237,239,241,244,247,249,251,251,252,249,252,255,253,251,255,135,126,128,128
199,202,214,222,223,227,230,237,240,242,244,247,249,250,250,250,237,252,254,255,255,127,126,127,128,128
196,203,213,221,226,231,229,240,241,242,244,246,248,249,249,248,235,252,253,254,250,130,131,129,128,128
184,205,209,219,227,232,233,240,241,242,244,247,249,250,250,249,247,254,254,255,255,126,128,125,128,128
178,213,208,219,227,230,236,237,242,243,245,248,251,252,252,251,253,254,250,255,254,126,132,128,128,128
197,207,214,225,225,234,235,238,244,245,246,248,250,251,252,252,253,255,255,249,129,130,127,128,128,128
196,206,213,223,224,233,235,239,242,243,245,247,250,251,252,253,252,255,252,255,129,127,128,131,128,128
201,209,216,225,227,234,237,240,242,243,245,247,249,251,252,252,254,255,252,253,130,128,129,125,128,128
209,214,220,226,230,235,238,241,244,245,247,248,249,250,250,251,255,249,255,255,128,127,126,131,128,128
213,215,221,225,230,233,237,240,245,246,248,249,250,250,251,252,252,255,251,125,130,128,131,125,128,128
216,216,222,225,232,234,239,241,244,246,249,250,250,251,252,254,252,252,255,127,129,127,128,132,128,128
221,219,225,226,235,235,241,243,245,247,249,250,251,251,252,254,255,253,255,124,129,128,129,125,128,128
224,222,226,227,235,234,240,242,246,248,250,251,250,250,251,252,254,253,252,131,129,125,130,128,128,128
223,226,229,232,234,238,242,245,247,248,250,251,251,251,252,253,254,255,128,126,131,123,125,129,128,128
225,228,230,233,235,238,241,244,247,248,250,251,251,251,252,253,251,249,127,133,125,135,127,131,128,128
229,231,233,235,236,239,242,244,246,248,249,251,251,252,252,253,254,252,132,124,126,128,129,122,128,128
232,233,235,236,238,240,243,246,246,248,250,251,251,252,253,253,251,255,126,127,131,123,132,132,128,128
232,233,234,236,238,241,245,247,247,248,250,251,252,252,253,253,255,126,125,127,130,126,126,125,128,128
231,232,233,235,238,242,245,247,248,249,251,252,252,253,253,254,250,124,135,133,120,132,130,129,128,128
231,232,233,236,239,243,247,249,249,250,252,253,253,253,253,254,255,132,122,125,132,124,124,127,128,128
233,233,234,237,241,245,248,250,250,251,252,253,253,253,253,254,129,129,126,132,126,128,130,129,128,128
234,234,235,237,242,247,249,249,250,255,249,252,254,249,252,253,128,128,128,128,128,128,128,128,128,128
232,234,237,239,242,247,249,250,250,249,253,255,253,253,255,253,128,128,128,128,128,128,128,128,128,128
230,234,239,241,243,246,249,250,251,248,251,255,249,255,249,130,128,128,128,128,128,128,128,128,128,128
228,233,239,242,244,246,248,249,253,248,252,245,254,251,255,128,128,128,128,128,128,128,128,128,128,128
228,233,238,241,244,247,248,247,245,255,255,254,255,252,251,128,128,128,128,128,128,128,128,128,128,128
228,232,238,241,244,246,247,246,247,245,254,245,244,255,130,129,128,128,128,128,128,128,128,128,128,128
227,233,240,242,243,245,246,247,253,247,251,254,255,249,128,126,128,128,128,128,128,128,128,128,128,128
227,234,242,244,243,243,246,248,247,250,250,246,254,126,128,129,128,128,128,128,128,128,128,128,128,128
