13,18,12,16,14,18,18,21,22,22,24,22,20,21,27,26,27,29,29,28,29,33,37,35,38,46
11,17,15,20,18,19,20,24,25,26,28,26,24,25,27,30,30,28,28,32,34,33,40,39,37,40
14,18,17,21,20,21,20,23,24,25,27,27,26,28,34,34,33,32,33,36,38,38,40,42,41,40
20,20,16,17,20,24,22,23,22,21,24,27,29,33,42,35,33,38,40,36,37,43,36,41,44,47
22,20,19,18,22,25,24,26,25,25,28,31,33,37,42,35,33,39,41,37,38,44,40,44,41,41
20,20,25,24,26,25,23,26,28,29,33,33,33,36,38,39,40,40,42,45,46,45,37,49,46,40
24,22,30,28,30,27,23,28,30,33,36,35,34,35,38,43,46,46,47,51,52,50,36,52,55,53
30,27,31,28,31,30,29,33,35,37,39,39,38,40,41,42,46,51,52,50,50,52,54,54,48,53
35,24,25,30,32,32,37,36,39,35,41,40,45,42,46,50,51,53,54,56,53,51,51,51,62,53
29,27,35,30,31,42,46,38,37,36,41,38,48,56,47,52,48,53,47,55,54,57,61,52,54,64
31,25,34,31,32,37,36,42,47,44,46,47,51,48,52,52,65,55,68,58,68,64,64,66,61,68
30,27,34,36,42,40,44,52,53,44,44,52,56,51,55,55,53,51,52,56,62,66,65,74,76,68
32,43,40,37,47,46,55,54,51,50,50,54,56,58,55,60,61,71,67,70,62,60,70,67,81,69
44,52,41,43,50,44,45,51,54,58,57,60,55,50,60,58,61,63,70,69,71,69,73,68,83,70
53,55,48,58,58,55,49,60,61,60,57,68,65,59,58,61,58,70,66,76,70,74,76,80,82,73
57,64,60,62,54,66,66,69,68,74,70,73,72,77,73,65,64,54,62,60,73,78,80,88,75,78
53,53,67,67,65,60,72,76,77,80,84,82,77,80,72,74,67,66,74,84,88,80,86,88,74,83
63,60,60,59,67,76,78,82,74,82,81,87,79,85,86,84,79,80,79,78,86,91,80,81,80,95
44,45,48,54,56,62,72,80,78,88,88,93,87,94,91,87,82,86,89,86,89,89,89,89,90,95
27,27,21,26,29,40,49,53,60,67,84,85,86,89,91,95,93,96,104,108,103,88,101,96,97,97
14,12,2,4,8,19,16,14,19,28,57,65,71,72,66,82,87,88,92,100,102,92,106,100,108,118
1,1,3,5,2,3,3,5,1,3,8,10,6,11,15,28,37,49,61,75,92,97,91,94,100,109
4,1,4,2,3,5,1,6,6,7,8,5,3,10,6,6,4,10,17,22,32,36,66,85,88,92
6,2,8,4,6,5,13,7,6,0,18,14,17,16,16,17,13,15,17,20,25,24,22,54,65,75
14,29,31,28,15,13,23,15,6,17,19,17,14,13,14,13,20,28,19,18,19,36,52,45,51,63
108,90,92,95,100,80,53,43,19,18,11,25,26,25,22,23,25,29,22,25,30,18,34,55,59,63
114,105,110,117,107,119,118,107,84,50,32,30,44,38,36,17,29,33,35,46,42,30,42,55,56,68
105,110,111,99,99,100,101,105,98,105,92,97,84,65,64,57,49,51,45,36,60,59,56,64,75,76
92,92,86,88,99,95,103,93,95,93,104,97,107,98,87,84,86,73,74,69,67,71,69,65,78,93
78,91,82,84,74,74,78,78,72,78,71,67,73,85,79,91,83,98,110,91,92,86,97,90,87,109
