215,229,226,229,227,228,238,243,246,246,246,244,250,248,249,249,251,249,253,253,254,246,125,127,128,128
207,219,226,230,228,231,238,240,247,246,245,246,250,249,249,251,251,249,252,250,248,253,132,130,128,128
203,204,216,222,224,230,236,237,242,243,242,245,249,249,247,250,250,254,251,250,253,125,122,127,128,128
200,189,203,208,213,223,230,233,234,239,239,244,246,249,246,248,248,252,249,247,247,133,129,129,128,128
193,177,194,194,198,212,222,225,223,232,234,239,240,246,243,246,249,247,251,253,253,130,127,127,128,128
185,170,191,186,188,203,214,216,214,225,227,232,232,240,239,241,247,246,251,251,250,129,128,128,128,128
182,176,186,188,187,195,209,188,214,214,224,225,228,233,232,237,244,245,247,245,124,130,125,131,128,128
188,201,170,173,189,199,182,196,205,203,218,226,223,226,229,234,241,249,248,248,134,131,125,126,128,128
201,195,196,173,199,191,210,199,194,198,215,221,218,223,229,231,238,255,252,238,130,124,128,128,128,128
180,209,206,195,195,206,208,209,191,203,211,208,211,220,226,230,249,247,247,237,128,128,129,132,128,128
179,213,223,198,215,205,211,209,198,208,200,195,206,210,216,232,245,255,248,128,127,125,131,127,128,128
199,206,223,222,221,218,227,212,212,210,191,191,203,199,209,236,251,249,240,133,128,132,127,127,128,128
189,205,215,225,228,227,227,226,220,211,192,193,197,195,212,233,246,252,237,127,124,129,126,129,128,128
169,201,219,225,230,227,230,234,220,211,197,193,189,195,218,226,246,255,230,128,129,130,126,129,128,128
185,181,194,219,227,233,227,228,226,217,195,191,193,194,195,223,244,246,128,131,128,123,134,127,128,128
185,188,191,224,228,233,232,236,231,225,217,218,210,190,182,204,239,255,127,130,123,133,128,125,128,128
213,212,192,221,226,233,234,237,226,221,223,229,223,198,187,195,225,242,129,126,131,123,125,133,128,128
243,238,212,221,225,230,229,230,225,218,222,230,238,224,214,200,230,246,127,122,131,131,129,123,128,128
245,248,243,234,233,231,227,228,231,222,221,231,246,238,228,205,224,122,132,125,125,126,131,128,128,128
249,251,255,244,245,243,237,234,239,228,219,232,241,233,231,218,221,130,130,134,128,126,128,125,128,128
255,251,247,247,249,250,249,241,243,240,228,236,236,229,230,224,217,134,123,123,135,124,129,130,128,128
247,246,237,250,247,246,253,246,237,248,236,238,230,223,217,206,131,125,129,130,123,131,126,128,128,128
252,246,240,239,241,236,235,238,239,225,233,223,212,204,196,186,128,128,128,128,128,128,128,128,128,128
248,242,234,230,228,222,217,218,217,216,199,199,182,169,154,149,128,128,128,128,128,128,128,128,128,128
241,239,231,227,225,223,218,217,216,219,217,223,226,226,233,126,128,128,128,128,128,128,128,128,128,128
243,245,239,240,240,243,240,242,244,240,246,249,245,241,244,129,128,128,128,128,128,128,128,128,128,128
242,246,241,244,242,248,245,249,246,250,240,249,249,248,246,131,128,128,128,128,128,128,128,128,128,128
229,235,232,238,233,237,233,240,246,252,250,244,251,253,126,124,128,128,128,128,128,128,128,128,128,128
210,218,219,229,223,226,222,230,237,248,238,252,241,250,125,132,128,128,128,128,128,128,128,128,128,128
187,197,201,215,208,211,206,216,225,226,245,240,237,131,128,126,128,128,128,128,128,128,128,128,128,128
