229,225,217,200,206,195,186,163,139,93,67,71,74,56,55,50,55,48,49,50,52,50,45,47,49,48
231,224,220,209,216,211,198,192,192,168,104,77,67,66,72,53,53,57,53,54,58,58,55,56,60,62
233,228,221,218,218,208,209,204,194,173,164,120,84,83,83,68,55,56,52,50,55,60,62,65,73,77
237,229,235,220,226,218,210,204,210,193,196,173,125,100,84,96,80,65,66,60,60,64,64,64,69,74
231,235,226,230,223,217,219,213,203,203,202,194,171,150,123,114,121,83,79,64,63,65,64,65,78,76
230,235,229,234,228,219,216,210,206,211,203,206,171,139,210,176,115,129,110,91,84,75,80,80,71,85
233,237,230,233,228,222,221,216,208,207,195,197,197,164,191,183,177,134,124,142,105,91,82,107,101,107
233,233,229,231,227,224,224,218,207,201,208,203,195,199,165,193,169,169,123,132,137,128,124,106,115,122
236,232,229,231,230,224,218,212,207,205,216,195,189,199,190,175,168,189,168,148,178,172,161,161,130,116
240,235,231,231,230,226,220,214,207,201,203,216,199,187,199,185,191,190,194,156,189,184,200,189,180,157
243,238,235,231,228,227,223,218,209,198,204,193,205,169,176,190,183,170,172,195,195,195,182,179,173,155
251,249,237,234,231,225,217,213,210,205,193,201,193,196,150,187,166,168,189,202,185,199,197,182,150,159
250,255,243,227,230,226,211,204,188,202,199,194,192,194,182,180,166,193,174,182,175,186,196,188,194,161
249,255,251,234,222,220,217,202,187,195,194,190,189,188,191,172,172,163,146,170,180,177,171,200,194,195
244,250,248,245,223,216,215,202,191,189,185,145,158,168,189,181,172,179,165,160,197,176,167,163,192,168
244,246,246,253,233,213,197,201,190,174,135,167,160,182,175,166,151,192,192,173,154,180,181,191,189,183
245,246,248,252,238,212,170,182,171,152,144,126,147,154,174,129,142,142,171,158,171,186,197,186,176,185
236,235,242,240,239,216,150,143,139,138,143,128,131,161,128,175,167,151,162,159,171,188,188,186,189,180
231,231,235,233,236,220,155,114,113,117,113,117,107,118,145,137,153,146,147,162,176,185,188,164,166,168
239,243,240,234,229,219,173,109,100,89,117,108,106,112,123,125,130,129,168,132,180,182,185,165,172,180
250,248,245,241,227,222,192,96,88,90,89,106,113,104,125,126,137,144,148,157,145,134,161,190,159,174
252,253,254,248,234,216,172,87,66,81,84,82,104,112,117,114,156,155,175,133,164,150,147,169,184,167
255,255,254,253,244,218,196,105,86,79,91,94,107,117,104,105,106,123,133,140,132,126,178,180,168,161
227,248,255,253,254,231,199,134,75,71,80,111,91,107,110,114,112,126,124,125,133,138,123,154,157,174
237,252,252,255,255,233,203,100,74,65,75,82,93,87,99,105,104,106,120,143,123,151,141,148,140,158
224,236,251,250,255,250,195,98,65,83,66,80,85,99,104,97,109,102,122,121,144,148,132,151,156,153
222,227,242,252,255,253,202,81,77,73,74,88,85,95,97,103,93,111,108,121,133,134,139,148,159,156
210,228,229,253,255,253,190,82,80,71,78,93,89,94,103,96,90,92,109,103,116,140,140,153,153,175
200,218,230,242,254,253,191,109,75,88,83,74,93,87,93,95,101,93,107,111,112,126,140,155,147,165
150,198,212,241,238,241,148,78,94,83,73,100,96,105,101,97,95,92,121,108,116,137,110,154,164,170
