64,78,99,109,98,114,107,74,126,118,126,115,128,111,119,113,136,114,81,83,71,59,54,61,33,53
74,83,97,105,98,111,115,134,94,100,126,125,142,109,115,119,104,101,92,105,109,60,65,66,49,49
64,66,97,94,95,98,136,129,101,121,121,124,114,111,122,108,107,97,114,115,87,79,85,74,79,60
63,91,94,103,126,131,128,121,118,124,125,114,124,116,96,134,122,120,122,107,118,141,111,106,113,120
72,85,98,123,104,116,107,122,128,118,103,110,107,120,129,143,133,131,143,144,123,161,141,132,168,141
60,65,70,115,108,113,112,123,105,149,106,116,103,106,117,131,130,127,134,150,146,107,132,156,140,141
60,77,82,110,115,123,128,121,114,93,145,112,102,136,150,135,138,123,145,135,162,146,166,143,117,99
51,68,78,84,94,113,104,108,154,122,142,145,146,132,118,137,105,140,143,146,132,182,160,157,126,111
49,67,69,93,99,111,122,115,143,126,145,118,119,123,115,108,127,157,126,163,161,154,171,126,187,108
51,44,66,84,101,118,127,124,162,151,129,111,119,101,119,130,127,138,154,184,188,173,179,173,142,105
36,48,62,69,98,100,126,130,143,143,164,146,133,141,120,127,137,142,152,170,171,195,190,162,143,119
29,40,58,71,85,104,121,141,141,141,150,135,141,135,139,158,152,169,176,181,185,191,196,191,145,62
28,37,56,69,92,129,111,128,143,147,144,136,143,141,163,146,178,179,177,193,209,213,193,192,106,56
32,40,54,62,97,113,101,136,147,141,157,149,136,144,146,154,169,172,189,184,204,198,199,168,82,63
31,39,51,58,81,125,126,147,146,127,135,138,129,123,128,154,176,189,193,199,202,213,197,141,79,45
28,35,50,61,85,119,138,158,129,124,144,151,117,85,104,144,177,191,204,209,208,213,200,163,66,46
28,34,50,62,83,108,145,178,169,126,112,139,100,109,89,147,179,187,199,208,212,212,200,149,73,49
31,36,49,57,86,104,148,148,153,122,119,137,130,117,155,172,188,209,207,207,217,219,209,173,98,44
37,42,46,57,98,100,136,117,143,102,116,142,115,144,148,176,192,202,214,216,203,215,201,144,142,59
33,34,51,63,105,99,131,139,105,94,105,91,92,100,160,176,189,204,217,215,221,210,206,170,101,52
34,40,57,59,81,92,106,136,119,113,103,100,86,89,169,181,195,210,218,217,225,228,196,186,143,79
32,42,56,66,89,91,95,130,132,143,126,130,136,148,182,192,204,217,219,229,218,199,214,198,156,79
39,47,50,73,70,89,137,115,139,127,144,163,161,181,193,205,217,225,220,232,225,228,213,188,173,88
46,51,49,75,82,89,135,161,142,158,139,139,162,173,202,211,223,227,224,231,227,225,221,193,161,125
41,45,61,80,102,99,115,147,146,175,166,188,190,187,212,209,219,224,229,234,233,223,212,206,183,163
41,55,82,75,93,84,118,147,149,175,186,175,193,198,208,213,226,227,229,230,230,226,234,208,195,161
56,66,92,82,108,107,110,133,169,159,163,163,179,196,209,223,223,227,223,227,238,232,224,223,206,174
67,81,89,100,101,95,121,155,135,176,172,186,190,199,218,220,232,231,240,237,235,237,226,218,212,194
76,92,112,119,112,107,121,157,151,158,186,186,191,200,212,222,226,237,242,238,239,234,242,216,224,204
105,102,117,127,101,129,131,129,170,183,180,189,192,204,218,233,229,245,245,238,248,226,232,229,221,226
