127,127,76,79,81,89,97,103,99,117,119,116,103,107,125,107,114,97,130,156,147,152,142,144,137,139
127,129,78,80,81,88,93,97,95,111,104,122,99,118,133,88,82,115,146,127,140,156,142,136,120,117
129,128,77,81,82,86,91,96,102,105,110,116,109,104,129,84,99,135,130,103,129,141,135,140,129,108
130,125,72,79,80,83,89,98,99,106,112,117,111,93,113,101,109,137,138,141,134,141,153,155,139,107
131,123,61,72,77,85,83,95,99,102,95,108,116,102,99,131,110,101,134,144,151,138,145,138,135,121
126,128,26,73,84,76,85,96,94,94,111,101,122,101,90,91,90,122,131,128,139,147,139,149,143,135
126,132,12,48,68,77,92,86,98,96,97,111,103,120,96,104,128,133,139,134,144,146,142,142,130,135
129,133,24,14,56,77,75,85,93,90,96,104,98,110,103,101,134,134,152,139,129,135,145,129,124,120
128,125,45,17,28,57,77,77,85,84,88,70,79,83,104,82,110,114,122,138,132,133,128,144,132,137
127,122,49,38,15,19,65,74,74,83,76,83,84,89,96,77,87,107,118,117,131,140,134,133,136,131
128,131,69,49,45,9,19,63,82,84,79,86,93,90,98,99,90,97,127,121,127,115,126,128,127,126
127,128,127,58,46,41,18,10,53,71,78,85,91,98,97,106,96,103,122,123,124,123,124,126,132,120
130,125,129,158,70,41,47,30,11,40,67,70,90,93,91,104,109,81,108,117,123,116,130,125,121,126
131,125,127,181,190,85,36,42,45,11,20,52,74,86,98,103,105,96,85,120,106,124,104,111,119,119
126,125,128,173,195,178,129,42,44,51,44,17,16,57,82,87,90,97,92,98,113,111,103,102,90,85
126,135,123,182,187,196,191,184,72,33,39,49,39,26,3,39,71,93,90,88,106,108,102,89,106,104
128,127,132,200,200,193,194,186,149,161,70,30,39,44,53,40,17,25,15,41,67,92,76,51,81,91
126,126,130,200,204,195,189,180,165,167,161,160,107,40,29,37,50,46,49,46,35,21,17,5,12,14
130,127,124,199,197,194,182,170,181,178,167,168,160,133,121,105,34,29,40,45,41,43,50,51,53,53
128,127,128,188,192,193,198,187,179,191,188,186,179,161,159,130,127,123,130,85,53,25,30,32,36,34
128,129,126,126,196,196,200,201,193,182,175,181,178,167,177,152,160,136,129,135,114,96,99,100,89,87
125,130,130,130,198,201,202,188,195,191,183,192,189,184,192,173,165,154,150,133,139,132,125,120,108,104
130,127,127,128,198,190,199,190,188,192,187,195,195,189,190,173,162,174,176,164,144,152,129,132,130,112
126,134,124,129,186,192,194,198,201,202,192,185,191,186,195,185,189,169,183,162,170,161,163,148,138,135
129,126,129,129,201,186,190,204,198,198,193,180,193,185,197,190,198,185,163,186,174,191,171,165,160,151
131,123,130,123,189,187,189,201,197,199,204,196,209,197,202,193,190,198,181,191,190,188,169,168,148,161
123,137,128,123,134,201,188,191,201,200,199,198,201,197,199,195,196,193,189,174,200,191,180,170,157,164
131,120,132,127,128,178,181,193,204,204,201,208,203,205,200,198,193,180,185,180,190,194,173,158,162,174
125,131,128,124,128,192,198,201,201,204,201,197,200,205,205,205,203,200,200,200,196,189,176,164,160,178
129,123,131,130,128,189,188,202,202,207,206,202,201,201,201,204,203,204,202,197,190,183,178,174,185,188
