30,31,20,30,21,21,20,11,15,13,19,12,14,19,16,14,15,12,15,17,15,13,15,16,13,11
33,29,19,27,24,26,25,19,21,19,19,15,16,19,19,18,17,15,16,17,16,16,20,21,19,17
30,24,18,19,23,26,24,21,21,18,21,19,14,13,16,18,18,19,19,19,19,20,23,26,24,22
34,31,24,19,25,28,25,26,25,23,23,24,17,12,17,19,19,22,23,22,24,25,26,28,29,27
39,37,32,23,26,29,28,29,29,29,23,26,21,18,21,21,19,21,25,24,27,29,27,28,32,32
39,34,42,33,28,32,32,29,29,29,26,25,20,16,16,17,20,25,26,23,27,29,26,28,34,34
40,37,48,43,32,38,41,33,33,31,30,26,23,20,16,17,25,32,34,27,29,32,28,31,38,36
39,42,39,39,26,36,44,34,34,32,33,29,33,36,29,27,33,36,44,35,35,37,34,37,42,39
45,45,46,43,38,42,40,40,46,38,35,39,31,35,36,31,35,36,33,44,42,44,53,45,44,43
46,46,44,42,33,29,33,41,42,31,39,38,41,35,42,39,42,44,49,45,40,46,35,46,49,52
50,47,49,51,49,42,44,51,50,48,52,44,47,33,40,44,46,53,56,45,52,52,54,52,51,57
54,52,51,51,55,52,54,53,46,56,50,48,49,46,50,52,46,46,40,47,52,56,51,53,55,58
59,55,60,53,53,51,56,56,47,56,52,52,53,54,67,57,57,47,76,57,51,55,55,55,57,64
61,64,63,61,58,53,55,61,62,67,69,63,63,59,80,60,69,57,53,71,60,50,62,59,67,72
62,74,62,64,64,64,62,64,72,74,75,69,74,77,88,71,66,60,56,69,147,63,73,68,66,70
66,70,81,75,75,88,87,79,82,78,78,73,72,85,80,81,62,72,79,66,80,150,69,79,84,75
84,80,76,77,78,84,86,76,87,91,83,82,82,80,81,83,79,81,87,79,80,83,119,94,81,90
77,79,82,74,84,79,80,84,80,89,87,85,82,97,88,80,96,82,83,94,93,87,120,115,101,99
84,87,93,93,90,89,85,85,87,84,90,92,85,87,99,99,91,89,88,94,94,92,97,173,94,84
98,91,98,96,86,94,93,93,98,87,108,96,95,90,92,106,104,95,110,93,88,90,83,85,107,77
96,100,111,93,97,95,94,101,96,96,92,97,94,101,94,88,99,86,84,91,84,76,68,58,81,113
114,102,104,94,101,93,82,76,88,93,89,89,75,70,60,36,26,29,53,50,60,50,37,41,51,41
89,109,100,99,101,93,83,66,89,80,64,36,31,20,4,7,8,7,9,2,5,8,7,3,7,1
98,114,107,84,90,70,72,62,55,32,16,24,11,7,6,5,11,2,2,6,1,0,4,5,3,7
93,91,87,71,64,77,79,54,39,18,26,22,10,13,5,10,0,6,7,10,5,6,0,4,1,1
82,85,80,64,72,83,80,40,22,29,15,15,14,13,13,5,13,10,9,6,3,10,9,11,7,8
75,80,78,57,66,77,70,35,34,21,27,18,23,14,20,20,12,9,20,29,28,10,2,4,11,9
82,72,73,61,80,60,61,43,32,41,34,57,31,30,25,24,20,33,24,17,6,36,51,83,83,90
85,70,74,70,86,70,58,49,68,47,53,33,40,55,31,69,70,60,80,97,104,99,96,101,98,89
93,83,88,66,84,83,87,70,67,79,60,75,78,96,92,98,104,98,105,99,100,93,91,80,87,94
