59,84,80,108,171,158,171,207,223,216,234,227,224,202,191,203,190,229,251,247,248,248,220,229,201,133
54,66,64,93,97,142,179,197,211,222,243,238,234,239,216,205,200,190,241,254,251,250,237,240,216,127
49,52,52,79,91,130,139,181,201,223,224,243,251,242,248,235,201,210,238,245,253,249,250,233,229,126
36,50,64,54,86,92,175,194,210,210,232,228,247,255,255,244,225,219,228,242,252,255,252,237,231,126
37,52,48,64,77,161,129,198,194,218,227,237,245,253,254,254,253,230,240,233,255,244,253,237,234,127
30,38,46,41,67,70,127,201,197,218,207,237,241,249,255,255,255,239,236,239,251,251,253,246,238,127
13,10,26,41,42,67,155,176,200,209,223,235,243,246,255,252,255,246,237,242,248,255,254,247,243,127
46,46,27,18,16,27,78,97,159,207,219,225,239,240,248,255,255,254,251,243,249,252,254,248,246,127
50,65,105,93,125,60,29,32,132,192,210,226,237,243,241,247,247,255,251,254,245,255,254,255,249,127
10,26,54,86,107,196,186,174,29,70,185,218,225,241,247,243,253,253,255,249,255,254,254,249,250,127
2,5,5,18,49,94,205,224,214,28,106,209,218,230,247,247,251,254,255,253,253,255,254,252,252,130
4,4,2,2,9,12,65,203,229,226,32,112,222,230,233,244,248,252,253,252,253,255,254,252,252,129
8,50,39,31,0,1,8,78,220,243,174,28,196,222,236,243,247,250,252,252,253,255,255,253,252,129
2,49,177,141,95,19,7,3,20,222,235,198,78,216,234,234,245,248,251,252,253,255,254,252,252,129
3,60,205,207,234,215,29,7,7,19,215,218,183,203,226,234,241,245,249,251,251,252,251,251,251,129
29,67,213,224,221,243,233,59,14,14,29,214,198,206,229,226,238,243,249,251,250,249,250,251,251,129
29,158,224,234,248,255,254,183,13,24,49,121,219,210,216,236,233,240,247,250,248,247,249,252,251,129
19,183,235,236,255,253,255,231,15,24,60,86,220,218,222,223,227,235,243,247,244,242,245,249,251,128
37,205,220,248,255,250,255,210,32,243,216,198,201,205,214,217,229,236,239,245,240,242,242,248,246,130
184,222,222,247,255,255,232,64,44,213,228,210,208,228,218,219,222,228,236,240,240,238,243,248,246,129
204,204,255,252,241,223,81,36,160,190,212,223,188,202,219,214,217,221,234,235,240,236,243,247,246,129
170,198,200,199,115,33,32,29,138,218,225,237,223,202,218,213,217,221,231,235,239,238,243,245,245,129
43,36,32,12,24,17,16,57,220,216,228,224,221,221,207,223,218,222,227,236,238,242,242,245,245,128
4,0,12,5,15,68,203,218,229,230,231,227,223,221,214,213,216,221,224,236,236,242,241,246,244,128
11,18,17,32,72,190,229,234,222,232,229,224,220,216,214,216,215,220,226,233,235,237,241,246,244,128
25,24,42,38,200,217,223,228,226,232,221,228,223,213,217,215,215,219,230,230,235,232,240,245,244,128
23,34,61,62,180,219,224,224,225,228,228,223,218,216,215,215,220,225,230,236,239,237,237,241,247,130
48,55,83,172,204,217,218,224,223,225,225,220,215,213,214,214,219,224,228,234,238,238,238,241,246,129
47,51,108,133,197,210,218,218,221,222,221,216,212,211,212,214,221,225,228,234,240,241,241,244,245,129
43,52,81,139,178,206,221,205,218,218,217,213,210,210,212,215,222,226,229,234,241,243,243,245,244,128
