128,128,128,128,128,128,128,128,126,130,128,129,125,131,152,155,166,164,160,167,156,175,158,153,157,152
128,128,128,128,128,128,128,128,130,127,125,128,128,132,145,151,170,161,154,157,161,153,139,144,159,162
128,128,128,128,128,128,128,128,128,126,129,130,128,127,134,151,155,166,159,153,161,149,150,166,156,141
128,128,128,128,128,128,128,128,127,127,131,129,128,126,126,145,139,155,143,146,154,153,146,149,141,169
128,128,128,128,128,128,128,128,130,127,128,124,129,132,126,133,146,150,142,150,148,146,147,148,149,154
128,128,128,128,128,128,128,128,128,129,129,125,128,131,128,128,135,142,151,146,135,132,144,143,131,133
128,128,128,128,128,128,128,128,125,129,130,130,126,125,130,128,129,137,149,148,140,142,132,117,122,123
128,128,128,128,128,128,128,128,128,128,126,131,128,126,133,125,129,130,133,147,132,138,121,130,135,125
128,128,128,128,128,128,128,128,128,128,128,128,128,128,128,128,127,107,125,137,124,134,125,123,124,117
128,128,128,128,128,128,128,128,128,128,128,128,128,128,128,128,129,131,124,142,128,139,132,131,123,117
128,128,128,128,128,128,128,128,128,128,128,128,128,128,128,128,127,128,114,112,128,133,127,116,114,113
128,128,128,128,128,128,128,128,128,128,128,128,128,128,128,128,126,129,133,107,124,128,127,126,110,104
128,128,128,128,128,128,128,128,128,128,128,128,128,128,128,128,129,127,121,112,118,135,129,123,115,122
128,128,128,128,128,128,128,128,128,128,128,128,128,128,128,128,125,133,130,129,123,118,136,133,107,119
128,128,128,128,128,128,128,128,128,128,128,128,128,128,128,128,129,128,126,126,131,108,124,122,114,116
128,128,128,128,128,128,128,128,128,128,128,128,128,128,128,128,128,129,127,133,122,106,99,120,115,123
128,128,128,128,128,128,128,128,128,128,128,128,128,128,128,128,130,122,130,132,127,129,108,111,135,111
128,128,128,128,128,128,128,128,128,128,128,128,128,128,128,128,129,129,127,126,131,126,109,124,125,137
128,128,128,128,128,128,128,128,128,128,128,128,128,128,128,128,129,128,129,125,127,130,122,104,116,129
128,128,128,128,128,128,128,128,128,128,128,128,128,128,128,128,128,126,130,127,127,131,130,95,108,124
128,128,128,128,128,128,128,128,128,128,128,128,128,128,128,128,127,130,126,126,133,123,128,123,95,108
128,128,128,128,128,128,128,128,128,128,128,128,128,128,128,128,129,129,125,128,130,126,133,130,121,97
128,128,128,128,128,128,128,128,128,128,128,128,128,128,128,128,129,127,127,130,125,131,133,122,130,85
128,128,128,128,128,128,128,128,128,128,128,128,128,128,128,128,126,133,125,128,130,127,121,134,128,129
128,128,128,128,128,128,128,128,128,128,128,128,128,128,128,128,128,128,128,128,128,128,128,128,129,128
128,128,128,128,128,128,128,128,128,128,128,128,128,128,128,128,128,128,128,128,128,128,128,128,127,128
128,128,128,128,128,128,128,128,128,128,128,128,128,128,128,128,128,128,128,128,128,128,128,128,131,124
128,128,128,128,128,128,128,128,128,128,128,128,128,128,128,128,128,128,128,128,128,128,128,128,129,134
128,128,128,128,128,128,128,128,128,128,128,128,128,128,128,128,128,128,128,128,128,128,128,128,124,124
128,128,128,128,128,128,128,128,128,128,128,128,128,128,128,128,128,128,128,128,128,128,128,128,130,132
