81,81,70,61,58,52,44,43,33,27,26,18,33,27,25,21,24,27,34,45,54,65,79,93,110,104
87,87,77,54,51,48,45,42,36,33,36,35,46,41,43,39,37,42,44,52,51,54,66,76,95,101
78,83,66,68,57,55,48,46,45,38,37,41,54,58,58,54,47,48,45,50,51,56,57,84,89,88
94,84,74,60,55,50,48,47,51,45,41,47,56,62,66,62,55,50,51,50,56,57,61,65,80,82
66,80,72,71,50,52,48,46,50,53,55,63,61,58,66,63,61,56,61,50,54,45,50,60,57,60
81,79,80,60,56,61,53,53,52,58,60,67,68,64,70,76,78,71,70,55,62,55,53,54,46,59
76,69,65,63,59,61,60,64,59,67,63,68,74,72,65,73,67,66,58,51,58,56,55,52,46,52
74,64,71,60,60,60,61,68,62,77,77,79,81,71,75,76,55,66,61,66,61,50,55,51,56,48
60,57,70,62,66,72,75,70,66,74,74,77,73,76,74,75,50,54,60,48,54,59,51,50,50,50
80,77,60,64,65,63,73,80,72,68,70,79,80,69,70,74,73,62,54,53,54,55,46,45,45,45
64,66,65,66,68,61,64,78,75,66,71,84,92,77,75,62,63,64,60,61,56,49,46,42,40,39
74,69,78,60,66,76,83,62,59,68,82,76,72,73,88,78,67,74,69,59,63,53,50,44,38,34
80,65,71,65,68,71,67,72,87,68,65,71,69,70,74,76,67,67,69,66,63,53,61,55,47,42
75,63,62,56,71,70,74,63,72,70,75,77,68,73,64,57,66,69,77,79,64,67,66,62,58,53
64,71,81,71,72,60,66,69,68,68,67,69,67,64,63,49,67,74,68,63,58,74,64,62,60,57
79,79,69,70,61,69,67,76,63,73,69,68,74,66,75,57,61,72,67,70,80,75,69,68,66,64
62,63,66,59,65,64,69,70,79,64,67,65,62,75,72,61,73,75,54,78,70,77,82,73,71,62
65,61,76,67,66,71,75,66,64,77,66,73,71,72,67,76,61,64,63,79,77,70,71,92,71,90
68,60,66,78,71,70,67,71,65,62,74,72,68,81,81,67,69,76,78,80,80,81,84,85,94,112
78,78,61,66,68,63,69,67,78,61,65,73,78,78,72,74,78,76,72,95,76,101,101,120,110,127
54,65,64,55,69,69,73,79,74,74,66,80,78,74,101,78,91,86,92,92,112,95,115,90,119,135
58,59,61,59,63,69,67,86,71,78,84,73,74,75,82,80,100,117,96,116,102,130,108,128,112,120
61,60,51,57,62,68,69,66,80,83,87,80,90,81,88,100,95,115,101,106,113,91,116,115,98,135
51,55,59,55,71,55,72,67,81,78,93,118,91,100,101,100,133,108,111,105,108,132,109,97,131,111
132,50,47,57,64,70,66,82,79,78,100,107,93,105,112,101,104,132,116,101,90,135,109,120,122,102
125,125,59,60,50,64,66,73,68,72,99,121,96,97,104,106,123,114,117,95,124,128,124,122,103,102
131,126,38,48,54,58,62,72,69,71,100,98,102,95,113,114,113,103,120,113,142,118,116,124,93,89
127,128,127,37,47,52,59,65,73,81,79,89,84,108,127,124,101,104,136,84,116,129,121,107,120,81
134,128,128,129,44,41,52,60,66,71,85,76,94,100,88,86,114,126,111,122,108,109,112,126,76,74
118,132,125,128,128,41,47,54,63,68,71,100,80,91,99,109,87,101,132,99,107,97,121,91,96,78
