128,129,126,129,134,128,127,126,19,31,43,52,71,81,100,105,119,119,122,119,140,123,153,140,144,136
128,128,123,136,120,130,132,22,24,35,49,67,82,83,95,105,116,121,118,131,140,134,145,139,137,140
132,122,129,133,122,127,128,20,31,48,57,67,73,80,90,95,102,121,128,143,148,153,148,141,146,149
127,129,132,123,132,131,127,22,35,55,58,63,64,77,87,92,116,125,136,135,142,142,144,147,139,143
129,135,117,133,128,125,133,29,35,48,53,68,72,81,93,107,131,126,137,138,145,139,142,151,147,135
124,128,133,127,132,128,17,28,36,46,52,65,75,88,105,118,121,125,131,139,139,150,143,135,145,151
132,127,124,129,124,129,22,26,39,50,56,64,80,95,114,121,137,144,141,147,134,156,152,137,145,144
127,128,129,128,132,127,23,29,43,48,60,78,99,100,115,126,132,130,133,152,134,140,143,140,145,146
127,128,128,129,129,123,27,37,39,57,74,85,95,113,112,124,131,135,122,138,140,141,152,144,146,150
128,126,128,129,129,28,18,31,51,69,77,91,111,115,118,118,128,131,150,129,144,142,151,139,151,143
126,132,131,123,125,25,27,50,60,71,83,85,119,137,133,130,136,139,146,145,140,139,143,152,162,147
128,129,125,129,135,28,41,51,66,85,90,114,127,108,126,147,148,131,152,149,147,142,136,168,161,153
131,122,128,129,121,26,47,56,69,85,102,108,117,124,111,121,128,137,140,149,152,139,147,152,175,157
128,127,131,127,128,49,48,72,77,97,107,126,128,130,131,138,133,144,154,155,162,163,158,160,167,165
125,131,123,131,128,47,55,71,94,101,122,114,121,148,138,135,139,149,155,148,170,153,170,164,178,173
129,129,129,125,40,60,68,87,106,110,140,133,131,139,141,148,145,162,164,160,163,175,170,174,187,190
132,124,128,132,43,57,84,102,119,119,122,131,147,144,166,152,157,177,168,158,182,168,184,169,181,194
124,130,134,122,61,71,91,105,121,136,135,142,149,148,150,162,158,174,186,196,192,189,194,188,196,196
130,130,119,127,62,78,87,122,129,137,143,149,141,159,160,169,173,186,159,183,195,197,190,199,198,208
128,128,135,128,72,88,102,116,133,133,144,159,138,146,158,183,190,184,181,185,183,208,197,204,204,204
132,126,122,124,79,96,101,126,132,161,148,147,134,158,161,174,181,184,184,190,199,194,175,139,134,157
125,130,130,72,88,104,123,126,156,159,139,161,146,162,167,191,185,160,152,134,141,114,86,87,70,71
126,129,126,83,101,116,124,137,145,146,156,159,148,165,176,180,174,114,72,66,61,47,57,51,50,49
130,127,128,89,94,114,129,142,130,133,155,131,170,177,160,129,67,60,42,42,42,47,37,29,32,31
124,132,128,93,110,119,141,154,151,141,150,154,180,125,59,42,45,43,41,38,37,27,37,44,35,36
130,130,127,99,110,122,140,143,137,158,160,137,78,42,57,54,60,67,55,44,49,49,51,51,57,61
128,123,124,107,106,118,133,132,161,149,149,76,57,54,57,74,88,100,91,95,106,104,101,111,95,98
130,128,132,124,117,124,136,145,156,134,95,78,72,65,74,66,84,126,140,135,118,110,101,100,92,91
126,127,126,124,122,128,136,155,131,91,71,63,61,69,84,114,143,134,124,129,114,100,92,90,89,86
132,129,125,123,132,141,144,156,108,77,79,84,109,116,135,154,139,130,120,112,96,94,94,81,73,72
