235,224,219,209,179,146,120,125,140,145,152,153,163,165,168,176,171,171,173,179,174,177,180,182,176,183
223,215,187,147,124,122,132,141,152,153,162,165,173,173,164,167,168,167,180,172,178,178,173,179,172,180
192,157,125,113,123,138,150,159,162,160,172,177,178,174,179,177,178,177,187,170,177,176,180,182,178,182
128,112,115,127,144,159,157,168,170,167,176,178,176,178,178,176,181,183,183,177,176,182,188,180,179,179
105,121,140,147,152,159,155,170,175,175,175,173,174,185,173,171,184,181,177,184,178,187,189,180,178,182
134,141,145,152,159,162,166,173,173,176,175,174,171,177,179,176,191,180,180,186,184,186,184,183,181,192
144,151,152,154,159,165,176,178,173,176,174,178,174,172,178,180,181,184,182,190,195,191,182,184,187,190
148,157,161,162,164,165,174,182,182,181,170,179,181,182,185,192,175,196,185,197,202,196,193,190,198,184
154,158,165,164,169,175,166,181,187,177,185,188,178,191,190,184,190,196,190,192,198,194,204,194,199,182
151,165,164,172,169,171,178,177,187,195,195,186,182,197,189,193,190,185,196,203,202,197,198,195,197,195
156,167,160,170,173,177,178,177,184,192,185,183,192,192,189,192,196,193,203,198,200,201,204,201,198,201
164,168,166,169,182,182,177,186,186,188,184,190,202,189,195,186,198,195,194,188,204,204,203,202,207,210
166,172,175,179,187,180,180,189,183,195,202,195,199,192,182,185,205,203,205,201,205,188,206,206,210,214
166,175,169,182,186,188,186,193,184,195,207,198,197,196,197,203,208,200,206,201,204,206,213,214,208,215
171,175,169,181,187,196,194,203,194,195,203,204,204,200,202,206,210,211,213,204,203,211,208,213,210,217
177,177,186,188,192,192,195,199,198,200,203,202,202,197,198,196,203,209,207,215,215,201,210,209,209,203
176,178,187,188,184,184,186,193,194,201,201,206,195,188,193,194,200,208,212,212,211,213,204,206,210,206
180,178,183,187,187,188,186,201,184,176,200,193,180,200,189,199,202,209,206,198,200,197,204,200,199,195
172,173,186,195,192,186,183,176,185,188,189,179,182,180,186,206,198,193,196,204,211,191,188,192,197,192
180,173,168,167,169,171,173,172,176,177,180,171,171,176,183,181,173,179,186,188,195,192,188,187,189,186
160,159,155,157,166,175,163,175,165,162,169,168,161,176,176,168,173,177,178,177,174,182,179,177,179,176
144,150,152,153,153,151,156,158,160,165,155,163,164,159,159,157,166,159,162,173,163,162,165,165,169,167
138,142,138,137,140,139,144,148,146,145,146,150,150,149,157,143,146,153,161,162,156,162,166,155,151,152
118,120,121,129,137,134,130,130,134,132,139,136,136,132,138,136,137,143,145,143,144,146,148,141,142,142
103,111,119,114,112,121,116,118,113,121,122,112,115,119,115,127,125,129,129,127,122,128,127,127,120,127
101,97,109,100,100,104,104,101,101,95,88,102,92,91,102,103,105,100,98,105,105,102,105,98,108,108
90,88,86,78,91,79,86,88,78,66,64,74,71,83,77,88,77,82,78,71,89,93,85,95,96,103
85,67,76,71,66,51,67,79,69,59,74,77,73,66,70,67,61,70,72,74,62,67,65,65,76,78
70,74,60,47,50,64,55,55,69,69,50,51,56,62,62,66,55,75,52,50,58,48,64,69,77,73
59,68,45,66,65,32,24,52,8,32,47,44,63,62,43,47,35,49,61,57,18,40,45,66,62,69
