32,32,24,26,35,33,39,42,45,34,30,20,30,27,25,25,33,29,33,37,50,70,80,66,75,80
35,54,60,51,51,79,40,21,9,22,8,8,1,0,0,8,16,15,21,36,33,42,53,68,65,52
68,86,101,95,107,67,62,57,38,32,21,19,0,12,10,18,17,28,14,29,27,34,45,62,60,54
125,129,175,143,194,144,127,130,97,52,32,22,17,12,28,28,32,28,34,38,41,40,51,46,48,52
136,163,216,170,216,143,175,152,146,81,46,26,29,38,43,50,45,43,41,39,38,35,51,54,55,53
159,150,201,188,221,187,207,191,111,108,68,64,73,84,79,88,78,62,60,49,41,44,48,60,57,58
170,158,181,199,209,144,180,111,142,110,107,135,148,115,122,116,120,71,72,52,50,61,58,67,69,81
154,161,157,162,133,124,162,129,158,181,178,211,184,183,155,143,136,115,90,64,68,67,66,65,70,72
107,115,118,122,134,130,158,177,214,219,222,222,229,209,193,137,133,127,96,81,83,82,68,66,68,90
114,115,118,126,127,148,207,218,223,233,226,242,232,211,175,147,146,119,91,78,93,81,75,118,80,93
109,107,123,126,136,190,207,222,237,234,237,233,229,202,160,166,138,115,122,108,92,96,75,86,95,89
136,145,170,169,185,183,179,223,235,226,230,224,207,180,173,162,154,103,123,127,115,109,108,98,96,108
164,144,163,180,168,211,168,214,218,220,198,187,133,151,138,136,123,102,122,127,141,97,102,109,120,124
110,114,103,127,123,116,105,132,164,136,160,146,129,135,145,120,116,106,110,136,120,113,128,120,112,116
61,67,72,75,87,71,101,124,111,116,113,128,100,97,94,93,124,101,129,98,122,109,163,132,142,127
54,42,48,49,50,75,76,83,107,102,99,95,93,106,87,93,107,112,114,111,122,110,115,129,139,147
37,42,36,51,48,61,65,66,87,79,75,89,79,87,108,85,121,104,93,113,127,95,105,101,161,163
40,37,43,42,47,48,50,58,61,62,69,62,80,81,97,83,96,104,120,101,96,113,110,90,124,139
36,36,42,36,47,48,53,60,53,59,73,55,63,81,78,97,95,130,107,137,108,120,106,120,105,117
37,45,42,40,43,48,52,50,49,53,60,57,64,82,79,77,95,116,100,126,107,109,130,111,109,129
42,43,49,42,39,40,48,58,68,87,64,73,56,85,85,87,95,88,116,115,101,122,144,122,131,132
56,50,55,47,61,59,67,73,60,77,106,113,76,99,89,115,97,91,105,112,140,125,92,133,120,171
71,82,70,58,59,57,70,79,68,81,90,104,114,103,112,117,121,134,98,100,118,135,127,121,134,148
65,102,95,89,74,80,96,93,85,82,90,101,121,100,118,111,119,137,157,132,150,150,136,153,175,143
98,81,99,82,94,93,95,95,112,101,117,118,130,124,141,105,197,170,140,133,130,147,172,185,211,160
124,110,122,129,131,120,114,152,113,105,143,127,143,138,122,119,126,156,158,132,157,157,224,163,218,129
118,112,110,111,119,132,159,137,146,117,132,140,155,146,132,132,129,181,146,158,178,213,211,201,215,133
117,113,134,133,149,135,139,160,147,135,153,136,136,148,177,150,138,173,143,183,214,218,205,194,131,121
124,134,122,122,133,142,177,144,152,162,154,162,135,142,165,148,177,198,192,190,213,216,227,123,127,132
126,115,100,107,128,171,191,163,149,154,167,133,142,131,159,150,142,183,227,222,212,229,126,134,131,123
