118,133,128,145,177,181,202,204,215,218,220,228,230,233,232,234,236,230,232,228,230,228,235,236,240,129
127,126,142,169,186,137,191,185,219,212,208,217,226,233,233,234,231,229,232,233,234,234,237,236,244,129
116,120,127,140,159,183,191,187,219,213,212,221,230,233,234,236,230,232,234,238,236,240,242,242,247,129
110,118,142,151,158,145,174,192,211,212,220,228,230,223,223,226,233,236,236,240,236,245,247,249,248,129
126,132,134,139,136,148,176,179,207,203,225,223,217,230,229,232,235,234,236,244,239,248,250,250,247,129
136,124,135,152,155,157,176,174,188,211,219,214,217,225,230,230,235,237,241,248,243,249,250,251,255,128
131,134,142,146,128,149,172,180,192,210,214,216,222,224,229,234,234,238,244,251,247,250,250,251,247,126
148,159,144,139,138,161,192,184,208,203,217,221,222,232,233,236,234,238,244,249,249,250,251,251,255,129
178,176,151,170,199,177,206,195,202,207,219,217,221,237,237,233,239,241,244,247,251,251,250,250,244,129
192,195,204,182,192,223,199,202,191,216,213,219,232,229,235,237,244,245,246,245,252,250,249,249,255,127
216,214,195,209,203,214,211,213,201,221,215,226,238,227,233,242,241,243,245,242,251,247,247,248,250,131
214,200,218,206,208,213,222,216,217,224,227,226,229,236,237,235,235,239,242,239,248,243,245,248,129,129
212,222,219,219,213,222,221,225,223,223,225,222,230,229,235,239,240,235,247,234,243,253,248,248,128,128
225,221,219,215,220,223,227,224,224,225,226,225,228,227,230,234,232,231,242,235,243,250,243,238,128,128
226,225,223,228,220,225,224,223,224,226,226,230,229,229,229,233,239,237,235,229,236,243,248,245,128,128
229,220,234,227,231,220,233,227,223,223,223,232,230,234,232,234,235,240,238,240,244,245,249,243,128,128
227,219,217,224,217,224,229,230,225,220,220,231,230,235,234,234,229,239,239,247,247,244,247,241,128,128
222,214,221,215,219,213,225,224,233,224,223,231,230,234,236,235,236,241,235,241,239,242,248,248,128,128
215,221,220,226,216,221,220,226,239,227,228,231,231,233,241,240,237,240,236,243,242,247,248,249,128,128
209,211,207,211,215,223,222,225,238,226,229,229,231,231,245,246,240,239,236,243,244,251,248,249,128,128
216,221,215,213,215,226,207,233,225,227,233,232,227,232,240,241,243,240,243,243,250,247,250,129,128,128
209,197,205,209,197,220,216,224,226,227,228,228,231,238,239,233,237,241,233,251,244,246,247,129,128,128
214,207,223,223,196,207,214,220,226,228,226,226,235,243,242,236,243,249,249,242,250,244,247,125,128,128
184,213,213,213,217,194,208,225,224,228,224,223,230,235,237,240,242,239,237,247,244,242,244,130,128,128
194,149,211,205,214,205,206,219,227,229,227,227,231,231,233,242,245,245,247,246,241,252,252,128,128,128
193,196,202,213,197,236,215,204,224,225,227,231,235,236,238,242,240,238,244,251,244,245,255,124,128,128
204,186,198,211,214,217,216,217,214,218,224,227,229,236,240,240,248,243,242,236,249,248,125,131,128,128
181,180,182,198,198,223,211,216,216,225,233,229,225,235,245,242,241,250,243,247,255,245,131,126,128,128
137,194,217,200,213,223,227,221,218,226,230,234,225,241,240,245,239,246,246,245,250,252,127,127,128,128
145,172,215,225,197,223,221,220,220,224,229,238,231,242,237,241,243,248,247,244,249,252,130,130,128,128
