72,48,10,37,108,165,174,178,180,183,203,196,198,210,217,227,216,230,236,236,248,241,254,247,242,251
38,14,12,70,128,182,173,175,192,195,203,209,211,211,205,231,230,239,236,241,241,251,245,255,245,252
17,7,47,119,166,168,183,176,190,185,197,194,210,219,230,215,235,226,246,240,243,242,255,244,254,248
3,21,77,144,164,173,173,191,185,197,210,208,212,228,223,230,235,236,237,240,243,249,250,252,248,253
29,74,118,154,165,170,160,171,196,209,204,208,211,216,225,231,224,224,235,240,244,247,249,251,252,252
78,108,138,150,167,180,155,194,193,201,215,198,216,210,217,230,229,224,230,236,241,244,247,250,251,251
102,143,143,166,167,166,175,193,190,202,215,215,221,218,224,229,229,229,233,230,239,242,247,250,251,252
130,150,170,163,149,163,154,192,190,206,212,215,219,216,226,227,225,224,231,232,237,241,246,249,251,252
133,146,158,154,134,148,174,190,204,197,214,211,230,213,224,229,226,212,218,232,236,239,244,247,249,250
147,145,137,157,133,150,177,206,196,200,220,211,218,200,215,222,229,223,228,238,235,238,243,246,248,250
122,142,142,152,151,138,185,187,196,217,207,205,219,208,223,217,223,219,216,213,233,236,240,243,246,249
139,153,177,148,145,166,189,200,200,210,202,208,218,206,226,224,229,220,215,215,228,231,235,239,242,245
164,186,178,176,178,178,178,194,204,197,196,211,204,205,222,222,224,219,203,206,212,231,221,241,236,246
170,185,197,179,167,193,183,195,196,197,205,211,205,207,222,210,205,201,202,208,211,207,235,224,228,237
196,200,190,172,176,192,176,176,190,196,198,189,193,200,203,209,211,201,216,233,236,199,204,200,226,230
184,176,182,181,179,154,153,147,170,160,167,193,176,186,183,192,188,230,177,175,241,189,181,205,199,219
169,186,181,185,178,156,149,108,118,121,133,148,163,176,174,181,177,203,188,170,238,173,157,191,201,209
131,142,171,182,177,146,128,110,98,84,90,107,149,129,156,176,186,191,164,151,223,136,175,173,185,204
121,142,122,102,130,110,112,103,85,77,84,98,102,117,118,150,147,188,142,184,157,146,146,156,196,198
110,114,88,96,128,82,95,80,77,76,71,81,93,99,107,104,138,186,118,235,106,108,139,173,186,171
95,76,73,62,77,67,53,51,31,50,52,55,66,78,75,86,103,150,207,98,93,98,110,130,162,119
60,65,69,67,69,53,47,18,13,6,2,40,59,65,71,78,108,95,154,86,90,87,116,138,81,19
69,52,59,59,55,77,21,13,0,0,2,5,32,37,61,55,82,107,94,77,84,89,101,60,50,38
48,42,43,51,50,58,41,31,9,15,13,9,11,34,26,42,75,96,79,53,70,95,70,59,49,58
29,48,36,54,49,38,52,41,28,41,29,18,0,15,30,29,51,114,69,54,65,94,87,89,72,69
44,36,44,36,21,46,48,51,33,18,39,33,23,30,46,35,36,109,61,42,70,76,94,82,77,23
6,31,30,20,26,20,35,40,48,15,26,33,32,22,35,40,55,75,75,55,49,59,50,61,48,22
30,4,33,23,27,20,35,50,39,51,27,32,12,27,18,45,42,58,81,60,39,44,50,49,35,14
37,38,18,21,19,10,28,12,25,29,31,40,22,15,14,30,21,26,76,80,72,51,38,43,30,32
19,3,16,19,11,19,4,5,16,11,34,26,38,26,30,27,44,51,54,55,29,47,40,30,20,44
