110,121,147,183,197,199,223,237,237,236,240,246,247,126,131,129,128,128,128,128,128,128,128,128,128,128
110,136,172,175,176,209,221,231,232,241,243,246,238,136,124,126,128,128,128,128,128,128,128,128,128,128
129,147,170,185,192,205,224,228,237,234,236,242,130,127,128,133,128,128,128,128,128,128,128,128,128,128
138,143,159,186,202,202,227,231,232,247,240,238,129,130,125,124,128,128,128,128,128,128,128,128,128,128
166,178,187,186,175,211,219,231,236,235,235,132,126,127,131,131,128,128,128,128,128,128,128,128,128,128
146,158,191,183,200,204,224,216,234,242,242,131,125,122,129,128,128,128,128,128,128,128,128,128,128,128
178,179,166,196,196,213,226,229,235,236,126,125,134,127,131,127,128,128,128,128,128,128,128,128,128,128
204,189,191,186,203,224,232,227,232,234,130,128,125,129,125,130,128,128,128,128,128,128,128,128,128,128
205,201,187,185,205,212,226,227,235,235,132,126,129,128,128,129,128,128,128,128,128,128,128,128,128,128
205,206,190,211,211,221,208,229,229,129,125,127,129,126,131,125,128,128,128,128,128,128,128,128,128,128
190,214,216,213,204,202,211,226,229,127,129,130,125,128,131,126,128,128,128,128,128,128,128,128,128,128
204,192,202,195,207,228,212,231,127,129,126,132,128,126,124,132,128,128,128,128,128,128,128,128,128,128
202,188,200,189,214,212,221,237,129,130,126,120,131,130,128,126,128,128,128,128,128,128,128,128,128,128
189,203,209,210,214,203,239,125,126,128,131,131,128,123,130,126,128,128,128,128,128,128,128,128,128,128
219,193,206,211,215,228,125,130,126,133,120,130,127,130,132,125,128,128,128,128,128,128,128,128,128,128
189,209,205,225,222,234,126,128,131,126,130,128,127,129,125,131,128,128,128,128,128,128,128,128,128,128
207,222,218,220,226,125,132,127,128,128,128,128,128,128,128,128,128,128,128,128,128,128,128,128,128,128
210,211,216,222,227,123,132,127,128,128,128,128,128,128,128,128,128,128,128,128,128,128,128,128,128,128
217,213,210,218,126,129,135,121,128,128,128,128,128,128,128,128,128,128,128,128,128,128,128,128,128,128
218,214,202,220,128,128,123,135,128,128,128,128,128,128,128,128,128,128,128,128,128,128,128,128,128,128
225,215,219,123,133,130,133,120,128,128,128,128,128,128,128,128,128,128,128,128,128,128,128,128,128,128
218,222,125,132,128,122,127,133,128,128,128,128,128,128,128,128,128,128,128,128,128,128,128,128,128,128
233,223,128,128,128,132,125,130,128,128,128,128,128,128,128,128,128,128,128,128,128,128,128,128,128,128
234,126,129,128,128,128,128,127,128,128,128,128,128,128,128,128,128,128,128,128,128,128,128,128,128,128
128,128,128,128,128,128,128,128,128,128,128,128,128,128,128,128,128,128,128,128,128,128,128,128,128,128
128,128,128,128,128,128,128,128,128,128,128,128,128,128,128,128,128,128,128,128,128,128,128,128,128,128
128,128,128,128,128,128,128,128,128,128,128,128,128,128,128,128,128,128,128,128,128,128,128,128,128,128
128,128,128,128,128,128,128,128,128,128,128,128,128,128,128,128,128,128,128,128,128,128,128,128,128,128
128,128,128,128,128,128,128,128,128,128,128,128,128,128,128,128,128,128,128,128,128,128,128,128,128,128
128,128,128,128,128,128,128,128,128,128,128,128,128,128,128,128,128,128,128,128,128,128,128,128,128,128
