162,180,184,206,182,226,219,212,238,232,230,237,233,243,241,247,248,245,248,249,255,249,128,127,128,128
151,146,188,202,203,211,209,213,232,228,229,235,233,241,237,239,247,246,249,249,249,255,133,129,128,128
169,211,202,203,211,211,219,220,232,231,234,237,238,247,246,246,246,251,252,252,255,127,123,128,128,128
186,194,195,216,209,225,221,216,234,230,232,230,231,242,244,245,244,250,252,251,249,132,128,130,128,128
175,204,215,204,223,213,228,210,234,230,236,239,242,246,243,242,247,246,252,255,254,128,125,127,128,128
166,196,214,215,218,223,218,223,234,224,228,234,240,244,245,248,249,247,252,254,251,128,127,129,128,128
181,191,211,209,211,222,221,232,235,231,232,235,234,240,248,250,244,249,253,251,123,129,128,130,128,128
180,211,198,209,221,210,226,229,231,231,239,232,241,241,252,249,251,249,243,255,128,132,129,125,128,128
207,199,211,208,212,227,224,234,227,234,243,234,244,244,252,249,248,252,250,255,126,126,129,128,128,128
215,205,216,221,218,227,235,237,228,240,242,240,243,246,247,250,255,245,250,255,128,130,126,133,128,128
198,216,213,225,227,215,228,233,233,241,243,243,244,243,243,249,247,255,248,127,128,127,128,127,128,128
216,215,226,226,230,234,229,239,238,239,247,241,247,238,245,247,242,245,248,126,131,132,125,128,128,128
218,213,216,221,224,231,236,233,238,239,249,241,246,240,249,245,232,247,255,127,126,126,126,130,128,128
206,224,225,226,236,233,233,244,236,241,246,245,240,247,250,244,242,252,249,129,127,129,128,127,128,128
168,201,231,234,230,238,239,251,239,242,239,243,243,248,245,249,250,244,129,130,131,124,123,131,128,128
213,212,223,241,237,228,245,246,241,241,241,245,245,248,248,250,250,255,123,126,125,135,128,131,128,128
182,181,243,228,230,231,246,245,244,238,242,246,246,244,249,250,251,249,130,131,128,119,130,128,128,128
185,192,216,224,220,248,239,246,248,238,244,246,246,242,251,250,247,246,126,128,132,132,135,126,128,128
153,196,219,227,228,241,226,243,251,241,247,248,247,243,252,251,248,127,131,124,129,127,120,130,128,128
145,209,163,214,220,233,244,237,247,242,246,249,247,244,249,249,253,125,127,134,125,131,131,129,128,128
175,176,181,203,231,226,236,242,239,242,244,249,247,246,245,247,248,132,126,130,127,123,135,123,128,128
148,134,216,201,219,232,229,245,235,242,244,251,249,250,244,246,128,128,127,128,128,131,124,131,128,128
113,159,183,183,215,229,233,234,229,239,249,251,244,252,246,246,128,128,128,128,128,128,128,128,128,128
115,116,119,165,212,225,222,226,232,232,246,249,255,243,250,248,128,128,128,128,128,128,128,128,128,128
82,117,113,156,186,221,216,217,224,226,251,251,246,254,251,127,128,128,128,128,128,128,128,128,128,128
99,97,118,113,186,184,199,212,203,196,249,255,255,251,245,129,128,128,128,128,128,128,128,128,128,128
59,97,127,121,133,215,200,215,207,233,255,247,247,254,247,130,128,128,128,128,128,128,128,128,128,128
66,81,108,126,133,147,208,223,226,243,251,242,255,254,120,129,128,128,128,128,128,128,128,128,128,128
59,65,103,108,132,207,214,219,226,243,235,241,255,251,132,128,128,128,128,128,128,128,128,128,128,128
52,76,105,95,137,194,206,222,230,234,234,252,244,129,128,129,128,128,128,128,128,128,128,128,128,128
