165,160,162,149,146,145,184,171,162,161,152,157,173,169,166,172,148,156,146,156,162,157,167,152,137,149
188,164,186,137,160,154,166,153,168,158,160,171,165,178,183,165,173,182,164,176,161,187,157,154,162,159
175,165,173,181,160,159,160,182,157,157,157,163,168,159,182,179,163,177,186,171,180,193,177,158,172,157
175,163,173,169,153,162,141,157,179,181,163,177,185,167,161,178,158,163,172,190,175,205,191,161,157,170
184,175,168,171,190,159,152,166,154,183,181,163,160,190,172,170,168,189,172,170,168,174,187,179,170,158
178,166,177,163,169,154,159,171,144,183,186,195,191,165,172,173,176,190,170,181,204,199,181,184,172,164
165,164,184,174,191,171,167,154,160,163,167,188,189,183,159,182,195,170,194,183,187,188,197,192,185,193
165,176,168,199,184,151,151,167,167,175,181,194,191,169,177,170,173,181,190,197,187,194,174,194,172,168
201,171,170,170,181,164,158,177,171,179,195,188,172,199,195,182,197,202,194,204,186,198,183,167,174,169
197,175,176,179,184,166,151,153,141,161,179,188,180,194,192,187,194,193,205,192,209,192,195,197,198,193
198,200,189,215,192,167,179,147,119,160,172,196,189,182,206,195,179,200,201,201,204,192,193,204,172,201
185,209,193,202,178,194,204,151,142,175,192,183,194,191,208,204,198,200,198,184,180,202,206,198,201,184
188,206,208,182,202,183,190,152,180,179,180,200,199,198,208,187,203,194,199,203,207,198,200,196,215,198
207,205,174,195,202,186,181,171,184,172,200,188,181,191,202,198,207,212,187,207,197,198,200,192,191,199
222,187,186,210,191,176,188,207,183,175,182,176,179,195,176,205,201,209,195,197,193,175,198,195,194,203
202,201,198,198,184,198,175,199,173,172,163,178,157,168,192,202,192,191,203,213,191,202,192,175,176,210
200,187,180,167,200,198,185,205,202,191,178,157,178,172,182,184,194,200,185,197,206,192,171,161,202,197
176,207,165,161,186,168,182,199,174,153,176,179,169,160,183,174,161,153,173,176,189,171,172,197,194,163
188,186,163,175,188,159,189,193,193,189,193,169,164,182,181,162,153,157,160,184,167,190,163,167,163,153
157,154,161,182,181,179,200,160,155,159,171,172,176,173,168,153,132,141,133,154,167,172,164,151,159,147
157,150,165,168,191,178,161,155,175,162,165,151,183,169,168,157,151,133,140,158,156,168,170,146,141,138
144,148,146,180,162,166,150,178,179,148,187,170,166,157,154,149,139,131,154,142,147,140,160,144,130,115
126,126,143,158,143,151,150,173,174,160,201,165,176,180,165,139,138,142,139,133,130,134,129,129,124,100
95,100,122,131,126,133,152,147,154,165,197,171,183,144,173,135,130,136,141,138,128,130,129,115,99,94
88,98,104,103,117,137,136,142,155,157,163,188,165,138,152,121,133,107,111,132,121,113,113,111,95,77
74,88,87,102,106,117,126,144,161,154,177,162,148,139,138,113,117,108,98,92,89,95,100,79,88,67
55,70,66,87,96,118,122,127,139,161,142,144,146,136,121,111,112,103,94,87,83,81,86,68,84,62
43,56,59,67,85,102,109,116,126,133,140,134,137,119,114,113,119,101,89,82,87,71,70,68,65,62
39,49,58,57,75,86,92,114,131,127,122,130,133,121,119,110,111,106,88,75,73,69,64,61,49,60
42,40,47,55,69,84,85,103,124,143,103,119,128,128,128,120,100,105,87,86,64,69,66,58,53,49
