195,203,208,200,209,209,204,205,206,208,213,211,209,208,224,206,205,211,216,201,215,213,221,202,222,220
205,193,207,211,210,204,206,206,203,201,215,202,210,200,203,210,210,209,215,211,215,218,223,224,196,204
197,203,206,216,205,206,197,216,204,222,214,209,209,204,211,215,216,212,213,219,212,207,220,193,188,221
203,204,212,198,209,204,203,216,208,213,210,204,213,212,218,202,212,216,214,222,222,212,211,215,216,199
196,203,192,203,206,204,213,214,207,207,210,212,211,209,222,205,219,216,215,212,214,209,214,211,206,204
204,199,204,206,204,205,206,212,207,215,211,220,208,208,208,209,214,206,224,217,213,213,217,206,216,222
204,216,210,214,200,209,202,207,209,200,211,204,216,212,211,221,216,210,226,217,210,209,209,212,218,214
194,203,203,207,216,216,205,215,204,209,215,210,219,208,207,217,217,224,223,216,221,225,221,224,218,220
198,204,201,207,212,213,204,226,220,215,210,211,225,214,226,225,222,217,231,225,222,222,218,231,220,221
198,198,205,211,210,216,206,205,214,210,224,214,226,222,227,226,217,223,224,227,220,225,219,229,229,210
195,204,200,219,200,215,210,211,219,218,219,219,215,216,216,215,220,227,234,231,229,229,226,219,225,216
207,198,209,211,205,210,217,219,218,223,222,232,220,215,222,223,216,227,216,228,225,229,222,224,222,221
210,203,205,207,210,212,207,217,227,221,215,203,219,228,228,224,230,217,226,222,233,227,226,227,218,224
204,217,195,210,208,215,219,222,213,209,207,212,219,216,217,223,226,229,231,237,236,234,238,227,221,227
208,212,210,205,214,216,220,229,220,217,206,230,225,227,224,223,224,220,230,225,228,232,235,232,232,223
202,215,221,212,216,222,224,219,229,220,218,226,219,230,228,230,223,232,232,228,219,230,232,224,229,231
204,216,210,212,202,207,220,218,218,220,221,222,227,232,226,232,226,219,232,220,228,233,229,230,220,230
202,210,192,206,214,210,209,217,216,213,207,218,221,219,228,228,213,228,217,230,228,225,221,224,233,222
196,205,203,206,207,208,209,204,208,204,212,213,223,220,223,225,216,212,224,223,224,221,216,221,225,223
197,196,206,199,201,201,194,190,197,206,209,204,205,206,211,223,216,210,222,222,220,227,214,207,221,223
189,193,195,184,200,199,181,193,190,200,191,201,196,204,201,202,207,201,198,201,204,202,205,209,205,209
186,169,178,191,197,189,193,196,192,187,196,191,189,193,197,198,201,194,199,199,195,195,199,191,210,204
155,174,187,175,140,154,172,180,181,166,187,168,161,162,170,182,173,181,184,195,174,189,191,188,196,197
109,116,114,149,124,124,122,160,151,138,138,156,154,170,166,161,173,164,169,161,159,158,168,172,176,167
99,101,101,85,89,91,87,103,95,94,101,123,137,143,136,145,129,114,125,117,120,125,136,125,146,142
62,61,92,82,79,78,72,65,54,59,66,66,68,76,78,74,80,78,72,81,76,80,87,99,107,130
63,71,64,71,62,48,51,55,61,48,52,65,61,61,50,68,51,63,63,65,62,75,78,88,88,89
49,52,43,52,38,41,51,55,43,52,48,39,42,39,40,46,26,44,29,32,50,55,57,61,69,81
50,35,44,37,32,30,35,32,41,46,31,31,24,44,38,34,38,45,35,39,40,51,49,45,57,61
37,32,30,26,23,9,19,25,42,20,4,25,12,17,29,30,23,21,32,33,32,53,31,39,43,54
