111,107,102,105,103,110,109,116,114,111,124,128,137,129,147,148,191,177,224,237,243,255,120,129,127,127
98,95,98,102,96,100,91,107,97,99,102,106,100,104,116,116,133,127,144,153,175,217,132,125,127,127
97,91,95,96,94,90,74,92,94,95,88,100,96,106,108,110,101,108,117,135,146,122,122,130,127,127
97,85,86,86,93,90,76,84,98,95,85,92,102,96,91,95,92,99,99,100,114,126,134,127,127,127
96,77,84,79,85,89,89,78,76,95,92,89,102,87,80,88,100,94,94,98,97,132,122,127,127,127
98,77,90,79,74,81,91,65,28,79,89,82,92,87,81,94,98,99,89,99,102,122,132,125,127,127
84,90,95,82,74,94,50,75,60,69,83,81,69,90,82,89,98,89,93,103,122,131,124,126,127,127
89,84,89,83,99,95,50,79,68,70,87,91,85,96,89,83,105,84,89,101,130,130,126,126,127,127
99,91,104,74,92,101,84,83,77,72,87,89,79,82,98,94,109,83,87,95,128,124,129,128,127,127
71,94,110,60,81,100,96,82,93,76,79,89,83,87,105,93,103,88,95,101,124,124,130,127,127,127
67,61,91,77,71,82,105,93,95,84,81,92,79,82,101,95,99,93,100,120,129,129,127,125,127,127
80,63,70,82,85,76,91,108,87,91,93,94,73,72,92,99,106,94,93,127,129,129,124,128,127,127
85,72,72,83,86,79,89,87,88,94,96,92,91,87,92,91,108,95,89,126,125,127,125,129,127,127
89,98,77,64,82,85,90,86,90,94,94,76,88,85,94,99,100,96,96,129,126,129,127,125,127,127
95,101,100,75,77,84,100,85,82,86,96,80,94,86,91,97,95,92,125,124,131,125,124,131,127,127
89,92,85,77,82,82,77,78,77,87,76,92,85,87,74,89,96,100,129,128,127,127,128,125,127,127
88,91,81,84,90,88,61,72,84,88,74,53,59,100,109,80,101,110,126,128,123,127,131,124,127,127
84,89,86,85,88,90,60,67,77,69,93,60,27,79,103,82,105,122,123,127,125,127,128,127,127,127
82,84,93,86,84,88,73,73,75,82,85,84,36,26,94,74,90,129,127,127,128,127,123,129,127,127
81,78,94,90,86,86,87,86,68,67,86,85,72,54,69,62,69,125,131,125,127,129,124,128,127,127
73,76,88,88,85,85,91,87,71,64,64,83,71,72,60,80,86,122,128,124,127,129,125,128,127,127
72,84,89,89,89,93,95,87,83,70,78,76,80,79,71,71,126,129,127,126,129,128,125,127,127,127
72,87,86,86,86,88,94,91,81,81,78,83,83,75,71,67,127,127,127,127,127,127,127,127,127,127
59,54,68,74,88,92,86,98,85,88,78,85,87,67,37,73,127,127,127,127,127,127,127,127,127,127
28,26,66,56,70,80,76,87,82,85,81,80,79,87,73,125,127,127,127,127,127,127,127,127,127,127
14,25,69,67,64,82,83,82,96,85,92,90,83,74,73,125,127,127,127,127,127,127,127,127,127,127
7,2,35,65,61,55,80,90,81,82,94,87,99,77,90,126,127,127,127,127,127,127,127,127,127,127
15,17,3,25,30,73,91,79,79,82,94,83,96,92,124,127,127,127,127,127,127,127,127,127,127,127
18,13,24,4,27,21,57,89,80,68,77,92,95,101,127,124,127,127,127,127,127,127,127,127,127,127
9,30,19,17,9,37,11,64,80,87,76,87,98,124,127,131,127,127,127,127,127,127,127,127,127,127
