254,177,16,30,75,245,218,197,205,181,177,163,160,136,117,137,119,142,141,136,138,141,155,152,178,160
250,245,110,23,9,83,236,239,198,196,197,181,171,152,139,151,151,143,137,124,128,151,163,155,152,164
247,244,240,80,8,22,70,117,213,205,186,175,178,177,162,157,138,135,144,162,140,155,146,143,150,129
251,252,248,204,53,17,15,35,65,83,110,190,229,228,217,189,163,130,137,130,139,129,128,124,150,125
253,254,251,247,167,69,61,52,8,18,36,37,62,64,61,91,108,142,165,192,185,195,180,177,199,186
253,254,255,251,239,170,125,168,168,97,81,49,31,2,11,3,21,20,16,40,33,46,39,48,39,49
253,254,249,252,252,225,182,164,175,189,183,195,178,188,151,121,93,78,78,62,54,54,58,55,42,31
253,254,255,252,247,241,216,193,192,187,188,190,186,197,195,188,187,189,193,177,179,180,189,179,188,171
252,253,250,255,249,248,240,221,211,199,179,159,182,176,204,192,180,169,183,187,178,184,195,192,180,173
253,254,255,255,255,247,234,239,239,203,196,175,191,177,176,179,169,174,190,177,179,175,192,199,181,170
252,254,252,250,255,255,244,239,237,220,196,178,185,164,155,156,174,178,186,172,185,176,181,183,191,183
249,252,254,255,254,251,253,246,236,235,203,198,194,179,155,148,179,176,179,187,174,184,189,189,194,195
245,249,253,254,255,253,255,249,255,242,237,203,185,188,185,200,169,190,184,182,188,179,193,182,193,201
240,249,255,252,251,254,255,253,248,252,251,217,186,187,180,182,181,184,181,184,196,184,200,188,199,200
231,244,250,252,255,255,254,254,254,255,255,241,207,183,188,191,201,186,199,202,197,197,199,203,194,187
238,231,232,242,250,253,253,254,255,251,255,255,239,179,189,191,188,188,199,195,197,192,208,207,209,200
207,207,195,224,233,240,254,255,249,255,255,253,255,194,186,180,180,201,197,201,197,206,196,206,204,211
187,206,151,228,220,221,239,238,255,255,255,250,255,220,189,186,196,195,196,194,204,202,207,203,213,213
182,175,106,133,242,189,215,245,240,255,255,255,255,234,184,186,188,170,200,200,201,206,202,207,206,200
98,135,173,95,230,129,152,183,217,246,255,255,255,237,178,177,172,177,180,184,197,195,201,206,216,208
74,76,209,74,225,100,107,147,197,242,254,254,253,237,177,122,154,172,185,198,180,185,187,194,228,222
1,0,48,197,151,61,81,91,103,161,240,250,255,193,184,179,134,166,162,179,157,173,164,145,210,200
4,9,0,101,184,49,52,69,76,100,99,198,201,122,125,97,101,103,121,126,144,167,156,154,179,149
30,33,14,99,191,48,44,44,55,35,64,71,71,60,53,56,63,74,70,71,91,110,109,113,97,130
52,28,20,146,98,48,43,41,48,46,22,49,53,29,46,54,59,54,59,57,67,87,68,63,59,71
15,24,20,112,80,51,21,15,33,30,15,33,52,43,14,48,55,55,61,66,55,48,54,52,54,39
29,25,97,33,72,33,5,13,21,19,27,29,55,54,47,54,67,65,44,42,53,54,54,44,54,55
27,83,45,26,63,0,18,6,15,18,15,8,25,42,43,35,29,18,28,59,53,52,54,32,33,53
46,14,74,64,16,12,35,22,27,20,11,22,37,17,50,34,35,38,31,17,16,48,48,39,40,52
59,62,17,6,8,4,5,38,38,12,20,19,26,41,49,63,23,23,2,9,18,20,58,33,38,35
