31,31,3,13,28,44,97,138,162,170,189,202,201,203,209,214,215,218,224,227,230,238,230,228,235,225
36,1,8,19,31,88,139,142,168,172,199,198,206,212,220,225,221,215,218,227,227,230,232,233,240,232
12,9,19,34,66,114,157,166,163,177,184,209,195,212,219,215,217,222,223,224,232,235,228,240,224,235
15,25,38,65,114,138,173,180,165,198,197,217,214,216,214,219,227,222,220,229,231,230,237,238,239,242
27,38,52,87,105,164,156,157,153,198,200,213,220,215,226,223,226,215,227,233,232,231,236,238,238,243
41,67,89,91,141,144,142,133,170,174,200,215,213,219,222,226,219,223,224,228,231,232,235,238,240,244
60,73,83,113,133,119,114,129,177,193,211,214,213,216,224,221,223,219,222,222,229,233,235,237,243,246
93,102,109,123,128,140,136,168,173,205,208,216,222,218,225,223,230,217,222,226,227,233,234,236,244,247
97,84,126,146,161,161,159,184,187,205,214,221,221,222,215,225,219,220,215,226,226,232,233,234,242,246
114,97,156,197,193,172,162,179,202,216,226,220,218,224,217,216,215,218,214,220,224,229,232,234,239,244
105,125,179,202,206,196,187,200,206,216,220,217,222,226,224,215,220,213,212,215,222,226,231,233,236,244
105,173,204,213,197,190,189,211,214,214,218,224,219,224,213,220,211,206,194,206,221,223,230,233,234,244
115,177,213,213,216,214,210,198,204,213,222,219,215,219,220,224,206,192,192,202,210,225,221,235,251,252
164,203,219,209,215,210,217,203,200,200,202,213,217,208,193,218,199,193,184,185,207,215,229,241,240,242
176,210,220,201,219,212,222,203,190,176,171,198,196,196,193,193,195,190,187,194,208,226,233,242,235,234
175,215,223,216,217,204,197,183,188,161,130,145,197,176,189,188,202,191,184,206,221,233,243,241,236,228
153,203,212,214,209,207,178,144,136,106,102,142,168,179,182,174,174,206,211,216,232,237,240,232,214,215
133,213,221,204,188,176,130,76,48,12,16,54,125,176,175,171,188,205,215,228,228,236,229,109,48,37
115,174,195,189,159,99,43,8,7,2,0,0,26,99,133,138,182,215,216,216,238,188,59,36,17,7
105,146,165,144,109,57,44,26,14,15,15,21,15,50,118,143,140,200,213,234,211,96,95,100,89,6
99,79,113,107,100,68,46,41,45,36,38,53,55,56,98,130,168,179,225,231,228,160,155,192,207,33
119,95,52,53,47,47,40,48,54,60,76,88,80,84,85,110,155,145,191,162,139,164,183,212,200,94
138,129,81,56,55,44,50,69,80,95,95,115,106,107,99,106,133,130,119,88,98,137,145,183,196,177
134,140,116,95,88,82,78,98,100,89,103,113,104,100,123,92,118,108,80,68,102,139,151,150,190,227
157,139,131,135,106,105,123,93,107,113,115,96,99,116,117,103,94,87,71,84,111,102,100,130,163,211
166,136,160,137,112,106,87,125,112,117,101,97,97,112,124,106,97,67,70,86,97,98,116,114,158,215
147,145,118,154,115,107,123,118,121,117,117,108,86,93,109,106,84,76,68,95,114,91,93,118,151,181
150,140,107,126,119,102,101,116,114,108,111,111,99,94,103,96,79,74,85,112,103,99,90,128,119,143
150,137,124,145,93,107,121,107,102,110,97,112,94,104,102,100,93,97,96,92,98,102,82,116,129,140
148,154,136,129,123,134,115,123,99,114,113,105,95,100,97,98,84,81,84,94,96,94,107,109,101,147
