97,100,110,111,117,127,121,136,141,141,141,136,154,148,136,134,148,133,128,134,134,131,144,136,137,140
112,103,103,115,122,130,122,125,131,138,146,149,147,123,141,140,138,154,141,144,153,125,146,128,120,123
155,147,139,142,130,140,141,139,144,136,133,137,132,116,128,125,105,125,127,127,121,122,105,111,127,128
177,171,155,159,138,156,158,133,133,130,121,113,110,117,119,118,111,112,112,115,112,117,114,115,115,107
171,168,162,159,151,153,148,127,124,116,110,110,109,107,109,105,118,117,107,114,110,98,112,110,115,121
140,142,144,139,149,141,132,123,115,102,98,99,96,87,81,83,90,82,91,89,84,101,104,106,105,107
130,116,127,138,123,127,113,99,87,90,92,77,69,69,65,78,73,63,77,68,77,82,81,87,88,91
118,115,117,115,103,96,88,104,91,79,82,79,77,68,73,74,70,79,68,74,73,80,70,79,81,84
121,115,98,99,94,93,91,89,78,78,71,77,85,74,73,76,72,77,74,83,64,72,81,85,82,85
105,113,108,100,101,96,87,88,83,85,80,81,80,80,85,81,78,84,77,73,67,78,80,81,85,72
109,107,117,101,102,100,92,93,88,88,87,88,84,76,81,85,83,78,75,80,75,74,84,75,84,81
113,114,104,103,101,101,95,94,91,86,87,84,77,78,82,75,73,75,79,76,78,71,78,74,80,90
130,109,106,107,106,100,92,90,92,89,84,77,79,83,84,79,73,75,79,76,81,85,74,77,80,81
116,113,107,111,116,106,103,94,95,94,89,86,95,91,87,98,91,89,92,98,97,101,96,86,89,84
117,111,119,117,124,115,121,105,104,106,99,103,101,108,100,112,107,120,117,110,115,117,118,106,107,108
131,133,136,136,131,117,126,111,116,120,107,108,107,109,103,133,129,132,118,112,119,136,115,128,124,124
141,145,133,139,131,127,131,125,123,117,107,111,120,122,133,128,145,140,147,144,140,126,121,127,141,148
152,137,143,132,129,127,128,130,121,114,117,136,128,131,139,134,150,148,160,156,142,143,135,129,126,141
125,152,140,135,138,135,142,136,150,132,132,117,137,140,146,145,160,146,143,123,146,140,133,126,125,134
135,146,148,136,153,158,152,151,150,148,148,134,143,145,166,147,162,127,149,138,152,152,149,145,143,132
152,152,153,162,155,148,158,156,173,153,163,148,147,144,133,151,140,146,147,152,163,161,139,150,151,135
157,164,151,139,161,149,143,156,165,168,156,134,144,137,148,151,150,141,150,156,149,129,145,142,123,119
174,173,168,173,151,149,164,162,166,159,148,125,141,129,146,147,152,152,154,154,153,161,144,161,156,130
177,143,163,152,162,153,161,163,151,154,156,164,140,139,169,166,162,164,163,165,135,166,156,143,158,151
165,155,163,155,162,160,177,148,148,179,157,156,151,156,162,163,149,155,163,136,154,155,162,161,145,148
176,169,174,173,174,167,169,154,157,156,173,149,169,157,165,155,160,142,147,158,152,152,150,157,162,124
167,167,164,160,161,179,145,150,158,169,139,166,148,142,139,149,145,149,148,154,146,145,138,162,136,125
179,167,170,157,177,151,166,151,161,155,149,154,131,149,137,151,148,126,133,150,146,129,148,172,146,128
172,169,153,154,153,154,145,152,160,149,155,155,107,131,127,149,113,142,154,143,135,152,154,145,134,131
171,168,150,157,159,156,143,144,146,122,146,126,132,120,136,140,143,147,146,143,143,162,134,140,111,118
