60,8,3,28,7,8,3,5,21,32,35,7,9,38,22,128,70,23,30,24,27,32,31,30,72,9
21,7,30,25,0,21,11,10,15,8,34,36,27,47,22,112,64,14,16,39,39,29,14,25,15,6
46,33,41,44,13,15,48,8,25,43,5,55,54,20,37,99,94,31,36,7,24,16,34,0,40,3
53,23,43,29,44,43,54,3,16,55,33,40,36,32,13,103,106,81,44,44,36,18,0,16,20,65
39,37,40,8,15,39,46,44,48,43,46,30,14,19,17,70,99,99,77,35,19,11,23,34,27,104
47,8,41,21,17,35,24,17,46,34,16,38,5,35,27,46,62,101,104,92,11,26,51,26,100,50
29,14,24,30,20,23,19,41,8,46,51,29,7,6,54,10,18,20,88,124,107,92,59,95,68,24
46,48,14,29,34,26,31,30,24,18,4,3,11,15,4,27,19,41,49,69,102,120,122,101,93,24
38,35,31,44,61,7,5,39,32,2,0,26,43,53,41,0,8,16,28,14,63,76,75,115,140,123
29,12,37,35,8,37,45,23,4,15,21,34,38,29,3,2,3,9,28,40,51,69,43,63,76,59
13,4,28,18,55,24,30,7,9,11,0,21,13,14,4,12,17,13,35,19,56,71,31,49,63,50
4,38,38,60,52,44,21,22,19,29,36,9,31,25,56,77,78,84,82,86,82,79,56,21,37,51
29,29,23,15,21,20,8,6,23,48,27,60,84,71,103,107,115,124,107,114,109,101,81,61,14,39
28,40,20,25,0,18,17,28,54,45,59,79,84,107,106,115,120,115,124,118,115,114,91,77,54,66
33,28,48,13,29,33,51,76,39,76,83,83,94,103,119,123,124,128,122,115,115,118,107,93,76,72
25,21,44,31,77,91,89,92,79,98,94,100,107,111,121,124,125,129,124,118,125,106,108,106,98,92
13,49,49,68,87,103,93,88,97,106,102,102,114,113,120,122,124,128,124,121,118,106,110,108,105,105
18,48,66,90,93,98,93,99,106,112,114,101,115,112,117,118,120,123,121,120,108,115,109,105,101,102
39,58,73,80,87,84,81,100,100,107,108,95,116,113,117,116,115,119,119,120,116,116,108,108,105,100
60,65,52,84,84,86,81,100,102,109,104,106,115,112,116,115,115,121,123,124,125,116,114,106,104,107
68,49,32,55,83,89,89,99,100,106,98,108,110,109,115,114,115,121,119,116,116,119,119,104,101,109
56,53,65,72,71,75,89,95,93,101,100,106,107,108,115,114,114,117,108,98,102,120,117,111,106,105
21,20,29,48,56,62,76,87,92,94,95,102,100,95,104,102,105,101,97,91,94,110,108,105,101,106
6,25,47,70,86,87,90,96,101,104,106,107,109,101,106,108,107,103,104,110,99,104,104,105,103,95
42,61,62,79,100,101,95,102,112,117,123,117,131,124,124,124,118,120,122,129,122,122,123,123,124,109
50,80,84,105,109,114,107,115,125,128,134,122,137,138,137,133,124,134,132,133,132,134,136,125,133,124
69,94,85,105,106,118,118,129,136,135,139,126,137,143,148,144,133,142,143,147,145,148,148,132,145,141
73,73,90,99,102,115,122,133,140,139,140,131,132,135,144,145,133,132,137,150,150,149,147,135,149,146
75,66,93,96,110,116,123,131,136,138,137,132,141,137,145,145,140,134,137,145,147,149,148,138,149,149
83,73,63,94,103,104,110,117,127,136,135,136,141,134,139,136,141,139,136,131,134,144,144,132,142,147
