168,167,162,144,129,114,95,75,94,73,69,76,99,97,127,130,126,111,131,96,103,73,99,106,106,127
176,163,162,160,123,101,94,76,92,82,88,98,123,106,126,143,138,152,151,139,160,127,120,104,120,99
165,166,173,141,117,107,99,104,82,93,105,104,140,131,137,155,141,154,176,135,166,156,160,158,145,142
166,150,162,166,121,103,98,111,102,106,119,122,112,152,155,156,158,167,180,135,190,192,205,186,197,162
148,152,141,157,133,106,124,125,115,105,125,130,111,150,163,153,135,156,170,173,196,191,199,214,200,198
161,160,154,147,128,121,113,135,145,136,138,125,147,149,164,166,144,157,163,169,167,179,173,181,204,204
173,157,151,132,148,142,128,127,145,134,140,159,176,167,167,149,146,154,155,154,156,142,159,160,178,187
168,163,152,154,132,116,127,146,153,150,132,147,169,174,142,149,140,135,148,150,144,124,125,148,135,138
138,169,169,158,148,139,140,142,146,154,146,160,160,147,141,153,134,161,155,135,159,138,145,119,122,103
160,171,158,161,129,152,150,141,144,174,149,159,163,156,142,137,137,172,144,145,130,138,117,112,106,91
171,171,147,153,150,144,155,123,147,153,156,150,138,130,152,163,154,134,140,139,134,150,113,134,108,113
170,166,153,166,154,135,123,131,139,146,153,150,143,141,138,145,159,170,142,147,140,127,134,113,105,110
175,166,148,152,145,141,140,142,158,142,152,168,149,152,137,150,142,128,132,138,120,145,104,97,109,109
155,173,173,160,171,147,166,154,159,150,161,156,159,130,139,158,132,138,126,130,116,121,124,115,101,79
150,175,178,153,162,159,148,143,152,157,144,157,155,151,159,150,129,140,136,114,137,119,119,119,98,116
166,170,173,161,167,154,143,145,141,137,140,142,156,156,131,150,128,134,136,152,136,127,106,107,111,110
181,169,172,160,151,162,157,154,160,152,151,150,146,144,151,136,143,120,139,151,124,135,124,110,122,138
173,171,163,147,144,149,164,133,138,154,161,133,155,147,146,140,143,156,137,179,141,121,145,131,138,136
167,155,164,165,160,180,160,159,152,150,161,156,161,168,154,175,151,138,131,135,116,149,142,130,137,136
135,157,155,162,161,164,168,169,159,149,161,154,183,161,174,163,152,168,135,143,156,169,132,143,143,152
130,155,151,148,158,150,153,177,181,160,134,169,165,166,171,171,168,179,162,164,162,144,157,171,155,161
141,154,146,122,161,156,175,170,155,171,184,173,162,175,167,189,192,179,175,168,166,167,156,167,168,163
103,113,139,171,155,155,169,160,159,185,176,188,177,183,181,198,188,185,175,180,160,182,169,159,176,186
112,92,133,147,162,170,147,169,162,173,180,180,188,192,198,184,195,183,186,190,184,186,190,195,175,168
129,136,150,155,164,158,168,178,163,187,193,175,198,182,192,198,200,180,191,203,196,178,189,178,164,139
127,128,136,138,148,143,166,158,177,183,186,181,200,190,193,200,184,201,191,187,190,189,194,155,180,163
129,131,140,144,157,155,155,162,204,207,201,191,195,195,181,197,199,203,188,210,199,196,186,183,184,186
128,125,127,124,129,122,148,180,191,188,196,202,193,177,198,194,192,190,186,192,193,193,191,184,167,161
128,126,130,126,129,118,163,174,186,199,209,191,190,196,195,172,187,185,190,190,181,199,184,179,174,159
129,126,129,126,127,114,144,163,223,200,196,185,195,187,184,203,191,206,201,185,188,177,178,185,161,151
