49,47,46,36,29,34,36,38,46,28,34,41,46,63,52,56,60,56,71,75,69,65,85,82,103,131
74,84,91,91,106,121,122,123,124,110,119,104,79,76,56,55,33,33,19,42,46,47,48,71,57,124
110,109,122,119,152,139,171,173,157,160,177,186,193,193,192,177,177,182,161,131,79,52,37,35,45,130
166,170,184,176,178,187,190,203,222,216,226,231,228,242,238,245,247,253,245,245,212,194,180,143,66,124
170,177,167,186,200,186,206,195,209,214,219,228,229,232,226,241,249,249,249,245,237,209,244,228,233,132
170,168,150,176,172,189,187,191,184,189,204,225,226,219,243,233,233,248,243,255,253,231,238,238,237,128
147,151,145,158,154,193,184,184,190,205,201,205,215,209,228,229,241,247,249,237,248,235,236,228,243,128
116,114,143,136,137,162,157,166,177,195,194,192,204,220,219,237,236,235,242,249,232,245,235,239,233,127
144,141,124,124,101,105,132,148,157,158,183,191,184,211,220,221,232,216,233,241,241,235,225,231,236,134
164,149,173,178,193,173,142,105,113,137,149,152,179,189,204,223,234,235,237,233,231,221,205,219,236,123
92,94,111,117,144,179,195,181,138,123,124,115,153,162,196,245,241,244,241,229,224,218,203,200,220,126
85,75,92,85,97,96,113,183,202,170,108,95,117,144,165,190,209,215,231,228,230,212,187,195,213,127
94,117,104,89,95,81,93,104,145,200,182,126,104,110,149,154,197,216,229,230,234,218,212,201,206,126
93,138,176,167,110,108,98,91,90,192,225,200,137,115,133,153,196,207,241,229,230,230,218,198,208,125
78,108,218,213,205,189,181,120,104,95,122,193,209,163,116,130,190,213,222,221,231,225,240,229,223,126
85,104,213,234,236,246,223,201,109,88,93,88,120,149,151,173,170,209,229,217,236,237,232,243,239,129
80,158,242,249,249,253,255,229,105,84,70,73,110,201,186,202,202,238,237,230,238,237,248,248,246,128
81,143,238,244,252,255,254,254,102,87,83,80,116,205,198,217,222,224,232,242,236,239,252,251,245,125
79,167,243,249,250,253,255,230,102,98,99,122,175,195,172,207,234,242,235,242,237,240,249,252,247,130
111,202,229,238,255,254,221,161,130,108,145,175,200,221,176,162,197,236,237,241,236,243,254,243,246,129
166,192,199,193,193,172,146,159,152,136,156,181,190,207,198,197,214,233,239,236,236,243,242,248,245,129
98,110,103,114,137,139,177,168,175,184,205,184,181,231,213,167,196,240,243,240,234,228,242,244,244,128
86,83,93,120,133,136,194,206,197,208,185,199,218,224,223,204,213,219,234,239,244,233,223,242,244,128
93,103,102,112,122,152,193,198,205,192,200,220,209,213,224,221,216,241,241,230,229,225,237,239,245,129
93,101,134,126,142,189,187,191,192,202,205,220,213,210,219,221,228,224,231,224,234,236,233,237,246,129
90,98,111,120,143,161,185,160,178,191,214,216,206,212,213,233,232,230,231,225,233,235,239,236,247,130
130,108,139,142,176,170,187,188,197,207,213,222,220,211,221,227,232,232,221,232,236,221,239,233,242,127
148,169,158,167,169,188,184,203,200,219,206,217,210,226,241,235,236,233,232,225,233,238,241,237,245,133
142,148,159,169,169,194,187,199,220,205,214,217,215,211,212,221,238,238,238,226,233,231,229,240,237,119
151,156,163,169,188,186,207,205,213,204,225,213,215,219,224,228,227,230,227,224,231,233,238,231,235,137
