84,92,88,93,108,107,111,101,96,82,63,31,15,21,37,48,51,23,61,53,52,67,67,65,63,61
83,77,73,91,94,99,93,96,83,54,13,12,8,27,16,40,40,41,57,35,48,49,47,53,35,44
59,43,27,32,62,64,54,58,39,16,20,2,14,9,11,25,35,41,40,61,56,49,54,30,39,41
16,14,12,13,20,30,23,23,25,26,21,14,3,10,5,7,22,50,46,62,50,60,31,47,36,67
10,28,22,5,14,3,16,49,31,50,19,15,14,14,16,10,32,23,45,53,46,48,50,56,62,52
9,20,25,27,27,23,41,19,40,39,46,5,32,34,30,34,21,51,47,61,47,46,69,58,54,37
32,42,12,44,10,22,31,32,25,26,45,34,59,35,51,55,54,47,70,48,48,22,55,68,47,50
16,9,23,22,37,31,25,20,10,26,33,54,42,50,65,58,41,59,53,30,46,31,28,59,41,60
3,21,19,23,47,37,13,9,10,27,27,40,20,23,38,53,51,52,52,51,48,58,47,67,35,58
17,8,10,11,62,62,18,2,9,16,40,21,9,19,17,41,46,48,66,57,55,59,49,48,36,73
37,20,3,41,46,62,35,27,26,26,63,29,24,44,31,49,33,53,58,33,60,55,53,61,47,65
39,21,23,58,65,63,50,40,28,26,45,27,9,21,35,44,40,59,57,40,51,65,63,61,46,68
29,22,35,51,62,45,50,43,42,25,25,24,36,42,56,35,51,59,58,40,32,29,56,61,44,38
28,22,6,23,67,44,52,30,44,13,26,42,40,41,24,14,34,41,45,40,23,14,72,48,49,49
26,13,5,40,48,54,27,29,52,52,24,13,45,55,13,11,17,44,44,31,45,45,45,37,48,57
18,8,8,16,55,34,34,30,30,20,26,15,29,44,33,15,17,19,34,41,38,26,24,27,40,54
16,7,14,17,19,35,37,27,36,55,41,18,48,24,25,32,12,23,32,36,12,19,44,42,19,40
11,32,25,14,15,33,19,16,41,56,25,20,8,3,22,31,1,42,33,11,11,18,9,12,25,34
16,11,0,15,14,7,7,5,22,16,17,23,10,8,12,11,11,41,21,6,0,13,5,7,21,12
22,28,15,14,7,12,12,11,10,12,25,28,24,17,21,44,21,13,0,8,15,8,5,6,7,6
58,55,45,36,41,52,29,37,34,31,33,41,40,25,16,43,13,10,5,3,10,2,1,9,24,5
49,71,74,54,56,71,60,64,79,67,74,63,53,45,43,54,44,7,16,17,24,14,13,5,10,3
65,65,68,67,77,70,75,73,81,80,78,76,56,66,80,66,46,50,26,49,65,27,10,5,4,8
92,88,82,84,82,76,78,79,77,80,79,80,77,85,84,77,62,61,50,60,58,38,27,18,7,6
110,103,93,97,94,87,88,94,88,99,98,98,98,96,94,89,84,85,78,79,69,53,33,27,26,25
117,115,112,117,117,105,108,113,108,116,112,105,112,99,110,102,102,110,96,99,98,97,84,81,82,78
130,136,142,143,125,116,127,128,126,125,123,112,121,112,124,118,117,122,111,114,107,116,110,108,104,97
141,147,152,151,130,128,144,142,140,136,136,129,124,128,126,130,127,125,126,127,134,133,126,124,122,118
145,146,146,147,147,147,154,150,145,142,136,132,128,137,130,138,134,133,132,136,132,129,131,128,122,122
149,149,145,153,152,149,145,145,141,146,134,130,137,141,140,143,139,144,127,139,134,125,131,126,119,123
