130,150,198,212,225,228,223,222,223,226,225,233,220,205,197,168,115,109,79,74,66,58,70,53,51,61
109,112,140,168,201,222,215,215,224,223,229,231,222,214,219,192,143,121,118,95,67,67,72,69,86,67
101,139,145,153,208,214,226,229,234,231,224,216,221,220,217,205,192,161,137,126,107,75,79,89,84,74
96,117,150,167,227,225,225,221,224,236,229,238,229,221,223,213,211,202,198,152,133,119,113,106,126,119
105,135,214,207,208,211,218,232,228,236,231,234,227,228,219,219,218,203,197,160,161,133,129,124,132,118
134,154,146,142,190,195,215,225,217,235,224,240,228,229,236,235,220,222,193,186,162,163,176,138,163,152
75,91,96,99,177,196,212,210,215,227,227,227,231,230,226,227,221,218,210,194,190,192,196,180,170,138
76,81,91,99,114,181,178,185,219,207,228,223,231,226,230,227,220,216,211,200,197,203,215,206,181,192
75,69,79,94,101,166,155,188,188,208,219,227,226,227,221,226,223,214,215,210,211,211,220,223,211,208
59,64,72,76,91,137,166,167,160,200,225,213,221,215,219,228,217,217,214,214,216,218,222,220,215,218
53,56,61,73,90,107,124,152,152,188,197,206,207,211,215,209,218,202,215,217,217,224,229,226,223,222
50,69,65,68,89,87,124,158,178,183,194,199,208,207,205,211,216,218,212,221,220,228,234,231,231,224
57,71,71,86,99,110,135,136,155,171,199,202,201,211,203,209,210,216,209,226,228,229,229,229,235,231
73,67,81,101,94,119,127,145,165,161,154,186,181,203,196,210,226,219,218,229,229,226,227,232,236,234
85,87,85,112,116,108,110,122,165,153,161,184,194,196,187,212,218,221,230,231,230,227,231,236,233,233
100,97,98,131,123,132,141,137,157,178,170,182,184,212,214,211,224,224,233,232,236,234,234,234,228,235
117,128,121,127,147,172,176,174,164,184,181,208,207,224,221,224,213,228,236,237,234,233,237,234,230,235
147,141,139,148,159,170,164,189,194,199,195,214,211,226,228,232,224,232,236,237,236,236,238,235,231,235
160,182,185,152,195,188,193,189,193,206,209,219,217,228,231,235,235,238,240,241,238,238,240,238,236,238
166,166,202,192,198,207,202,196,216,212,219,224,226,230,230,233,242,244,245,242,238,238,241,242,241,240
186,207,205,213,207,210,208,212,224,219,229,230,232,233,233,235,247,246,246,241,238,238,241,244,242,237
197,190,211,203,223,218,228,224,207,222,235,235,233,234,237,241,248,243,245,242,242,243,244,246,244,237
195,204,203,217,209,226,224,229,222,224,234,238,234,237,239,244,247,244,247,245,247,248,245,247,248,243
193,201,208,213,217,223,230,225,228,222,230,241,239,242,240,244,247,248,249,248,249,247,241,244,250,249
209,203,212,215,221,224,229,232,229,231,236,237,239,240,241,244,247,249,252,248,247,248,248,252,242,248
193,211,206,213,222,227,231,230,228,233,238,239,241,242,243,245,247,248,246,243,246,248,243,249,251,128
197,205,204,214,219,220,223,222,224,233,237,240,242,243,245,248,249,249,250,253,249,242,254,233,227,128
167,177,200,216,219,218,223,226,231,236,235,239,242,243,246,250,252,250,247,249,242,242,246,247,124,131
151,155,184,209,214,216,228,234,237,233,233,239,242,242,245,250,251,248,248,253,249,251,246,125,127,124
137,132,177,204,205,208,224,233,235,229,234,240,242,241,243,249,249,244,253,248,248,236,131,130,128,130
