77,55,14,76,60,40,19,14,13,61,81,56,57,59,26,63,61,33,43,40,18,13,11,28,63,59
93,46,9,85,57,37,28,27,19,45,66,68,36,36,50,28,45,47,43,42,52,26,19,20,22,39
54,39,18,105,35,59,25,17,18,16,58,80,62,45,62,31,39,47,44,57,39,38,16,21,34,48
49,25,23,100,28,35,17,23,23,27,18,59,75,75,28,57,41,24,59,41,37,58,4,14,43,64
82,6,57,74,37,18,25,27,25,39,12,44,48,55,79,51,45,44,21,54,66,60,61,54,36,37
54,0,105,39,47,9,31,28,35,30,15,28,21,51,65,54,64,59,23,15,61,70,69,51,49,12
38,50,68,31,56,11,18,23,25,44,33,45,7,15,23,29,60,64,36,43,40,72,71,84,45,38
50,77,25,35,13,11,10,14,23,32,29,27,25,9,16,19,33,13,12,32,19,45,62,71,51,62
92,53,37,39,18,5,14,34,23,29,37,17,47,12,18,16,16,21,16,44,19,48,60,64,82,57
29,84,48,32,36,20,58,23,12,33,42,36,33,9,46,15,17,36,32,27,24,23,45,58,55,70
89,68,93,36,51,59,61,36,8,20,11,23,1,15,16,16,10,26,31,34,53,11,34,51,57,69
92,85,64,32,15,67,49,32,14,76,4,30,8,2,23,12,16,30,30,31,15,28,27,53,70,71
116,81,66,76,49,59,21,31,26,30,30,9,13,14,5,26,17,18,17,28,21,31,34,33,52,47
90,82,47,70,50,37,13,22,38,44,49,17,13,26,15,17,22,15,17,28,21,30,42,44,30,67
78,90,65,37,84,8,35,6,22,54,74,30,16,26,11,13,14,18,31,34,41,30,25,42,45,66
73,77,19,41,51,29,13,26,3,21,63,46,14,17,2,3,13,10,28,44,28,24,31,38,50,55
60,95,10,47,52,31,20,0,9,12,34,43,36,3,5,4,5,43,38,32,38,32,44,34,52,48
65,67,37,16,65,46,0,11,7,41,39,23,49,2,2,5,26,37,20,14,23,52,31,38,55,51
71,77,24,19,28,17,4,0,36,88,49,63,18,4,13,8,60,32,13,16,16,39,59,57,51,59
69,29,22,9,26,6,0,20,10,65,55,9,15,18,22,23,74,17,8,24,37,46,48,53,36,63
49,33,23,11,9,8,11,1,12,40,60,12,12,15,38,73,76,30,26,22,54,73,42,41,46,44
44,24,10,7,4,28,14,9,31,23,34,4,3,19,30,63,62,68,42,8,35,13,33,28,39,36
28,6,11,12,15,51,17,41,25,1,47,0,4,12,27,64,60,23,44,12,8,15,32,42,21,37
7,13,7,3,0,65,23,17,24,13,14,15,4,14,14,37,103,11,30,19,7,13,15,37,38,39
5,10,7,19,21,20,11,61,1,13,11,66,8,10,16,55,93,7,28,13,11,6,24,20,41,56
9,8,6,6,13,7,3,27,7,28,3,96,1,4,26,30,93,39,18,29,7,9,34,26,43,66
7,11,3,15,12,3,26,9,13,45,0,97,1,1,13,17,87,40,23,71,17,21,39,18,33,78
49,6,10,7,11,19,17,13,1,12,3,55,12,0,10,19,37,49,43,78,34,24,33,41,55,74
46,50,12,18,22,22,10,3,16,3,3,27,92,4,10,7,30,67,32,49,38,27,62,65,76,64
62,29,24,22,26,19,19,13,31,3,7,10,123,10,2,10,21,75,22,39,41,43,44,34,48,74
