125,129,126,129,129,130,122,132,94,88,90,96,99,97,101,103,103,110,110,143,229,239,235,231,204,184
129,127,128,129,123,129,123,102,88,100,95,94,102,112,101,105,117,107,117,212,244,242,246,245,245,239
128,126,128,130,127,132,132,97,102,89,96,107,101,101,109,112,112,139,218,240,240,239,244,242,244,244
127,132,127,126,130,125,127,103,98,104,102,102,108,134,115,112,120,229,225,231,244,237,249,241,241,250
126,132,128,125,129,126,131,110,103,110,106,228,231,166,121,124,145,229,238,237,232,241,238,238,249,239
127,127,129,129,126,134,139,109,106,178,234,228,171,142,113,113,113,140,144,131,215,226,224,230,211,221
129,127,129,129,122,128,123,102,152,227,222,138,115,122,116,114,117,107,110,136,224,234,229,233,214,155
127,130,127,130,130,127,112,116,225,223,141,126,116,120,114,112,109,106,98,99,119,109,85,77,74,131
129,126,132,127,126,134,106,226,235,183,118,122,113,111,113,104,103,99,96,83,89,87,81,82,162,210
123,134,123,133,127,122,228,236,208,130,124,108,111,104,105,100,96,87,88,76,73,75,117,166,169,106
133,124,125,132,127,208,237,225,132,110,110,110,105,98,91,84,81,71,68,75,90,100,110,48,4,2
127,128,131,123,127,234,234,166,113,116,102,97,99,81,91,72,61,59,80,78,64,13,0,3,2,6
127,128,129,132,130,239,225,158,107,89,99,91,77,64,67,56,73,79,57,13,4,3,16,8,10,12
131,126,126,129,125,238,233,200,121,97,94,86,92,105,102,97,66,5,3,4,4,16,14,10,13,17
127,128,128,130,122,245,240,234,220,213,203,178,180,129,80,28,2,8,10,22,17,4,3,12,13,7
129,129,126,127,240,237,234,237,233,228,210,177,100,50,17,8,6,22,13,12,9,16,14,12,8,3
130,128,128,127,230,238,235,228,224,179,112,71,42,13,10,19,18,14,12,15,18,16,10,4,6,4
124,131,126,133,220,219,188,165,126,118,79,34,18,25,27,15,19,18,17,14,8,3,2,3,0,0
131,125,127,129,108,111,151,180,151,89,35,17,18,18,17,22,16,14,11,8,4,0,0,1,5,14
127,128,130,125,184,201,187,109,63,42,32,23,18,21,15,12,8,5,4,3,3,2,3,5,5,7
126,134,121,130,134,119,101,73,45,23,20,21,21,19,8,4,1,3,4,3,1,1,7,14,23,27
126,129,130,193,210,144,77,40,29,26,23,12,6,8,5,1,3,2,1,3,4,8,14,20,20,23
131,122,131,212,135,80,46,26,16,20,14,9,6,4,6,6,5,3,3,8,12,16,18,20,25,35
129,127,126,179,94,46,32,19,17,21,7,2,5,3,5,2,2,8,15,18,16,14,15,19,22,22
130,128,126,113,59,37,20,20,20,4,0,6,12,9,1,2,10,13,14,12,14,13,14,18,15,17
127,129,128,79,50,28,22,9,5,3,10,11,8,3,1,8,12,18,16,9,13,22,28,30,35,39
129,129,125,67,39,18,13,19,8,5,10,8,3,2,7,21,23,32,40,46,46,43,42,47,49,48
127,129,128,50,25,26,15,11,14,10,7,1,9,26,36,43,44,48,45,45,46,51,47,45,50,50
132,122,136,51,28,11,12,19,10,7,17,29,40,44,40,43,45,44,36,37,27,24,23,34,38,52
123,134,120,38,10,17,19,15,19,31,42,36,37,45,45,42,21,15,19,69,121,155,143,128,169,175
