121,127,144,171,166,170,191,203,199,215,212,214,199,199,187,162,136,128,133,121,122,135,134,109,141,157
130,134,145,148,161,169,201,200,213,206,219,215,194,199,194,179,156,150,147,142,147,146,141,117,156,172
123,125,143,144,135,174,177,199,205,205,196,211,186,206,195,172,172,166,165,177,173,159,175,153,176,191
128,126,136,141,147,161,186,174,195,190,195,195,189,202,195,191,173,176,200,189,184,172,168,173,208,200
127,132,138,153,148,171,175,176,185,185,196,198,185,197,192,190,189,191,212,207,198,185,167,182,212,211
133,145,147,151,152,167,172,178,193,185,189,185,197,190,183,196,190,208,207,223,204,195,193,200,204,223
134,148,139,144,151,164,182,182,186,182,184,186,188,190,196,202,210,207,221,212,201,204,197,209,219,225
139,132,134,149,143,154,181,182,174,191,177,184,194,190,195,200,217,217,227,214,210,217,216,218,224,226
141,141,144,137,164,154,151,172,172,191,187,190,217,191,193,214,223,221,213,215,224,215,223,228,228,230
137,152,154,144,166,158,183,177,183,176,185,191,210,209,205,221,208,202,223,223,228,218,223,228,233,240
152,166,165,166,175,177,186,189,197,207,205,202,216,214,195,215,227,219,219,224,234,231,234,231,230,235
165,167,169,169,173,191,192,214,195,215,224,209,198,195,225,226,227,219,228,229,230,230,232,231,234,242
166,174,178,179,187,191,194,203,204,227,218,207,220,222,235,210,224,227,230,231,230,235,238,238,238,242
186,191,189,193,190,206,217,212,221,218,215,232,231,223,239,226,225,237,236,234,223,228,232,238,242,246
191,185,195,204,195,215,213,213,226,225,220,231,238,233,230,240,239,228,229,233,226,236,240,243,241,239
199,207,206,198,201,219,232,235,224,206,232,230,241,243,235,236,237,236,239,242,229,236,239,246,249,249
202,215,211,208,217,220,232,229,228,231,229,238,241,237,247,238,236,243,243,240,239,237,236,245,251,248
215,219,218,217,220,226,231,232,226,230,235,243,233,236,241,240,241,240,235,236,238,239,241,247,250,247
210,219,219,218,219,229,232,238,233,241,234,245,234,245,243,242,243,234,238,240,239,237,241,246,248,249
206,221,214,216,221,230,232,234,229,236,242,244,239,245,238,239,246,244,242,246,243,240,244,247,247,252
188,189,191,195,211,219,229,228,228,236,240,234,250,254,251,246,242,241,240,247,248,248,252,252,250,252
194,220,225,221,228,226,233,230,233,241,250,235,249,245,248,248,245,249,245,249,250,250,251,251,251,253
208,220,232,225,224,223,230,233,234,243,244,240,250,247,247,250,245,245,249,249,250,249,246,247,251,252
201,217,227,223,222,230,234,239,231,236,242,250,248,245,236,245,248,251,242,242,248,251,246,247,251,250
214,222,225,217,226,230,221,233,230,223,248,249,249,248,248,248,248,247,249,240,246,246,242,253,251,248
206,213,215,226,221,216,230,243,231,233,242,242,244,249,250,247,246,246,235,255,244,241,255,249,249,132
208,194,203,215,227,220,230,233,204,232,237,237,243,252,254,248,242,241,249,244,238,253,249,248,242,125
194,202,179,216,224,228,226,226,229,228,246,243,242,244,245,245,245,245,248,228,252,246,238,247,134,130
184,186,183,199,204,219,225,231,235,238,237,244,250,252,252,251,243,234,246,239,250,243,249,130,124,122
174,184,184,197,166,213,234,205,223,237,244,249,247,241,241,247,249,244,234,243,242,247,126,129,126,135
