146,155,154,154,148,148,148,156,148,143,137,143,143,139,148,149,146,150,146,145,149,148,146,147,150,152
141,137,144,150,160,155,147,144,140,139,136,136,138,138,142,141,139,142,143,144,140,143,147,148,148,147
129,118,123,123,127,127,131,133,135,133,135,136,134,140,138,136,135,133,136,137,137,136,138,142,146,145
118,110,117,119,118,110,113,117,126,120,118,115,125,136,130,129,127,121,124,124,130,127,126,128,130,130
104,106,107,105,101,107,114,102,95,90,105,117,109,118,112,112,112,106,108,109,112,115,117,115,108,106
90,93,85,77,84,88,88,81,86,94,99,93,96,97,94,97,99,97,100,103,100,105,110,109,106,106
90,82,81,85,82,89,92,92,88,89,85,82,96,88,91,96,99,99,99,103,102,107,111,112,114,118
96,84,89,97,96,95,97,107,100,98,100,114,102,88,96,103,104,104,100,102,106,114,119,117,115,118
78,75,84,84,80,88,101,98,88,99,100,110,113,106,101,104,104,121,121,118,117,126,121,115,115,117
48,79,69,69,71,92,94,104,96,110,108,93,99,112,128,112,119,105,108,113,112,123,135,131,120,117
54,29,38,53,73,67,66,99,97,105,97,95,91,63,88,92,88,99,93,92,101,104,116,116,123,114
48,35,43,17,36,37,65,63,51,76,53,47,45,20,30,57,59,66,52,70,59,49,28,81,89,88
40,40,2,10,23,3,46,41,17,23,17,47,32,22,25,51,48,32,42,51,37,46,53,60,55,26
41,43,40,33,27,21,52,40,15,12,11,5,18,7,24,34,13,19,18,17,41,38,46,38,39,40
35,27,14,16,51,40,45,46,34,40,48,19,0,11,22,15,9,20,2,13,47,19,29,23,42,40
24,17,29,40,47,17,18,49,40,36,41,27,19,21,7,2,18,9,39,14,6,13,8,11,15,47
41,17,10,29,47,35,44,48,58,39,20,31,4,23,18,20,4,12,9,10,7,14,38,20,48,31
30,9,19,28,18,35,45,49,49,23,16,33,18,27,15,15,10,8,26,13,16,28,28,43,27,7
53,38,27,34,49,46,52,21,20,23,38,6,32,5,10,22,6,25,9,37,33,41,25,32,42,28
52,50,46,41,24,34,52,18,41,34,47,34,17,45,44,30,14,23,38,42,70,86,62,48,87,88
47,30,44,60,33,63,57,60,61,52,33,23,35,52,15,56,57,31,41,63,68,76,57,55,46,55
55,45,54,40,17,45,41,45,50,29,44,20,13,46,59,21,53,55,55,67,81,59,62,61,51,63
58,50,42,48,14,26,1,35,55,55,45,52,32,56,58,34,53,66,49,64,56,59,73,40,40,75
63,67,47,45,41,25,55,30,50,39,57,53,38,69,67,42,48,74,56,59,63,79,61,52,30,64
52,45,52,53,7,45,37,53,59,47,49,49,54,68,55,17,58,72,59,50,63,82,68,55,49,60
43,66,60,46,43,56,27,60,62,70,49,44,71,65,42,22,67,67,59,67,74,74,30,39,67,76
57,67,74,49,39,35,63,55,59,48,43,57,78,59,41,29,60,64,70,59,78,84,59,45,69,63
52,47,66,36,44,52,55,79,55,50,41,41,69,70,48,29,65,65,65,51,61,80,65,42,60,54
49,56,67,51,43,50,82,79,57,37,46,46,74,63,55,47,65,61,72,56,65,87,48,54,68,69
51,57,67,63,28,51,58,73,52,24,66,47,68,69,53,37,69,62,65,73,71,81,47,60,57,57
