116,122,125,151,180,206,215,216,225,227,231,230,233,235,230,231,227,234,233,241,232,238,129,132,128,128
94,87,93,111,135,165,180,209,210,214,219,218,218,216,215,225,225,224,225,211,209,224,125,124,128,128
76,79,52,75,100,120,160,175,191,193,196,197,201,200,201,217,222,223,207,215,212,128,126,134,128,128
75,79,73,82,85,93,118,157,170,176,183,189,202,203,198,206,223,213,203,190,189,129,127,125,128,128
85,81,67,81,89,85,95,122,137,162,180,182,189,191,186,193,194,181,171,167,153,131,127,132,128,128
72,62,57,50,64,85,79,103,110,136,149,145,157,167,160,159,155,138,135,126,124,127,128,127,128,128
27,34,43,39,27,42,62,59,80,94,106,129,135,135,136,125,125,129,142,153,126,127,129,126,128,128
23,49,59,44,53,60,58,59,72,91,87,111,129,148,137,149,154,162,157,163,133,129,123,131,128,128
36,44,37,47,54,37,53,55,64,64,88,97,109,119,131,132,127,143,140,126,129,126,130,129,128,128
40,29,41,26,25,46,45,46,42,54,63,73,70,76,84,95,91,103,105,103,125,126,132,124,128,128
19,9,17,17,20,39,36,48,56,56,48,62,59,58,71,62,76,78,77,124,128,131,126,130,128,128
41,42,26,31,16,14,45,29,13,27,52,66,57,39,78,67,62,65,73,132,130,129,127,130,128,128
45,24,34,38,21,5,40,44,15,39,27,49,72,62,53,55,60,68,79,125,130,126,129,125,128,128
17,42,55,37,39,15,43,36,20,22,9,16,61,60,62,66,62,70,68,125,129,131,126,131,128,128
21,10,40,40,13,23,62,38,20,16,12,8,47,47,56,64,60,66,123,131,126,126,128,129,128,128
30,29,34,16,36,42,52,29,32,38,17,14,28,36,56,41,53,40,130,124,135,131,125,129,128,128
34,23,35,26,27,63,60,15,33,23,14,19,36,15,46,67,39,48,132,126,122,128,130,129,128,128
40,46,48,34,36,68,65,43,42,27,15,30,25,52,60,44,50,40,128,127,131,129,129,122,128,128
37,56,28,46,38,62,42,56,42,32,20,45,67,55,52,40,28,126,128,127,126,130,123,132,128,128
53,10,28,41,26,68,21,55,45,30,39,37,6,41,27,57,50,126,130,127,127,131,129,129,128,128
70,45,45,39,51,43,53,52,45,70,46,45,30,29,35,47,52,127,124,134,121,130,133,124,128,128
68,79,76,73,41,48,39,29,27,45,29,36,26,50,43,65,124,131,128,127,130,125,125,131,128,128
63,86,83,73,48,47,21,34,32,49,41,57,52,46,60,64,128,128,128,128,128,128,128,128,128,128
60,62,80,79,11,40,43,53,19,37,27,51,24,34,62,43,128,128,128,128,128,128,128,128,128,128
35,26,40,8,33,28,62,48,40,27,18,46,31,18,14,133,128,128,128,128,128,128,128,128,128,128
21,13,31,19,17,39,35,24,10,31,28,14,6,0,26,121,128,128,128,128,128,128,128,128,128,128
41,47,52,42,13,10,27,12,24,40,22,13,17,26,10,132,128,128,128,128,128,128,128,128,128,128
73,71,60,25,21,12,4,16,13,10,15,8,5,27,126,129,128,128,128,128,128,128,128,128,128,128
76,66,47,27,23,2,7,0,5,17,3,28,32,41,130,125,128,128,128,128,128,128,128,128,128,128
67,43,14,11,1,6,2,3,3,1,21,46,56,128,126,131,128,128,128,128,128,128,128,128,128,128
