144,135,135,122,112,114,110,104,100,106,83,100,90,106,96,100,98,107,108,121,116,126,140,142,184,201
148,145,146,128,125,105,114,114,113,104,99,102,99,105,104,115,105,113,116,115,129,131,142,171,191,196
152,141,142,146,131,130,112,110,112,110,94,99,101,106,106,118,110,120,129,135,154,144,170,171,161,194
159,160,144,136,139,135,131,150,125,116,119,131,128,129,112,118,129,136,136,145,143,191,165,175,181,181
169,163,150,150,157,160,156,146,136,135,151,142,145,151,141,144,149,148,148,159,178,186,184,197,200,196
163,184,180,153,164,164,145,150,161,160,163,176,168,174,180,185,177,177,189,193,210,185,204,210,198,200
166,171,182,182,172,182,181,191,171,180,180,180,179,181,184,190,190,192,198,191,197,205,212,206,213,212
181,192,187,179,191,189,179,180,192,184,178,188,164,189,198,197,198,190,194,204,212,209,217,218,213,219
184,187,193,192,196,183,194,195,185,184,182,178,184,195,190,200,182,194,194,201,215,203,225,218,226,220
192,201,187,191,174,199,186,178,187,197,200,192,197,186,199,186,201,198,200,207,213,216,216,230,222,226
197,196,192,177,189,211,183,176,185,189,183,178,195,192,191,200,180,193,207,206,218,214,218,225,224,219
205,205,195,205,198,198,193,200,193,198,190,193,198,184,189,181,205,191,213,212,215,208,223,238,229,230
177,191,193,190,186,190,192,198,177,181,179,175,188,150,176,192,186,204,199,214,218,208,224,214,225,221
162,186,142,182,172,183,166,180,175,169,174,166,158,156,173,176,177,190,178,194,193,217,214,224,220,228
188,163,151,154,168,169,142,159,168,153,159,156,138,144,144,150,151,158,166,146,189,214,220,214,230,223
178,169,149,148,152,149,141,147,152,147,154,159,136,140,141,150,152,151,157,165,182,197,217,208,235,224
177,182,152,148,151,148,149,149,158,139,142,145,147,141,137,141,132,134,145,168,147,218,216,222,221,225
155,165,135,136,130,145,149,133,128,123,133,131,137,121,136,130,135,141,135,153,147,177,224,218,225,223
134,142,143,131,135,139,135,126,123,125,132,125,115,121,140,148,137,129,138,166,170,183,221,215,203,226
131,148,145,132,131,128,124,123,115,114,123,122,125,130,119,131,121,136,137,145,188,198,199,185,211,209
132,125,127,120,129,126,122,121,115,115,122,118,117,109,118,130,115,128,117,150,183,197,212,198,200,200
116,124,123,119,122,113,109,115,119,112,116,115,116,101,110,122,125,128,134,163,175,155,168,197,169,189
115,114,126,108,115,111,113,116,121,107,115,121,90,111,125,127,131,135,143,137,184,168,156,140,169,195
108,111,119,122,110,111,105,95,113,111,109,94,104,105,121,119,112,127,134,163,148,139,157,146,184,196
94,98,112,116,106,112,107,108,105,111,111,109,112,109,114,104,110,112,116,130,140,132,128,138,159,124
105,104,110,101,115,107,101,111,117,115,105,98,103,105,109,101,110,118,118,126,120,115,136,118,141,159
80,92,101,99,100,96,99,105,111,107,107,108,91,93,96,93,93,96,91,102,109,122,104,109,109,114
76,95,85,80,94,110,109,73,65,84,102,100,94,94,100,105,100,97,92,115,111,111,123,119,111,105
66,93,81,76,78,74,79,69,71,76,90,104,90,89,94,100,96,96,92,114,106,109,111,86,94,98
67,82,78,69,63,68,79,71,78,91,85,78,95,94,93,88,92,100,94,102,104,95,112,87,84,106
