97,94,108,114,112,85,79,103,96,85,82,93,93,84,87,79,93,88,90,89,86,92,90,123,170,202
74,81,84,90,92,75,73,90,82,73,69,73,73,70,74,69,78,74,77,78,102,72,84,104,130,201
62,68,67,72,69,62,62,70,64,60,57,56,54,58,61,61,62,59,60,65,66,72,80,96,115,149
68,67,66,65,59,54,53,54,50,49,49,47,44,52,51,55,49,48,49,55,64,57,66,101,97,162
68,69,67,63,59,53,49,47,46,44,44,43,40,48,42,49,44,44,46,52,53,59,73,112,123,181
58,60,58,63,55,50,48,47,50,46,48,49,42,48,39,48,47,48,53,56,57,69,77,104,94,121
53,48,47,53,48,46,47,44,49,45,49,52,46,50,39,46,49,47,54,54,52,67,61,77,61,100
58,44,42,35,45,45,45,37,40,37,43,47,46,49,37,42,44,39,45,43,46,45,59,61,56,82
56,45,38,42,45,41,28,28,30,31,36,30,36,30,31,33,28,28,33,35,37,38,55,59,49,64
48,55,41,47,41,38,29,30,29,24,28,27,28,27,28,29,27,28,31,32,33,38,42,44,57,59
51,50,59,43,44,44,39,38,34,30,31,29,27,30,31,31,34,35,35,36,42,48,43,46,45,58
60,63,59,51,50,52,48,43,42,43,40,33,28,35,35,33,39,42,40,41,46,45,51,44,48,60
74,75,60,62,55,49,46,45,47,47,42,37,35,43,42,39,44,47,46,47,48,49,51,55,59,68
81,77,64,65,64,50,48,53,56,51,44,48,44,50,51,48,49,52,52,53,57,57,75,73,73,74
83,89,72,73,74,64,66,67,66,62,56,62,54,56,60,59,56,57,60,59,68,64,100,76,92,81
93,88,103,79,79,80,85,76,71,73,68,69,69,70,76,77,70,70,74,72,79,91,84,88,89,103
114,115,111,101,96,95,89,91,71,88,82,87,93,80,68,92,90,95,91,96,98,109,106,104,112,107
120,121,125,109,114,107,100,92,95,91,113,102,105,95,99,104,110,112,115,121,130,122,131,126,134,169
133,118,138,129,118,119,123,126,118,120,126,119,126,128,99,121,138,131,133,126,126,127,150,157,171,172
130,144,131,133,127,144,128,145,117,121,135,133,127,123,132,147,154,127,168,149,157,159,184,189,194,184
136,163,148,149,146,144,154,146,135,137,128,133,138,136,134,140,161,161,141,142,170,146,186,199,188,215
147,145,152,146,159,154,142,138,146,143,141,136,139,143,156,145,169,167,160,158,167,155,183,189,192,200
154,163,152,153,147,150,140,144,150,153,132,136,139,159,148,152,149,150,146,158,159,186,181,184,206,203
166,173,148,160,153,169,147,147,150,141,143,151,154,130,140,153,130,140,146,153,148,171,162,199,187,196
149,158,155,185,170,153,154,144,152,136,141,159,128,138,136,134,123,136,124,157,158,177,185,184,192,190
151,163,159,152,157,146,149,148,161,165,124,143,134,133,126,124,117,134,128,144,162,137,176,192,173,198
137,135,125,122,129,135,145,139,131,138,100,121,122,131,115,108,117,125,118,131,111,131,139,134,180,199
133,127,102,118,127,117,112,118,123,128,121,107,122,110,95,98,106,113,116,105,98,118,120,148,175,188
126,124,115,102,100,102,97,104,104,99,115,107,100,109,94,89,95,84,91,105,112,111,119,106,153,174
127,119,99,99,103,108,93,93,98,101,93,106,105,90,81,91,94,88,86,73,89,101,99,92,127,190
