71,80,70,72,55,53,57,46,32,27,43,35,34,129,130,129,128,128,128,128,128,128,128,128,128,128
76,72,72,60,49,42,48,40,35,26,37,44,44,129,129,121,128,128,128,128,128,128,128,128,128,128
70,58,63,48,36,29,34,33,28,41,39,41,126,130,127,134,128,128,128,128,128,128,128,128,128,128
54,48,49,47,29,23,25,28,33,34,42,44,129,128,123,124,128,128,128,128,128,128,128,128,128,128
42,45,44,49,37,20,26,26,27,43,45,131,128,129,132,131,128,128,128,128,128,128,128,128,128,128
38,42,44,43,49,21,30,27,28,35,43,128,130,125,127,126,128,128,128,128,128,128,128,128,128,128
33,34,35,32,52,32,36,39,33,31,135,126,125,132,127,127,128,128,128,128,128,128,128,128,128,128
27,27,24,25,49,47,42,55,48,39,126,126,129,127,127,130,128,128,128,128,128,128,128,128,128,128
32,19,28,35,40,48,50,48,39,31,127,130,126,126,129,130,128,128,128,128,128,128,128,128,128,128
27,32,6,33,29,50,39,59,55,131,130,132,125,128,128,126,128,128,128,128,128,128,128,128,128,128
25,3,2,4,38,40,49,49,51,127,120,128,131,130,129,125,128,128,128,128,128,128,128,128,128,128
5,16,22,26,24,39,55,35,128,129,133,127,127,123,129,135,128,128,128,128,128,128,128,128,128,128
25,6,24,41,19,43,21,44,129,127,126,132,129,130,125,127,128,128,128,128,128,128,128,128,128,128
37,21,26,42,30,39,29,126,127,126,129,128,124,131,127,127,128,128,128,128,128,128,128,128,128,128
43,12,28,30,28,19,131,126,131,120,135,127,128,128,128,128,128,128,128,128,128,128,128,128,128,128
38,22,38,42,29,34,127,129,125,134,124,125,133,128,127,129,128,128,128,128,128,128,128,128,128,128
32,17,26,46,34,127,129,129,128,128,128,128,128,128,128,128,128,128,128,128,128,128,128,128,128,128
19,21,31,41,31,126,131,125,128,128,128,128,128,128,128,128,128,128,128,128,128,128,128,128,128,128
28,30,44,41,130,124,131,126,128,128,128,128,128,128,128,128,128,128,128,128,128,128,128,128,128,128
33,30,32,46,125,129,130,127,128,128,128,128,128,128,128,128,128,128,128,128,128,128,128,128,128,128
33,54,56,128,131,123,129,130,128,128,128,128,128,128,128,128,128,128,128,128,128,128,128,128,128,128
46,41,127,127,130,133,122,130,128,128,128,128,128,128,128,128,128,128,128,128,128,128,128,128,128,128
51,44,127,129,128,126,129,127,128,128,128,128,128,128,128,128,128,128,128,128,128,128,128,128,128,128
44,131,129,130,126,127,132,127,128,128,128,128,128,128,128,128,128,128,128,128,128,128,128,128,128,128
128,128,128,128,128,128,128,128,128,128,128,128,128,128,128,128,128,128,128,128,128,128,128,128,128,128
128,128,128,128,128,128,128,128,128,128,128,128,128,128,128,128,128,128,128,128,128,128,128,128,128,128
128,128,128,128,128,128,128,128,128,128,128,128,128,128,128,128,128,128,128,128,128,128,128,128,128,128
128,128,128,128,128,128,128,128,128,128,128,128,128,128,128,128,128,128,128,128,128,128,128,128,128,128
128,128,128,128,128,128,128,128,128,128,128,128,128,128,128,128,128,128,128,128,128,128,128,128,128,128
128,128,128,128,128,128,128,128,128,128,128,128,128,128,128,128,128,128,128,128,128,128,128,128,128,128
