0,4,0,4,3,6,3,0,2,0,4,28,0,0,4,0,2,9,5,129,127,128,130,129,128,128
10,3,10,26,6,1,10,2,2,4,7,43,3,4,1,1,2,2,7,6,131,126,127,127,128,128
27,34,4,5,20,10,0,3,2,3,3,41,3,4,0,0,0,0,3,6,126,126,130,128,128,128
36,29,16,20,11,9,23,12,12,6,2,25,5,0,1,0,1,0,3,0,127,136,125,126,128,128
9,15,2,9,24,19,18,16,16,12,9,18,13,0,2,0,2,1,0,9,121,122,131,128,128,128
23,32,25,10,12,17,21,14,4,7,7,15,24,1,0,0,0,1,2,0,7,130,131,127,128,128
11,9,21,21,33,42,31,4,4,1,5,7,41,1,0,0,0,6,0,7,0,132,126,126,128,128
55,24,20,15,20,18,21,35,25,7,11,0,61,1,1,0,1,0,2,0,4,125,127,131,128,128
99,49,56,28,11,31,29,46,26,25,17,41,69,4,3,0,0,0,7,0,4,127,128,130,128,128
126,118,84,61,66,21,41,25,34,34,28,38,78,5,6,1,3,0,0,1,0,11,130,124,128,128
156,150,118,98,81,64,34,35,42,45,33,51,68,50,4,13,0,6,0,5,3,5,127,133,128,128
179,161,153,131,112,100,77,61,56,56,68,50,77,48,26,16,7,0,1,0,5,13,130,123,128,128
180,172,166,161,136,124,109,79,67,68,43,63,79,60,62,25,12,0,0,0,12,5,125,133,128,128
182,175,185,165,164,148,134,114,96,89,73,82,72,39,60,43,23,7,3,2,5,0,129,122,128,128
166,179,164,170,161,158,151,140,130,107,102,95,81,62,60,60,42,14,8,2,9,2,133,132,128,128
167,169,177,166,175,158,169,152,152,138,118,112,92,86,66,63,61,41,24,2,13,2,0,129,128,128
154,164,165,171,161,166,169,156,155,153,145,136,114,109,97,84,78,71,63,42,14,3,4,128,128,128
137,134,159,157,164,159,157,164,161,158,155,154,140,133,117,103,92,101,85,40,64,11,0,128,128,128
110,119,123,145,152,157,149,151,152,149,148,151,143,137,125,115,106,103,92,90,71,44,9,129,128,128
81,96,106,113,128,129,140,124,132,136,139,139,133,129,123,117,114,103,111,93,89,50,15,127,128,128
83,62,83,95,111,110,112,113,112,121,127,124,125,124,118,109,104,115,104,101,91,76,41,125,128,128
66,62,68,74,78,95,99,93,100,106,107,103,113,117,112,100,106,111,109,102,85,65,59,53,128,128
58,51,55,60,73,40,70,93,97,99,97,92,107,112,110,102,100,109,111,102,103,80,68,31,128,128
63,63,56,41,61,62,59,75,91,94,97,94,108,107,105,101,99,96,102,98,95,89,59,35,128,128
62,72,65,67,65,64,52,83,77,90,83,85,97,103,94,101,93,85,95,101,90,85,62,59,130,125
70,78,64,72,69,69,70,82,80,74,82,77,87,84,93,85,82,84,79,74,86,95,69,64,128,131
76,81,62,74,65,68,86,79,76,69,79,73,86,78,86,80,64,63,76,77,73,86,67,37,124,129
80,82,69,76,58,65,92,77,76,63,76,90,80,85,92,81,81,80,74,57,52,57,41,27,130,134
94,91,86,87,67,76,93,75,71,78,72,84,86,88,76,87,79,80,77,62,57,57,41,19,125,123
114,109,108,105,94,97,97,80,85,82,80,86,82,82,80,81,83,80,86,71,53,60,63,34,130,134
