185,178,172,194,177,191,170,170,177,169,157,152,157,142,187,153,179,161,166,171,177,172,176,164,184,172
192,163,161,190,165,184,176,159,165,175,160,168,163,167,188,150,169,169,173,165,180,173,166,178,162,158
184,183,166,177,179,176,165,154,169,157,172,162,176,157,168,176,168,174,173,176,173,163,181,169,179,187
190,187,193,163,152,159,173,158,152,178,163,165,143,164,138,180,173,173,179,174,170,181,170,164,160,175
194,183,173,157,183,163,182,156,157,160,140,163,161,152,162,186,167,172,167,162,178,171,162,165,148,159
176,187,161,152,181,166,162,154,133,167,161,155,164,174,190,168,173,173,164,155,150,139,159,154,159,165
187,180,161,167,162,146,168,152,144,160,158,157,163,146,185,175,175,173,158,169,152,161,156,167,159,171
160,176,173,156,160,189,160,141,168,170,166,164,154,168,178,186,178,173,156,160,193,145,155,159,159,181
147,177,141,181,168,174,162,141,165,183,162,153,171,161,159,184,175,171,151,154,151,152,161,162,185,154
178,171,175,177,191,163,175,155,171,172,166,155,163,171,195,187,179,157,154,151,157,162,182,163,185,160
175,176,169,186,170,176,178,190,183,166,174,149,166,175,174,179,185,165,181,163,168,165,157,170,160,165
176,181,182,176,171,182,181,187,176,175,160,176,184,168,187,155,176,171,182,176,173,177,159,142,150,175
181,178,145,152,147,187,188,172,169,179,171,188,164,181,181,150,139,176,168,154,182,179,176,174,186,171
182,174,175,165,168,192,177,165,154,178,160,161,177,174,162,179,182,165,182,179,166,185,170,187,168,179
174,170,188,155,170,189,155,163,134,141,166,197,167,171,180,185,174,176,177,188,189,191,169,175,163,180
158,170,169,191,175,176,178,141,147,172,154,169,162,158,178,178,179,159,166,174,186,179,176,178,157,154
152,179,183,162,136,159,169,151,148,136,156,169,174,171,164,184,155,175,173,182,170,187,175,173,177,144
125,158,145,154,165,153,144,145,157,170,141,152,179,169,131,166,158,178,173,174,170,149,163,145,142,143
136,151,145,147,142,146,143,155,170,190,142,142,155,154,148,163,154,162,181,179,179,174,157,150,136,135
149,154,140,149,142,144,133,139,148,160,159,148,153,150,152,152,163,164,171,198,184,190,144,139,149,115
131,136,133,137,124,123,133,146,132,121,152,146,140,147,147,150,138,179,168,155,170,171,153,136,142,118
126,122,146,127,128,134,112,111,146,139,123,143,136,145,142,171,163,156,139,148,160,153,129,129,139,101
100,129,113,114,141,124,126,122,131,134,122,124,132,118,131,159,151,137,135,135,143,139,142,140,122,108
94,99,121,105,131,116,123,121,141,123,111,128,122,109,128,159,149,151,130,142,147,152,127,118,91,83
87,89,119,121,121,125,122,124,107,128,104,124,113,138,122,142,152,121,113,137,122,123,118,116,107,67
71,89,98,108,103,122,107,117,104,116,124,118,120,125,108,123,133,114,116,111,124,130,112,118,99,64
57,73,79,101,105,96,86,100,96,104,125,117,105,115,107,106,129,113,106,119,132,115,114,102,70,61
77,88,92,91,88,106,93,83,108,108,105,105,104,96,116,120,125,124,117,132,102,120,105,81,85,66
65,68,91,98,98,101,96,105,110,88,106,113,95,99,117,122,108,107,110,127,102,104,101,66,76,82
63,73,89,96,90,99,97,87,93,96,107,121,99,123,109,109,103,100,107,113,99,88,86,88,66,71
