39,54,65,96,139,167,187,205,216,234,240,245,247,244,249,247,248,247,251,124,132,128,127,128,128,128
42,61,83,48,77,116,150,172,213,229,231,237,245,243,246,253,247,249,255,247,126,124,126,131,128,128
72,62,68,61,89,83,110,133,160,200,221,228,239,240,238,237,245,254,244,254,130,129,130,129,128,128
47,66,67,65,78,86,101,103,112,143,173,194,210,221,232,242,251,241,252,249,130,121,131,126,128,128
17,34,65,83,92,101,77,80,103,112,129,141,162,198,225,233,239,248,248,249,127,132,129,127,128,128
30,50,74,74,70,75,85,104,107,102,108,114,130,166,201,220,237,234,251,248,246,129,128,130,128,128
41,58,75,91,96,84,93,94,108,96,97,107,120,132,160,207,214,229,239,244,253,126,128,124,128,128
26,32,49,49,50,65,73,91,98,117,116,99,111,124,127,148,178,214,230,240,240,130,127,129,128,128
14,12,13,43,31,64,78,93,108,104,107,102,106,111,117,116,131,163,205,224,238,132,127,127,128,128
23,29,39,48,39,36,67,99,104,110,108,134,119,116,106,107,106,128,177,207,233,235,128,129,128,128
16,13,19,16,26,31,52,39,85,82,55,73,83,96,123,121,111,115,123,158,206,233,128,127,128,128
39,60,45,9,18,42,52,55,80,79,110,108,108,104,102,115,121,134,132,142,168,207,127,129,128,128
19,20,39,45,45,50,30,23,42,60,76,90,105,118,130,120,120,118,112,96,130,148,135,125,128,128
36,49,45,12,32,63,70,77,34,46,74,84,112,113,119,98,99,108,126,138,125,145,120,133,128,128
78,60,58,62,70,66,80,89,104,96,95,80,76,39,93,118,115,114,104,112,118,122,132,125,128,128
108,87,56,63,66,55,75,90,115,108,112,98,96,97,100,100,92,84,118,133,134,103,100,128,128,128
143,118,106,111,96,99,61,96,113,113,126,114,102,95,87,99,102,77,78,108,121,120,114,125,128,128
146,152,141,126,111,125,125,102,81,93,116,133,121,107,102,92,112,96,98,98,79,113,95,130,128,128
166,148,146,147,130,130,144,155,145,118,140,114,139,131,128,125,131,108,108,108,90,72,112,128,128,128
168,170,165,163,141,155,137,147,158,168,167,174,191,147,145,159,132,115,113,116,108,83,88,129,128,128
156,172,158,169,156,178,156,139,158,196,198,176,201,182,183,178,167,145,99,117,115,73,119,126,128,128
150,138,145,160,154,170,167,167,153,169,158,191,201,213,174,162,221,195,147,107,105,114,95,107,128,128
125,135,158,141,130,145,150,150,164,153,165,158,185,224,195,205,208,228,208,142,116,103,113,55,128,128
95,122,122,130,125,106,127,145,146,164,151,143,183,198,210,220,166,207,218,193,123,98,113,109,128,128
82,94,113,107,109,116,117,115,130,137,147,132,144,169,232,198,209,214,207,218,158,102,117,109,128,127
62,71,88,101,100,107,110,126,117,132,143,134,124,154,201,222,208,217,224,235,195,126,81,119,130,130
53,59,66,72,90,94,90,95,100,128,142,146,143,134,158,181,211,209,224,228,220,162,89,53,128,120
39,33,35,43,40,71,96,104,113,113,126,120,139,134,131,147,183,200,217,236,226,202,111,30,129,133
59,59,65,65,78,70,83,94,90,111,113,136,138,123,138,144,163,149,202,229,236,213,150,64,124,124
68,71,65,65,82,74,80,94,96,95,112,122,123,113,125,137,149,158,147,186,232,229,170,105,128,134
