69,55,69,62,69,33,35,33,68,49,9,19,2,2,6,62,0,5,76,128,126,129,126,126,127,127
48,49,49,118,90,8,49,51,74,13,6,16,83,6,58,51,8,15,90,82,127,127,127,130,127,127
34,36,28,22,94,25,42,75,27,5,11,94,2,6,74,24,34,92,88,120,124,125,129,124,127,127
54,61,25,34,41,31,71,28,6,11,19,118,9,85,19,38,93,75,105,188,128,128,126,129,127,127
35,52,44,41,52,48,39,19,23,24,20,37,18,56,15,77,85,106,144,151,125,128,124,129,127,127
42,59,47,39,52,80,16,23,23,16,14,23,119,30,70,97,101,106,185,209,77,127,126,127,127,127
48,45,45,37,34,70,48,26,35,29,15,58,92,72,89,88,104,131,214,93,29,134,125,128,127,127
58,54,33,28,55,34,76,41,34,33,41,119,78,97,102,97,125,199,112,53,57,124,126,129,127,127
24,23,40,38,77,43,78,62,41,45,35,132,90,91,89,114,209,115,81,52,43,129,123,132,127,127
62,46,54,42,81,67,88,66,66,32,60,91,93,100,122,209,106,109,43,77,41,50,127,124,127,127
74,81,56,57,91,59,74,85,69,49,148,115,112,125,117,218,126,50,61,62,46,42,125,128,127,127
173,115,63,79,48,54,51,108,76,78,152,133,112,134,241,96,93,68,67,75,52,29,126,124,127,127
135,101,95,107,60,41,66,110,88,113,101,104,134,188,197,123,98,80,79,91,47,36,130,127,127,127
164,128,48,105,65,58,81,131,93,103,126,114,120,208,138,109,97,86,98,79,47,26,127,128,127,127
103,106,71,86,43,76,76,111,115,125,100,144,220,144,120,104,106,100,93,77,30,39,125,128,127,127
203,173,77,59,61,87,53,102,100,106,122,173,153,165,98,108,100,95,99,96,64,50,36,126,127,127
238,176,82,38,77,64,39,142,142,91,153,227,132,114,126,106,134,126,82,87,88,77,33,123,127,127
244,200,101,58,47,38,83,103,119,98,226,224,159,125,127,153,162,212,75,90,105,67,68,130,127,127
209,214,127,30,31,54,102,99,113,169,224,166,81,91,93,119,117,203,81,87,86,78,104,124,127,127
223,201,111,18,90,77,83,94,140,173,251,105,41,89,65,91,92,134,91,108,86,88,102,128,127,127
229,216,78,90,30,75,91,124,147,222,218,59,43,72,52,86,105,116,84,95,83,84,96,125,127,127
233,227,108,76,90,24,104,114,176,243,122,37,24,48,69,65,73,106,90,83,75,90,95,84,127,127
219,213,111,129,14,103,104,127,228,254,66,28,69,40,62,55,77,92,88,87,67,84,95,96,127,127
169,240,114,86,85,57,84,143,220,244,16,9,41,78,51,96,69,80,73,99,82,81,89,112,127,127
140,166,98,87,37,66,99,115,231,238,6,34,2,31,39,103,77,68,98,85,73,78,98,103,128,126
146,133,103,93,65,93,109,139,226,233,44,3,0,12,24,130,86,33,77,88,60,119,92,111,127,127
96,110,86,58,61,89,145,150,221,190,8,6,5,15,48,88,83,59,65,98,124,91,102,75,126,126
88,100,81,31,55,82,121,158,226,213,20,4,12,15,32,80,82,55,91,112,106,93,73,77,129,127
82,59,58,40,16,87,122,162,233,224,23,22,0,25,50,59,57,88,108,99,95,82,93,85,129,129
67,69,19,12,45,107,198,194,223,156,45,10,23,43,144,113,76,102,98,108,107,108,82,106,118,128
