154,150,216,194,219,211,210,204,175,211,165,178,163,149,156,155,196,206,160,164,156,125,140,128,112,99
204,184,210,165,161,178,189,195,207,146,159,194,219,216,206,204,219,158,195,159,163,164,138,138,130,124
171,186,197,187,159,193,198,200,145,211,212,207,205,211,200,193,194,180,160,147,185,163,162,136,137,127
181,178,193,201,206,159,193,155,156,189,199,157,138,141,167,191,173,164,143,156,159,167,143,139,151,136
170,159,190,178,190,157,142,128,148,173,195,152,145,174,156,158,152,133,115,141,113,126,160,140,121,102
160,144,172,168,188,113,96,115,141,131,118,118,127,109,119,129,150,125,116,161,149,109,139,98,108,110
114,132,148,128,117,93,107,110,113,103,108,106,136,103,88,108,141,118,109,108,140,105,91,98,103,106
111,81,88,81,83,95,87,104,89,88,79,78,72,63,80,83,91,114,99,89,95,101,98,114,96,104
80,73,76,60,63,48,42,53,44,56,61,58,64,90,73,82,61,72,86,93,80,76,90,86,89,67
49,54,39,41,23,38,34,58,50,43,54,68,68,46,58,69,67,70,57,66,78,74,72,77,19,28
57,36,35,7,49,39,33,51,28,25,21,39,54,55,60,61,43,62,57,59,48,48,54,25,44,29
31,20,41,33,25,41,44,40,16,20,49,53,55,57,40,45,40,50,59,52,53,57,51,24,29,27
10,13,31,29,39,39,46,20,28,35,56,37,37,59,51,34,52,57,50,32,59,47,26,43,24,18
20,12,25,37,38,18,26,21,47,34,14,40,36,41,19,44,39,39,51,48,46,45,50,29,20,30
9,48,30,10,24,30,31,42,31,34,39,35,39,52,28,31,51,35,35,58,34,54,58,49,30,47
19,30,39,14,19,29,40,33,32,50,18,26,43,48,47,47,49,51,29,36,27,32,35,40,36,56
34,28,14,28,49,55,46,46,45,40,45,45,51,43,40,44,15,33,53,52,39,23,44,12,25,38
51,45,52,37,40,50,44,49,54,50,50,48,44,29,51,44,47,57,44,17,46,45,32,54,48,35
55,49,31,57,50,54,64,49,40,54,56,54,34,25,48,33,51,50,39,31,47,21,37,44,47,21
61,59,43,50,58,58,51,49,40,49,40,46,37,54,45,45,53,47,41,47,38,14,44,20,37,48
59,50,52,56,31,39,44,18,48,15,44,25,57,44,48,33,29,41,25,23,39,32,17,11,28,38
62,52,57,35,26,46,38,51,37,43,42,45,26,58,43,52,16,13,37,32,38,10,22,7,7,26
59,41,50,51,35,51,47,48,52,44,30,50,56,41,29,34,12,24,29,24,29,29,8,1,3,4
44,32,47,43,54,46,22,43,39,52,62,44,43,18,11,29,27,30,19,24,31,27,6,3,8,5
47,33,43,30,23,47,44,12,34,63,24,21,12,24,31,21,27,28,18,21,9,2,3,4,10,6
40,35,30,30,54,41,21,24,45,15,36,36,35,3,18,28,14,41,11,14,2,3,3,4,8,4
35,50,31,33,59,2,39,51,34,25,22,37,16,27,14,40,46,20,1,22,2,0,3,4,6,0
39,50,45,45,38,55,44,27,19,38,20,21,30,20,40,25,26,9,12,16,0,16,0,3,6,2
41,41,52,39,24,50,35,20,36,31,18,15,15,31,35,48,4,16,0,6,6,0,0,2,8,9
29,31,48,44,43,27,18,39,12,36,32,47,41,40,29,3,9,6,11,11,3,0,3,3,8,16
