29,10,99,112,138,139,116,139,147,150,142,137,137,131,137,134,156,166,158,164,149,142,119,149,164,159
17,79,114,123,125,120,115,130,129,141,132,117,115,122,100,136,160,153,163,155,160,155,144,119,150,147
50,99,112,112,105,110,104,114,123,130,118,107,108,109,124,143,139,142,151,135,153,148,139,143,158,155
97,83,102,94,98,89,93,95,112,113,110,107,115,109,122,112,123,118,115,124,122,106,124,131,118,129
90,92,95,86,100,96,94,97,101,97,100,102,92,103,108,98,110,105,106,94,109,120,116,117,110,114
95,117,117,98,95,96,77,96,97,106,101,101,85,100,101,95,103,99,100,98,100,108,96,106,107,100
91,101,93,72,92,93,93,89,93,94,96,92,93,85,91,79,98,103,101,89,115,218,200,134,85,88
100,92,97,86,93,114,100,109,104,114,98,101,114,111,113,106,108,108,117,121,107,88,122,80,89,89
84,85,106,93,109,100,111,92,105,102,116,113,103,102,104,117,114,108,125,128,109,103,93,91,91,98
98,103,88,95,94,109,98,102,98,100,93,93,95,94,116,118,116,91,92,95,92,91,110,110,102,125
99,89,74,77,68,93,106,90,89,102,95,105,106,62,98,126,118,94,75,98,99,107,132,157,177,209
94,88,74,22,14,66,105,83,78,72,99,96,73,1,67,147,114,54,76,114,90,133,151,171,206,221
95,89,77,43,26,74,95,39,0,14,41,69,69,3,29,103,79,74,92,93,86,158,175,183,200,136
96,89,85,40,71,92,69,16,47,64,34,64,50,16,14,76,105,183,137,98,94,160,197,203,204,143
94,93,94,50,40,81,85,47,34,42,39,87,57,26,19,48,76,121,131,70,97,118,191,168,169,78
84,82,96,53,38,70,93,28,12,14,31,81,63,35,29,25,89,151,58,42,91,114,158,153,73,68
80,83,82,45,23,67,68,35,29,16,0,84,87,29,14,26,72,98,43,67,66,87,117,137,113,53
52,80,94,52,21,45,47,46,67,28,24,89,86,32,9,23,20,27,33,18,36,76,117,111,101,41
37,66,70,52,29,40,38,52,80,42,36,41,112,96,20,23,9,18,21,22,7,77,102,96,86,20
52,59,64,26,17,32,44,50,84,58,26,4,101,108,55,32,59,57,13,52,47,62,56,54,49,18
45,63,66,12,6,34,39,59,65,48,31,11,88,116,72,98,107,88,53,86,80,29,46,57,64,79
24,62,42,5,28,49,35,66,49,46,40,31,47,113,83,75,82,70,87,76,76,104,81,60,66,70
28,48,76,31,57,49,53,79,53,45,57,23,43,96,93,30,41,70,36,28,38,17,14,40,69,71
8,20,64,44,62,51,53,71,52,58,59,41,38,100,82,10,2,8,8,70,72,33,49,105,79,70
21,20,55,65,55,55,60,66,51,47,63,57,49,65,17,20,34,107,121,116,90,70,61,33,36,20
93,2,34,65,41,21,38,33,62,60,65,64,60,26,23,26,4,18,46,13,37,13,2,14,19,35
190,35,16,53,51,33,26,43,50,60,62,78,65,29,9,18,16,14,26,13,10,4,13,14,30,19
220,111,23,11,56,54,42,41,48,53,69,56,62,20,41,12,13,3,1,11,7,1,20,30,23,25
231,177,63,18,36,69,58,39,51,65,61,68,56,21,22,20,9,6,14,10,8,17,23,37,23,29
231,217,109,19,14,29,64,55,55,50,59,71,50,27,20,11,10,21,9,1,6,25,20,25,13,6
