177,183,190,197,202,200,203,207,210,211,199,199,198,189,182,193,219,201,203,205,192,198,195,185,171,165
179,183,187,201,193,199,207,204,199,217,206,190,207,213,196,205,219,210,212,211,208,198,189,187,177,168
173,172,184,201,203,193,195,206,205,202,211,211,205,209,217,220,214,222,197,203,199,205,189,178,176,173
178,191,199,198,208,196,202,206,216,205,219,219,218,221,210,217,218,217,224,209,209,204,193,193,181,161
184,185,194,205,206,209,201,216,211,219,215,216,207,198,217,216,220,220,221,214,214,209,198,191,184,178
185,187,195,203,194,203,202,205,211,215,209,197,195,178,208,203,216,225,221,237,219,208,198,193,184,178
186,189,192,194,201,207,203,205,210,208,198,185,185,197,196,209,227,223,225,223,222,216,212,198,180,171
180,181,184,187,191,193,187,206,204,210,204,203,197,230,212,220,232,232,241,233,225,215,206,192,182,180
172,183,187,182,192,187,192,187,193,185,196,189,183,213,222,226,232,238,236,235,230,207,194,191,191,180
178,178,179,182,180,187,191,186,181,189,202,192,211,217,225,228,232,236,238,239,228,230,224,200,186,179
167,175,185,180,184,179,187,181,187,191,211,213,202,215,228,236,239,240,238,234,239,235,235,219,199,181
168,176,181,176,174,175,180,183,181,192,210,220,220,227,233,235,235,238,241,241,240,236,231,216,198,184
166,169,173,175,180,176,177,182,185,194,206,213,213,221,230,235,238,241,242,242,237,238,231,220,201,179
165,165,169,177,178,170,176,175,189,189,204,208,206,216,229,239,244,245,243,240,238,239,232,226,202,170
165,168,170,177,172,170,176,171,181,179,198,211,227,232,239,243,246,246,245,244,242,239,230,225,201,170
159,162,166,174,171,172,171,173,180,191,207,224,239,241,242,244,245,247,247,248,243,238,231,223,202,177
155,157,163,170,165,167,168,176,194,212,226,239,236,238,241,244,247,248,249,249,244,239,234,219,201,186
158,163,166,167,164,170,180,179,202,208,224,233,241,242,244,247,250,250,250,250,248,243,236,213,198,192
148,156,161,164,167,169,181,184,195,215,223,234,239,242,244,246,247,250,252,252,249,247,243,226,211,190
153,154,157,164,171,175,170,192,207,224,233,230,239,241,244,246,247,250,251,251,251,251,246,239,225,208
150,158,161,164,167,171,190,203,207,230,223,240,238,241,244,246,248,250,251,251,251,252,247,247,236,226
153,162,164,166,170,180,191,209,214,223,227,233,238,241,244,246,248,250,251,251,251,252,247,246,241,234
164,160,160,169,182,188,199,204,213,215,226,232,238,241,244,246,248,250,251,251,252,252,252,246,245,237
164,162,165,174,196,191,211,197,205,215,223,238,238,241,243,245,247,250,251,252,251,251,255,248,249,239
163,166,173,180,198,200,195,194,208,214,233,229,238,240,242,244,246,249,251,252,251,251,253,252,249,242
174,168,172,185,187,193,205,198,199,215,223,235,237,240,241,242,245,248,251,252,253,252,249,254,248,246
176,172,186,177,191,201,192,195,194,207,225,237,237,240,241,241,244,246,248,252,254,253,252,252,251,248
179,180,192,185,199,201,194,187,191,201,219,229,236,240,241,242,245,246,248,251,253,252,252,251,251,248
174,173,185,187,195,195,198,192,206,217,231,239,236,240,241,243,246,246,247,250,253,252,251,251,250,249
174,176,187,194,197,194,199,196,211,223,228,235,237,240,241,242,245,246,246,249,253,252,251,251,250,250
