72,71,98,102,103,111,107,133,123,96,97,88,92,72,81,96,88,88,89,73,75,83,75,67,59,52
68,73,104,102,107,100,115,111,123,116,99,101,91,88,100,108,102,93,91,87,78,82,65,68,60,63
70,88,90,93,102,113,111,111,122,106,102,97,100,100,103,101,93,93,90,84,81,86,69,63,65,60
79,92,103,100,101,106,121,123,130,122,124,115,104,108,119,109,104,103,105,92,87,84,73,59,57,51
84,88,103,98,105,114,120,126,120,148,140,112,138,107,110,100,119,105,102,102,101,83,79,73,77,64
87,96,109,117,136,119,126,129,146,142,148,121,107,125,110,119,114,109,111,99,98,82,80,73,68,49
84,95,94,113,134,131,127,120,134,124,131,104,95,99,114,122,119,130,128,105,106,93,79,72,73,62
86,100,94,113,133,127,113,137,135,125,114,120,101,86,135,176,166,151,142,127,97,100,90,73,64,58
82,97,98,105,112,109,122,119,131,128,126,127,110,131,112,176,173,171,165,141,132,113,93,69,64,59
74,90,102,98,112,105,132,118,110,111,108,123,112,150,155,146,188,187,175,185,161,124,109,84,72,51
87,87,82,100,115,98,116,111,109,123,125,141,149,153,146,172,188,183,192,187,154,137,121,98,82,64
79,79,81,102,93,89,124,126,118,127,138,178,170,161,146,186,182,196,189,191,187,150,101,99,72,65
68,76,83,98,101,106,111,119,125,134,147,161,173,182,162,186,198,188,195,195,187,145,101,97,77,57
69,79,78,79,89,99,113,114,126,149,149,167,177,173,195,188,199,193,206,192,189,155,102,101,75,64
61,70,75,76,79,100,98,115,124,133,154,174,171,194,188,195,210,201,206,195,191,167,127,93,69,43
51,62,76,81,84,93,102,113,131,156,144,150,185,185,201,208,204,210,208,206,199,174,114,95,65,63
57,64,72,70,87,101,95,107,131,174,184,184,187,200,204,207,217,208,216,216,200,180,136,91,72,58
56,61,70,70,78,88,103,124,149,190,189,198,194,199,205,207,214,224,223,214,205,187,146,86,75,63
54,71,69,72,88,92,109,135,169,173,194,201,201,203,210,217,221,225,224,220,215,201,161,89,75,70
53,57,76,79,92,105,114,127,160,186,208,206,205,206,211,216,220,226,228,225,221,214,188,119,95,72
57,64,67,71,92,97,125,141,192,195,210,196,209,209,214,219,222,228,231,228,215,213,198,154,114,76
58,61,65,82,103,107,123,163,189,198,202,214,209,211,216,222,225,230,232,230,228,222,208,191,138,94
57,70,87,78,92,116,147,183,195,202,199,209,209,211,217,222,226,231,234,231,230,222,213,203,164,123
69,70,82,102,111,127,164,173,201,198,207,208,210,211,216,220,224,230,235,234,232,227,230,212,199,168
75,109,102,104,134,148,166,182,193,206,201,206,209,211,216,221,224,231,236,235,233,230,232,217,211,191
79,93,108,129,140,164,185,186,188,202,201,203,207,210,217,223,227,232,236,234,233,229,226,228,216,208
82,87,122,147,157,165,171,169,174,194,206,205,205,211,216,221,227,230,231,235,236,234,232,228,223,213
85,115,125,173,173,173,169,185,174,200,202,201,208,213,216,220,226,229,231,235,236,235,233,230,226,218
106,123,147,144,174,169,156,162,185,186,200,200,209,213,216,219,226,230,232,236,237,236,235,233,230,224
134,128,180,166,174,143,173,165,196,195,203,195,209,213,215,219,227,231,234,238,237,238,237,235,232,228
