50,8,4,9,3,4,3,1,19,15,4,3,7,18,31,23,22,16,17,129,127,130,129,127,128,128
82,55,19,4,4,7,3,5,1,3,2,7,8,12,26,29,36,27,14,3,127,124,126,132,128,128
107,95,65,44,13,4,2,1,0,4,4,10,8,1,9,19,48,43,6,4,125,135,130,124,128,128
122,109,84,61,19,7,0,4,2,2,1,5,8,2,4,16,42,58,54,10,128,123,128,130,128,128
118,115,104,92,79,59,3,0,0,0,0,1,6,6,6,15,51,56,45,33,128,122,134,124,128,128
116,111,112,98,84,71,14,2,2,1,3,1,3,5,4,9,27,31,44,39,28,131,129,128,128,128
129,116,123,110,84,70,38,27,7,0,1,1,1,5,4,7,14,19,37,43,42,123,128,126,128,128
149,133,126,122,118,93,61,57,21,3,1,0,0,3,0,1,22,26,22,45,45,131,124,130,128,128
155,146,143,133,116,105,90,79,59,10,4,0,4,2,0,7,3,14,17,58,53,128,127,131,128,128
160,140,138,128,134,124,111,89,76,9,8,4,0,0,5,1,3,9,24,45,55,33,128,124,128,128
180,160,157,144,146,134,121,102,91,58,46,14,3,1,0,0,6,0,16,38,49,51,128,131,128,128
182,171,166,158,145,138,127,120,93,88,62,17,4,0,0,6,1,12,30,36,45,64,126,125,128,128
186,174,169,162,151,145,135,129,110,87,71,53,15,2,2,3,2,4,31,31,44,58,132,127,128,128
196,180,182,167,161,144,139,129,124,101,92,81,29,3,4,0,0,1,23,32,20,30,123,127,128,128
188,177,184,172,166,148,143,134,124,115,100,77,43,3,2,3,3,5,0,29,45,41,130,131,128,128
187,178,181,181,172,163,149,141,135,123,113,100,86,20,5,1,2,0,5,29,38,41,62,127,128,128
208,201,182,174,171,165,160,152,138,130,120,116,99,52,11,0,4,3,0,19,60,40,56,128,128,128
197,193,189,185,176,165,162,148,143,137,125,118,111,82,36,4,6,0,10,2,38,24,39,127,128,128
202,183,201,185,177,177,166,158,147,144,134,122,112,96,60,22,5,1,0,6,26,55,57,129,128,128
199,187,182,175,179,170,175,158,144,138,133,123,111,102,83,58,22,0,2,7,29,39,36,130,128,128
196,187,186,172,186,181,172,168,157,145,137,130,119,112,94,68,14,9,4,0,24,58,36,125,128,128
168,181,165,164,176,160,169,162,165,157,150,139,127,119,96,63,33,0,0,7,55,37,48,66,128,128
146,151,155,149,154,154,151,158,147,147,145,138,131,125,107,81,72,31,2,6,29,30,73,72,128,128
120,123,135,138,138,141,137,138,138,134,132,132,132,129,115,97,73,27,14,10,44,37,36,74,128,128
117,124,133,127,127,123,128,128,134,129,134,125,118,122,116,109,94,50,18,25,40,40,47,66,129,128
93,99,106,121,126,134,131,132,127,120,123,118,116,115,116,113,100,68,50,42,21,38,30,48,125,126
112,104,97,108,114,125,124,127,131,122,120,117,116,107,113,112,108,90,73,39,32,21,28,78,136,125
97,91,93,99,116,119,124,121,128,122,116,113,114,101,109,105,101,93,72,54,23,26,36,50,118,125
84,89,99,103,115,118,124,121,126,129,124,122,124,115,118,112,93,92,84,61,8,5,26,44,133,131
115,121,118,116,108,115,117,121,121,130,127,125,123,119,111,103,105,84,86,60,36,15,10,34,122,130
