139,150,149,158,153,154,142,134,149,115,119,111,102,96,85,94,101,105,98,103,109,106,110,129,131,133
148,138,146,150,150,154,149,144,148,149,131,131,112,114,111,111,113,112,99,96,109,108,117,118,139,135
155,148,156,144,157,151,157,153,157,148,126,126,125,128,131,117,119,124,117,114,123,146,151,139,154,169
146,153,154,147,164,159,159,161,163,150,147,149,158,155,158,142,150,162,165,165,184,177,166,165,177,194
169,171,163,168,163,172,167,177,163,175,171,175,176,169,173,165,175,184,187,185,185,184,205,191,184,182
171,172,172,177,180,174,180,180,167,176,172,180,188,182,182,186,192,193,196,191,195,194,206,190,172,192
177,176,178,171,192,171,177,176,177,176,187,193,193,192,187,198,197,195,202,197,197,196,204,215,190,201
177,176,180,181,167,171,168,191,189,194,203,186,197,203,197,212,204,200,210,205,201,196,204,209,207,212
178,187,182,176,165,158,177,185,182,207,202,198,201,194,199,207,204,203,204,198,202,187,200,209,208,208
172,187,178,181,166,162,182,193,198,196,200,202,198,196,205,199,195,207,207,202,198,200,199,203,209,213
182,185,184,181,180,177,174,177,191,191,202,201,200,189,204,206,203,205,196,200,190,197,193,201,206,212
182,170,178,179,176,191,186,188,186,188,191,202,201,197,201,195,192,200,197,193,193,191,197,208,205,209
174,173,176,183,182,186,187,194,191,187,181,201,192,198,193,191,186,186,194,191,192,192,199,198,198,201
174,170,181,190,194,182,181,178,189,190,192,196,181,186,182,192,186,170,182,188,182,192,191,177,189,197
170,155,175,187,179,183,190,186,184,185,199,192,180,186,177,174,171,168,176,176,182,185,182,177,187,200
170,174,173,174,171,174,173,190,177,175,190,181,188,176,169,175,177,167,158,162,187,170,172,188,184,198
164,162,165,157,167,189,174,178,166,170,171,173,176,164,165,154,160,150,146,147,148,165,167,178,183,186
155,153,136,153,177,151,165,174,163,153,162,169,162,153,150,160,172,143,129,157,166,154,166,172,173,196
151,167,149,156,168,159,162,162,161,155,151,168,166,153,140,143,156,156,141,131,144,145,168,154,166,188
129,144,151,163,151,151,151,149,178,142,138,147,156,135,136,158,166,146,144,142,149,150,160,150,162,165
127,131,136,164,155,136,122,138,134,138,137,138,141,150,143,134,156,141,140,123,129,146,150,151,155,183
128,130,120,131,136,112,132,129,122,131,131,128,131,143,146,135,145,128,154,146,139,149,151,177,173,167
114,115,124,121,118,105,113,122,114,118,106,135,124,120,123,129,133,115,142,125,132,145,147,150,143,141
121,105,118,104,105,108,107,105,117,117,110,114,110,120,115,122,126,105,137,146,151,146,155,145,121,148
107,102,102,105,93,98,101,107,104,122,111,114,105,107,110,115,122,113,124,140,146,149,152,151,121,144
96,88,92,108,104,86,84,90,101,108,98,99,96,93,103,121,118,112,119,131,134,145,119,141,131,128
87,87,95,99,95,85,96,96,111,106,94,86,89,101,101,107,111,116,116,128,113,130,126,106,122,126
99,97,89,99,87,82,95,88,97,94,91,89,90,88,98,98,92,104,115,112,125,112,103,115,111,112
78,82,82,85,106,88,89,92,98,97,95,105,87,83,94,94,105,93,95,109,101,84,112,99,113,120
84,86,76,95,104,92,90,94,94,99,90,96,93,77,103,103,104,95,106,106,94,95,69,90,104,104
