211,214,217,207,213,213,222,223,226,225,233,226,231,229,247,252,252,253,255,253,255,249,128,126,128,128
212,220,217,208,211,220,217,217,232,232,229,226,216,235,244,252,252,252,254,250,248,255,133,129,128,128
212,222,217,214,211,226,212,211,236,237,229,231,217,242,245,250,254,255,253,253,255,126,122,128,128,128
214,221,219,219,213,230,213,212,234,236,232,232,232,242,248,247,252,254,252,252,250,132,127,131,128,128
215,215,223,220,217,228,220,220,231,233,232,232,243,240,250,247,253,251,254,254,253,129,126,127,128,128
215,211,227,219,219,224,225,227,229,235,229,234,246,240,252,252,253,253,255,252,249,130,130,129,128,128
215,209,228,219,225,228,230,227,234,232,232,238,249,243,252,249,252,254,254,248,130,129,125,127,128,128
217,211,228,220,227,230,230,226,236,232,234,240,250,247,252,250,249,255,251,253,128,128,129,130,128,128
218,213,227,220,227,229,229,225,238,231,236,240,250,249,247,247,250,255,252,250,127,129,131,123,128,128
218,216,225,220,226,227,228,228,241,233,239,243,250,250,241,241,249,247,255,254,127,127,126,131,128,128
218,220,225,221,224,226,229,233,241,236,243,248,252,252,240,241,247,255,250,126,132,127,130,126,128,128
220,225,226,224,226,226,231,237,239,238,242,251,251,251,243,245,249,247,254,129,131,125,126,133,128,128
221,228,226,226,228,227,231,237,238,242,242,252,249,247,246,249,253,249,253,124,130,127,128,125,128,128
222,229,226,227,230,228,229,234,241,247,243,255,249,246,249,253,252,251,249,128,128,126,131,128,128,128
221,233,224,233,229,229,235,237,232,250,251,251,245,250,252,253,250,244,129,130,128,123,128,129,128,128
226,236,228,235,232,231,236,238,234,249,249,248,249,251,253,254,250,252,127,126,122,138,124,127,128,128
224,233,228,235,234,233,239,241,238,248,246,244,252,250,251,253,247,238,130,131,127,124,128,130,128,128
224,231,228,234,236,235,241,244,244,249,244,241,254,248,249,250,253,250,125,130,131,127,132,123,128,128
230,234,234,236,239,237,241,245,248,249,245,242,253,248,250,250,248,127,127,123,129,125,124,136,128,128
232,233,236,237,242,239,243,248,249,250,246,246,251,249,253,251,255,124,131,132,124,133,123,129,128,128
232,231,236,236,243,240,244,249,248,250,249,251,245,249,254,251,245,128,128,126,127,129,131,127,128,128
236,233,239,237,244,240,242,248,248,251,250,253,241,247,253,248,128,134,127,127,129,130,123,129,128,128
236,235,234,242,246,231,243,246,246,249,247,250,246,254,250,248,128,128,128,128,128,128,128,128,128,128
237,237,234,241,246,235,246,245,244,246,249,250,252,247,255,247,128,128,128,128,128,128,128,128,128,128
239,241,237,241,246,243,250,245,246,247,247,252,248,251,249,126,128,128,128,128,128,128,128,128,128,128
237,242,240,241,245,247,251,244,251,246,249,242,248,250,245,130,128,128,128,128,128,128,128,128,128,128
233,241,242,242,243,247,248,243,245,255,254,252,255,251,241,131,128,128,128,128,128,128,128,128,128,128
233,241,244,245,242,248,247,246,247,247,253,244,246,250,131,129,128,128,128,128,128,128,128,128,128,128
236,240,242,246,242,248,246,249,254,249,251,254,255,244,132,125,128,128,128,128,128,128,128,128,128,128
236,237,238,243,240,245,243,249,249,248,253,249,249,130,127,130,128,128,128,128,128,128,128,128,128,128
