157,160,173,156,143,160,183,191,154,107,50,29,26,54,95,88,60,45,27,22,24,30,41,43,50,123
152,167,170,176,181,175,175,177,206,190,174,113,38,12,36,80,94,64,31,20,17,25,43,41,37,131
167,172,175,190,187,185,183,196,196,192,209,216,153,59,9,34,62,118,66,20,23,25,34,38,48,131
174,175,180,179,181,195,194,198,195,196,209,215,218,171,87,12,27,75,196,30,26,30,31,40,43,127
180,164,183,174,193,199,206,206,190,175,192,213,209,202,196,164,14,29,203,110,39,23,32,33,43,128
186,168,179,180,191,191,199,200,193,200,181,211,215,211,201,226,219,8,79,178,46,8,40,30,44,129
185,185,177,193,182,192,197,194,189,207,175,200,210,218,200,228,253,112,13,137,76,13,18,29,41,127
172,172,173,187,188,171,181,173,185,182,170,187,197,217,217,215,255,233,27,70,133,18,9,24,41,128
169,160,174,177,195,161,170,161,166,185,186,172,194,216,223,226,255,253,131,17,144,57,20,24,40,128
140,141,147,151,166,166,165,161,187,183,191,188,208,222,224,221,233,255,227,19,113,124,30,9,34,124
127,133,137,142,149,146,159,162,174,162,189,206,208,214,213,216,218,255,245,44,72,153,53,9,20,127
132,152,166,143,132,133,154,149,158,168,148,179,198,194,214,185,161,255,244,141,45,133,121,16,21,128
133,144,158,172,134,127,147,144,151,154,148,147,172,151,151,142,120,255,245,227,26,136,184,32,20,129
146,150,153,148,133,136,128,126,149,191,135,128,133,132,138,112,90,243,255,245,11,138,186,73,15,129
136,130,134,122,117,111,211,240,246,237,197,121,122,107,102,108,80,228,255,242,21,150,176,133,7,126
113,117,119,121,125,126,224,237,239,237,209,118,99,104,90,95,69,194,246,241,26,146,168,166,2,125
103,103,105,106,113,109,103,164,157,148,140,98,96,85,81,77,68,152,251,252,26,141,167,193,4,127
90,94,88,97,91,90,93,98,93,104,101,95,70,80,74,81,76,107,244,240,26,151,162,194,10,131
64,72,82,95,79,82,74,83,86,84,91,86,83,73,79,87,72,83,234,233,36,159,160,183,19,128
53,63,62,86,82,81,85,84,84,103,98,105,88,93,85,90,78,81,205,251,22,151,168,181,29,126
55,60,56,82,89,91,98,98,106,121,111,122,113,104,103,111,87,79,192,250,29,165,143,129,38,128
64,58,61,73,82,89,92,106,120,145,145,158,153,123,128,136,103,87,164,255,36,147,29,72,38,129
70,64,68,73,81,83,96,119,149,190,183,187,165,150,165,178,129,90,175,239,33,152,7,18,44,127
72,77,78,90,104,96,126,149,178,209,208,209,198,179,192,196,143,98,185,108,40,138,0,3,61,129
73,80,88,105,125,114,142,164,204,213,206,204,205,191,210,213,166,137,203,11,71,82,4,1,61,130
82,81,100,111,134,125,136,159,192,216,203,207,188,201,213,217,192,143,190,11,201,13,4,1,43,123
81,82,101,127,141,128,147,172,196,209,196,204,195,202,217,217,197,181,48,24,218,3,0,5,6,126
88,92,103,124,129,128,145,163,191,194,202,195,188,202,214,217,210,154,7,40,150,3,1,0,2,127
88,99,109,127,114,119,134,151,181,190,190,189,179,201,212,218,210,42,19,84,64,0,14,3,0,127
96,102,105,129,115,129,138,149,173,177,193,174,186,190,220,205,162,14,37,217,88,7,1,10,5,127
