63,67,49,49,53,54,46,38,36,36,34,30,30,28,28,31,33,38,43,47,53,55,54,58,62,60
58,51,52,47,45,45,41,39,38,35,39,32,29,25,27,33,34,39,47,49,51,49,48,54,61,62
60,61,53,43,42,46,42,37,35,31,37,34,33,32,30,31,38,46,57,50,59,60,62,68,78,67
57,54,54,47,44,42,36,35,36,33,30,30,32,36,38,40,45,51,52,57,55,58,67,68,68,77
66,58,51,48,44,37,31,32,34,31,38,35,35,37,37,38,41,46,47,51,56,72,71,75,76,86
60,52,46,44,42,38,36,36,37,34,30,28,29,33,37,38,41,44,45,46,55,67,64,66,71,78
65,59,55,51,45,43,41,36,31,30,35,33,34,37,37,33,30,30,30,41,43,45,63,63,69,86
44,38,51,47,39,37,36,30,24,23,29,24,20,17,14,10,8,10,14,16,21,18,24,18,23,29
66,40,30,31,27,25,28,26,22,22,12,9,9,11,15,18,25,31,39,30,41,48,39,37,48,49
57,40,28,35,31,23,23,20,12,9,6,7,12,18,21,21,24,27,29,26,24,35,32,34,44,64
54,43,35,28,27,22,19,14,6,5,12,14,14,20,16,21,16,11,14,8,15,12,17,25,23,36
55,41,34,30,28,20,12,8,6,11,6,6,6,7,2,0,0,2,3,0,3,0,2,5,3,12
61,35,38,27,19,13,13,14,8,6,6,5,5,3,7,3,3,6,4,3,2,2,2,0,0,3
48,51,34,26,21,14,9,7,3,6,2,12,15,3,5,3,7,6,5,5,1,5,8,2,2,3
59,33,39,27,19,10,5,4,3,10,28,51,58,25,5,2,13,14,5,3,0,4,8,4,3,5
72,51,45,24,9,5,7,12,15,25,51,74,79,40,3,0,7,6,7,2,0,2,6,3,2,8
61,59,32,17,11,9,7,8,18,39,51,69,80,57,15,2,4,1,4,0,1,0,0,1,1,14
60,46,27,9,5,9,11,8,10,25,34,54,79,75,27,5,2,1,4,0,5,1,1,5,6,25
70,56,23,15,24,24,22,24,16,16,16,12,20,40,43,18,0,4,3,0,2,1,2,5,20,135
76,74,41,28,26,31,38,24,28,23,17,22,21,13,10,11,11,11,3,7,2,2,6,14,46,76
68,66,72,41,25,33,26,27,29,17,22,23,23,20,20,24,24,19,15,14,16,18,13,14,21,8
95,86,73,50,36,39,37,26,29,14,21,10,10,17,17,15,17,16,16,22,18,28,23,29,23,29
112,96,88,120,61,44,39,31,37,28,22,20,21,18,12,14,19,17,10,30,14,22,19,23,28,31
135,123,88,76,68,52,42,42,35,34,25,26,27,25,22,22,21,16,14,13,18,21,22,28,34,31
181,151,111,109,98,104,140,45,41,42,40,36,32,33,36,34,31,31,32,15,25,24,17,23,26,34
194,152,142,140,131,110,86,64,51,43,37,45,44,41,41,38,32,31,33,48,40,51,32,28,39,41
215,201,134,136,133,166,116,96,87,55,55,47,48,46,47,46,47,39,49,39,40,50,52,59,55,60
223,211,203,190,175,140,168,123,110,84,63,57,46,45,43,54,50,53,47,51,52,54,43,50,60,56
231,223,225,212,208,184,176,144,119,116,105,76,65,45,56,43,48,57,54,62,62,58,65,75,60,66
235,229,225,218,216,207,197,172,132,127,144,116,99,74,57,48,46,56,47,53,49,68,64,61,72,70
