210,61,16,1,8,19,37,38,57,41,26,26,41,29,21,26,22,22,73,72,87,80,82,85,86,84
223,127,44,16,18,8,8,31,45,51,32,51,66,50,26,41,43,28,44,44,58,57,68,75,77,84
224,188,94,46,34,14,4,14,18,32,42,43,45,52,48,48,37,19,24,18,14,20,40,64,64,76
232,212,153,75,43,35,36,10,4,7,21,37,43,47,45,33,23,15,25,36,26,17,10,32,35,62
225,223,212,118,73,54,39,32,26,12,9,11,12,26,35,40,31,29,48,63,45,31,16,14,10,46
226,222,222,174,129,80,62,52,39,37,21,17,10,12,11,21,25,31,38,40,41,41,28,33,37,53
233,229,230,213,174,115,91,75,58,54,42,35,28,23,13,15,17,16,13,8,18,22,16,21,26,28
246,243,233,217,192,157,124,95,86,70,61,53,50,48,38,37,35,26,23,18,23,19,22,19,18,20
248,248,238,225,205,191,160,122,121,103,95,82,76,69,60,59,63,58,55,50,55,47,50,46,47,49
248,250,247,241,215,196,184,158,150,137,132,121,115,105,93,83,85,85,84,75,86,84,83,85,91,87
250,254,252,250,229,189,188,184,167,166,153,147,148,145,140,124,122,124,126,123,128,129,137,142,144,145
240,246,251,251,249,193,183,194,178,190,174,164,163,164,170,156,154,157,161,169,162,160,185,190,182,196
228,242,243,255,252,222,191,188,181,189,181,177,161,189,182,166,184,185,188,183,194,192,199,201,205,212
202,219,241,250,255,238,194,186,181,183,205,189,188,186,196,191,196,190,203,197,201,202,210,215,213,214
116,195,228,236,255,249,193,185,187,187,186,205,185,190,203,194,197,197,212,208,209,211,215,222,216,214
58,147,210,231,255,253,195,184,184,182,194,195,203,209,199,211,208,214,210,215,215,218,213,219,215,215
47,123,184,227,255,252,209,194,188,186,201,197,204,193,208,212,208,209,211,219,219,222,216,220,219,220
81,130,176,226,247,238,217,208,204,204,206,203,205,209,206,214,224,195,214,218,217,221,220,221,222,221
104,129,193,232,238,220,215,209,212,212,200,207,210,208,206,222,205,207,216,218,216,219,222,218,224,222
121,151,199,228,229,210,214,211,217,214,211,214,206,205,214,206,215,216,219,221,221,222,225,217,227,227
149,162,204,216,195,207,217,218,222,213,217,215,214,215,216,216,215,214,217,220,222,221,222,226,227,225
172,140,167,196,201,219,223,220,222,221,216,215,215,217,219,220,219,217,219,221,221,220,223,227,228,226
202,196,205,222,222,225,223,220,220,223,221,222,221,220,221,222,220,215,221,221,221,221,224,229,230,228
222,220,219,222,221,221,225,229,227,229,227,228,226,222,222,223,220,214,222,222,222,222,224,229,231,230
213,221,226,225,228,224,226,228,226,229,228,229,227,223,223,225,224,219,222,223,224,223,224,227,231,232
191,216,221,218,222,218,221,224,228,230,228,229,228,226,225,226,226,224,223,225,226,225,225,227,230,233
187,200,216,216,222,224,230,227,229,224,229,231,232,231,229,227,226,226,226,226,227,227,227,228,230,232
163,179,193,197,207,213,220,218,229,226,228,230,233,235,232,229,228,229,228,227,227,227,229,229,230,231
151,165,168,135,168,203,218,222,225,225,228,233,230,232,229,232,229,233,231,229,228,228,227,229,232,231
149,144,149,147,151,183,207,217,217,217,223,232,236,236,232,231,230,233,233,231,230,230,228,230,233,232
