126,131,127,128,128,126,130,126,102,124,99,138,148,140,108,108,108,127,143,138,157,147,152,127,150,185
129,126,129,130,125,128,129,91,118,122,136,146,127,140,137,123,149,133,160,137,116,133,150,124,152,162
127,129,127,128,131,125,128,105,107,111,124,152,153,141,138,140,161,123,112,136,129,121,137,133,145,169
126,131,127,126,132,124,133,126,115,123,147,143,134,132,120,130,145,135,139,113,138,130,132,139,144,147
130,128,131,127,125,129,130,102,114,135,140,140,144,116,129,136,135,130,136,133,143,132,129,145,141,135
130,128,128,127,130,129,107,93,112,132,153,127,146,126,123,119,145,149,124,131,134,132,133,121,130,139
127,130,126,126,135,127,87,101,115,111,134,137,130,115,128,121,105,116,127,121,139,125,117,107,121,138
128,127,130,128,125,129,85,88,110,118,122,119,126,151,121,117,125,140,112,143,118,125,130,131,143,143
130,125,130,126,129,127,71,98,117,113,126,128,136,134,125,133,132,122,119,133,120,132,128,137,130,119
129,127,129,133,125,81,77,108,120,121,132,137,121,129,139,130,134,125,122,121,132,146,122,135,139,109
128,130,126,132,129,81,102,109,118,130,143,115,150,126,120,121,123,151,126,135,154,114,122,122,115,104
127,129,125,125,128,102,113,110,132,121,116,125,134,135,124,121,128,98,131,145,99,111,136,124,144,115
130,132,133,130,128,96,104,119,132,116,119,152,110,118,132,121,107,102,122,116,112,98,119,113,94,96
123,126,126,124,126,86,95,102,124,102,141,127,137,130,134,126,132,123,140,115,126,96,111,146,112,122
130,131,129,129,125,108,113,105,114,111,148,117,109,100,95,107,140,103,102,120,132,138,113,129,142,150
130,126,127,129,99,108,114,122,112,139,118,131,138,121,103,97,132,126,142,121,130,116,124,128,141,141
123,134,125,128,110,108,121,117,130,118,131,120,125,139,130,127,122,129,116,127,117,127,105,121,131,159
135,120,131,127,87,107,116,150,141,136,101,116,130,122,133,137,132,115,117,137,129,172,112,124,116,143
126,127,131,128,111,110,132,138,125,115,126,143,100,116,122,117,122,132,125,152,150,130,121,137,149,147
129,130,127,124,114,124,128,115,123,111,121,107,120,100,105,126,145,136,140,129,127,118,146,144,114,146
128,125,129,131,93,109,124,114,122,94,94,84,96,113,120,146,133,120,123,127,125,112,90,100,93,99
127,133,126,95,125,123,133,117,134,121,124,93,107,116,114,131,127,135,133,132,96,91,105,93,87,61
128,130,128,118,83,142,134,133,120,118,82,102,108,107,113,127,133,115,109,86,70,51,63,68,65,106
128,127,126,86,128,104,134,111,118,99,85,87,91,109,125,136,105,71,71,60,66,67,71,54,42,43
128,129,128,128,129,131,123,116,105,76,85,106,106,89,94,97,77,54,53,65,61,43,40,61,43,37
128,133,123,134,146,124,108,109,85,91,100,96,83,83,77,59,46,51,57,51,44,43,39,39,32,28
123,129,125,138,137,118,113,101,88,77,68,75,64,53,34,23,28,31,32,23,20,24,18,13,18,16
131,132,128,134,120,113,106,89,72,59,44,41,36,32,27,31,31,22,19,17,18,18,12,13,10,9
125,128,126,129,125,116,86,83,77,63,42,23,25,25,27,26,12,12,16,14,12,12,8,9,9,7
131,127,132,113,101,102,92,94,52,30,15,10,23,18,17,16,14,12,16,15,15,14,9,10,7,5
