51,52,51,48,60,57,66,82,102,105,166,211,211,204,203,218,221,221,207,212,194,157,129,88,39,123
41,39,41,52,57,62,65,69,81,77,107,140,164,154,145,198,219,225,223,211,184,166,123,92,43,131
13,20,12,22,34,33,43,52,59,65,94,132,149,155,165,183,199,212,207,205,189,165,132,108,53,127
69,78,79,71,63,52,42,40,37,37,53,68,110,167,162,139,163,197,205,202,198,175,145,111,58,129
157,181,187,188,189,189,180,148,118,123,185,239,117,58,64,78,112,112,122,143,169,155,132,120,63,128
158,164,148,170,166,153,193,194,255,255,253,255,251,250,170,34,49,78,88,102,116,138,156,124,67,127
131,140,129,151,155,160,206,205,254,253,253,254,255,255,166,133,65,37,46,76,89,123,130,145,75,129
121,121,133,140,127,130,169,203,200,194,232,217,217,220,199,178,127,65,42,45,65,151,151,121,81,132
110,112,127,115,108,128,143,159,172,154,163,184,180,170,164,166,195,219,134,65,32,62,110,111,77,130
73,78,91,91,91,101,110,119,131,139,192,223,241,252,248,251,249,184,163,154,68,27,60,78,69,125
70,65,66,73,77,88,105,213,228,231,230,233,216,202,205,191,152,162,184,197,146,46,36,64,72,127
72,72,69,63,79,87,121,119,113,135,150,159,167,193,212,187,175,175,225,211,191,94,35,38,70,127
72,57,56,64,66,140,85,112,115,128,139,172,205,216,226,232,227,231,236,246,217,180,82,31,65,127
65,55,68,63,60,98,113,111,105,128,172,222,244,249,255,253,254,248,255,255,236,232,130,19,59,128
110,64,66,70,66,65,101,111,124,181,222,244,255,255,250,255,252,255,254,250,253,234,173,37,53,128
132,61,61,63,69,79,135,138,186,213,244,255,252,252,255,255,253,255,255,255,253,239,132,32,47,128
63,46,81,108,117,116,144,184,209,235,250,249,255,255,253,251,255,255,250,249,255,240,149,60,43,128
52,62,115,124,112,145,193,204,220,231,249,255,253,253,255,255,254,254,255,255,251,236,149,59,40,128
37,48,76,135,140,147,183,217,221,236,251,250,255,255,249,255,255,255,251,252,255,233,137,65,37,130
28,25,108,145,158,180,202,217,222,243,249,250,255,253,254,255,254,253,255,254,251,229,158,73,33,127
11,32,83,142,170,160,206,222,223,238,249,255,254,254,254,250,254,255,253,254,255,205,145,70,32,125
32,37,69,150,155,196,215,213,231,223,238,254,252,255,254,255,253,255,247,254,248,166,129,58,37,125
40,23,103,157,183,193,209,216,226,242,245,253,250,250,250,254,254,254,255,255,230,141,145,52,45,128
26,52,105,151,177,201,203,191,203,203,180,224,255,254,253,255,255,250,255,251,225,139,145,45,52,129
36,48,130,165,165,186,193,194,217,200,194,227,233,247,254,249,254,250,253,246,195,142,119,33,53,129
25,50,132,162,170,190,174,187,166,63,109,217,226,231,228,243,250,252,255,243,136,139,107,25,51,127
26,86,136,161,149,174,155,139,54,26,53,141,214,188,215,232,254,250,250,235,146,125,69,19,34,125
33,111,113,144,154,150,73,55,31,31,38,86,48,54,82,217,236,255,244,168,148,116,25,39,38,127
45,69,110,127,122,72,87,28,20,39,32,42,43,35,69,223,252,242,229,163,153,98,6,46,39,128
33,44,68,81,95,64,26,32,53,26,37,33,43,42,67,234,238,236,184,149,145,56,7,51,40,127
