246,253,238,246,225,239,253,251,248,248,239,237,213,233,238,235,242,234,213,233,228,204,126,126,128,128
250,237,246,235,234,251,236,227,246,235,249,237,225,229,245,219,209,236,228,201,228,176,133,128,128,128
238,255,244,245,252,250,244,215,234,238,243,248,234,247,250,241,244,251,230,230,221,124,125,132,128,128
241,236,247,252,229,252,243,237,246,250,249,237,248,236,239,250,250,227,240,210,210,131,127,126,128,128
249,234,237,241,248,247,249,243,227,240,234,239,246,255,246,249,245,236,231,219,206,131,124,130,128,128
237,249,237,255,250,245,244,223,253,226,223,246,252,250,248,246,239,230,227,205,196,126,132,127,128,128
240,253,250,244,251,249,235,230,254,233,214,246,251,245,238,243,237,224,214,212,128,126,129,128,128,128
249,252,247,251,255,248,245,249,236,248,252,249,251,246,230,247,238,241,233,213,131,126,128,132,128,128
242,251,246,243,244,247,254,248,248,248,255,254,246,235,228,239,230,217,221,209,133,127,130,125,128,128
248,245,242,250,248,242,252,251,252,255,249,247,239,242,245,226,233,228,224,209,125,131,126,133,128,128
252,246,246,255,252,247,253,251,252,255,241,250,246,235,225,227,222,216,207,128,132,125,129,124,128,128
250,249,253,251,249,255,255,248,249,255,255,246,230,245,228,220,229,231,213,130,125,130,126,134,128,128
253,243,253,255,255,253,246,254,255,243,250,254,238,246,242,238,226,210,203,127,126,130,128,127,128,128
240,241,255,250,247,253,240,242,249,247,242,249,247,233,235,233,228,228,222,127,128,128,125,129,128,128
222,248,247,252,248,249,252,250,254,248,242,241,239,237,234,232,227,217,132,128,126,124,130,127,128,128
208,223,241,238,251,248,253,252,241,251,237,242,237,216,226,238,235,236,120,131,136,125,126,130,128,128
216,232,230,245,254,252,255,246,224,248,246,238,224,225,243,228,219,228,132,129,117,133,130,127,128,128
241,241,246,251,247,255,240,244,248,243,242,237,230,230,231,225,232,218,130,130,129,128,125,127,128,128
229,236,242,246,251,239,252,248,244,249,230,222,241,243,235,247,212,128,126,129,122,132,127,132,128,128
246,237,249,246,245,246,234,235,237,239,215,223,232,212,216,229,221,131,129,128,133,128,126,128,128,128
245,241,237,251,248,255,249,242,232,240,230,228,222,227,242,220,222,126,123,126,127,131,125,129,128,128
250,241,253,246,246,248,247,247,249,240,230,225,227,236,238,230,128,127,131,132,124,129,129,126,128,128
240,248,238,252,242,242,239,232,236,227,220,235,238,228,233,226,128,128,128,128,128,128,128,128,128,128
254,248,247,244,233,247,237,243,230,235,208,231,234,229,234,237,128,128,128,128,128,128,128,128,128,128
250,249,247,243,232,241,233,234,229,246,236,225,239,223,227,124,128,128,128,128,128,128,128,128,128,128
251,241,252,239,232,251,231,238,223,237,215,238,236,236,223,131,128,128,128,128,128,128,128,128,128,128
250,251,236,237,234,240,250,242,236,234,251,233,223,238,220,129,128,128,128,128,128,128,128,128,128,128
250,248,244,241,239,243,241,234,212,236,245,241,218,225,135,124,128,128,128,128,128,128,128,128,128,128
248,255,246,252,247,236,243,229,240,240,220,240,234,214,130,127,128,128,128,128,128,128,128,128,128,128
251,248,242,237,232,231,241,241,216,238,241,227,240,128,126,130,128,128,128,128,128,128,128,128,128,128
