216,222,215,216,224,230,215,225,216,214,216,209,215,224,197,147,129,97,93,127,131,126,128,127,128,128
205,233,233,226,218,234,221,223,223,220,225,211,214,194,161,176,112,99,96,65,129,129,131,129,128,128
196,209,208,210,225,211,233,227,218,212,203,210,199,202,194,173,115,109,84,45,128,128,127,125,128,128
217,212,213,211,215,226,224,224,210,208,211,200,216,193,196,128,135,95,102,48,122,128,129,129,128,128
205,210,208,218,214,219,222,218,232,213,213,208,196,191,198,181,180,98,77,78,127,127,133,127,128,128
198,190,215,212,219,226,222,232,225,214,217,214,212,206,215,185,123,102,95,74,64,127,123,127,128,128
201,214,211,212,210,222,224,219,216,241,212,208,210,211,186,138,153,155,136,98,74,123,136,127,128,128
206,205,215,216,229,213,229,234,225,219,231,214,202,207,203,164,172,156,123,98,62,126,129,127,128,128
188,215,222,211,229,228,225,221,210,224,221,222,201,213,205,211,163,171,157,106,58,128,131,126,128,128
198,212,213,224,222,221,231,231,217,219,215,212,211,218,211,195,191,171,159,145,86,39,131,129,128,128
199,198,215,216,220,219,230,242,231,231,224,212,210,209,213,191,200,153,166,132,107,52,127,125,128,128
205,233,217,230,218,214,210,215,231,230,217,218,216,217,217,191,195,168,174,142,116,76,127,130,128,128
210,220,227,214,221,222,220,228,222,228,223,220,210,203,215,210,195,191,186,152,105,75,131,129,128,128
208,217,210,227,212,215,223,217,230,226,222,214,222,208,216,208,203,202,193,124,104,90,129,126,128,128
229,216,218,207,204,206,225,227,210,223,233,225,227,212,211,212,208,214,189,126,115,88,126,132,128,128
223,235,234,229,229,219,220,216,216,230,226,216,208,209,201,212,199,201,185,136,101,98,128,124,128,128
235,211,236,237,233,228,205,203,209,225,215,215,207,214,207,209,203,203,191,136,119,123,121,130,128,128
229,235,239,227,235,218,218,208,189,199,222,212,215,212,212,212,200,205,183,150,134,135,97,125,128,128
214,230,232,245,241,219,217,217,217,207,207,201,212,215,197,214,208,199,180,170,160,162,95,132,128,128
193,189,202,204,214,200,223,208,214,210,208,196,211,228,206,203,197,205,190,171,178,195,103,121,128,128
203,198,182,205,199,201,222,216,202,211,212,208,193,215,201,196,202,211,192,192,180,189,90,134,128,128
198,209,211,136,133,195,211,225,202,213,208,175,191,209,213,213,197,189,204,179,180,186,117,87,128,128
92,134,138,136,119,156,183,213,197,192,211,140,183,188,204,180,206,204,206,206,156,184,142,131,128,128
124,80,83,96,70,88,118,200,204,163,203,203,173,192,202,200,195,202,200,198,192,190,142,136,128,128
66,77,74,72,50,76,96,125,189,158,160,177,178,178,187,188,203,198,203,205,206,201,150,133,127,127
48,67,50,60,36,34,67,86,178,145,167,132,186,191,166,172,189,187,187,202,200,199,173,172,133,131
25,33,37,30,35,39,20,49,106,68,82,168,136,172,155,171,176,207,198,201,196,196,189,170,122,129
25,31,15,25,31,31,43,25,73,47,52,78,104,107,112,125,173,199,196,202,203,208,186,191,133,134
21,26,24,17,26,30,25,25,33,64,64,52,63,69,72,59,94,179,204,204,210,203,202,186,122,127
15,10,23,30,21,21,28,21,36,67,44,48,41,52,46,47,58,152,186,203,198,202,202,183,132,122
