198,193,209,197,214,203,217,208,201,190,185,164,121,92,71,42,74,149,173,130,127,126,131,126,128,128
203,199,206,215,221,217,213,206,217,200,195,184,150,116,89,64,44,75,136,177,130,133,123,132,128,128
199,192,195,214,219,221,218,220,214,208,204,193,175,157,129,100,65,39,86,140,125,124,127,129,128,128
199,194,207,217,227,218,222,222,216,216,208,194,184,173,149,122,93,60,43,81,128,134,130,126,128,128
209,205,217,217,228,220,228,224,228,224,216,208,199,183,163,150,124,82,49,44,122,129,131,127,128,128
222,217,218,218,222,227,231,228,228,228,227,221,213,202,187,174,155,109,62,44,49,129,123,131,128,128
225,226,227,232,229,232,228,224,225,229,231,225,218,213,198,180,167,130,101,59,30,127,131,127,128,128
214,217,223,227,225,226,231,235,231,225,228,234,231,221,208,196,175,163,139,97,55,129,129,128,128,128
228,223,223,223,229,226,230,231,229,231,232,231,230,227,218,209,179,183,168,126,78,129,128,128,128,128
228,226,230,231,235,228,229,229,231,231,231,231,232,230,224,219,203,178,175,156,126,72,122,132,128,128
233,237,241,233,236,238,241,235,231,230,231,234,236,234,229,225,214,191,194,172,154,94,134,125,128,128
235,237,240,232,236,237,240,236,232,229,228,231,232,230,227,226,218,212,210,186,154,121,127,127,128,128
233,230,235,237,241,234,235,235,237,231,226,225,224,223,222,223,224,224,211,195,171,138,126,131,128,128
221,226,232,227,233,236,242,238,237,235,233,232,229,225,221,218,222,221,216,210,193,169,124,127,128,128
208,218,222,210,214,224,235,231,237,238,239,239,237,232,225,219,221,216,219,224,202,176,129,127,128,128
211,210,216,216,215,207,215,225,239,240,238,234,233,232,229,225,224,225,206,208,212,187,180,127,128,128
177,189,191,220,215,203,195,205,221,236,239,235,233,231,224,224,230,223,221,222,201,208,190,129,128,128
144,156,183,154,179,181,179,164,207,229,232,237,229,227,216,224,227,229,211,218,216,204,197,131,128,128
135,150,134,158,149,169,150,152,155,183,216,218,229,225,227,218,224,228,234,212,214,218,203,127,128,128
126,133,120,129,134,130,123,113,136,133,193,226,226,210,229,216,220,217,220,222,216,208,214,129,128,128
92,98,101,102,108,126,109,110,93,119,142,180,211,227,216,211,213,220,221,223,215,214,210,129,128,128
77,81,79,85,87,91,84,92,84,74,89,122,146,175,204,217,220,210,208,212,217,217,212,210,128,128
62,80,68,76,74,79,84,83,88,87,100,85,96,104,160,197,188,211,200,204,218,215,219,213,128,128
62,65,74,67,73,72,70,78,79,80,96,112,129,102,111,147,158,161,166,165,197,222,223,219,128,128
40,56,70,78,72,78,69,69,68,81,78,82,104,111,89,99,105,118,127,129,155,202,220,215,130,125
43,40,43,55,59,69,62,65,69,73,80,86,87,103,92,81,89,97,97,98,130,167,211,225,130,129
50,39,52,45,65,57,63,58,67,56,63,73,84,82,79,82,94,85,93,96,101,130,203,211,124,125
35,40,44,48,52,66,62,60,52,57,69,63,83,74,78,80,76,82,79,81,98,105,159,206,133,132
52,51,45,40,42,59,58,57,61,64,74,71,73,68,77,75,77,79,77,85,99,98,134,205,123,128
53,43,51,34,51,50,69,75,80,87,82,99,99,93,73,70,69,79,78,75,83,89,111,165,133,123
