59,62,67,69,63,74,81,78,90,98,90,100,116,117,104,90,86,70,71,75,72,62,67,64,70,60
52,61,64,65,64,75,76,83,86,91,99,93,110,109,117,118,101,74,70,58,72,72,73,80,77,78
54,50,61,71,78,86,94,101,101,93,96,112,116,118,111,106,105,104,84,77,72,66,72,76,76,73
48,45,55,69,87,91,92,103,110,111,108,115,118,131,130,120,107,107,95,88,90,81,74,78,74,78
52,55,57,67,89,100,105,118,127,134,129,131,122,140,152,149,129,124,114,104,91,94,82,73,74,81
55,58,62,80,85,101,113,118,128,128,122,117,130,139,155,169,154,145,137,126,110,106,104,88,88,88
65,65,66,81,95,106,120,119,136,132,130,123,138,139,146,164,158,160,161,148,143,113,111,105,106,111
83,80,74,78,92,104,117,117,133,134,142,145,144,149,150,164,165,178,184,165,162,147,133,124,125,116
92,86,90,94,97,112,123,132,139,144,151,163,159,166,166,182,190,205,206,182,149,154,150,143,148,125
98,99,107,105,100,113,120,146,155,168,163,173,179,180,175,198,213,224,222,199,178,150,152,143,144,130
100,107,107,108,112,114,125,147,162,158,179,186,189,164,204,216,228,231,223,218,187,166,143,148,138,123
95,100,102,108,120,121,148,160,170,175,184,198,182,173,202,221,233,233,229,218,200,182,154,145,133,114
95,98,100,112,121,124,127,159,186,190,205,193,207,210,215,229,232,229,231,216,199,180,171,166,144,118
98,99,99,113,114,113,129,152,173,187,198,204,205,221,222,236,235,231,224,207,203,189,167,150,143,119
97,98,96,109,116,120,136,153,159,170,191,213,216,229,228,233,231,238,233,224,203,183,177,166,145,128
98,98,97,108,117,126,124,149,159,169,201,212,215,227,235,239,235,238,224,214,204,198,182,162,146,134
102,99,98,106,111,115,131,143,154,184,199,217,224,230,235,240,238,240,235,227,206,194,183,167,136,133
103,97,95,100,111,124,125,145,161,187,206,203,217,224,229,241,240,236,236,223,211,204,187,172,143,139
106,97,92,99,104,120,143,152,159,184,205,213,217,221,228,231,234,239,237,229,211,199,197,174,151,137
102,98,93,98,111,114,137,146,160,189,202,215,218,224,232,236,239,244,243,236,222,200,194,175,158,140
105,102,98,109,107,109,135,139,153,182,193,210,213,219,228,234,237,241,241,235,224,206,197,189,165,149
101,97,94,104,108,118,144,148,163,184,195,205,211,216,225,230,233,237,237,232,231,217,196,190,160,155
103,102,99,93,116,119,140,167,191,189,200,210,216,220,228,234,237,241,242,238,227,220,208,201,188,183
102,103,110,113,101,133,156,167,191,202,218,206,217,220,228,236,241,246,247,243,237,221,206,174,174,170
112,107,110,119,122,137,164,185,204,195,210,224,213,216,225,235,242,248,247,242,247,235,223,190,176,160
111,118,119,123,134,152,178,177,197,204,211,214,214,217,227,238,246,251,248,242,241,236,227,216,190,170
119,121,126,130,132,154,177,188,187,196,215,220,221,222,231,247,251,250,252,246,244,245,238,227,209,185
126,131,126,129,154,170,184,194,195,199,209,210,218,223,232,248,255,254,254,249,248,248,243,237,225,202
125,134,132,145,156,176,186,193,200,208,214,212,215,222,229,244,254,252,251,249,252,251,246,241,236,221
135,137,141,155,164,190,198,196,204,216,223,219,224,231,233,243,255,254,253,253,252,252,249,244,239,233
