24,79,153,211,216,217,224,209,218,234,228,230,226,229,236,241,238,240,240,239,245,248,249,248,252,251
57,131,173,204,222,206,210,195,218,225,229,234,227,230,233,238,234,242,247,245,245,251,254,251,253,251
134,163,182,206,211,205,181,212,214,226,235,243,237,235,231,233,233,246,243,249,247,251,248,245,250,252
205,183,187,190,203,165,197,219,228,228,241,243,238,236,237,239,238,243,241,251,245,248,247,248,252,251
214,185,180,177,185,167,215,228,226,229,238,236,236,235,240,238,237,234,241,243,234,250,252,243,245,252
202,166,150,154,173,200,230,233,226,241,238,241,251,246,241,232,236,235,230,251,244,248,244,247,251,249
169,145,137,159,201,221,232,232,229,233,242,240,243,249,236,233,227,236,241,247,240,248,249,251,248,251
139,167,197,208,224,228,236,239,236,242,241,242,245,247,240,240,233,237,232,240,242,249,244,243,245,253
217,216,213,224,229,226,230,235,232,237,242,243,242,241,242,246,236,234,232,233,238,246,242,242,243,247
222,224,207,218,226,231,235,243,240,236,235,246,251,239,227,227,234,250,239,232,237,244,243,245,243,241
223,224,208,213,219,224,229,237,237,224,236,237,243,241,240,236,234,239,243,235,243,244,244,246,244,243
200,224,217,226,230,224,228,225,231,225,237,232,242,244,241,235,238,245,245,235,240,237,244,250,246,243
156,210,212,229,223,207,227,215,221,228,246,228,233,233,232,234,244,247,239,231,234,224,236,245,240,239
173,184,211,224,201,183,230,219,219,230,220,221,248,249,235,225,234,236,227,228,234,217,224,232,231,238
187,159,203,213,202,190,217,227,211,230,214,216,231,251,229,228,232,222,197,211,234,213,194,220,226,236
200,118,154,199,174,160,209,219,188,208,212,203,219,199,226,222,222,219,211,214,221,220,213,208,230,229
164,146,174,161,151,125,170,203,198,198,168,218,211,182,223,184,217,184,211,223,222,217,231,214,203,230
146,182,160,162,121,128,136,169,167,186,195,199,198,167,152,172,185,177,205,195,203,216,217,217,193,217
195,199,175,186,173,166,175,198,164,186,174,196,166,155,129,166,159,161,215,192,190,220,220,219,198,196
226,224,224,229,189,192,165,220,212,207,165,203,160,167,188,163,197,166,188,184,196,204,211,217,190,167
236,238,225,229,231,208,194,218,215,220,206,162,186,192,207,177,202,157,157,157,192,203,189,215,208,168
240,244,248,238,243,234,226,221,229,239,222,222,205,202,178,174,204,154,144,158,152,193,183,192,203,180
204,218,228,228,237,237,236,248,250,242,235,230,215,224,168,219,164,169,121,163,170,179,199,211,214,185
155,174,182,199,211,230,239,248,251,246,238,244,224,234,220,226,168,167,141,165,151,166,189,188,206,180
153,124,146,149,166,172,203,221,231,242,242,243,232,229,221,226,185,162,166,119,165,155,153,180,195,185
128,141,144,143,150,141,146,161,180,205,221,222,221,226,223,220,167,172,153,107,133,138,164,158,169,192
140,156,106,121,124,138,122,130,128,134,153,176,195,205,204,221,186,173,150,109,102,138,147,171,205,168
137,127,109,108,130,114,115,127,118,128,103,106,135,171,173,171,174,147,120,94,74,139,176,199,172,172
132,117,104,118,141,100,105,102,95,114,107,104,89,84,98,99,118,114,108,79,72,125,151,208,205,176
116,100,91,128,80,72,80,87,99,108,109,84,76,72,67,63,71,77,66,56,69,86,137,202,192,149
