127,127,127,127,127,127,127,127,126,129,125,127,130,124,50,50,53,49,61,79,71,62,93,122,109,105
127,127,127,127,127,127,127,127,129,127,126,125,130,126,43,49,37,63,58,97,89,75,104,107,128,106
127,127,127,127,127,127,127,127,125,130,124,129,125,125,133,32,42,57,59,67,76,80,105,114,121,113
127,127,127,127,127,127,127,127,126,125,130,126,131,118,128,38,44,52,58,74,79,109,96,110,125,117
127,127,127,127,127,127,127,127,131,126,127,121,127,133,122,125,47,51,53,65,78,77,103,112,114,103
127,127,127,127,127,127,127,127,123,126,129,130,125,127,130,126,51,33,26,63,70,78,99,111,122,124
127,127,127,127,127,127,127,127,131,123,127,122,132,124,125,129,127,41,41,52,78,86,84,85,109,112
127,127,127,127,127,127,127,127,126,127,124,132,125,126,130,125,126,33,48,57,67,82,85,105,111,110
127,127,127,127,127,127,127,127,127,127,127,127,127,127,127,127,128,39,41,58,72,84,79,107,119,122
127,127,127,127,127,127,127,127,127,127,127,127,127,127,127,127,129,124,26,53,50,71,83,96,105,119
127,127,127,127,127,127,127,127,127,127,127,127,127,127,127,127,125,129,42,55,48,61,94,107,93,84
127,127,127,127,127,127,127,127,127,127,127,127,127,127,127,127,129,124,126,38,44,65,47,77,96,72
127,127,127,127,127,127,127,127,127,127,127,127,127,127,127,127,129,126,128,46,45,53,63,61,80,74
127,127,127,127,127,127,127,127,127,127,127,127,127,127,127,127,128,127,121,125,51,48,56,80,64,66
127,127,127,127,127,127,127,127,127,127,127,127,127,127,127,127,124,131,126,130,130,51,60,57,73,69
127,127,127,127,127,127,127,127,127,127,127,127,127,127,127,127,128,127,127,128,122,45,57,72,69,65
127,127,127,127,127,127,127,127,127,127,127,127,127,127,127,127,127,127,128,129,129,123,52,62,58,68
127,127,127,127,127,127,127,127,127,127,127,127,127,127,127,127,129,128,128,122,127,132,48,53,63,53
127,127,127,127,127,127,127,127,127,127,127,127,127,127,127,127,126,127,126,134,125,120,130,43,59,69
127,127,127,127,127,127,127,127,127,127,127,127,127,127,127,127,129,124,128,123,132,125,129,36,45,46
127,127,127,127,127,127,127,127,127,127,127,127,127,127,127,127,127,127,134,122,123,132,121,127,43,34
127,127,127,127,127,127,127,127,127,127,127,127,127,127,127,127,129,123,126,130,129,129,127,126,126,41
127,127,127,127,127,127,127,127,127,127,127,127,127,127,127,127,127,126,135,121,127,125,126,129,126,37
127,127,127,127,127,127,127,127,127,127,127,127,127,127,127,127,127,126,125,133,125,127,128,126,127,128
127,127,127,127,127,127,127,127,127,127,127,127,127,127,127,127,127,127,127,127,127,127,127,127,126,128
127,127,127,127,127,127,127,127,127,127,127,127,127,127,127,127,127,127,127,127,127,127,127,127,127,131
127,127,127,127,127,127,127,127,127,127,127,127,127,127,127,127,127,127,127,127,127,127,127,127,123,125
127,127,127,127,127,127,127,127,127,127,127,127,127,127,127,127,127,127,127,127,127,127,127,127,135,124
127,127,127,127,127,127,127,127,127,127,127,127,127,127,127,127,127,127,127,127,127,127,127,127,123,128
127,127,127,127,127,127,127,127,127,127,127,127,127,127,127,127,127,127,127,127,127,127,127,127,133,121
