199,189,179,182,197,194,204,203,187,199,200,197,183,164,169,189,206,211,212,204,209,200,201,207,196,194
198,180,182,192,198,190,197,196,197,197,202,203,211,189,183,221,194,213,211,214,208,218,196,208,215,222
196,188,187,201,202,193,213,215,203,187,211,213,202,179,181,209,211,210,216,227,213,206,211,222,221,214
187,197,201,194,191,205,207,196,205,201,208,195,195,196,186,197,197,215,212,213,225,218,216,221,219,229
196,192,195,201,199,201,210,217,206,206,219,209,210,180,180,192,187,185,204,215,214,212,210,230,214,219
192,191,208,199,204,202,195,211,213,208,204,217,201,194,187,189,190,213,225,226,218,227,224,227,208,222
201,206,203,203,195,206,211,208,192,207,209,209,207,198,198,189,217,212,220,219,224,230,223,208,237,227
200,217,200,212,206,199,196,202,206,214,201,203,207,199,198,218,211,222,224,229,228,227,232,227,231,239
205,199,209,214,209,205,208,219,203,186,171,190,194,185,183,183,224,222,223,222,228,234,222,223,229,232
217,207,208,203,215,203,216,206,177,144,131,151,194,185,181,183,210,219,225,224,229,229,229,238,237,231
218,207,206,204,208,219,203,198,185,130,112,152,196,181,169,171,221,224,223,225,224,228,230,228,238,214
211,210,220,216,216,208,200,196,177,159,140,173,195,188,186,189,206,221,224,212,219,212,233,227,225,232
220,220,220,214,198,196,190,199,209,190,180,153,181,188,177,200,211,221,208,226,220,207,234,222,226,220
228,231,224,207,212,215,204,223,208,214,187,201,220,202,205,219,224,217,219,220,229,226,193,216,220,234
222,222,213,205,212,200,216,215,209,180,221,229,209,220,228,203,219,217,227,219,215,221,218,214,217,223
223,225,223,224,177,154,131,133,178,198,218,219,228,223,216,222,219,227,224,222,231,225,207,215,219,213
227,206,225,204,167,142,127,149,176,198,200,209,219,219,217,226,224,221,227,222,223,224,207,217,203,217
228,232,220,225,173,131,125,159,168,178,194,213,216,218,227,211,221,222,221,221,217,212,204,209,207,211
212,217,234,200,194,196,201,170,128,166,212,203,214,220,229,226,236,228,213,219,218,224,229,225,213,206
193,205,224,227,218,228,211,176,146,141,162,187,211,217,217,223,232,213,214,216,213,219,216,215,206,213
200,175,200,217,217,206,204,208,181,148,170,210,208,215,226,216,216,196,208,199,176,194,210,219,214,216
209,202,200,194,215,223,219,218,217,197,191,187,199,204,221,223,202,197,191,199,199,189,184,182,195,202
185,184,192,211,207,192,191,203,198,186,204,202,188,185,187,199,185,184,175,195,197,197,193,179,180,184
184,180,176,178,198,189,183,204,226,212,206,193,189,187,183,169,188,157,157,146,157,179,180,174,167,180
132,165,154,177,186,185,217,198,209,210,196,193,181,200,197,168,172,177,148,153,147,155,177,163,179,160
148,140,142,139,146,183,185,203,181,205,192,187,170,165,191,152,142,147,156,124,136,139,131,151,162,151
109,129,131,139,131,152,161,186,180,168,165,159,170,148,149,147,131,137,121,122,129,117,126,130,150,141
71,91,118,128,134,151,172,181,167,156,139,139,139,142,148,147,136,125,127,111,124,112,113,107,114,132
68,78,86,98,121,108,132,151,165,151,140,151,127,112,120,121,125,133,108,109,95,105,106,97,97,99
53,65,71,73,99,109,103,119,120,140,132,126,109,107,120,93,104,116,100,103,76,82,102,83,91,82
