196,155,173,175,185,168,159,163,147,143,132,126,123,104,97,88,82,76,73,68,61,56,51,43,41,46
190,188,183,195,172,173,172,160,139,134,132,125,125,113,107,94,88,87,74,68,59,52,51,48,44,44
196,189,187,177,164,174,172,146,146,145,143,132,130,121,111,92,82,84,74,70,63,55,52,51,46,42
196,197,193,171,152,170,169,161,158,145,146,133,129,123,114,99,88,89,71,70,68,63,55,51,48,46
218,201,186,196,175,166,175,155,165,148,149,137,129,124,119,113,101,98,78,70,67,65,57,51,49,48
183,199,204,177,178,164,167,178,156,161,155,144,133,128,122,121,105,99,96,78,68,64,57,51,48,42
212,198,196,188,156,199,160,171,171,174,157,147,138,136,130,127,110,103,108,89,76,69,61,56,52,41
215,197,203,194,190,191,190,184,171,167,166,157,148,148,138,132,110,104,105,93,85,77,66,64,61,49
165,198,202,197,191,191,210,197,185,180,175,186,167,159,137,139,133,109,105,97,89,83,78,75,66,54
186,211,193,195,215,211,203,201,214,196,198,188,169,165,154,150,134,121,118,104,97,96,88,77,68,60
189,194,195,186,183,206,198,207,199,181,193,194,177,186,178,154,143,130,116,123,108,90,93,91,77,72
188,191,190,190,203,209,212,196,211,211,183,195,213,182,173,185,147,138,132,115,112,109,93,85,83,72
207,167,178,192,211,217,221,221,234,211,215,203,211,196,187,187,148,154,137,124,120,121,111,95,85,84
209,178,181,210,197,212,208,228,226,220,212,232,213,210,191,181,162,136,136,117,118,114,92,89,93,75
220,202,149,169,170,202,235,229,222,218,195,211,207,209,176,167,142,131,143,128,112,105,98,85,79,86
216,205,195,188,183,216,221,207,202,188,175,193,179,185,148,146,138,131,115,117,104,91,92,91,83,81
185,196,170,180,181,210,203,164,178,162,164,159,160,150,157,156,137,116,103,96,90,90,81,76,68,80
154,191,171,180,173,202,145,151,175,187,168,155,153,141,147,125,122,111,101,93,88,91,88,84,70,71
154,165,150,173,151,175,127,181,182,146,148,142,133,133,136,104,113,102,89,84,81,82,78,79,69,70
170,158,142,151,147,126,125,138,131,122,121,131,144,110,99,122,118,120,108,101,93,86,74,73,63,60
164,161,149,113,128,140,122,147,111,108,111,100,84,85,88,91,87,80,80,72,68,69,68,77,68,61
139,152,136,126,110,92,113,109,97,93,75,79,81,64,66,66,64,50,65,58,57,59,55,66,63,59
148,136,116,106,74,79,98,88,91,79,60,63,51,50,55,49,63,54,49,44,46,47,37,45,46,47
128,115,109,80,78,83,87,90,71,59,62,58,56,49,40,49,40,47,35,29,34,39,31,36,30,25
96,103,85,64,75,82,76,65,49,62,52,49,49,45,39,33,30,41,37,41,21,25,30,29,22,23
86,87,74,65,71,68,62,60,52,56,50,45,40,38,33,23,24,32,36,36,37,33,19,8,21,23
78,77,70,71,70,60,54,56,56,50,48,46,35,26,22,20,21,22,19,28,22,25,33,20,9,14
59,82,54,58,57,52,50,48,54,43,38,32,29,22,22,21,14,17,26,15,0,16,18,30,15,3
63,74,55,60,58,53,54,47,51,33,34,20,29,30,32,30,13,24,23,24,20,20,5,15,13,14
60,63,51,55,54,43,44,38,40,19,35,29,36,24,26,36,23,28,20,14,9,2,23,26,18,12
