38,45,36,35,27,34,36,44,29,31,28,27,31,27,27,22,29,35,27,30,34,35,38,42,45,46
38,46,42,49,40,45,48,48,40,35,36,29,29,26,32,28,30,30,38,38,36,32,32,35,38,39
56,38,54,53,57,54,49,44,38,40,33,32,31,30,28,27,28,31,35,38,33,31,34,41,36,47
87,65,61,55,52,46,41,37,31,33,28,26,25,26,27,29,31,33,30,34,31,34,36,42,40,47
71,65,61,50,43,35,32,32,28,29,27,24,22,24,28,29,30,30,31,35,33,40,39,44,47,50
86,62,53,43,36,29,28,29,26,27,26,23,22,23,24,23,21,20,13,16,13,21,17,21,27,29
70,56,45,37,34,28,25,24,19,20,19,17,16,16,16,14,14,15,21,23,23,30,26,29,33,36
77,50,36,31,30,25,22,20,14,15,11,11,11,11,11,13,17,22,18,19,24,28,25,30,27,36
64,49,32,26,25,21,19,17,13,14,9,10,12,14,16,18,23,28,27,25,30,27,25,32,23,40
60,38,34,27,23,17,16,15,11,12,10,12,15,20,22,22,24,26,34,28,31,20,17,25,14,37
53,41,27,26,19,15,14,9,6,13,15,18,15,25,24,28,25,19,17,9,4,8,10,4,5,14
63,40,23,22,20,18,15,11,11,15,14,20,19,19,20,11,8,7,8,4,0,0,2,1,4,12
61,28,27,21,16,13,11,13,16,16,17,17,12,6,11,0,3,8,3,4,2,2,4,2,1,4
65,39,31,20,14,12,12,17,19,13,7,7,12,19,17,3,7,11,10,8,6,7,9,6,3,4
64,43,27,20,18,19,17,17,15,8,7,15,34,48,22,3,8,16,18,9,1,2,7,6,7,13
67,49,30,25,22,18,11,6,8,10,22,41,66,75,28,0,2,15,17,7,0,0,4,2,2,9
68,41,38,30,19,12,7,4,11,23,34,58,83,90,57,13,0,3,10,5,0,0,2,0,0,3
62,46,39,28,14,11,15,16,23,37,49,65,77,81,77,33,6,3,6,6,1,0,0,2,4,8
57,50,41,27,19,19,22,25,28,28,46,63,69,86,80,64,22,4,3,3,3,4,0,9,3,27
62,52,35,21,13,11,11,13,16,17,34,44,52,69,77,84,56,26,9,4,0,2,13,9,34,136
66,50,36,25,20,19,17,16,18,20,16,15,19,25,34,54,57,41,34,22,9,10,19,44,100,128
97,58,37,29,27,29,27,24,24,24,26,21,27,27,27,25,31,30,35,32,37,35,46,63,72,73
108,78,48,38,33,33,30,26,24,22,22,21,28,34,46,34,33,38,25,35,15,29,34,21,38,56
145,90,73,56,43,37,33,28,24,20,20,22,20,17,29,23,22,27,28,23,27,29,21,30,38,40
211,119,93,71,51,43,40,36,30,24,18,20,20,16,20,21,24,24,21,28,22,20,25,22,37,40
205,175,104,80,58,52,52,49,42,34,37,26,23,21,17,21,25,21,22,23,31,25,44,40,45,49
225,199,156,117,102,75,65,55,52,41,41,46,31,34,19,23,23,25,22,24,30,31,34,46,55,59
238,218,212,145,123,119,76,66,72,62,53,47,46,32,40,36,37,19,22,31,31,44,48,49,63,61
243,231,214,219,174,136,118,94,69,79,62,64,56,54,48,36,50,38,36,32,37,43,48,53,58,68
244,236,232,220,202,178,167,127,107,81,79,71,61,64,53,52,54,50,56,53,45,55,59,56,69,76
