123,122,122,117,127,128,119,122,123,137,138,139,140,150,138,153,159,162,164,162,164,177,177,169,185,196
116,122,119,127,120,120,121,135,133,133,144,144,146,153,149,156,158,159,156,165,172,188,183,175,189,188
117,133,124,120,126,111,126,130,126,137,147,141,142,144,154,157,165,167,164,160,194,192,186,202,189,193
126,129,135,136,114,133,128,137,136,141,139,139,150,150,162,152,158,161,174,172,185,190,181,193,193,181
134,123,130,121,130,129,121,134,137,143,135,139,153,153,162,151,158,163,169,170,172,187,179,187,196,184
135,127,130,130,118,149,124,134,143,144,144,138,142,147,159,162,166,164,162,164,173,191,183,192,196,195
126,120,136,111,111,129,140,139,139,133,146,143,145,158,160,166,160,152,162,176,164,193,186,180,193,180
118,114,115,119,120,129,139,137,147,140,137,147,156,168,150,159,163,167,168,169,164,184,185,193,188,182
129,123,117,121,131,116,129,137,149,149,143,152,152,158,153,152,160,165,163,167,173,175,175,186,175,201
125,126,113,122,110,125,129,142,144,119,154,148,149,150,151,149,149,153,154,156,166,163,165,176,175,169
123,126,109,121,106,116,123,111,130,142,144,145,139,143,153,145,156,145,143,156,148,151,145,170,174,179
121,122,124,116,116,112,126,130,146,136,147,146,144,126,124,136,134,130,112,127,144,144,162,158,160,169
103,107,116,121,115,123,133,120,119,143,123,143,121,130,114,130,131,122,113,113,133,136,141,142,132,139
91,113,116,122,115,115,122,122,130,116,114,102,113,87,99,81,83,73,81,108,92,95,104,131,101,144
87,95,105,116,112,113,133,123,108,104,95,94,70,72,58,55,55,53,59,59,78,76,65,77,77,74
95,81,77,94,97,99,88,111,73,76,62,66,65,61,55,52,51,47,47,45,44,41,45,49,51,48
63,62,69,64,94,75,68,62,55,54,52,50,44,44,46,38,28,28,32,41,40,34,36,40,42,46
52,56,53,61,73,69,59,47,33,40,40,35,25,20,22,18,14,18,25,27,26,30,43,47,40,34
50,49,44,49,55,58,43,26,19,24,19,16,10,9,11,9,7,11,15,17,15,19,31,35,33,34
46,44,45,31,44,43,24,11,20,13,8,7,7,9,11,9,8,10,10,13,11,10,14,15,21,33
30,37,39,21,33,25,10,10,15,8,9,7,5,5,4,4,6,7,9,10,6,6,10,9,10,18
13,19,24,22,19,15,6,16,4,9,9,5,4,3,1,2,4,3,9,9,5,4,7,6,5,12
25,21,16,22,12,14,7,13,4,7,4,1,3,5,3,4,5,1,6,9,6,1,2,2,4,12
24,11,15,15,10,15,8,3,12,2,5,0,1,1,0,2,5,0,3,7,4,1,4,3,2,6
19,13,10,13,14,10,6,5,6,6,3,2,2,2,3,3,2,0,2,2,2,0,0,2,3,3
22,11,8,10,11,9,8,8,7,5,2,2,2,2,3,3,2,1,0,1,1,0,1,2,3,3
9,10,8,9,10,10,10,10,7,4,2,2,2,2,2,2,1,1,0,1,1,1,1,3,3,3
8,17,12,11,11,11,10,9,6,4,3,3,2,2,1,1,1,1,1,2,3,3,4,6,6,5
17,16,14,13,11,10,8,6,5,5,5,5,4,3,2,2,2,2,6,7,8,8,9,11,12,11
15,17,15,13,11,9,8,7,7,8,8,8,7,6,5,5,6,7,12,13,14,14,15,17,18,18
