85,84,82,93,96,93,105,110,119,125,134,125,126,146,141,144,139,133,128,128,122,118,128,123,133,131
86,83,93,92,99,96,109,118,124,122,127,126,138,135,131,139,140,136,123,126,130,124,130,130,136,128
89,89,90,102,96,101,113,120,127,127,132,133,140,139,144,142,140,144,132,133,133,133,133,133,136,134
86,95,103,107,102,113,119,117,125,135,138,135,127,134,143,138,132,136,133,131,133,143,139,134,133,137
103,104,114,104,106,114,113,109,115,125,125,120,130,129,128,135,137,132,134,130,127,139,136,134,128,131
57,89,96,112,118,120,120,126,129,136,136,136,127,128,121,124,130,126,131,122,131,131,125,127,118,113
56,65,63,94,101,104,110,121,120,130,137,140,125,133,131,120,126,126,124,115,132,124,119,119,108,100
10,66,23,55,77,85,94,100,93,108,119,121,119,118,122,113,121,113,100,100,106,104,110,114,108,106
22,56,3,29,6,6,14,41,40,75,39,86,81,78,92,87,85,67,90,64,73,87,92,102,105,115
18,19,28,4,6,4,5,33,41,64,14,64,12,14,26,16,2,4,13,31,45,24,39,24,26,46
74,51,16,3,5,3,17,0,41,70,33,31,18,27,25,5,6,7,13,36,4,0,3,8,3,2
70,55,4,1,2,9,20,15,13,72,39,37,18,20,17,10,16,48,3,10,1,7,15,27,10,6
2,8,6,0,20,9,1,7,2,71,37,42,34,37,33,27,31,15,14,12,29,4,5,15,27,16
65,10,0,22,0,3,1,23,18,71,22,50,34,52,52,22,0,7,8,7,9,28,6,8,2,57
37,0,5,6,15,0,3,4,32,58,33,63,29,15,12,21,19,1,5,1,7,4,31,10,10,28
35,23,36,3,5,16,25,15,7,66,36,44,10,4,5,13,8,15,6,9,0,6,3,24,5,8
13,50,14,31,11,37,31,38,13,18,59,41,22,0,2,8,8,11,9,17,6,0,6,5,18,25
20,44,67,61,37,10,27,74,31,21,77,35,35,36,23,8,32,47,8,20,19,37,14,9,40,9
30,52,74,61,29,38,47,77,34,16,73,72,30,31,11,17,51,46,24,16,17,17,57,63,35,12
60,67,43,40,33,37,36,34,41,54,81,24,42,61,51,42,27,45,65,34,60,49,53,29,50,22
49,83,26,43,51,2,23,36,58,42,72,25,26,39,49,47,13,46,51,45,32,39,58,36,41,27
48,71,45,32,31,28,45,47,31,35,73,69,32,19,58,56,26,40,53,20,19,22,51,30,18,13
47,78,74,57,52,47,22,49,21,52,70,49,33,19,34,28,51,20,25,50,37,39,48,28,38,8
64,65,44,28,71,76,27,36,21,36,55,33,72,29,37,26,39,59,32,43,39,48,29,21,27,19
66,60,59,43,51,62,69,43,21,50,77,39,72,38,18,12,21,27,57,64,42,40,22,44,51,63
60,31,37,37,56,39,46,49,61,59,65,47,50,67,22,40,16,75,107,71,64,60,33,45,54,69
26,24,33,48,57,25,43,21,38,57,66,73,59,59,79,110,39,28,30,22,70,44,48,36,59,62
21,36,30,63,72,42,31,42,24,44,64,76,61,68,86,60,52,45,24,65,67,40,68,14,22,55
22,29,32,13,67,23,33,28,57,58,73,73,36,53,42,56,60,70,17,43,28,9,48,41,22,66
44,55,61,22,45,58,15,21,43,65,68,57,67,40,63,63,60,60,56,39,21,26,49,38,7,62
