126,127,123,128,130,128,135,146,146,139,140,164,162,201,168,208,230,221,223,218,233,204,177,158,194,127
124,122,133,131,123,139,129,140,156,160,155,167,178,209,208,221,213,228,232,231,227,208,178,198,242,123
120,124,123,129,125,132,137,146,151,153,151,153,172,180,189,225,239,242,243,241,244,246,240,229,224,125
125,129,127,129,126,133,135,139,140,160,157,176,172,200,207,214,226,235,243,247,249,248,237,225,230,127
113,120,122,129,135,143,140,139,145,150,161,158,177,193,207,223,232,239,243,243,245,249,247,241,238,129
131,137,137,136,137,137,136,141,141,149,152,166,169,181,215,212,233,241,247,249,251,254,251,246,244,129
108,115,123,136,151,150,146,148,141,150,152,159,171,185,186,222,230,238,246,250,253,255,250,244,247,128
123,125,120,113,120,124,139,160,151,157,151,158,159,179,202,220,232,237,242,245,248,253,253,251,249,127
129,136,138,142,163,155,135,119,141,158,160,153,148,200,194,212,222,232,242,248,252,254,255,253,250,128
123,146,158,151,163,163,166,170,146,118,142,149,159,165,183,204,213,225,238,246,249,252,254,254,252,130
124,148,151,150,176,165,178,183,194,194,118,120,140,158,185,176,200,226,232,241,248,255,254,254,253,130
91,118,125,131,136,166,235,219,205,209,219,125,114,134,163,183,184,204,225,238,246,253,254,254,253,130
83,79,82,92,106,138,171,228,251,240,213,235,138,113,136,161,159,183,219,241,246,250,253,255,253,130
47,73,92,76,88,102,139,191,244,247,250,215,229,153,111,134,149,181,206,237,244,249,252,254,253,130
60,117,138,134,99,95,103,117,198,244,245,245,226,218,147,135,146,179,183,223,240,251,252,251,253,130
67,137,176,204,155,137,130,97,98,129,230,242,227,193,163,151,135,165,170,216,236,249,253,255,253,130
84,164,200,217,221,220,247,125,93,80,105,132,181,145,217,159,156,156,172,211,232,245,253,255,253,130
92,203,233,240,238,249,255,249,209,107,79,90,130,153,216,232,205,162,175,200,226,244,252,250,253,130
138,219,235,241,243,247,255,253,253,143,102,103,123,198,229,218,232,191,183,216,219,243,255,250,253,130
193,227,233,239,247,255,250,249,251,193,141,174,136,152,185,222,206,206,195,200,219,238,244,253,253,130
213,224,225,243,253,252,255,255,254,178,136,234,176,136,138,175,170,186,178,179,220,243,245,254,253,130
193,209,214,220,240,251,255,224,145,126,132,220,237,238,195,161,150,162,180,204,224,240,248,250,252,130
156,153,173,165,159,149,125,128,134,162,215,251,245,249,245,232,211,187,189,216,217,240,253,249,252,130
128,121,110,115,106,122,145,166,175,237,251,247,253,246,234,237,229,221,221,236,221,234,243,250,252,129
119,129,135,123,141,147,150,237,235,255,249,248,247,249,247,243,238,234,224,229,231,242,243,250,252,129
123,128,139,148,151,156,230,227,254,245,251,255,247,247,245,243,239,238,235,237,244,243,242,246,251,129
128,137,138,156,164,162,231,245,251,250,250,250,248,246,245,246,246,243,239,238,240,243,246,248,250,128
133,146,145,159,180,196,232,240,247,247,248,250,249,247,246,247,246,243,241,240,241,244,246,247,250,128
137,146,146,164,196,215,220,237,242,243,245,248,249,247,247,248,245,244,242,242,242,244,245,246,250,128
137,145,149,167,193,208,213,234,236,238,242,246,247,247,247,248,246,245,244,243,243,244,246,247,250,129
