179,180,179,170,180,163,163,158,144,103,78,63,32,20,15,14,16,5,12,15,31,38,17,20,23,36
175,186,170,166,171,174,165,158,148,110,88,58,31,30,16,17,20,6,16,17,32,36,18,16,33,11
174,164,154,166,168,168,169,161,150,111,92,49,25,28,18,22,23,13,18,17,27,36,27,19,20,15
166,161,168,152,174,163,170,158,143,105,99,56,33,28,21,25,23,20,18,16,21,35,28,22,25,31
163,164,174,162,164,160,159,155,144,125,101,43,31,32,28,21,22,17,18,16,23,23,16,35,24,4
159,162,129,139,131,137,144,127,119,117,92,42,42,25,24,33,26,17,27,23,13,12,48,27,8,12
163,152,148,154,141,128,123,84,106,118,78,37,39,28,28,33,29,20,11,17,29,41,18,0,16,49
139,149,148,152,142,148,134,142,124,99,72,37,40,29,34,12,3,24,36,42,25,7,4,45,55,60
18,16,23,40,38,50,58,40,42,32,21,14,13,18,29,47,47,40,21,6,8,37,45,53,62,87
59,56,54,45,44,52,44,54,45,43,48,45,46,37,36,28,11,9,24,43,51,56,60,67,81,79
46,35,31,40,41,46,56,37,42,39,24,19,16,21,25,33,52,57,55,60,67,61,65,71,96,94
99,80,82,59,70,66,51,58,56,54,57,57,54,61,60,66,67,63,71,65,67,74,92,121,95,84
135,120,99,87,87,90,83,74,72,72,76,62,67,68,69,59,81,65,68,74,73,99,128,113,85,109
138,139,132,125,106,100,100,92,83,76,82,75,74,63,75,96,109,93,95,92,95,128,133,118,76,154
157,171,141,126,137,123,120,116,96,107,89,94,93,107,99,100,108,116,112,135,124,149,134,108,124,182
163,165,158,158,148,127,144,142,130,116,120,119,114,94,112,121,114,125,125,143,146,131,123,93,165,186
164,162,168,148,155,140,146,142,141,143,146,135,135,131,145,137,144,137,162,156,139,137,138,129,184,211
176,167,162,149,158,161,151,163,149,154,139,156,147,140,157,152,140,156,158,150,145,141,120,148,176,187
186,187,168,145,167,173,162,174,187,184,174,156,164,170,167,176,177,171,135,166,152,147,117,153,194,213
189,183,185,156,141,168,168,176,182,177,177,168,174,169,176,175,172,169,164,164,146,143,106,171,193,211
181,177,181,194,168,165,202,190,163,163,185,164,151,151,163,171,182,163,166,170,157,147,134,154,196,203
193,185,201,194,194,190,187,178,183,188,184,164,164,172,182,177,180,164,164,162,153,153,142,150,174,198
207,191,204,197,183,194,177,191,157,181,182,168,159,158,180,172,178,171,172,167,160,162,147,140,175,181
202,182,194,206,207,189,206,197,200,186,171,135,153,157,178,175,184,178,178,172,163,156,171,113,157,160
187,188,174,213,201,179,210,157,195,162,164,153,139,168,174,171,179,178,180,177,175,168,157,133,130,153
195,187,192,182,191,212,211,207,183,184,187,176,175,177,192,183,187,187,184,173,172,165,156,142,95,119
207,193,191,208,205,192,209,191,191,181,185,192,198,183,189,183,187,188,186,180,182,171,158,152,130,78
214,204,221,210,191,209,210,202,187,190,189,187,188,206,186,186,187,179,177,182,188,171,174,147,130,135
213,222,218,191,218,200,197,212,202,203,201,193,196,183,197,198,183,189,185,186,186,173,183,173,158,156
217,222,214,214,200,195,193,204,202,196,192,192,200,204,192,192,190,198,195,193,186,185,177,157,167,156
