129,124,135,131,124,130,129,124,159,171,78,92,172,174,160,131,159,149,125,194,150,205,195,198,152,62
128,130,122,123,133,127,125,187,169,138,138,127,122,95,102,194,95,198,185,196,191,164,158,196,68,111
128,130,133,126,129,124,135,129,121,118,187,70,191,147,142,141,150,126,104,137,152,186,195,126,103,123
124,129,126,130,127,128,122,201,179,153,151,111,94,98,110,168,62,185,116,147,98,126,127,159,209,93
130,129,129,128,132,129,127,126,116,118,136,73,185,118,169,88,155,88,111,146,193,187,149,148,179,164
127,128,125,130,125,123,131,187,132,164,62,131,72,155,144,162,194,193,170,204,217,209,211,203,170,181
130,125,134,128,124,137,218,177,151,116,175,163,195,174,191,196,203,206,198,184,196,212,207,172,163,174
125,130,127,125,133,121,221,212,212,219,206,211,195,206,217,207,205,198,201,199,208,205,192,209,221,217
131,124,132,125,127,132,222,222,224,209,206,209,216,198,204,208,202,206,203,202,211,193,197,219,205,212
122,134,125,132,132,200,219,235,229,220,205,215,220,218,214,211,201,199,223,209,211,213,215,213,208,213
129,127,130,120,127,210,181,201,201,226,226,240,224,228,227,211,216,211,216,221,206,195,208,215,213,219
127,130,124,135,129,193,121,196,156,228,220,197,227,241,228,226,219,232,213,202,223,206,224,223,221,223
128,125,126,123,128,15,73,145,185,197,196,157,213,210,225,239,237,224,227,224,231,221,209,231,218,207
128,132,135,129,127,8,18,28,45,150,97,197,95,204,203,189,222,223,227,234,233,217,218,218,213,227
126,122,129,123,129,26,22,34,38,38,39,66,126,195,192,160,200,151,224,229,217,225,246,225,229,202
131,126,129,130,15,27,42,35,47,49,48,49,47,52,83,154,119,201,204,217,190,216,229,228,235,242
130,127,127,128,22,31,39,43,49,52,51,52,55,50,45,46,51,72,109,101,194,104,208,204,195,221
123,135,128,122,24,36,38,43,48,54,57,57,57,55,51,49,45,52,47,46,48,141,194,192,126,206
128,130,124,130,33,33,42,61,51,58,63,60,54,53,51,45,46,42,46,41,44,41,33,40,74,110
125,128,131,128,29,39,57,61,55,59,67,66,58,58,59,55,59,56,41,46,36,29,18,10,12,3
129,126,128,127,46,52,54,60,63,63,68,68,60,57,58,56,55,39,42,40,26,26,12,9,9,2
130,126,129,35,39,42,72,60,69,67,68,69,64,57,53,49,39,49,42,22,19,19,0,6,10,1
128,131,123,41,49,63,65,69,68,69,69,70,70,64,51,43,34,20,11,2,14,8,21,20,20,31
129,125,134,37,50,58,66,64,69,73,69,65,65,54,33,18,27,28,40,43,35,37,40,38,43,41
130,131,124,42,52,58,71,79,74,78,61,65,50,26,27,35,30,41,32,31,31,18,23,25,52,68
122,129,129,50,51,67,70,76,78,76,80,32,32,39,38,33,26,8,12,52,88,142,116,134,128,136
128,132,128,58,57,72,79,79,84,68,37,33,38,41,13,15,44,107,125,117,90,101,115,115,115,133
128,125,126,58,59,63,76,78,70,42,36,37,23,17,27,81,98,126,131,98,69,97,106,122,131,138
133,124,129,63,74,74,81,75,69,50,29,15,9,33,83,98,101,77,112,76,108,129,116,128,135,146
128,122,133,65,64,80,70,82,46,33,23,0,36,88,87,101,88,92,93,83,103,129,117,115,114,136
