252,252,251,251,245,234,230,216,208,191,158,155,146,149,148,132,138,134,130,132,129,127,133,136,134,137
251,251,249,249,243,234,240,227,227,209,198,169,166,147,156,145,142,143,140,139,139,136,140,144,142,145
250,248,252,250,248,240,243,237,235,224,219,206,171,172,157,160,149,145,151,146,149,147,147,151,149,152
249,247,252,248,249,240,238,239,231,230,227,226,211,202,178,176,159,157,160,151,157,155,151,154,153,156
248,248,248,252,252,247,245,249,248,243,240,236,223,220,210,200,178,167,160,160,161,162,157,163,154,156
249,250,247,250,251,248,247,249,249,245,238,236,231,224,221,213,205,200,188,194,171,168,159,159,173,169
250,250,248,250,250,250,250,250,248,246,245,238,235,229,234,226,222,214,209,201,191,181,173,175,166,165
250,250,252,251,251,252,252,249,247,247,246,237,231,225,227,225,226,221,219,213,208,203,193,184,177,180
252,252,253,252,252,253,253,251,249,248,226,229,232,234,224,224,224,224,220,208,221,215,218,220,192,188
254,255,253,252,251,253,254,253,251,251,227,231,235,241,227,227,224,221,223,227,203,204,215,215,228,204
255,255,254,253,252,252,253,254,253,251,253,243,237,233,224,226,229,225,216,229,223,218,214,207,225,219
254,254,255,255,254,252,253,254,253,250,250,242,246,239,231,225,230,224,228,228,221,223,223,207,217,214
255,253,255,255,252,250,250,252,254,254,254,243,246,238,228,231,231,231,223,225,215,229,221,217,215,218
253,255,255,255,254,250,249,250,253,254,251,242,251,238,237,230,233,232,224,222,225,222,226,207,213,215
254,255,255,255,255,251,248,249,251,253,252,245,250,240,243,235,235,233,228,222,226,206,207,209,220,164
254,253,255,255,255,252,250,250,250,250,250,250,241,239,238,243,235,233,233,228,227,191,211,203,159,228
253,254,254,255,254,253,253,253,250,247,242,247,238,238,234,241,235,232,224,232,235,224,206,212,171,228
253,253,253,254,254,254,255,255,252,247,231,236,237,236,237,234,239,234,232,231,238,231,226,179,224,214
252,250,252,253,254,254,255,255,254,251,226,220,220,233,236,233,239,236,235,229,224,239,219,227,229,211
247,251,252,253,254,254,254,255,255,255,224,207,196,228,229,235,235,233,230,240,238,226,195,219,221,230
240,246,247,250,255,254,255,251,254,254,226,203,197,208,227,227,233,233,234,234,238,228,234,217,206,231
220,239,242,246,250,251,255,255,255,255,236,209,196,193,214,237,228,234,237,231,236,204,234,235,214,234
184,207,232,226,246,255,253,250,255,249,232,213,201,188,197,224,225,227,230,231,240,223,229,225,199,228
158,168,187,229,236,251,246,255,251,255,232,219,199,178,172,191,225,223,227,221,201,230,227,231,196,214
123,147,165,185,212,229,240,252,252,254,230,229,200,181,168,179,204,215,222,214,202,225,219,220,196,205
39,110,129,144,145,173,233,245,255,253,220,237,215,199,183,183,175,210,212,204,209,194,214,196,188,222
3,41,75,83,111,129,159,244,246,252,215,228,218,203,189,175,171,199,200,167,213,223,218,213,222,203
40,34,26,66,77,108,129,137,230,233,206,205,208,202,196,165,181,168,164,201,216,201,166,166,182,195
19,10,75,85,66,86,103,142,206,198,162,208,209,201,178,169,155,144,142,150,141,159,164,144,168,180
7,69,81,66,75,79,55,82,129,161,195,162,179,171,163,154,161,145,166,168,175,188,175,152,160,171
