99,134,118,121,126,136,131,141,132,135,102,96,76,46,31,28,29,25,23,15,18,22,20,14,29,37
93,108,132,133,107,99,94,98,81,76,70,75,74,42,28,20,22,25,34,25,19,11,15,37,30,5
98,89,110,125,124,122,121,107,97,84,100,89,76,35,34,32,29,21,13,10,22,36,35,18,5,31
19,31,41,68,91,91,97,102,104,103,85,72,43,32,24,13,6,21,32,39,29,22,10,19,39,43
45,41,39,38,24,28,24,25,27,21,16,18,25,35,34,43,41,40,28,20,13,21,41,43,49,46
37,38,36,35,46,41,44,40,39,39,41,42,38,37,33,26,13,17,26,40,42,47,50,42,51,51
121,90,76,61,45,41,38,37,36,36,34,33,35,38,41,44,45,47,44,48,50,52,52,64,54,78
96,90,80,76,85,61,74,65,53,50,51,50,51,50,48,49,49,49,49,54,57,58,63,65,74,91
118,112,90,90,76,69,68,75,76,76,67,57,58,58,54,56,58,60,66,69,72,73,79,73,105,111
126,120,110,100,93,94,86,84,70,69,71,73,79,73,62,70,73,70,75,72,79,91,82,109,115,99
145,147,138,127,111,109,94,109,107,104,93,83,84,75,67,76,85,96,118,110,100,101,119,131,102,110
135,117,143,147,129,113,111,129,127,120,105,92,94,84,96,97,96,104,133,124,111,113,130,105,106,80
160,159,142,153,160,131,137,123,117,120,133,120,114,112,117,115,120,125,115,125,137,115,137,106,92,70
158,153,159,163,141,143,126,147,119,140,154,153,130,136,130,125,122,152,149,124,113,129,126,113,105,90
160,139,170,167,145,144,135,155,158,147,139,138,140,151,149,143,145,151,140,140,144,132,123,117,100,109
166,153,165,159,157,141,143,151,158,145,167,160,160,146,157,126,147,166,164,135,141,130,112,126,90,119
156,173,164,153,153,152,142,152,157,171,156,153,164,139,142,146,154,149,173,142,130,137,113,106,93,101
145,140,158,147,164,183,164,172,158,154,147,152,131,139,138,127,146,148,133,131,141,135,133,107,111,96
168,149,181,159,174,168,175,169,164,162,150,158,148,144,121,138,154,148,149,147,138,137,124,122,109,94
170,174,179,167,183,163,174,185,144,169,145,138,160,128,134,132,144,133,140,136,137,135,137,121,117,91
176,169,173,163,167,163,185,165,159,174,144,167,150,94,112,125,140,148,148,126,140,138,135,137,111,78
169,172,173,159,158,174,174,162,181,166,163,151,146,141,107,149,154,144,144,155,148,141,130,113,117,101
172,157,147,169,169,156,185,172,168,165,158,171,151,142,149,174,162,148,160,159,138,158,136,138,129,95
159,164,173,175,168,185,177,168,173,181,168,151,155,156,163,153,164,155,156,149,154,139,145,134,123,107
177,178,177,184,190,186,170,177,174,188,171,157,150,165,161,146,151,153,162,132,150,149,145,149,139,130
179,177,190,181,178,187,189,172,172,163,162,175,165,158,168,163,164,161,149,140,166,157,153,151,142,126
177,183,188,188,190,188,186,172,167,174,149,177,172,182,166,166,164,176,170,153,155,166,150,146,141,135
178,182,187,190,186,185,183,192,180,162,182,186,183,169,175,168,176,175,163,166,164,151,160,138,150,142
176,185,171,185,180,181,177,185,182,188,179,184,174,182,169,171,180,166,179,169,163,149,140,124,147,142
167,185,169,156,179,186,171,164,169,191,182,187,189,173,181,165,178,151,156,172,168,160,158,136,157,146
