43,42,43,46,51,52,48,52,50,57,55,57,55,54,51,56,52,51,41,38,43,51,56,61,59,55
38,41,44,46,40,43,48,49,46,43,48,55,43,42,40,49,51,55,46,41,47,47,48,48,53,63
47,59,66,69,74,73,81,80,83,74,80,85,84,78,69,69,73,83,86,88,57,66,83,87,93,104
63,73,79,80,86,88,94,96,100,98,103,105,104,105,103,102,100,104,106,107,101,101,114,113,117,135
70,75,79,79,80,91,97,100,100,110,115,119,114,120,127,126,126,125,122,118,111,106,119,123,128,136
72,77,83,85,82,92,93,98,98,114,117,117,121,122,123,119,124,126,126,120,112,107,113,114,115,118
77,80,83,85,89,93,94,97,104,115,117,113,114,115,118,112,119,121,121,112,110,112,114,112,110,111
84,84,84,83,82,86,96,95,103,105,114,116,106,110,114,106,112,113,118,113,109,112,108,105,107,109
97,91,92,92,89,94,94,102,103,96,99,95,92,95,95,89,91,92,88,93,100,104,98,94,101,101
93,96,107,107,97,98,97,97,96,92,90,85,81,79,76,71,76,78,70,70,71,82,94,96,87,81
86,91,108,108,108,106,107,105,105,106,99,96,80,77,74,72,77,79,71,70,77,71,74,77,75,81
75,74,84,82,84,83,95,101,103,98,81,76,70,69,72,70,71,72,68,70,60,64,75,78,71,66
85,87,88,86,79,72,78,81,79,70,54,53,55,53,56,52,48,48,44,45,41,42,39,41,50,53
78,86,85,83,97,86,81,76,68,58,51,53,51,41,39,35,31,29,21,17,22,30,28,25,28,24
61,67,68,66,75,75,71,68,60,48,43,38,40,27,24,22,20,20,13,6,13,7,2,5,14,18
47,50,58,59,51,57,49,43,36,31,35,30,25,14,15,16,16,19,16,11,9,3,4,5,0,7
33,36,38,41,49,45,35,29,26,24,24,28,17,12,16,12,12,18,13,10,11,13,6,3,12,18
6,14,23,28,24,24,21,18,18,23,26,25,18,13,13,9,10,19,16,6,4,9,13,13,13,19
6,8,16,23,21,18,17,15,16,22,22,12,18,16,18,16,5,4,14,14,8,0,8,20,20,20
8,3,7,17,13,10,15,16,12,16,19,11,5,7,9,13,6,5,11,0,5,12,15,8,10,24
12,8,8,12,20,18,25,24,10,4,9,10,3,10,8,5,3,13,22,6,20,17,11,10,9,4
16,15,13,13,18,13,18,24,21,19,22,23,22,21,18,17,13,13,24,30,27,25,11,1,3,3
8,5,7,12,21,16,14,18,21,19,15,12,27,17,15,23,26,14,4,12,31,14,0,2,7,4
16,9,6,9,14,19,20,18,17,14,11,12,17,21,21,9,7,5,0,5,14,9,5,0,0,11
3,1,4,6,0,13,21,18,14,15,12,6,7,23,27,25,10,2,0,6,8,9,5,5,0,3
12,10,7,1,6,6,7,11,17,21,18,12,8,24,29,26,14,10,1,0,3,7,6,7,2,4
3,7,15,17,9,5,6,12,16,16,16,18,23,27,28,23,9,5,4,5,2,13,15,13,2,1
0,1,11,11,6,7,12,18,17,12,13,19,14,24,31,22,6,6,7,2,22,21,11,13,18,20
3,7,11,2,7,7,11,19,23,21,18,16,26,6,9,21,13,0,5,27,24,29,24,26,27,27
1,9,20,13,13,11,12,19,25,26,22,17,12,13,18,19,21,19,18,12,29,31,23,29,38,37
