18,36,19,4,12,33,99,144,177,175,189,198,218,220,220,224,230,231,233,239,237,241,238,232,58,14
27,34,3,3,26,69,132,165,171,185,195,203,213,220,224,226,230,229,229,236,239,243,237,237,228,19
42,0,13,13,56,109,152,169,177,183,200,210,217,226,227,227,233,233,232,238,240,242,234,241,235,156
3,8,16,38,100,148,158,177,196,201,214,224,222,227,223,222,232,237,234,237,240,243,240,242,236,234
9,22,42,67,136,155,170,185,202,218,221,225,224,227,226,224,230,236,238,240,246,240,244,240,239,237
38,40,49,108,130,174,190,219,211,217,223,225,225,229,228,227,231,236,238,240,245,245,245,245,244,238
55,56,85,128,167,181,194,212,225,219,232,224,226,231,231,229,232,236,238,240,238,245,244,242,239,239
64,78,119,138,186,183,201,221,222,226,221,228,226,230,231,230,232,235,237,240,240,245,248,246,240,245
85,81,119,140,189,192,214,224,221,225,222,229,224,228,229,229,231,234,236,240,243,243,249,252,248,245
82,106,133,151,195,204,217,210,222,222,235,224,224,227,227,227,230,233,235,239,238,245,247,246,253,248
92,120,140,149,188,211,219,220,217,225,226,224,225,226,225,226,230,232,235,239,240,246,250,247,254,255
132,150,149,183,200,202,224,212,225,226,220,226,226,227,225,225,230,232,234,238,243,235,249,255,249,255
160,164,163,194,214,214,217,220,225,222,220,231,222,227,218,220,226,225,232,235,242,242,245,253,253,253
175,175,178,192,210,205,220,224,219,221,226,216,227,214,222,214,216,230,231,230,239,241,245,253,253,252
182,179,190,205,221,215,214,212,218,222,225,218,217,223,216,205,220,223,227,228,239,242,247,254,255,253
203,207,206,197,202,207,206,208,208,210,217,224,201,220,208,201,223,220,230,237,239,244,248,254,255,253
213,199,205,200,205,202,196,202,187,202,216,211,220,212,216,204,208,214,215,223,234,241,243,249,252,250
199,209,223,199,194,200,183,182,179,200,216,216,207,203,196,195,206,216,221,231,231,237,238,243,249,249
216,202,211,214,180,202,187,174,174,165,176,194,190,206,185,193,203,211,221,231,230,236,233,237,245,246
207,217,216,193,182,173,162,162,172,155,175,186,183,189,196,200,190,215,221,230,229,234,230,232,240,241
202,198,197,179,178,150,142,127,137,160,153,164,181,179,179,184,202,214,227,227,229,218,204,217,226,231
200,187,173,154,160,142,109,72,81,117,156,163,159,158,170,178,200,206,220,217,205,171,176,180,197,223
170,184,163,151,122,49,20,29,49,59,90,137,155,150,165,185,190,208,225,181,117,60,95,146,161,178
162,145,138,131,43,12,23,47,63,78,76,89,155,148,161,171,189,201,148,112,160,82,49,29,84,172
143,122,93,54,27,34,36,52,75,103,118,82,86,93,97,125,135,124,145,151,121,176,111,67,31,79
118,122,70,41,27,27,50,68,76,80,119,118,109,74,70,81,80,75,139,141,113,112,147,82,40,31
60,51,45,39,49,48,67,77,77,106,132,125,99,98,81,89,97,79,122,124,90,80,67,54,35,36
97,61,57,54,50,69,71,113,95,119,130,103,106,92,85,94,91,97,110,138,129,116,96,79,77,73
141,128,129,101,108,89,108,90,107,116,123,115,93,87,91,70,78,73,100,126,134,149,131,150,124,152
163,177,141,122,140,140,115,99,84,77,75,85,78,79,76,70,63,58,78,108,108,106,133,178,200,198
