124,130,126,128,132,122,136,130,154,167,178,177,192,179,178,176,179,180,188,216,190,215,214,204,216,209
129,129,126,128,125,109,116,122,158,168,171,176,185,176,181,172,182,175,173,184,207,187,210,209,203,207
128,125,129,132,130,129,126,142,152,161,181,175,169,188,182,173,174,186,194,189,194,203,209,181,203,183
130,128,129,125,123,131,115,127,138,153,171,169,159,173,183,180,187,181,194,172,190,187,183,198,186,164
126,127,128,124,129,132,125,134,132,160,157,154,153,170,155,189,184,181,202,198,175,189,184,188,178,164
128,128,128,126,133,123,129,144,130,148,160,143,159,162,180,178,175,179,191,185,164,170,196,192,183,193
129,126,127,130,130,127,129,134,127,128,160,173,167,155,153,183,189,187,192,190,185,176,178,191,197,200
129,128,128,127,128,128,126,123,124,136,141,172,157,170,159,181,195,186,184,184,175,183,189,198,184,190
127,130,129,125,127,130,125,116,127,127,151,172,153,143,164,170,173,183,193,186,185,177,168,176,172,192
126,129,129,126,128,131,127,118,131,141,149,154,169,150,158,179,171,170,170,197,177,196,171,164,176,174
126,128,128,128,129,130,128,125,132,123,136,134,169,147,159,184,172,172,172,178,197,189,178,178,159,175
128,128,128,129,128,127,127,129,129,119,150,128,151,148,173,156,162,165,176,190,186,170,175,164,173,184
128,128,128,128,127,127,128,129,140,133,131,142,166,153,153,162,157,163,164,166,189,162,175,159,183,192
128,129,129,127,127,129,129,128,100,128,134,109,139,137,168,156,162,175,161,174,174,166,182,168,186,186
128,128,128,128,128,128,128,128,125,128,145,129,137,139,150,175,168,172,171,178,157,172,182,175,179,198
128,128,128,128,128,128,128,128,129,140,150,135,124,144,145,150,160,164,131,186,181,174,174,175,181,196
128,128,128,128,128,128,128,128,130,125,142,139,122,160,133,138,141,142,162,176,181,144,173,180,201,185
128,128,128,128,128,128,128,128,129,137,141,155,139,148,140,139,148,139,139,167,183,174,166,188,176,183
128,128,128,128,128,128,128,128,127,129,136,133,143,145,136,137,161,140,152,160,173,162,182,155,175,185
128,128,128,128,128,128,128,128,129,133,119,126,152,136,156,149,134,142,155,152,167,176,181,156,185,171
128,128,128,128,128,128,128,128,127,126,129,124,131,124,142,152,143,141,158,178,168,166,169,169,173,192
128,128,128,128,128,128,128,128,128,130,125,118,121,139,150,133,144,157,138,172,179,157,171,163,162,176
128,128,128,128,128,128,128,128,126,132,129,119,117,141,141,170,143,161,160,153,168,155,165,166,168,159
128,128,128,128,128,128,128,128,133,124,127,128,136,111,125,149,140,137,160,163,185,174,166,182,161,174
128,128,128,128,128,128,128,128,129,134,122,128,124,133,125,116,142,141,154,151,172,166,167,167,154,153
128,128,128,128,128,128,128,128,124,128,133,127,118,136,129,127,116,128,143,136,159,167,176,165,170,175
128,128,128,128,128,128,128,128,131,127,131,127,110,115,116,123,128,125,148,137,150,163,158,169,171,164
128,128,128,128,128,128,128,128,125,132,125,130,122,123,136,131,130,132,140,138,146,155,156,173,164,170
128,128,128,128,128,128,128,128,128,126,134,126,131,97,121,117,121,143,135,145,150,154,156,159,159,170
128,128,128,128,128,128,128,128,129,125,127,129,130,123,117,115,128,140,134,143,150,166,157,174,178,172
