132,123,101,88,56,46,34,34,26,22,21,25,30,34,40,46,50,44,46,54,47,34,39,56,61,67
126,131,80,51,40,37,37,30,33,38,40,36,38,48,58,62,54,61,68,73,84,93,90,79,79,63
128,127,57,50,46,43,43,37,40,43,45,57,59,61,55,54,62,65,60,57,68,76,72,67,80,75
130,128,58,46,42,42,47,53,67,55,53,65,75,76,84,97,106,100,92,90,91,90,90,93,87,86
130,130,66,51,42,40,43,60,56,66,85,93,106,102,97,85,86,90,95,95,93,95,95,92,85,85
128,122,64,63,74,83,81,95,104,99,99,99,100,93,95,98,97,102,109,107,101,102,100,89,90,84
128,132,84,80,78,80,85,107,101,101,100,105,102,105,108,116,112,102,101,102,96,92,91,89,84,76
128,124,74,82,89,91,85,87,97,109,111,112,105,112,106,101,103,97,94,93,90,85,79,73,72,67
128,132,89,105,107,107,105,98,111,109,111,117,115,108,102,102,98,100,93,81,74,67,56,46,41,43
126,131,91,111,115,119,127,118,123,120,117,105,106,102,99,88,86,80,66,56,52,46,48,57,48,52
130,126,118,121,129,122,115,120,116,114,104,102,95,97,87,80,63,57,51,44,55,59,63,61,67,60
128,129,125,123,127,126,120,118,109,109,103,99,87,82,71,66,50,45,48,61,76,73,71,73,77,56
127,128,129,127,125,125,122,116,107,101,92,91,84,74,55,44,46,68,74,69,73,83,68,45,45,41
129,124,129,133,126,120,118,113,98,98,95,88,71,54,45,45,61,80,83,77,65,62,43,28,6,3
131,126,133,136,126,120,117,108,99,97,92,77,58,44,50,62,85,80,68,59,36,19,9,18,26,8
127,129,134,131,122,122,116,100,102,91,78,62,55,52,66,79,82,71,47,27,21,33,50,66,66,42
126,129,132,128,122,122,113,95,90,83,76,61,56,52,63,72,60,41,22,20,44,71,97,114,95,53
129,127,128,129,126,121,110,98,89,76,68,60,64,55,47,36,24,18,20,41,94,133,152,152,128,70
128,127,130,127,126,116,114,103,87,74,60,43,40,39,36,24,15,19,70,115,165,163,206,194,197,120
127,127,129,128,124,116,110,99,83,73,69,64,49,29,24,24,36,66,90,132,207,208,208,213,206,174
128,129,129,130,123,118,107,96,95,83,72,64,51,44,42,42,66,57,77,118,148,189,216,214,212,215
129,129,130,132,123,120,106,97,88,81,73,69,66,70,66,58,51,55,51,67,95,134,160,205,208,217
128,127,130,131,122,122,107,101,99,91,87,85,83,85,90,93,71,64,57,53,59,74,96,146,147,162
128,127,135,134,127,126,112,108,92,93,99,92,92,88,90,83,77,71,76,72,67,52,46,60,77,85
129,128,143,138,134,130,118,115,111,107,108,91,98,97,102,88,86,81,85,76,70,63,61,54,45,50
128,127,146,139,137,132,121,117,118,107,115,109,119,102,105,96,94,103,101,82,78,80,82,73,70,75
129,129,143,147,137,139,127,127,125,120,123,120,118,106,110,99,108,110,105,89,107,87,85,95,91,92
129,128,132,153,147,138,135,133,129,134,129,125,115,118,117,105,121,114,107,106,100,99,98,100,102,104
128,131,151,149,160,145,153,137,131,132,136,132,132,125,130,122,127,113,116,107,110,102,111,105,107,111
130,125,150,163,156,154,140,148,140,147,138,149,131,133,127,132,128,128,120,120,119,120,115,118,116,118
