201,197,191,191,203,210,213,232,233,245,243,249,245,246,247,248,249,250,251,252,252,253,253,253,253,253
200,194,192,197,204,205,218,224,236,232,239,241,245,245,246,247,248,249,250,251,252,253,253,254,254,254
198,193,194,204,212,219,224,236,237,244,242,244,245,245,245,246,247,249,250,250,252,252,253,254,254,254
198,192,194,205,210,217,226,231,239,243,245,241,246,246,246,246,247,248,249,250,251,252,253,254,255,255
192,186,196,203,215,224,230,232,241,239,246,245,243,245,246,245,243,244,247,250,252,253,253,254,254,254
187,187,195,202,214,224,230,235,242,240,242,241,242,243,243,243,243,245,248,249,251,252,253,254,254,254
188,194,201,210,220,230,231,238,241,242,242,242,244,243,242,243,244,245,247,248,250,251,253,254,254,254
188,198,204,216,224,234,232,240,240,243,242,242,243,242,242,242,242,242,244,247,249,250,252,253,254,254
192,201,208,221,221,232,232,240,238,240,238,238,239,240,241,240,238,237,241,246,247,249,251,253,254,254
199,206,215,223,224,231,228,229,228,230,234,238,237,238,239,239,236,235,239,246,245,247,250,252,253,253
202,209,220,217,222,227,224,218,218,218,228,234,235,235,235,235,232,230,233,239,244,246,249,251,253,253
210,217,229,217,212,219,222,216,217,210,219,221,233,230,228,228,225,222,224,229,243,245,248,251,252,253
217,218,214,222,222,216,213,212,209,208,210,210,217,220,220,220,218,224,215,223,233,243,244,252,249,250
216,219,217,218,211,213,212,213,206,202,210,212,211,214,217,216,218,222,217,226,227,238,245,241,247,246
213,213,216,215,212,212,204,201,197,196,201,194,202,204,208,205,210,209,210,219,224,233,247,244,235,218
220,212,203,192,196,199,200,189,183,191,197,197,198,199,200,194,201,196,200,207,211,213,211,212,203,203
211,216,206,195,185,177,184,173,164,169,169,183,193,195,195,189,196,192,197,203,209,208,201,187,170,173
205,210,199,188,178,159,160,149,133,129,136,164,162,173,174,172,177,177,185,190,199,192,176,132,122,134
184,183,179,171,160,138,109,79,52,49,77,106,134,156,161,164,164,168,177,183,186,145,84,16,25,76
186,174,164,146,132,97,31,1,7,37,80,84,98,128,136,141,137,143,152,158,144,102,64,36,7,6
178,165,152,116,101,37,11,2,49,78,95,102,100,114,115,121,121,125,123,126,104,93,84,63,23,8
158,140,126,103,72,23,10,21,73,93,102,89,97,94,100,106,96,102,102,96,92,87,87,76,89,92
141,121,106,93,67,23,41,61,96,101,99,105,105,95,102,106,100,109,104,97,110,107,107,103,87,83
126,112,98,85,62,35,41,69,96,95,116,118,117,120,124,109,102,107,103,116,102,100,114,91,92,99
98,91,76,56,24,24,59,67,89,112,123,127,124,124,129,121,129,133,112,103,116,108,94,90,81,86
60,59,46,31,9,38,64,79,94,104,128,127,133,125,129,111,100,108,113,107,97,97,86,67,80,62
47,49,38,43,32,33,43,52,78,95,105,114,111,100,103,100,98,100,103,90,72,56,42,70,82,58
20,15,1,24,8,22,26,38,67,81,91,90,91,89,86,85,89,64,42,25,14,22,42,67,66,59
43,27,24,18,17,0,11,32,30,31,26,32,35,50,39,31,18,14,13,16,11,22,36,52,61,50
14,31,18,5,20,22,19,22,15,24,22,30,21,15,3,11,15,23,12,34,23,2,33,45,58,54
