142,161,157,137,131,118,117,107,103,69,70,51,59,42,30,19,16,10,10,6,14,18,14,18,21,29
170,156,135,130,119,109,114,108,74,75,57,44,44,32,20,12,10,4,6,9,24,30,33,44,47,56
154,163,127,134,139,113,102,96,96,82,63,51,29,20,27,19,18,15,15,18,37,53,54,59,47,54
158,166,134,127,125,126,111,100,90,66,57,34,43,36,40,32,34,36,27,17,26,41,51,55,45,52
136,139,135,126,121,114,115,94,75,79,63,43,39,47,43,42,51,62,60,54,52,54,53,54,47,46
142,124,138,143,131,126,124,94,85,75,57,54,42,62,63,64,63,65,66,74,66,55,62,58,56,54
150,146,131,129,123,99,109,97,85,65,60,47,64,64,75,75,70,71,71,84,85,80,95,79,67,61
148,137,132,140,125,113,106,81,79,60,65,66,71,80,78,79,81,88,81,85,89,97,93,86,81,85
136,130,136,123,120,105,100,91,71,72,78,78,84,84,83,98,86,93,102,91,94,91,97,82,95,98
119,125,129,123,109,111,103,95,86,73,84,92,91,91,94,104,100,99,105,111,105,104,112,91,94,105
120,123,125,114,123,94,97,87,80,84,94,84,87,97,101,108,106,103,96,102,104,109,117,116,105,108
133,140,115,108,97,105,87,83,99,90,94,109,93,110,119,118,106,110,103,93,112,112,113,105,102,110
134,108,130,106,104,97,80,87,91,96,95,112,108,112,120,107,93,97,104,93,111,98,101,115,114,102
119,110,125,116,95,102,102,83,97,102,97,117,103,117,115,105,106,98,106,107,110,97,98,87,91,87
128,116,112,93,115,90,91,83,95,95,88,98,107,102,102,106,107,103,99,103,104,98,93,88,86,78
112,118,110,93,102,80,86,66,97,101,94,88,105,115,90,102,87,102,92,93,100,97,104,86,81,76
118,119,112,90,94,91,92,81,93,93,111,108,100,97,103,85,93,94,107,88,94,87,90,83,66,99
108,109,107,109,94,95,86,95,74,112,112,102,109,96,96,107,102,91,86,109,94,86,86,93,89,72
115,115,110,114,91,91,76,98,104,100,81,113,98,96,107,93,101,93,86,93,89,89,90,90,85,86
98,90,86,88,92,98,95,102,101,81,101,96,99,100,109,93,88,70,101,92,86,82,83,73,82,83
114,115,98,90,84,93,107,91,77,114,72,83,106,94,98,87,86,94,85,71,88,100,87,87,81,80
105,113,102,108,78,82,86,87,99,96,71,77,82,85,79,98,80,79,86,85,92,98,96,78,85,81
111,111,97,96,90,106,84,82,87,104,95,82,76,75,75,81,86,89,97,86,100,101,96,99,90,97
96,95,111,95,106,96,72,69,83,108,109,81,75,76,67,90,98,90,108,115,108,97,99,102,90,99
131,87,81,94,105,81,82,60,80,81,78,71,79,74,96,103,98,98,120,97,109,104,111,99,97,106
124,136,84,83,107,96,90,74,88,85,79,75,77,67,84,79,118,85,83,110,93,106,73,96,96,107
128,126,67,80,82,91,99,79,83,87,75,69,81,98,92,108,102,104,89,98,116,91,73,74,74,83
128,127,132,76,60,87,76,73,74,83,83,85,73,63,102,107,101,100,89,101,105,77,72,89,95,74
128,127,129,128,68,69,80,68,60,82,89,84,74,81,80,96,90,79,81,92,101,75,85,87,74,81
126,127,130,126,129,65,46,62,60,68,76,83,83,89,76,80,85,70,85,95,100,96,81,92,90,90
