7,13,15,20,31,28,35,32,37,29,54,60,57,61,82,52,38,51,57,24,45,59,101,149,168,135
53,49,48,37,30,20,15,6,4,13,22,25,47,48,47,46,69,105,87,44,39,32,52,73,117,125
82,90,86,81,91,90,88,70,63,49,28,25,10,5,13,33,53,62,83,156,57,19,24,51,73,123
63,73,75,72,73,65,70,68,62,79,101,91,97,65,30,10,13,22,51,68,115,177,26,28,54,135
51,52,52,56,60,53,57,61,50,59,73,100,127,132,145,140,70,16,18,20,59,72,221,24,26,124
50,42,38,47,59,59,60,63,70,66,71,84,119,130,130,162,187,180,62,17,9,44,57,236,35,131
45,41,39,46,55,61,63,70,76,79,93,102,135,140,177,175,201,222,206,128,22,8,41,98,230,127
39,41,42,44,48,59,62,71,73,94,125,132,167,185,190,199,209,225,219,196,172,22,11,57,247,125
41,45,48,49,51,64,66,79,91,112,138,172,178,196,204,195,224,222,214,198,196,234,4,10,248,132
46,55,63,63,58,70,76,96,99,118,151,167,183,195,198,183,199,229,215,208,206,233,248,11,191,130
48,54,64,70,81,76,96,105,114,130,146,183,184,183,193,177,189,218,218,204,192,237,254,35,26,127
29,58,63,82,106,125,111,115,110,136,146,180,169,169,189,175,182,211,211,185,207,230,255,238,31,128
20,50,61,63,106,136,125,116,119,126,142,173,168,172,163,141,152,170,201,185,192,242,254,255,12,124
16,45,51,63,78,130,130,123,123,134,135,164,155,140,154,136,128,160,196,186,185,234,255,255,33,141
24,54,62,71,70,106,114,112,127,125,139,144,143,142,150,148,160,183,180,175,179,237,255,251,79,122
40,67,89,74,80,88,104,113,90,118,129,138,136,127,150,148,134,191,161,157,142,255,250,253,202,131
57,84,120,93,65,68,61,75,95,100,102,121,137,149,146,152,155,177,153,159,128,255,255,253,222,124
52,75,164,125,90,79,72,68,66,68,57,99,119,128,123,139,160,180,164,146,186,253,251,255,182,129
39,126,222,142,111,97,79,84,59,57,62,128,111,128,124,108,143,166,167,156,187,250,255,253,136,129
46,140,133,109,70,91,83,54,29,30,52,119,85,59,80,129,135,171,160,161,202,254,253,255,104,125
26,39,54,74,81,77,61,38,41,35,40,105,43,40,37,55,140,173,165,171,218,251,254,251,65,124
13,19,47,58,69,66,49,46,39,30,52,90,36,35,49,58,153,179,167,163,242,255,255,255,37,129
7,12,46,68,72,63,69,135,45,32,34,46,30,39,51,68,158,163,163,180,253,255,252,247,24,132
13,17,68,86,87,77,112,140,63,57,47,44,27,51,47,51,148,155,158,207,253,254,252,253,22,130
13,21,43,79,73,58,97,74,54,35,43,45,52,59,56,60,140,166,157,220,255,255,255,239,29,128
22,19,50,56,73,56,48,52,45,51,44,50,54,68,51,87,148,146,168,254,252,252,255,138,39,128
27,43,52,45,52,49,51,54,55,48,47,49,42,47,55,124,144,151,176,253,255,252,250,36,97,123
40,51,53,40,42,37,39,42,42,48,52,45,47,47,57,110,88,154,211,255,255,252,249,8,199,137
37,47,49,40,43,41,44,46,42,38,47,39,49,56,70,75,133,165,218,254,253,255,142,20,183,128
36,47,51,47,47,45,43,43,31,46,42,37,66,63,86,131,152,146,134,253,254,255,13,39,224,134
