124,129,73,73,84,58,59,59,0,44,96,114,115,126,135,138,130,117,116,161,169,172,168,178,150,147
129,132,73,85,78,71,48,42,39,6,40,97,109,122,130,102,101,109,109,100,156,181,185,171,135,132
126,127,76,87,76,83,64,46,56,34,18,55,104,124,129,122,100,110,122,128,132,150,170,145,166,136
128,129,86,80,80,83,84,66,42,51,36,2,38,103,116,118,133,118,158,164,119,161,171,140,151,135
131,125,74,91,83,94,80,87,71,31,57,47,14,22,92,117,131,135,150,169,131,128,170,149,153,143
124,132,77,87,106,92,94,85,79,88,36,55,59,23,11,45,111,119,143,155,155,125,133,183,149,147
128,125,91,84,98,91,102,95,96,89,95,49,51,60,54,27,16,63,117,131,131,143,126,150,167,158
129,132,97,85,99,108,88,111,104,83,93,105,81,36,51,66,53,27,24,46,105,125,126,122,152,160
126,124,80,99,99,109,103,101,112,93,130,122,101,124,76,45,51,56,55,54,16,17,43,61,94,142
133,126,92,88,106,117,112,133,129,134,121,119,127,109,129,107,89,45,44,51,56,60,72,56,40,22
124,131,91,96,108,95,151,143,152,139,140,143,142,126,125,133,123,126,108,81,54,45,42,60,54,64
128,129,127,114,135,131,157,157,158,138,135,140,133,127,135,130,124,131,130,120,100,85,79,54,47,43
127,130,129,118,137,142,160,157,150,163,144,137,153,141,125,135,134,139,116,129,111,108,96,98,94,85
131,123,126,125,126,143,164,169,163,143,135,145,140,131,129,141,132,112,132,126,122,118,108,117,105,112
128,129,130,135,131,161,153,176,174,168,164,154,143,146,141,147,124,148,151,136,132,142,121,121,122,126
128,126,125,125,132,147,172,176,180,159,150,145,159,159,137,134,144,122,150,149,124,142,147,140,143,132
126,135,132,122,134,141,125,162,185,154,157,157,167,152,144,153,154,173,151,163,144,168,156,165,171,149
130,122,127,125,126,140,137,182,168,142,138,148,173,156,154,181,172,153,171,156,162,176,164,181,170,159
125,134,127,127,159,129,160,167,164,166,161,170,170,139,136,182,182,170,175,165,156,173,180,167,177,176
132,125,126,133,135,158,152,153,156,186,194,192,166,167,164,166,165,162,167,183,201,173,168,177,170,155
127,128,128,126,134,164,157,176,189,165,185,199,196,161,182,194,186,182,176,200,194,185,186,177,171,185
128,130,128,131,148,161,166,169,174,176,193,196,185,192,193,212,190,170,191,186,187,185,165,186,175,185
127,129,129,128,136,151,166,174,173,183,187,189,182,200,188,203,195,185,183,184,189,183,179,202,190,187
132,124,127,130,137,171,162,166,172,173,173,189,193,188,190,200,213,195,189,193,190,202,181,202,195,185
131,127,129,128,132,167,159,162,182,176,183,196,194,178,188,198,205,194,189,200,196,205,193,191,184,184
124,131,131,122,123,136,154,163,161,158,175,176,175,187,188,197,195,184,197,195,199,201,202,195,183,187
126,129,128,127,133,137,146,158,169,175,184,176,179,195,189,194,193,203,197,201,206,181,204,189,179,174
131,127,128,129,125,139,136,173,159,177,180,174,183,175,180,189,190,195,208,205,208,193,182,189,198,196
129,126,126,133,123,129,142,161,175,170,167,182,181,169,188,182,202,192,206,208,190,188,193,214,212,205
127,130,127,129,127,126,139,140,161,175,188,176,182,200,152,185,190,187,205,212,196,198,187,198,208,215
