99,124,138,129,165,150,137,169,182,175,162,188,185,159,140,160,179,177,184,170,195,202,198,190,198,200
109,133,190,150,136,147,146,144,147,188,143,194,174,146,134,145,117,167,168,189,186,197,197,209,207,211
97,126,164,111,96,114,158,121,146,159,128,153,153,144,107,93,119,118,151,189,190,212,193,215,224,208
126,178,175,132,93,129,168,146,127,91,134,194,146,112,90,84,93,107,140,179,190,208,189,204,232,222
172,190,174,181,156,169,117,155,157,142,100,129,186,119,113,72,72,91,101,176,194,193,209,218,219,227
184,187,194,193,177,191,167,154,127,167,187,147,138,129,137,75,61,78,111,149,187,204,205,220,226,235
157,192,200,205,198,189,199,187,170,188,143,188,171,175,131,62,62,69,91,125,164,194,209,228,233,236
98,150,184,189,216,209,211,200,200,194,189,185,164,184,146,83,71,59,71,83,133,183,197,227,231,245
85,91,120,152,188,200,210,218,212,205,192,192,193,199,184,114,65,41,56,65,101,166,193,226,232,249
101,115,86,112,146,143,192,199,213,207,211,208,206,196,199,158,61,38,50,79,85,144,195,221,238,248
95,107,133,138,130,96,118,147,190,197,205,205,215,217,202,188,56,38,45,77,81,124,181,208,239,249
107,138,184,148,83,82,81,91,96,133,137,168,210,192,191,169,50,41,45,57,81,112,157,195,234,251
124,156,107,121,99,77,74,60,57,70,75,114,160,143,175,147,55,37,46,54,74,102,145,193,232,248
61,44,38,40,44,53,48,41,46,42,53,53,65,74,88,88,44,38,43,65,61,92,147,200,235,245
41,56,51,50,57,56,70,71,79,88,122,61,36,45,56,59,50,42,50,65,74,88,136,204,236,244
66,85,97,128,126,136,147,160,161,199,187,108,26,27,44,51,47,47,53,55,69,88,143,193,230,250
156,164,178,176,159,176,150,181,184,194,191,125,35,57,53,58,58,48,53,62,80,101,162,208,232,239
165,164,169,152,178,173,191,178,193,160,173,67,80,84,88,72,78,58,58,71,86,107,167,216,233,236
125,156,164,148,172,153,168,152,191,172,147,130,149,114,132,93,90,81,64,62,86,114,178,206,231,245
89,159,166,173,170,189,172,185,191,188,190,191,185,157,158,171,134,101,79,62,93,120,190,204,234,243
116,136,173,186,153,160,180,190,190,209,212,208,183,177,188,182,183,161,108,95,119,134,183,205,234,238
79,115,159,167,161,179,192,201,215,221,215,212,202,190,184,192,197,177,131,135,160,179,188,208,227,239
84,107,140,150,173,195,217,222,211,224,216,204,187,200,206,190,205,196,172,179,188,192,200,213,227,241
96,127,151,180,197,204,208,218,225,202,198,188,190,191,209,208,201,211,196,190,200,203,198,211,221,237
131,159,156,172,186,208,203,203,192,205,199,170,193,202,200,208,207,208,205,192,206,219,212,224,227,238
111,123,144,149,162,196,200,201,206,208,191,177,183,203,208,203,208,214,219,208,206,218,217,228,233,241
93,107,94,125,117,139,194,179,198,196,187,184,186,206,208,205,214,212,215,222,211,219,226,230,235,240
55,59,70,99,90,126,163,152,181,187,187,182,201,210,202,219,220,208,204,223,222,226,239,237,240,242
57,61,73,79,109,101,140,169,143,185,180,189,202,202,212,231,214,222,221,223,227,220,236,240,240,242
68,80,89,95,86,106,170,143,181,162,196,191,202,211,210,223,215,219,228,209,225,215,236,246,238,234
