91,99,103,94,102,134,157,199,206,206,207,196,207,199,150,160,137,140,123,128,131,134,152,143,133,135
134,137,135,107,109,111,130,186,213,207,204,179,201,164,196,175,129,147,131,119,112,117,121,131,155,138
217,220,168,116,112,128,183,212,205,204,209,204,169,163,176,179,138,130,140,140,114,118,139,110,108,112
232,220,138,117,143,195,207,187,203,183,205,196,194,176,159,149,140,138,121,131,118,134,113,119,123,117
218,161,144,191,185,185,212,186,193,171,185,204,191,170,137,144,169,148,140,130,125,113,111,103,116,105
212,182,189,194,205,165,189,183,179,159,148,150,130,133,145,148,140,120,123,120,116,115,112,110,104,104
181,161,151,130,140,136,125,146,130,152,153,157,168,136,183,172,137,153,144,125,125,119,108,109,99,99
130,127,126,126,138,126,107,126,117,130,131,124,143,151,159,154,149,145,135,121,127,116,113,93,98,90
104,100,110,109,116,108,106,122,108,135,136,127,112,120,123,119,126,121,122,118,104,109,99,96,95,83
88,97,92,109,87,95,106,113,110,87,84,106,108,105,120,109,108,117,90,75,69,93,101,87,74,59
91,80,91,68,88,104,98,109,84,47,97,90,93,82,93,101,95,106,110,80,63,112,108,95,56,57
72,64,79,62,75,95,101,87,63,73,89,76,85,84,81,102,110,142,103,94,105,102,95,60,60,71
60,45,79,53,86,81,55,70,74,79,94,83,73,76,78,85,94,110,107,112,106,106,109,102,97,82
68,62,63,75,76,71,62,55,69,80,72,76,81,92,95,85,111,96,105,108,87,92,100,91,97,81
23,65,56,84,83,51,32,25,69,55,79,66,92,77,77,104,59,56,99,110,96,101,90,86,90,74
22,79,56,85,78,30,31,24,64,73,84,65,111,64,69,107,61,72,98,81,93,77,72,75,73,81
34,63,58,69,74,28,45,13,75,85,87,51,102,69,90,75,56,89,81,89,78,77,84,62,69,84
11,53,53,63,61,62,69,57,59,65,79,70,96,57,71,72,72,92,64,76,78,88,82,71,68,82
9,47,72,87,37,65,39,55,83,54,79,70,83,84,74,81,56,92,52,79,74,82,83,75,76,88
1,49,74,43,22,41,73,4,64,47,75,74,73,75,70,70,65,81,67,74,87,81,82,78,82,88
24,11,56,57,38,33,71,76,36,61,55,61,68,73,78,57,66,63,80,67,82,95,74,65,91,72
21,12,45,50,60,29,48,56,66,61,52,46,64,75,66,66,54,71,79,73,82,75,83,83,51,94
41,13,24,41,44,43,55,69,63,64,58,28,32,52,80,68,60,78,77,72,77,53,83,79,94,69
36,49,16,39,31,56,62,63,43,46,53,36,58,26,76,72,72,79,55,75,76,61,70,85,90,70
56,41,42,13,61,41,45,62,32,49,48,39,57,9,6,67,69,69,67,70,81,76,63,57,78,83
40,34,48,36,36,43,7,7,65,26,45,25,55,57,27,29,64,89,72,66,68,77,85,86,90,81
60,37,19,33,52,24,39,23,41,32,17,44,49,45,36,40,73,59,51,75,55,66,78,85,64,75
17,7,27,19,31,57,16,27,54,11,29,7,39,34,54,25,24,13,56,63,66,72,63,73,77,67
38,9,0,16,26,48,54,52,43,24,35,36,48,40,26,36,27,25,6,55,79,57,72,71,84,83
63,35,12,24,18,35,30,33,36,10,17,52,18,43,59,31,54,47,34,39,62,71,67,76,93,75
