114,115,110,112,111,112,102,97,107,102,99,103,105,106,102,97,97,95,108,111,115,135,138,130,146,164
116,129,121,119,107,110,113,104,119,107,109,106,100,101,98,100,100,118,123,122,140,138,152,146,143,149
119,118,112,116,115,123,116,109,116,107,112,104,99,100,107,105,127,153,138,158,164,153,147,145,150,112
135,127,123,125,122,119,114,110,106,105,114,108,109,113,124,140,143,168,147,168,167,158,147,149,147,114
128,129,116,119,103,116,115,95,107,120,118,132,126,140,158,147,163,172,162,173,160,140,148,154,139,136
123,112,118,113,124,108,113,111,124,138,153,148,169,162,168,174,170,173,189,180,139,164,138,156,144,132
125,134,128,131,126,136,123,132,143,148,165,160,192,176,179,174,173,183,159,148,142,157,156,141,140,131
146,153,151,141,144,145,138,135,149,153,153,157,168,172,177,179,151,171,161,159,164,142,148,149,147,126
137,146,155,161,147,158,141,135,157,169,164,173,170,181,156,176,138,149,163,164,159,132,148,154,129,139
162,161,150,167,175,149,152,165,177,165,161,170,172,150,161,177,163,149,145,153,159,160,160,147,147,165
174,163,182,169,160,116,147,168,175,152,155,171,181,144,167,177,165,143,153,159,159,173,151,129,134,161
184,177,187,177,179,162,184,185,191,182,181,187,187,167,168,175,171,162,172,168,162,145,138,125,135,180
180,179,194,177,153,165,189,187,179,194,194,179,164,171,160,155,130,155,161,160,157,150,117,119,129,165
188,185,173,173,182,171,183,187,169,185,181,189,202,137,166,163,163,149,168,151,151,128,113,108,169,190
190,194,168,180,185,193,190,189,182,195,203,186,183,178,160,166,165,167,154,143,126,125,112,119,196,198
186,149,167,181,191,189,191,186,199,178,183,194,175,167,165,156,164,148,160,125,128,119,129,148,201,205
197,165,179,191,198,182,186,178,179,172,180,182,165,129,132,153,142,139,132,137,146,139,151,160,192,208
185,199,189,199,190,192,201,180,173,164,153,178,188,132,112,139,130,140,142,160,179,175,187,188,202,207
191,185,187,183,181,177,190,184,167,155,165,178,159,138,138,136,129,160,185,193,195,191,200,197,202,196
175,180,175,177,184,183,188,187,160,144,138,143,142,144,136,132,141,181,199,201,193,203,197,185,198,203
187,190,182,182,202,188,148,145,157,146,130,148,144,142,139,136,181,204,201,196,194,195,192,186,201,197
172,182,160,169,172,180,162,138,147,164,146,144,126,148,138,131,179,191,199,201,204,193,186,184,174,186
184,168,171,189,181,167,161,162,149,141,146,149,149,127,132,125,192,202,207,194,198,193,195,159,167,132
183,191,184,178,163,173,148,140,133,132,133,130,128,139,144,132,194,197,197,188,193,191,184,165,145,135
186,173,186,177,172,148,124,155,128,154,120,117,124,142,123,124,179,189,194,198,184,157,146,141,122,138
144,169,170,182,174,168,141,143,127,150,134,131,124,145,129,133,172,183,170,157,129,103,88,71,72,72
159,179,170,159,161,163,140,131,112,118,140,127,142,129,119,119,148,171,158,124,90,70,22,0,2,7
171,163,143,153,164,161,150,143,137,122,134,120,134,123,144,122,119,133,138,113,81,50,29,36,20,5
168,158,142,151,160,160,145,128,141,125,134,132,140,141,138,133,120,127,128,106,79,58,54,60,53,38
154,200,142,127,136,141,138,130,133,135,138,132,138,142,141,132,126,110,103,98,79,77,82,93,93,72
