127,127,13,18,9,12,16,27,34,55,41,38,45,18,8,52,170,186,185,178,193,176,133,200,198,195
127,129,14,15,14,12,15,20,54,24,43,16,3,51,143,170,185,178,146,150,171,166,144,187,193,204
126,131,12,13,18,6,16,35,40,39,8,11,83,139,148,155,170,166,146,185,178,139,165,181,195,193
127,128,12,14,9,7,14,57,29,11,0,66,113,147,138,124,149,166,164,172,175,158,141,187,192,195
131,127,0,7,5,6,55,46,41,2,35,109,116,114,124,134,135,147,138,162,186,131,155,193,195,199
125,131,1,0,0,37,82,39,10,5,89,104,113,116,127,118,141,152,163,175,163,99,109,162,186,187
128,128,8,0,5,101,54,48,0,34,108,91,98,107,125,132,121,149,164,159,146,134,112,166,188,188
126,131,53,50,104,99,70,22,2,79,97,82,90,122,123,110,139,172,176,186,148,137,133,182,189,199
128,123,73,74,107,88,53,22,6,79,78,87,85,96,107,121,137,124,178,165,185,135,143,167,174,194
129,128,57,62,128,89,60,7,19,69,77,80,91,90,104,116,127,154,170,178,175,173,132,171,177,196
132,123,71,74,127,94,59,7,49,70,75,72,86,90,103,112,133,142,158,160,187,150,108,182,188,201
120,132,69,50,136,97,58,7,71,77,76,77,77,86,94,118,134,133,139,162,174,186,133,172,178,188
135,124,55,73,128,100,67,1,69,67,78,78,83,92,103,129,121,135,157,146,167,183,156,184,192,115
124,133,94,85,133,121,63,4,61,70,75,84,77,88,88,100,138,143,158,164,157,170,139,175,200,198
129,127,71,84,152,121,61,8,45,60,68,78,86,85,100,97,106,157,172,161,169,183,150,178,191,203
131,131,54,63,160,143,63,4,55,71,66,80,85,84,100,102,113,137,135,163,175,181,141,161,197,195
123,136,74,40,20,143,64,5,50,81,60,86,67,93,89,102,111,111,140,161,169,171,181,155,176,200
129,127,96,44,20,65,65,10,46,76,84,71,81,87,94,92,93,123,117,144,169,180,160,141,182,198
126,130,99,33,24,35,75,24,29,76,70,80,78,79,105,102,125,121,146,156,159,159,166,122,176,191
131,127,94,35,8,61,89,26,14,72,63,80,69,82,80,102,108,95,127,141,156,154,156,138,129,191
126,127,108,27,18,94,95,48,2,72,73,72,75,87,83,96,103,108,140,144,154,156,168,168,141,182
129,128,84,17,39,117,108,57,3,56,74,64,71,68,75,68,132,111,143,173,155,149,159,148,122,173
129,129,45,24,42,111,117,67,20,30,74,83,72,65,68,67,97,115,137,149,150,169,154,164,117,156
127,127,45,26,71,110,104,89,25,0,69,77,66,61,58,61,84,114,132,131,142,149,105,159,97,109
130,126,42,20,116,127,98,96,39,5,50,68,68,64,55,58,94,108,134,140,142,155,120,117,178,137
123,131,21,31,122,121,111,94,45,18,9,75,75,80,62,77,86,106,107,125,147,142,131,128,174,158
130,128,27,31,108,127,134,103,79,25,8,47,66,81,72,81,87,101,99,120,127,139,156,153,122,167
126,127,33,45,125,127,146,123,121,42,15,13,68,66,71,79,84,94,95,105,110,136,149,108,161,184
130,129,32,48,112,136,129,120,115,62,37,9,22,79,74,68,73,84,91,108,117,120,139,134,159,168
125,133,34,63,132,135,137,120,134,114,44,37,3,30,59,65,74,75,74,87,104,99,119,133,143,165
