6,4,3,3,2,2,3,2,3,2,0,0,2,0,6,5,3,5,10,10,8,9,13,15,14,25
7,6,6,7,5,1,8,10,14,14,11,11,11,7,8,7,5,5,9,10,12,17,12,13,9,21
20,23,25,26,24,21,28,26,23,20,18,18,19,20,17,13,10,10,13,15,15,14,18,17,21,17
26,27,28,30,30,29,28,27,25,23,21,21,22,23,24,20,16,15,17,20,22,23,22,20,25,23
34,31,29,29,29,28,28,28,27,25,23,22,21,22,23,23,23,24,25,25,26,25,24,22,27,28
37,35,34,34,33,32,28,28,27,26,23,21,20,20,19,21,23,25,25,25,25,25,26,25,27,29
37,34,32,30,29,27,21,21,22,21,20,19,19,19,19,19,20,19,19,21,24,28,28,30,29,28
29,23,18,16,12,10,8,8,9,10,10,11,12,13,15,16,18,18,19,20,23,25,24,28,26,27
20,17,16,16,13,9,6,6,5,4,4,4,6,7,7,10,15,18,19,19,18,18,20,24,22,26
26,26,26,25,20,15,17,15,12,9,6,5,6,7,5,7,10,12,13,14,15,16,23,24,19,25
25,25,12,15,15,16,15,17,14,13,12,13,5,12,9,5,5,7,10,14,15,12,16,15,18,24
4,6,2,6,2,0,3,4,4,9,10,11,4,12,10,5,4,7,10,13,14,9,10,10,13,18
0,2,1,3,1,4,4,1,0,5,7,12,7,16,12,9,9,9,9,10,12,11,10,11,11,12
3,4,6,6,5,11,5,3,0,0,0,10,5,8,12,12,14,13,8,7,12,15,15,15,13,11
4,9,19,14,7,7,7,8,4,0,1,17,11,5,9,8,12,14,11,10,12,14,16,16,15,14
14,23,29,16,7,5,15,14,8,0,4,31,32,23,9,4,5,11,14,15,13,10,17,17,18,18
20,30,30,10,3,2,11,8,2,0,5,37,44,36,19,9,5,8,11,13,15,14,17,17,19,21
18,31,33,12,4,0,2,0,0,3,13,43,46,37,29,19,11,7,5,8,17,23,14,14,17,22
14,17,19,9,2,3,4,0,0,4,30,47,50,36,28,17,17,18,7,3,10,14,19,20,15,16
6,10,11,4,6,5,0,0,3,16,34,47,45,39,31,24,23,21,10,8,12,11,23,28,23,23
24,7,2,2,6,2,0,5,15,38,43,45,35,34,25,21,21,18,11,11,13,9,10,27,23,25
60,19,8,2,1,1,9,16,27,41,39,32,22,20,13,9,9,9,6,7,9,5,13,27,25,33
48,37,40,26,16,14,23,24,27,24,23,16,16,16,17,12,11,14,15,14,15,16,11,24,23,29
22,21,22,19,26,20,22,21,24,17,21,19,25,23,22,19,18,24,28,28,29,33,30,35,31,31
21,18,18,18,29,18,19,19,22,22,25,25,25,24,15,17,18,21,28,31,32,34,32,29,33,36
20,19,29,22,27,25,24,23,19,24,18,18,13,15,15,21,22,22,27,32,32,31,37,61,86,96
32,23,31,28,28,20,22,22,13,18,13,14,14,15,16,21,21,28,30,35,64,98,151,201,208,209
22,32,22,26,21,23,18,21,20,15,16,16,19,24,19,33,36,78,102,148,200,204,216,218,212,212
26,18,31,18,29,21,22,20,20,15,27,26,32,44,104,118,190,197,205,207,212,216,208,214,207,201
34,31,25,29,26,29,25,30,29,44,75,98,145,187,212,205,213,211,209,212,207,212,211,205,208,208
