64,62,59,68,53,52,64,52,62,66,65,65,63,59,63,63,72,64,63,67,75,71,71,68,81,91
69,59,59,57,64,56,62,65,63,62,66,71,77,71,66,56,66,65,66,56,78,80,77,81,84,81
61,61,58,55,61,69,66,62,66,48,72,63,76,74,72,82,66,70,73,66,79,72,81,88,78,89
58,62,49,45,49,71,72,62,68,54,59,73,69,81,64,71,71,73,73,79,85,78,88,89,74,88
54,61,71,58,65,69,71,70,56,61,74,78,81,79,71,85,83,86,83,82,89,90,86,87,86,85
63,54,61,61,59,58,64,73,65,71,64,80,81,77,74,63,92,86,89,89,84,87,87,92,91,90
55,51,48,58,49,54,55,58,58,56,78,73,85,78,81,75,79,78,83,86,84,85,91,99,86,91
45,50,50,46,59,64,60,67,53,60,63,69,84,92,78,75,74,87,91,77,85,82,73,94,92,96
56,48,46,50,52,61,51,56,63,58,76,74,79,86,85,79,80,87,90,90,91,91,87,96,90,95
65,60,51,61,65,62,67,70,66,85,74,72,76,82,83,84,87,88,89,90,92,91,86,93,88,92
64,48,67,65,67,70,76,75,77,84,83,76,76,80,80,84,89,89,90,92,93,92,88,92,89,92
77,63,59,61,54,69,79,67,84,77,91,80,81,88,86,85,90,91,91,92,92,91,90,92,91,92
76,55,59,77,65,71,86,67,78,85,80,78,81,83,81,82,86,86,92,91,89,88,90,91,93,90
91,89,78,81,80,76,81,78,77,82,84,89,85,75,72,81,90,93,93,93,91,89,92,90,94,90
87,85,75,67,74,74,71,86,83,74,80,84,75,62,61,65,74,87,91,94,93,92,95,89,96,91
88,89,68,81,75,77,78,86,83,75,79,79,73,73,74,63,65,87,85,92,94,93,95,88,96,92
89,73,73,67,63,72,73,71,79,74,80,70,78,71,80,73,76,85,69,92,92,92,93,91,97,92
80,73,74,68,67,73,72,72,75,70,72,79,85,78,80,71,74,73,88,88,93,93,93,92,89,97
68,67,74,68,71,71,70,75,79,79,80,83,73,72,79,77,79,67,91,85,85,92,92,89,91,94
66,61,64,61,72,71,67,73,73,75,64,71,70,74,72,65,64,63,83,79,85,85,84,91,91,88
73,65,66,61,67,59,50,56,61,67,69,72,79,76,71,69,64,71,79,72,89,79,77,92,84,87
75,69,66,60,60,52,43,47,55,61,67,66,69,58,62,69,65,68,68,72,72,78,77,77,87,87
65,62,47,46,50,56,52,49,53,50,55,61,68,60,65,61,65,66,58,66,63,74,77,70,82,85
54,51,41,36,33,43,45,44,53,50,64,55,49,50,64,52,59,56,60,52,79,67,71,84,61,82
47,36,27,33,38,40,40,41,43,45,45,44,44,46,48,49,48,46,52,57,62,54,56,57,67,70
44,35,32,35,38,38,37,37,38,39,41,41,40,41,42,42,41,39,46,48,47,52,42,43,49,65
40,34,32,34,35,34,33,33,33,33,35,34,34,35,36,36,34,33,31,36,35,38,33,37,35,38
36,31,29,32,33,30,26,24,24,24,23,23,23,24,26,27,26,26,20,23,28,22,27,25,26,19
31,24,27,30,31,27,19,14,12,12,10,10,10,12,13,14,14,14,16,14,19,15,14,5,12,19
26,17,20,24,25,21,14,9,6,5,3,3,3,4,4,5,5,5,8,11,8,11,3,4,3,8
