158,104,78,165,211,213,203,185,194,189,194,197,190,190,183,182,171,169,176,169,166,182,180,180,190,203
236,213,152,188,183,192,202,196,186,200,190,204,200,190,185,185,172,162,170,171,175,162,182,186,183,190
247,210,191,189,190,199,186,193,187,207,191,204,205,192,192,190,182,172,155,175,144,170,174,185,186,180
227,211,199,182,195,195,192,206,194,191,199,201,203,196,199,190,189,186,175,155,153,171,177,177,181,178
226,209,205,191,201,196,199,194,188,201,204,201,202,203,199,193,191,190,176,183,165,165,174,181,178,179
201,199,184,188,195,188,190,197,193,191,202,203,204,208,198,200,195,189,185,168,182,161,170,179,184,186
178,175,172,182,180,183,200,180,194,180,204,195,201,211,206,201,203,188,184,179,175,170,173,174,189,190
111,113,105,136,139,149,177,178,183,176,185,193,205,203,211,202,196,196,186,181,179,179,163,177,192,184
55,83,76,104,95,135,157,114,179,133,183,115,191,201,203,198,204,187,189,186,176,183,175,177,180,185
52,51,59,57,69,73,105,71,116,110,184,162,181,191,195,189,180,198,189,193,179,183,191,185,176,182
44,32,33,51,63,66,75,60,83,62,158,107,151,171,166,178,178,173,178,182,186,194,178,191,191,167
30,37,43,44,66,54,50,53,69,44,74,116,105,147,170,152,125,173,156,172,177,195,185,192,185,182
38,31,40,43,60,55,75,68,69,68,47,54,73,87,100,105,109,106,138,119,152,191,182,174,192,185
38,43,57,59,49,75,72,72,80,71,53,49,55,63,68,62,76,68,89,87,113,134,184,151,162,177
40,56,65,55,75,71,107,66,82,90,65,65,42,56,54,63,58,57,56,42,74,119,117,111,144,175
74,94,74,82,75,113,111,108,114,98,64,81,53,51,68,55,50,53,38,33,47,59,71,94,121,148
168,162,185,173,170,172,171,163,150,113,60,106,72,75,72,48,43,40,34,34,34,45,49,68,114,138
183,180,187,197,207,198,193,195,187,180,88,123,121,104,72,63,55,51,33,37,39,34,43,46,59,110
102,155,178,197,200,198,211,209,219,194,160,180,161,116,96,82,91,46,38,42,33,39,40,38,58,69
99,114,142,162,178,193,186,212,219,206,198,214,205,198,168,107,70,52,36,34,29,24,42,50,47,71
114,115,110,99,129,131,154,172,190,198,209,215,220,206,185,182,67,54,43,31,26,38,42,43,61,71
133,121,102,99,89,98,99,96,124,170,182,199,202,212,182,152,58,48,30,19,21,31,40,48,58,68
115,90,72,83,78,71,62,79,78,100,100,114,148,167,135,68,39,22,15,15,21,18,41,48,49,71
51,44,55,57,62,44,52,56,46,47,44,59,58,52,44,22,10,4,9,12,13,19,30,37,46,71
43,46,58,51,72,51,66,46,28,21,22,24,9,3,3,1,1,7,6,12,13,23,32,34,40,52
135,140,144,112,118,104,119,89,55,44,36,22,14,22,12,11,11,11,17,18,17,14,26,32,45,61
189,200,191,168,173,175,175,148,104,92,80,72,63,55,38,39,29,15,20,25,34,38,33,33,36,56
198,203,200,193,189,184,172,174,166,173,157,163,152,126,102,81,54,46,42,35,38,60,38,45,49,55
192,201,204,200,194,190,191,199,203,199,193,191,188,169,149,114,81,76,69,49,52,75,55,76,107,67
185,198,196,198,206,207,214,205,212,202,214,191,192,187,185,170,148,128,119,85,77,69,51,86,166,95
