55,56,38,37,46,41,45,47,43,42,43,49,53,58,60,68,86,100,77,100,82,69,69,80,79,86
53,47,47,46,48,56,49,50,60,56,51,52,62,70,70,71,85,95,74,80,69,91,78,87,73,84
56,53,42,42,52,54,57,50,64,53,47,46,60,70,74,77,106,86,98,78,77,89,81,79,75,66
52,47,59,53,48,63,77,65,74,59,67,62,70,78,76,86,93,78,84,80,81,84,81,72,78,59
63,56,56,46,55,90,75,69,75,63,85,73,71,75,82,86,79,89,80,75,83,85,94,89,74,68
55,60,61,59,66,75,78,79,81,71,91,74,74,74,71,69,71,88,85,72,75,61,69,72,54,61
64,63,71,65,61,75,83,82,82,77,85,69,77,66,69,72,72,85,78,86,75,63,62,66,59,57
69,67,58,61,72,74,84,81,85,89,88,74,86,61,62,61,85,71,80,74,72,70,66,70,66,60
79,67,73,66,57,67,72,75,80,89,85,73,79,63,68,76,75,77,77,71,67,68,76,78,74,56
72,72,72,68,75,76,83,94,77,70,78,82,83,72,63,74,75,86,76,72,92,78,78,74,71,60
78,61,82,71,75,61,73,87,81,91,70,75,75,73,61,83,73,77,87,83,89,85,80,79,70,56
72,65,72,79,72,66,73,66,81,78,79,62,78,68,65,66,72,72,71,78,78,72,82,77,70,65
64,77,71,70,81,77,70,76,68,71,73,77,74,78,73,72,81,77,69,72,76,80,75,70,62,60
66,74,77,70,78,77,78,72,73,76,82,80,81,80,72,81,68,65,68,60,65,72,57,59,52,52
68,73,69,83,75,85,90,70,63,80,73,86,80,72,82,74,69,70,63,64,70,57,52,55,59,73
76,72,81,71,84,78,69,75,80,67,73,72,70,62,70,71,75,64,65,71,58,58,63,70,71,80
92,80,80,87,80,75,69,75,65,87,72,66,80,78,77,66,82,68,54,54,65,63,64,67,64,76
83,75,87,83,88,74,79,70,66,72,79,68,70,81,71,77,72,70,68,64,61,55,62,59,68,80
79,89,92,83,92,74,79,78,86,72,75,65,79,84,69,78,81,77,72,48,64,55,56,85,88,80
90,91,87,93,70,66,65,66,70,73,64,67,91,71,90,95,67,78,80,73,69,78,69,74,79,93
80,85,97,90,90,68,85,83,69,92,60,78,90,89,94,78,85,86,90,89,100,89,97,94,94,113
95,82,86,83,82,70,72,72,97,86,97,86,93,95,93,89,80,82,91,120,104,101,94,115,121,126
83,77,73,68,81,81,99,94,86,86,87,106,90,95,102,97,100,85,87,110,120,128,133,129,148,147
87,70,70,62,62,78,85,74,81,98,108,102,111,106,90,98,93,98,110,121,110,127,123,131,142,113
126,62,82,60,88,69,89,84,104,93,90,115,97,114,102,103,92,96,92,106,108,127,134,138,136,123
130,128,68,82,79,81,87,93,94,107,107,96,93,115,90,86,86,91,98,117,114,136,118,127,94,115
129,131,61,80,69,81,76,97,94,104,105,108,119,107,115,82,72,75,92,107,116,160,126,139,95,99
130,125,130,73,74,82,93,110,100,96,109,108,99,106,99,88,85,78,101,116,122,141,131,132,99,80
126,130,129,127,64,87,91,88,99,104,107,112,120,130,115,113,97,83,100,102,110,117,135,114,97,96
130,123,125,132,125,85,67,87,86,82,97,105,115,115,110,105,88,92,109,96,108,126,113,126,136,118
