154,178,175,125,187,180,184,172,176,189,171,171,139,114,91,82,26,22,12,15,12,8,7,24,29,15
160,133,174,171,139,172,176,185,179,174,169,164,163,129,98,67,23,20,11,13,10,11,15,28,22,8
129,168,163,168,133,164,174,167,171,151,172,153,146,128,110,51,24,22,20,19,15,17,31,22,9,22
114,128,122,150,176,121,171,171,173,155,155,154,162,130,118,37,17,15,19,19,15,18,27,6,25,43
113,121,122,134,143,148,126,161,159,107,76,130,126,139,101,34,21,20,22,25,20,11,6,44,36,11
93,109,120,109,104,124,101,94,97,44,52,101,137,124,83,36,22,28,27,12,9,29,44,25,8,7
80,83,96,111,119,114,123,114,110,42,105,116,103,98,62,28,15,13,9,31,45,29,18,9,16,29
11,21,40,50,71,81,101,99,77,38,67,49,32,14,11,19,29,40,44,34,28,12,16,32,39,75
53,40,44,31,27,29,28,20,33,26,24,41,36,42,45,42,38,34,29,7,19,27,31,56,69,92
41,27,34,32,34,36,34,44,33,38,43,36,36,41,18,17,22,24,27,33,55,48,64,71,109,124
82,65,49,38,35,28,32,25,27,22,33,25,27,32,41,57,51,60,73,84,93,118,111,133,123,139
127,108,102,90,74,73,62,68,70,63,74,52,68,76,78,92,95,118,116,137,136,148,121,130,138,135
150,143,95,104,92,108,124,122,130,138,117,130,119,136,164,147,163,148,173,149,156,160,157,166,148,123
181,179,144,130,132,163,165,164,169,157,158,172,172,173,172,196,180,188,184,165,167,174,166,160,134,105
183,188,163,131,132,149,182,196,180,146,171,181,185,189,194,184,173,191,182,175,165,170,151,125,99,93
201,182,173,145,129,166,180,192,190,178,184,191,202,192,184,176,170,184,170,148,150,164,145,111,106,131
189,163,176,131,124,163,177,189,186,186,196,185,190,191,184,189,179,170,174,164,128,153,126,110,137,158
183,159,171,175,145,189,200,180,186,191,187,177,195,184,181,190,161,163,179,149,145,142,131,153,199,180
189,181,173,188,183,206,187,183,183,187,189,186,189,186,184,158,145,149,165,152,148,131,152,183,205,181
183,172,184,178,193,196,187,192,183,188,171,191,188,186,157,170,163,164,140,147,135,141,189,207,196,204
161,175,182,181,190,202,184,184,181,171,187,183,181,177,164,155,164,154,151,151,150,176,200,198,213,210
171,143,182,195,194,177,184,192,181,185,178,187,196,161,158,156,154,166,154,141,138,171,187,214,193,210
192,194,181,189,181,183,185,181,182,185,180,175,173,168,161,163,150,139,156,127,145,180,196,208,181,194
197,192,165,169,180,185,171,164,164,189,192,183,163,195,140,160,155,142,146,163,130,166,179,199,194,165
197,190,171,148,151,167,164,160,163,172,176,176,182,158,158,143,117,152,145,129,125,152,184,183,148,106
177,154,160,178,182,181,174,156,157,169,180,172,174,183,163,161,133,165,143,137,156,116,143,155,126,70
196,184,187,165,152,169,178,150,168,180,130,165,164,154,161,140,166,135,151,148,149,109,111,122,125,80
183,179,172,171,127,184,170,150,168,165,166,134,142,136,146,153,153,137,159,160,144,127,110,108,93,63
187,180,177,177,157,177,161,163,175,160,144,146,143,148,136,145,144,161,165,162,141,143,128,118,86,89
179,173,177,161,152,145,164,143,165,171,158,167,159,157,141,133,169,170,160,164,162,137,122,130,95,86
