27,32,21,18,14,11,10,8,6,0,3,2,0,5,5,2,7,3,3,0,1,1,5,14,5,6
39,28,20,15,8,14,6,5,3,4,4,1,4,2,0,2,3,4,8,2,4,14,10,0,13,2
40,31,13,25,20,9,12,11,5,8,6,7,6,3,1,2,3,3,10,17,12,6,3,6,10,3
32,56,34,33,20,9,14,18,16,17,8,14,19,17,13,12,13,15,11,14,10,11,10,8,8,3
60,52,52,46,37,29,27,28,29,29,19,19,18,16,16,18,19,19,20,20,19,22,19,11,12,12
76,74,57,48,41,36,27,23,22,20,20,16,12,11,14,17,18,17,18,21,23,28,26,21,29,36
89,55,68,49,37,32,25,22,19,11,9,11,13,13,12,12,13,15,19,23,24,27,27,27,36,39
102,92,50,35,26,22,16,13,12,7,9,8,7,7,7,6,6,7,2,6,6,12,19,24,30,27
76,55,34,28,25,23,18,14,12,11,10,5,1,1,3,3,3,4,9,11,8,10,11,10,10,7
70,49,32,24,16,14,14,11,7,2,0,1,5,7,7,5,7,10,12,16,19,26,28,28,37,41
70,36,26,18,13,11,9,7,5,1,5,7,12,12,11,19,20,17,16,15,11,14,16,16,24,29
46,30,17,12,13,14,8,3,3,4,10,9,15,20,19,13,4,0,1,7,4,1,1,3,8,4
30,26,18,14,12,9,4,3,8,11,11,15,15,7,1,0,1,1,1,0,0,7,6,0,0,1
28,21,19,15,10,5,5,13,16,12,8,3,1,3,11,5,4,1,8,13,11,12,14,16,17,10
32,17,14,10,10,14,16,16,13,6,5,0,8,30,35,2,2,18,30,20,9,10,11,7,9,8
21,27,20,13,15,22,18,7,3,4,5,17,38,52,39,0,1,30,37,10,0,15,21,9,18,37
24,31,28,21,19,17,9,2,4,8,10,30,49,56,49,4,1,6,23,13,0,1,3,2,7,9
32,26,23,22,17,8,3,8,13,10,16,33,47,55,52,6,0,0,5,5,0,0,1,3,5,1
51,32,22,33,13,8,2,3,27,17,24,36,46,61,63,24,6,0,2,1,2,1,0,5,2,5
53,40,35,21,3,16,17,8,22,23,16,29,48,59,63,60,7,0,5,0,7,0,1,4,7,37
81,55,48,22,2,5,7,6,11,10,14,14,26,44,44,49,53,11,1,0,1,6,3,7,23,150
103,77,37,30,30,19,5,6,9,10,17,13,21,21,32,39,48,40,31,10,8,3,8,32,107,111
123,91,75,45,42,42,41,45,36,32,29,36,32,36,28,28,19,23,24,26,34,35,57,52,69,64
102,111,100,64,55,49,39,39,37,41,18,16,29,27,23,31,23,23,43,39,33,51,24,31,43,27
126,106,123,81,64,58,51,52,41,30,25,35,15,9,26,9,20,17,14,21,30,22,30,29,18,39
205,187,129,78,57,57,56,56,50,44,45,27,23,22,12,19,14,20,25,21,22,28,28,38,39,39
201,202,190,109,85,49,48,57,55,42,53,44,30,34,23,29,23,22,23,17,17,22,24,38,47,65
205,196,122,170,125,80,66,75,61,59,66,55,48,51,42,41,36,20,33,33,37,43,44,38,43,49
211,209,194,159,156,144,81,69,50,79,66,68,67,52,54,56,47,49,57,38,38,34,38,49,52,70
234,115,204,196,167,163,129,88,93,88,86,64,78,77,70,73,57,67,64,62,52,66,64,67,74,83
