248,228,216,230,233,211,211,197,195,186,139,138,129,118,111,119,109,109,118,112,117,105,113,112,120,125
246,250,244,239,225,228,225,222,201,198,194,161,148,136,136,124,116,119,125,127,127,128,120,131,129,149
247,253,243,241,247,236,236,237,226,229,218,205,190,182,162,171,141,129,138,143,144,153,139,151,142,167
254,247,251,244,245,237,234,220,220,223,214,205,210,200,190,197,181,168,145,139,158,145,158,148,155,173
246,251,250,246,240,246,231,232,221,224,219,215,212,208,205,190,189,186,166,165,159,144,171,154,156,170
249,249,251,249,247,241,234,235,230,225,227,218,221,208,203,198,196,204,198,185,179,180,191,175,174,185
251,248,250,246,249,238,241,236,239,229,214,202,217,205,205,209,199,210,208,201,198,204,196,196,194,194
245,247,252,245,247,243,246,234,237,229,226,214,222,211,209,209,189,190,205,207,205,208,194,202,202,199
240,250,251,249,247,249,245,235,232,223,220,215,214,213,214,216,208,205,213,211,207,209,207,206,205,209
237,243,244,253,249,252,244,241,236,222,218,223,216,218,214,214,214,210,215,216,209,205,215,218,214,210
236,231,240,252,250,254,246,243,240,225,219,226,219,221,216,216,216,211,211,219,215,207,212,224,218,204
248,233,244,252,250,255,250,237,237,226,222,223,212,213,209,215,212,208,218,221,221,222,213,219,214,204
232,227,229,228,253,251,252,246,229,225,222,220,208,212,205,217,218,205,215,224,216,220,220,221,207,217
223,205,220,220,241,248,251,246,231,226,218,218,203,202,209,207,221,216,213,228,204,219,221,218,211,211
235,211,215,214,223,240,246,245,231,219,213,213,196,201,208,209,205,209,214,214,216,215,206,233,220,223
246,222,220,218,214,233,242,248,238,219,211,212,205,209,196,208,194,213,202,214,210,218,217,226,225,218
250,231,223,226,216,227,233,243,241,224,207,194,207,196,204,198,201,197,210,211,210,213,227,222,209,221
255,246,232,237,231,231,230,235,238,227,213,198,190,194,191,198,199,193,203,195,210,213,209,218,220,217
254,250,249,249,247,245,244,241,242,233,216,182,192,154,166,158,176,193,194,170,198,209,194,226,214,207
255,250,253,244,247,249,255,249,244,235,223,181,183,163,161,187,146,184,217,202,149,197,208,210,218,214
251,255,253,246,249,253,255,250,250,233,221,208,180,191,150,143,153,146,171,206,192,205,199,204,224,217
255,252,244,249,253,252,253,255,255,235,235,208,181,170,138,158,147,159,183,185,195,201,197,196,222,226
249,254,250,246,248,255,254,252,249,238,229,205,200,170,177,149,154,146,130,175,175,200,202,199,220,219
244,241,237,242,244,254,249,255,255,240,221,206,196,173,172,156,153,139,160,180,171,191,202,209,204,221
225,226,223,231,239,253,251,255,255,241,215,219,193,184,176,160,176,135,130,162,192,194,197,206,219,218
163,201,192,204,227,253,255,254,250,237,218,204,198,186,154,157,149,152,139,152,158,187,199,196,206,210
19,62,119,164,212,233,244,255,255,223,212,196,217,193,189,148,146,149,145,163,176,185,191,216,198,215
23,36,74,128,192,223,238,246,243,211,212,204,212,183,187,171,152,151,157,167,185,191,192,204,211,201
33,53,81,116,184,221,222,241,217,206,214,214,202,194,189,166,166,159,158,170,162,154,179,197,196,204
66,63,79,111,183,219,216,214,203,214,203,208,202,207,183,184,152,157,162,153,164,174,173,195,184,204
