126,130,128,127,126,129,124,132,242,240,241,241,241,242,241,236,228,238,226,216,228,219,212,203,198,218
128,127,128,130,130,131,127,240,243,241,241,241,241,242,239,232,235,228,215,229,218,212,205,204,212,207
128,129,129,123,133,125,135,241,244,241,241,241,240,239,235,228,230,223,220,218,207,199,208,210,202,206
129,132,122,132,123,125,127,245,242,241,242,241,237,235,231,225,223,221,217,204,214,209,209,202,197,189
125,124,137,123,130,133,126,243,241,241,243,241,235,231,228,223,221,215,201,201,198,209,200,196,185,144
134,122,128,128,127,124,251,239,240,241,242,239,232,228,224,219,218,201,200,197,189,203,198,169,129,84
127,127,131,132,128,128,242,241,240,239,238,234,228,224,219,212,207,184,197,193,193,187,164,112,84,93
129,128,128,122,131,129,241,244,240,236,233,230,224,220,214,205,185,175,182,185,156,130,98,86,111,114
129,125,127,126,129,128,242,243,240,232,229,220,216,210,207,187,161,163,160,163,114,79,98,109,119,126
127,131,132,129,130,242,240,240,235,234,216,218,216,202,195,159,166,148,124,85,90,99,116,128,121,138
129,127,126,125,123,241,240,242,232,224,221,212,206,200,166,144,130,106,71,93,105,118,128,129,133,131
130,127,128,130,133,241,235,230,226,228,214,213,196,170,138,115,81,78,99,107,116,125,131,135,133,140
125,132,126,127,128,231,235,237,226,224,209,200,169,130,95,80,79,98,113,105,121,133,132,140,138,139
133,127,124,133,126,239,241,224,227,209,201,166,123,95,71,85,104,114,105,130,135,139,142,139,137,157
127,126,133,125,125,237,224,224,214,193,160,125,90,74,94,106,118,112,137,134,135,141,157,150,157,159
126,133,120,132,237,230,226,220,205,160,129,87,76,89,104,114,121,132,124,139,142,145,159,151,169,181
125,130,133,122,236,230,222,214,179,128,94,75,94,112,116,120,125,121,136,142,159,152,159,172,161,166
132,125,125,132,235,224,217,206,151,102,83,96,111,115,127,128,135,137,146,150,144,159,168,177,180,187
128,127,128,129,224,226,218,165,123,74,93,114,120,126,124,134,134,142,146,148,157,159,160,179,183,182
130,128,126,128,233,220,205,135,97,79,113,125,123,131,128,137,147,152,169,159,183,169,178,192,159,179
123,136,128,126,227,212,188,118,76,105,120,135,132,128,144,146,148,148,167,153,152,160,180,173,165,165
132,121,124,240,223,220,157,102,78,117,127,137,137,133,145,155,157,158,149,147,137,161,159,158,148,158
127,129,130,224,225,200,129,97,102,123,135,134,137,147,142,160,161,168,146,135,146,157,145,160,178,151
129,125,128,229,215,201,129,94,122,137,134,136,140,153,155,159,151,163,161,118,139,139,155,163,145,139
131,127,128,217,216,183,123,99,126,145,131,146,141,136,154,150,162,132,117,129,131,134,130,122,127,119
125,130,129,219,207,138,105,116,143,142,147,135,146,148,151,142,116,118,116,106,119,117,112,112,119,113
127,134,121,209,167,108,103,140,154,150,142,153,152,151,145,116,108,97,98,114,101,110,95,95,85,88
129,123,130,164,128,92,123,143,149,160,154,140,148,154,106,96,88,99,106,89,94,91,78,77,76,91
127,128,134,135,100,116,134,147,163,144,158,140,125,108,93,89,81,89,96,74,87,80,70,62,59,63
130,126,123,97,115,133,146,152,161,156,146,138,108,75,84,91,88,76,75,81,78,77,70,55,59,49
