201,204,227,220,239,233,241,236,239,240,236,233,251,247,244,248,246,253,253,253,250,247,123,129,128,128
192,183,237,222,226,224,248,250,246,249,242,229,239,245,243,245,253,249,250,251,246,255,133,128,128,128
148,189,221,224,223,239,242,246,250,248,243,240,243,246,238,247,245,238,248,255,255,127,127,123,128,128
178,219,203,237,196,230,243,243,248,248,244,242,245,255,246,250,240,235,248,253,248,127,133,129,128,128
182,182,145,209,228,243,237,245,252,250,246,230,233,250,247,249,247,245,252,252,249,125,126,129,128,128
193,194,202,210,235,232,240,244,242,239,251,243,248,248,244,250,248,255,252,250,250,132,124,130,128,128
194,193,212,202,236,228,200,247,245,249,255,243,250,247,253,247,250,246,251,252,129,128,128,129,128,128
178,193,222,211,222,228,225,239,249,248,243,252,244,255,242,250,251,251,247,248,131,127,128,128,128,128
183,197,203,204,230,226,196,247,233,243,251,250,254,249,254,255,246,255,253,241,129,123,129,128,128,128
203,194,205,199,228,212,238,233,241,252,235,246,250,239,255,247,254,247,250,243,129,130,128,129,128,128
185,196,202,190,209,224,228,241,233,248,247,255,249,229,252,254,251,255,251,128,123,124,130,126,128,128
191,200,201,208,220,213,233,238,226,232,253,249,245,252,255,246,255,246,246,131,126,131,127,128,128,128
194,197,202,212,201,225,223,223,220,228,252,246,217,251,246,248,248,246,249,127,127,128,127,129,128,128
192,199,205,204,208,219,230,228,222,210,250,255,248,248,254,247,247,247,243,125,132,126,127,129,128,128
169,196,202,199,220,224,226,233,221,223,248,254,255,251,248,247,241,244,123,131,129,129,128,128,128,128
144,168,203,208,210,233,227,227,235,235,240,247,248,255,246,246,241,233,134,128,127,123,129,128,128,128
129,199,194,214,225,221,227,235,238,246,248,251,250,252,239,241,237,225,130,129,124,135,132,123,128,128
109,172,195,219,227,222,226,239,235,245,252,245,249,239,236,239,232,222,122,129,133,123,129,132,128,128
109,166,198,196,217,229,235,238,246,251,254,248,250,238,234,228,215,129,129,129,129,128,127,126,128,128
99,110,180,202,230,232,230,238,242,246,243,245,233,236,230,214,176,134,125,122,133,126,130,128,128,128
91,140,184,195,234,234,245,231,245,245,242,243,228,238,228,185,97,118,130,133,127,131,128,128,128,128
95,108,190,216,228,231,242,237,243,239,248,244,233,222,183,93,126,131,131,123,128,129,128,129,128,128
94,138,160,200,226,234,235,244,243,251,241,236,223,196,99,59,128,128,128,128,128,128,128,128,128,128
70,118,140,208,206,226,238,235,230,243,239,220,227,106,53,25,128,128,128,128,128,128,128,128,128,128
90,82,135,195,222,229,231,230,225,232,228,226,178,67,20,128,128,128,128,128,128,128,128,128,128,128
82,81,109,187,209,222,227,238,236,233,220,182,89,34,4,126,128,128,128,128,128,128,128,128,128,128
95,89,98,156,177,210,227,235,234,223,199,109,45,1,10,128,128,128,128,128,128,128,128,128,128,128
65,90,106,113,93,176,219,232,226,192,123,62,12,2,125,133,128,128,128,128,128,128,128,128,128,128
65,74,102,136,136,114,164,174,174,125,80,34,5,22,126,126,128,128,128,128,128,128,128,128,128,128
56,66,83,119,123,106,133,174,89,78,55,24,21,124,130,127,128,128,128,128,128,128,128,128,128,128
