16,23,31,39,45,42,43,63,75,70,105,87,77,96,92,101,102,91,85,131,225,245,244,244,241,136
33,35,61,43,52,93,77,84,92,88,93,102,115,120,148,126,86,94,98,117,198,234,239,244,248,126
52,59,58,72,72,63,81,96,109,143,162,211,197,189,192,149,205,192,199,185,181,197,238,243,243,128
74,84,88,93,90,87,91,83,103,146,137,149,116,205,181,193,194,164,190,173,224,221,221,234,242,128
81,85,88,87,94,110,115,102,120,118,182,185,157,214,197,197,205,217,193,179,206,199,225,237,240,127
80,80,87,97,107,111,118,137,154,167,201,194,214,222,213,237,224,221,222,218,204,217,209,241,239,126
56,73,79,82,99,111,129,166,177,196,202,217,222,216,218,221,227,244,248,243,229,227,232,220,239,127
49,51,40,50,78,88,107,144,174,203,211,219,227,229,231,227,222,224,227,235,235,218,226,239,242,128
73,83,87,97,82,48,58,93,148,188,215,215,214,240,234,229,230,238,236,244,244,243,229,228,244,129
57,87,97,111,142,169,157,104,71,89,177,217,228,227,235,236,232,240,239,247,244,241,246,239,246,130
17,26,36,45,78,121,179,215,216,135,82,127,216,229,225,225,232,234,240,245,235,229,238,239,244,128
3,20,18,21,19,40,71,137,211,236,240,95,111,192,215,222,226,233,237,245,248,240,237,233,242,126
24,32,6,44,69,33,23,37,91,201,241,229,71,100,167,214,214,226,236,242,243,245,250,246,243,126
6,35,29,51,220,189,100,44,35,45,93,226,199,42,98,171,219,220,231,245,244,244,252,245,247,128
43,65,52,107,255,238,242,232,88,30,30,56,160,96,67,129,198,219,227,230,239,247,253,252,248,129
33,54,86,249,253,246,255,251,214,89,37,21,35,151,85,123,182,214,217,228,255,251,242,255,248,127
11,16,78,255,255,253,255,254,234,206,46,39,33,47,72,81,111,198,232,219,229,246,251,253,249,128
15,36,252,255,255,254,254,255,246,233,73,125,62,78,122,148,185,209,225,234,241,248,254,250,252,130
8,97,249,255,255,255,255,251,229,87,81,204,201,101,110,97,121,174,211,227,237,253,250,249,252,129
60,201,235,255,255,251,248,218,86,84,144,172,196,187,193,211,198,202,212,231,248,244,245,255,251,129
78,202,211,231,201,180,117,80,83,107,180,218,230,212,215,215,215,222,225,220,236,242,248,247,250,129
110,106,115,83,85,71,76,87,114,229,227,243,227,211,224,223,209,219,227,225,233,236,242,245,249,128
64,72,70,92,89,106,147,200,243,234,255,223,231,234,226,220,224,221,220,230,231,231,233,244,247,128
64,72,64,75,85,100,225,237,249,242,242,242,223,230,231,234,228,227,221,226,222,229,231,238,246,128
63,87,95,119,135,206,169,214,236,245,233,231,233,235,238,231,228,223,224,231,228,226,231,241,245,128
89,91,115,143,177,207,209,223,230,228,235,228,240,233,229,237,225,222,226,223,227,227,233,231,245,127
79,92,101,112,144,172,208,211,215,223,226,234,233,228,232,231,224,224,226,230,227,230,234,237,243,128
96,109,126,155,178,194,212,219,217,222,221,227,229,227,230,226,224,222,227,227,230,230,237,239,243,128
89,99,116,152,169,185,192,204,215,218,216,221,227,230,232,226,225,223,227,225,231,230,238,240,244,128
110,118,125,144,157,182,193,204,211,215,217,219,225,231,231,226,226,225,225,225,231,232,236,240,244,128
