128,128,128,128,128,128,128,128,129,128,129,129,128,129,128,121,116,127,91,115,108,102,91,85,70,52
128,128,128,128,128,128,128,128,127,132,127,126,131,126,119,126,110,124,115,102,90,94,93,77,68,64
128,128,128,128,128,128,128,128,127,128,130,128,126,131,123,102,135,125,110,99,90,101,76,60,62,56
128,128,128,128,128,128,128,128,129,124,131,130,123,133,128,96,125,96,122,106,91,73,82,72,63,66
128,128,128,128,128,128,128,128,129,128,127,129,129,127,125,126,104,92,98,89,96,81,76,69,58,70
128,128,128,128,128,128,128,128,130,126,128,130,128,128,130,130,101,105,82,94,78,81,61,69,71,60
128,128,128,128,128,128,128,128,129,125,130,130,124,131,133,120,125,83,82,94,62,69,80,64,64,70
128,128,128,128,128,128,128,128,126,131,128,126,129,126,125,135,129,92,74,72,57,71,68,64,61,62
128,128,128,128,128,128,128,128,128,128,128,128,128,128,128,128,126,85,75,61,79,64,69,67,68,64
128,128,128,128,128,128,128,128,128,128,128,128,128,128,128,128,134,119,77,65,68,66,74,59,68,75
128,128,128,128,128,128,128,128,128,128,128,128,128,128,128,128,124,133,80,61,71,62,62,68,71,61
128,128,128,128,128,128,128,128,128,128,128,128,128,128,128,128,131,129,125,86,79,60,57,59,77,63
128,128,128,128,128,128,128,128,128,128,128,128,128,128,128,128,124,125,134,63,75,54,62,75,63,68
128,128,128,128,128,128,128,128,128,128,128,128,128,128,128,128,127,133,126,128,85,81,67,71,56,60
128,128,128,128,128,128,128,128,128,128,128,128,128,128,128,128,127,126,126,131,131,79,79,87,74,72
128,128,128,128,128,128,128,128,128,128,128,128,128,128,128,128,130,127,128,129,127,74,73,80,72,83
128,128,128,128,128,128,128,128,128,128,128,128,128,128,128,128,127,128,128,126,129,130,74,70,77,77
128,128,128,128,128,128,128,128,128,128,128,128,128,128,128,128,130,126,129,128,129,124,95,76,81,88
128,128,128,128,128,128,128,128,128,128,128,128,128,128,128,128,128,127,131,126,129,129,120,66,89,87
128,128,128,128,128,128,128,128,128,128,128,128,128,128,128,128,128,128,131,125,128,132,132,79,89,79
128,128,128,128,128,128,128,128,128,128,128,128,128,128,128,128,130,125,127,130,127,126,131,121,80,91
128,128,128,128,128,128,128,128,128,128,128,128,128,128,128,128,129,127,126,130,127,128,126,134,125,82
128,128,128,128,128,128,128,128,128,128,128,128,128,128,128,128,126,131,127,127,128,131,126,124,131,83
128,128,128,128,128,128,128,128,128,128,128,128,128,128,128,128,128,131,126,130,128,123,129,130,126,132
128,128,128,128,128,128,128,128,128,128,128,128,128,128,128,128,128,128,128,128,128,128,128,128,129,129
128,128,128,128,128,128,128,128,128,128,128,128,128,128,128,128,128,128,128,128,128,128,128,128,131,125
128,128,128,128,128,128,128,128,128,128,128,128,128,128,128,128,128,128,128,128,128,128,128,128,126,124
128,128,128,128,128,128,128,128,128,128,128,128,128,128,128,128,128,128,128,128,128,128,128,128,129,131
128,128,128,128,128,128,128,128,128,128,128,128,128,128,128,128,128,128,128,128,128,128,128,128,125,127
128,128,128,128,128,128,128,128,128,128,128,128,128,128,128,128,128,128,128,128,128,128,128,128,128,135
