195,204,205,219,222,238,241,237,239,228,231,229,238,236,251,242,247,241,255,252,255,245,128,126,128,128
172,205,187,210,225,227,236,234,240,237,233,236,231,244,247,240,247,239,255,248,250,250,133,128,128,128
119,137,194,208,219,228,236,248,240,242,227,230,231,253,244,241,249,240,250,249,255,122,123,128,128,128
130,114,164,155,206,225,220,240,231,235,227,220,233,248,245,248,246,237,244,246,251,130,129,132,128,128
162,152,152,149,153,161,207,213,218,231,228,234,228,244,228,235,248,235,246,252,254,129,126,128,128,128
120,125,144,163,156,188,193,210,218,217,227,223,232,236,232,228,250,241,251,254,249,130,128,129,128,128
105,108,130,159,145,172,219,202,229,220,221,224,235,239,249,228,232,248,250,248,131,124,126,131,128,128
80,88,107,103,154,171,189,209,201,218,221,217,227,236,236,240,241,231,229,244,127,130,134,121,128,128
43,51,65,78,87,156,175,195,207,206,217,218,222,227,212,239,238,226,237,252,129,121,130,131,128,128
48,47,44,56,55,80,112,136,194,200,194,219,216,195,243,247,251,241,248,233,124,134,126,124,128,128
41,51,47,46,68,45,59,65,100,139,182,199,210,197,255,242,245,251,251,124,135,126,125,132,128,128
42,51,48,44,49,61,65,64,80,98,169,150,193,215,223,238,233,230,247,126,126,129,129,123,128,128
44,47,58,62,67,61,55,67,71,80,115,120,181,205,205,238,252,239,242,131,127,127,131,130,128,128
46,40,50,64,54,60,69,69,71,73,81,82,115,137,143,201,218,238,237,132,126,126,128,127,128,128
43,44,53,54,47,50,74,57,80,68,84,97,82,112,133,184,173,213,132,127,129,128,129,127,128,128
39,39,46,50,54,51,73,84,70,71,109,106,78,99,111,158,177,228,127,128,127,130,126,128,128,128
43,42,52,40,52,40,81,136,93,84,87,106,76,98,110,127,144,223,129,127,131,126,128,126,128,128
45,46,42,59,51,48,34,76,89,120,107,89,90,90,92,118,158,147,124,125,126,129,129,132,128,128
48,43,57,57,62,56,49,66,63,107,133,111,94,93,92,174,127,134,136,128,133,125,131,124,128,128
57,49,57,55,57,67,60,58,56,49,111,141,124,108,103,120,145,119,125,126,127,130,130,128,128,128
49,50,73,49,50,47,68,71,86,54,50,96,189,114,86,125,119,136,128,128,130,126,131,126,128,128
40,48,60,53,47,50,56,57,92,82,60,74,93,116,99,103,131,121,129,131,127,126,129,128,128,128
32,40,59,58,55,50,74,76,48,62,92,67,49,117,110,112,128,128,128,128,128,128,128,128,128,128
41,36,56,54,53,55,55,64,64,74,73,78,62,76,86,124,128,128,128,128,128,128,128,128,128,128
34,47,44,53,55,55,62,53,72,86,74,72,95,49,74,129,128,128,128,128,128,128,128,128,128,128
34,41,50,49,56,62,57,56,92,66,89,99,68,77,60,125,128,128,128,128,128,128,128,128,128,128
37,38,51,52,70,73,75,76,86,80,87,124,79,87,65,129,128,128,128,128,128,128,128,128,128,128
41,51,49,44,62,65,81,59,79,74,99,80,186,131,123,130,128,128,128,128,128,128,128,128,128,128
37,38,53,39,52,79,85,77,93,110,71,69,110,114,133,128,128,128,128,128,128,128,128,128,128,128
39,34,35,43,40,44,62,67,84,98,63,76,76,129,123,129,128,128,128,128,128,128,128,128,128,128
