7,26,5,30,32,18,100,74,74,20,31,9,19,15,39,92,80,96,92,31,11,103,103,116,107,74
10,24,12,25,69,26,90,50,83,40,0,12,14,7,74,60,85,83,129,81,51,83,103,110,109,114
5,8,36,37,8,40,103,83,44,70,34,8,24,60,26,52,89,66,125,104,100,80,47,89,107,99
0,11,18,33,23,60,103,72,63,30,59,14,0,36,40,33,89,81,130,111,111,99,71,93,93,93
11,0,22,11,53,86,82,110,65,28,83,0,19,8,1,84,98,64,132,69,94,108,85,79,100,80
1,10,5,80,71,46,81,106,79,21,47,47,38,5,2,37,58,88,103,85,88,97,109,105,110,112
7,34,63,60,27,27,41,89,27,45,17,69,15,0,17,12,50,72,104,101,83,91,108,100,76,97
8,9,6,15,21,11,64,73,105,9,39,77,32,7,51,18,37,61,86,63,95,102,90,92,108,111
4,4,8,20,12,55,48,53,78,9,31,68,82,18,24,27,36,98,104,84,56,106,81,41,96,106
7,10,1,32,5,11,34,29,102,21,11,1,50,93,0,31,29,88,88,68,54,79,82,52,20,110
0,17,21,12,37,2,16,73,96,62,27,29,50,81,14,11,8,85,92,40,50,82,89,61,68,112
3,6,12,10,0,0,20,27,55,50,43,49,57,74,56,1,17,71,98,31,38,35,104,66,68,93
10,13,9,8,2,11,4,69,35,10,68,22,17,86,80,14,31,73,77,53,36,64,78,86,34,102
0,3,8,2,8,3,21,62,16,11,81,48,21,43,83,73,66,56,96,18,84,61,95,103,68,66
9,12,9,25,5,16,0,18,20,11,52,32,18,42,66,75,71,34,56,81,50,51,85,95,37,55
12,3,39,29,17,32,34,44,19,17,25,48,23,72,16,70,86,57,61,66,39,93,48,91,88,75
37,2,43,18,40,5,29,17,60,7,34,28,50,48,19,69,59,51,53,53,66,110,116,80,44,65
11,20,39,36,28,10,37,52,67,11,33,31,32,48,29,51,11,45,62,56,75,89,81,66,84,78
43,36,39,77,73,34,41,40,48,55,18,49,23,46,70,49,44,70,57,67,73,110,107,91,107,68
11,40,80,22,28,0,25,33,50,25,16,20,31,49,74,13,25,22,33,98,78,74,62,57,104,95
34,73,73,47,49,12,58,27,27,30,54,28,42,31,53,42,100,17,41,86,65,98,84,101,101,108
14,89,51,74,38,65,53,63,16,23,74,55,19,51,53,25,52,15,65,83,90,89,54,101,100,104
37,48,65,54,41,51,30,35,11,13,16,36,77,29,11,25,71,4,42,57,98,63,54,53,87,100
47,62,77,35,35,43,38,48,12,42,2,63,63,36,10,55,75,31,41,91,80,57,64,61,63,62
36,50,36,49,100,52,31,23,12,22,12,64,98,28,20,37,40,59,58,86,69,98,94,51,112,54
37,75,7,49,50,47,11,65,27,25,30,106,26,52,26,11,69,67,38,50,96,54,91,63,74,125
81,69,11,13,70,75,15,34,0,36,55,25,7,49,39,55,75,71,48,75,61,92,54,60,84,130
80,14,16,29,42,101,75,48,35,60,87,15,17,39,8,19,51,42,71,63,38,85,92,72,125,125
63,45,84,39,33,71,40,45,48,81,72,16,67,21,24,15,18,35,41,76,63,78,66,120,130,127
32,47,9,33,76,64,55,70,65,83,59,67,44,35,30,24,35,39,70,108,84,53,129,128,124,128
