127,129,128,126,129,129,127,127,129,124,130,136,140,129,129,116,120,120,107,113,118,113,118,114,103,204
128,128,127,127,129,127,128,133,127,133,132,136,121,136,121,115,114,106,116,105,107,119,108,117,111,137
128,128,127,128,128,125,129,139,141,129,131,119,123,115,121,116,119,105,112,113,113,113,105,110,108,106
128,128,127,128,128,126,129,138,124,129,127,114,115,105,118,109,112,110,111,111,108,108,109,103,111,161
127,129,128,126,128,128,129,131,124,129,119,113,107,115,116,115,111,104,113,112,109,109,106,117,104,205
127,130,128,126,129,129,127,125,115,128,160,102,109,93,112,108,112,112,110,117,120,111,108,111,131,226
127,128,127,128,130,127,124,124,121,202,210,187,109,118,106,113,106,125,115,110,116,116,119,115,205,220
128,127,127,130,131,125,122,126,194,234,216,220,164,109,111,114,122,112,121,119,119,114,120,176,212,198
125,130,128,126,132,128,119,117,226,226,227,217,230,99,121,121,121,119,123,117,125,121,145,209,198,201
127,130,129,126,126,116,114,113,223,222,235,228,227,131,118,129,118,119,119,127,124,118,200,195,199,195
129,128,128,128,126,111,114,107,229,222,238,234,229,175,123,130,117,131,129,111,104,124,210,188,196,191
130,126,126,130,130,113,114,100,221,231,249,241,226,170,128,132,124,113,103,105,110,148,192,194,198,195
129,128,126,128,128,113,113,108,220,236,249,245,227,139,123,121,106,109,101,108,101,163,213,188,192,198
126,129,128,128,125,115,119,146,228,238,243,246,226,127,111,106,104,107,105,104,103,157,220,214,217,226
125,130,127,129,127,122,130,193,229,240,249,244,205,144,102,106,102,108,104,97,146,203,234,235,242,241
129,131,124,130,131,127,134,218,234,239,244,230,186,179,101,100,104,106,107,144,211,234,240,245,246,243
128,131,125,132,126,120,144,221,221,231,232,230,194,167,152,98,99,101,116,211,230,244,247,241,246,238
126,123,129,128,132,145,183,225,221,222,232,228,212,185,160,144,96,97,188,224,233,235,242,244,234,227
131,133,132,124,135,121,203,226,214,195,221,231,222,193,171,164,143,95,200,211,233,227,226,222,228,224
124,122,129,130,119,111,195,213,225,191,195,203,201,176,164,145,135,96,175,196,193,169,164,161,150,146
132,129,132,126,104,99,117,208,196,169,152,133,137,114,92,77,65,41,48,55,40,38,32,22,17,23
127,127,128,99,102,83,75,160,128,105,107,72,51,39,23,20,16,18,17,17,8,19,14,15,14,9
130,125,134,78,77,64,62,36,87,54,61,41,10,12,18,19,16,18,18,17,16,18,10,15,18,11
126,131,127,63,51,34,16,15,61,29,12,23,23,19,22,16,21,23,17,15,18,19,18,19,20,14
127,128,129,34,17,15,8,13,23,24,18,21,21,19,25,24,18,19,16,13,26,17,13,17,20,17
129,124,127,17,16,17,17,31,19,21,19,21,24,23,22,15,23,20,21,13,15,18,23,13,19,15
125,130,128,14,20,24,19,20,21,21,21,16,18,25,24,22,16,10,15,17,19,17,19,14,24,21
131,127,132,21,26,19,22,28,18,18,24,19,18,23,19,22,27,27,21,25,39,38,40,53,44,47
127,127,127,20,18,20,22,12,19,13,17,16,19,24,23,31,38,51,52,55,66,67,59,60,59,65
128,121,132,18,18,13,16,15,17,10,12,20,31,41,48,57,58,56,59,65,59,59,56,52,45,54
