164,157,177,177,171,188,178,185,189,193,180,183,185,185,187,177,174,170,179,182,170,166,167,157,149,144
177,177,173,183,184,176,179,184,190,185,190,188,195,188,182,179,185,174,175,183,178,171,163,170,146,142
178,171,171,194,185,186,194,198,166,188,197,184,188,192,187,184,197,190,178,177,174,173,162,167,158,147
176,174,177,169,171,194,193,173,188,203,193,180,195,194,181,170,175,178,180,182,189,176,176,160,169,159
164,167,182,177,164,176,192,185,190,191,187,184,155,155,171,188,184,178,181,186,188,173,192,186,185,171
172,178,176,177,173,176,178,188,196,198,178,184,162,163,182,199,184,177,179,181,191,190,183,186,184,175
173,169,154,159,171,165,197,192,194,189,197,194,179,176,181,191,182,183,186,190,189,199,187,190,199,190
163,151,148,154,174,177,195,196,196,193,187,199,192,175,164,178,179,176,177,195,197,188,197,191,199,196
157,152,142,154,179,188,190,199,182,191,179,195,193,169,169,176,168,169,185,196,199,194,199,193,197,206
152,158,150,158,178,189,183,185,183,174,187,187,187,187,177,190,159,168,168,194,191,201,193,200,195,202
153,160,160,178,187,187,181,171,178,178,192,187,170,168,163,164,168,178,175,182,182,191,194,194,188,192
149,159,173,194,195,201,172,173,172,174,190,173,153,151,167,148,165,166,176,170,187,198,199,199,202,179
151,165,183,190,195,184,179,166,158,183,175,178,157,146,161,159,159,164,162,155,188,179,200,189,193,180
148,154,170,176,171,170,186,184,183,186,177,168,145,136,163,173,153,147,147,158,186,187,186,195,194,184
157,158,166,179,189,163,182,166,174,187,175,176,151,137,160,163,162,154,147,152,177,180,182,188,188,189
158,163,157,162,178,148,155,156,173,187,178,169,148,152,170,164,162,168,159,168,160,175,172,179,186,175
153,165,155,160,158,146,150,149,159,187,181,191,186,165,174,180,172,178,167,169,160,166,149,165,172,149
147,145,152,158,167,147,147,150,165,170,181,196,194,170,182,194,197,175,156,157,155,166,136,159,148,127
127,122,146,161,159,163,155,151,158,158,174,167,190,188,186,182,182,163,150,151,148,160,131,150,152,125
116,120,139,157,169,164,169,157,150,169,159,170,168,177,164,177,174,158,144,157,151,164,116,136,133,126
111,119,133,145,162,169,164,144,140,170,176,178,162,176,155,166,169,161,144,148,140,138,112,110,131,102
118,118,134,141,143,162,164,133,138,165,175,156,161,178,160,148,151,152,146,141,124,113,95,106,120,91
128,120,134,140,150,140,167,140,145,164,141,144,143,152,151,154,149,142,137,143,130,105,99,87,106,68
114,107,122,138,145,156,141,140,137,145,150,135,135,149,147,156,140,148,132,130,121,110,113,96,97,69
114,116,122,143,141,162,141,137,137,132,134,134,139,156,135,142,134,138,116,133,117,111,109,98,90,70
117,118,128,135,140,151,138,127,123,124,125,142,147,145,148,131,138,132,132,119,101,114,110,97,81,76
124,123,140,147,137,141,143,134,128,125,112,134,150,155,157,147,137,141,137,122,113,117,109,89,88,73
127,124,139,143,140,138,138,132,131,137,128,149,145,161,165,155,148,143,139,135,133,132,102,96,85,87
124,125,140,134,146,152,148,145,142,141,134,141,141,161,171,170,162,160,145,132,123,122,110,88,100,105
105,108,136,130,139,153,148,149,147,151,158,163,169,168,168,167,152,164,158,138,136,130,113,107,104,118
