212,159,101,96,142,140,100,118,88,82,70,62,27,25,20,10,8,4,0,130,126,129,128,129,128,128
193,181,160,143,139,169,200,141,140,89,90,69,48,23,18,14,2,8,5,0,137,125,128,126,128,128
202,182,182,180,174,167,169,115,109,151,139,112,55,41,34,23,11,9,1,10,124,127,131,129,128,128
199,196,202,201,191,182,182,133,179,147,132,135,83,61,39,33,27,9,15,2,129,131,127,128,128,128
201,187,204,203,203,201,182,193,180,189,182,146,110,88,67,40,25,21,13,2,124,123,125,130,128,128
217,210,202,212,202,195,201,182,188,191,148,126,152,92,60,44,27,21,17,3,9,135,123,130,128,128
214,214,206,202,206,196,197,203,196,192,198,164,171,115,82,54,42,22,16,16,11,125,131,126,128,128
211,198,206,212,216,208,222,211,167,197,189,209,169,125,75,51,39,32,17,11,22,123,130,128,128,128
203,205,215,210,214,209,214,207,211,212,195,192,161,124,97,61,38,34,29,8,16,124,130,126,128,128
204,200,193,221,205,221,205,221,221,209,191,180,189,151,112,79,53,21,29,21,3,9,122,129,128,128
203,201,200,206,214,217,216,211,220,220,212,198,167,170,105,87,53,44,30,30,23,18,131,132,128,128
210,206,192,208,216,213,224,226,227,225,217,186,193,179,113,81,64,49,32,36,32,15,130,122,128,128
210,218,215,209,217,221,224,219,220,217,224,213,206,150,149,102,60,47,52,29,26,33,128,131,128,128
226,217,214,230,215,221,194,222,230,225,226,213,187,157,109,95,71,57,47,28,30,33,120,130,128,128
225,216,216,207,217,217,216,230,225,230,220,226,206,180,151,116,68,67,51,37,25,18,131,129,128,128
214,223,205,221,227,223,225,226,230,215,229,219,217,201,131,130,81,52,51,62,26,21,25,126,128,128
225,221,223,223,223,227,231,228,232,229,236,222,219,188,138,115,74,62,54,46,37,32,28,132,128,128
229,230,222,236,233,225,212,227,232,232,224,230,218,202,193,120,96,59,50,49,32,36,48,122,128,128
240,243,228,227,222,227,221,232,226,227,233,219,227,215,166,144,84,64,56,56,35,44,42,129,128,128
249,235,236,240,234,231,238,238,238,230,232,230,228,214,191,183,122,62,63,49,54,31,36,130,128,128
243,233,237,240,234,236,241,234,236,235,231,242,226,211,202,162,127,100,65,47,48,39,31,128,128,128
237,244,230,224,218,237,235,233,234,235,235,226,227,227,198,188,115,80,59,50,49,34,23,22,128,128
237,236,229,238,229,233,230,238,233,234,236,241,229,219,203,194,155,101,76,60,47,30,29,40,128,128
228,223,236,238,227,231,241,232,231,232,230,236,227,227,223,218,222,153,155,76,60,37,34,26,128,128
186,190,201,211,219,236,240,220,232,240,232,236,223,225,222,221,211,218,119,88,73,60,49,34,126,126
46,48,53,58,59,63,69,68,76,98,137,170,226,230,224,226,229,210,180,123,87,51,46,34,130,132
17,20,23,25,24,24,29,35,35,35,39,57,53,84,110,161,206,214,191,136,100,48,39,48,128,122
18,19,22,15,12,19,17,9,15,15,22,24,25,44,53,50,65,112,191,160,109,61,43,40,129,132
98,97,109,108,105,119,117,100,106,92,61,38,34,10,19,23,40,75,62,84,147,62,31,34,128,123
95,78,77,67,60,75,85,88,90,129,121,132,113,117,90,46,20,15,45,64,74,151,33,33,127,137
