79,53,26,12,3,4,9,13,122,132,131,127,119,139,154,163,192,223,246,62,57,32,11,6,25,38
89,78,61,38,24,27,34,24,26,132,116,119,123,136,169,184,198,232,206,75,74,95,78,49,84,118
81,90,95,64,59,68,68,47,27,62,150,142,161,151,186,185,211,250,124,178,192,207,201,195,221,206
69,84,112,106,96,99,109,75,63,38,126,156,149,197,176,194,221,236,218,215,207,223,229,233,244,244
65,75,98,108,98,94,119,95,102,103,120,151,148,171,192,208,246,239,236,233,221,218,221,240,243,247
50,67,70,68,109,88,107,128,125,108,107,130,167,187,199,209,220,206,197,189,190,203,206,219,219,221
50,46,49,61,45,67,93,81,91,79,92,96,140,162,197,195,173,134,98,111,111,163,195,194,190,175
41,43,42,63,38,49,52,52,53,58,58,62,79,118,138,101,66,56,50,61,63,61,77,79,114,150
41,30,30,53,35,43,41,48,44,49,41,44,43,60,62,44,34,36,35,31,36,44,41,62,64,47
26,19,29,30,30,29,30,30,33,31,33,36,38,31,22,30,32,25,28,28,26,29,29,44,46,53
20,21,25,24,26,19,23,22,31,25,28,25,25,26,17,22,22,17,22,19,23,22,33,17,32,27
16,15,17,12,12,11,16,24,19,16,12,11,10,22,20,22,25,25,24,15,21,19,25,25,18,28
18,23,30,14,15,16,14,21,7,12,12,16,8,20,19,16,17,12,12,17,10,22,23,15,27,22
17,19,7,19,14,10,8,16,11,16,12,8,14,19,13,13,22,19,8,10,16,11,16,24,19,31
23,18,15,18,17,13,19,16,25,11,13,13,17,18,21,29,22,20,13,10,13,25,26,28,37,39
34,26,32,29,25,24,27,30,31,23,21,27,23,26,27,31,32,32,24,18,22,42,46,43,47,51
65,47,58,58,57,48,46,50,60,50,46,45,39,39,36,35,41,40,40,43,59,51,71,65,81,97
111,101,71,85,67,62,72,65,76,57,68,74,70,62,54,51,63,55,55,62,51,49,57,84,84,120
112,68,50,53,54,51,62,57,69,57,71,79,96,88,78,72,83,73,63,60,57,52,56,67,59,59
54,51,39,46,47,43,39,47,56,61,60,64,85,90,85,72,70,66,61,57,75,75,53,82,88,68
38,38,39,39,39,46,44,49,44,51,50,58,62,69,69,61,50,50,54,60,53,114,109,145,136,117
44,41,43,47,38,44,45,44,45,47,47,49,56,51,50,60,52,50,49,57,57,89,160,164,110,96
43,24,33,43,36,36,38,45,36,36,37,45,41,51,53,61,43,54,50,60,82,98,92,55,127,150
19,20,28,36,25,39,36,28,24,31,26,40,41,43,48,41,43,36,41,49,47,43,48,42,37,35
11,3,15,16,15,4,19,14,4,6,11,18,13,16,8,11,11,16,8,8,13,27,43,22,36,33
31,51,51,50,35,45,58,30,49,48,39,46,36,34,40,37,35,33,55,65,44,93,97,61,89,95
62,78,104,98,71,90,107,95,113,99,73,89,108,82,75,82,76,87,131,152,98,161,150,192,178,207
94,112,127,133,115,112,119,132,120,109,97,131,114,96,83,108,103,124,133,119,110,158,148,165,186,198
96,105,123,98,93,113,117,119,113,109,93,109,105,97,95,90,103,104,121,98,115,109,140,174,167,193
95,99,122,111,98,90,103,98,88,91,105,94,86,76,67,79,97,88,98,94,93,95,164,151,185,180
