134,57,19,38,24,38,12,16,37,35,36,62,68,67,67,85,88,86,74,68,58,62,48,32,24,26
153,136,63,33,52,28,24,17,25,31,42,61,56,66,64,70,79,81,77,63,57,54,36,26,22,23
122,132,129,61,47,27,38,10,12,23,34,56,55,61,66,76,83,72,60,63,57,54,28,35,22,25
113,130,104,109,18,54,22,40,23,16,40,49,55,60,78,84,67,54,59,63,44,49,29,18,26,22
99,91,90,103,75,61,29,30,16,34,28,52,61,69,66,68,77,67,54,61,65,32,28,25,34,23
69,89,90,103,77,30,37,31,27,25,22,37,52,55,60,64,66,67,61,52,50,17,25,27,47,65
94,76,87,84,82,37,43,30,32,21,30,39,49,56,59,55,53,59,60,53,19,24,27,29,35,76
100,105,93,128,105,71,55,26,25,35,12,25,36,55,57,55,65,59,39,31,27,35,30,48,22,74
123,113,123,126,106,97,64,32,21,29,25,34,37,33,37,36,28,30,35,30,34,29,28,53,44,98
101,115,124,107,82,68,60,27,22,20,28,25,21,20,16,20,29,26,22,29,32,24,32,44,68,82
99,128,135,125,62,52,59,30,15,22,15,7,3,3,0,8,0,10,8,20,31,24,36,37,78,92
113,159,171,166,68,63,57,20,20,11,2,0,7,10,4,19,5,0,12,10,26,23,33,36,69,83
125,90,194,133,80,49,51,21,13,10,2,9,18,66,85,97,68,47,14,15,11,41,35,36,63,101
133,58,165,111,102,40,48,25,7,11,0,37,84,101,113,107,119,98,46,14,32,19,35,31,49,82
159,133,159,121,113,49,38,16,14,6,12,80,102,124,121,134,118,129,114,66,12,23,33,32,41,101
52,69,146,104,103,54,25,9,14,3,58,111,134,134,149,160,159,140,136,113,7,10,18,24,65,87
81,75,107,108,76,57,18,10,4,22,101,124,121,141,145,135,145,171,162,159,86,17,18,34,35,86
66,67,110,88,34,56,10,5,3,57,121,143,151,139,132,156,176,172,187,194,157,7,14,34,31,81
91,54,83,70,38,39,8,0,14,89,131,147,157,159,151,146,181,194,203,199,203,64,10,22,47,51
118,72,74,24,70,22,8,3,64,110,147,169,150,161,161,171,191,186,206,219,204,170,1,13,49,33
105,82,100,44,63,3,10,6,89,141,160,157,172,180,163,167,180,182,207,217,215,200,8,14,29,31
86,88,53,46,35,6,0,34,141,144,159,164,157,163,150,161,186,204,221,222,224,208,86,5,20,46
68,83,58,67,7,0,0,103,138,135,162,166,151,153,159,172,191,207,213,223,222,217,202,0,11,28
62,89,25,53,7,3,44,122,141,171,150,146,150,155,170,170,185,205,215,228,220,224,217,59,13,29
51,68,49,17,2,1,116,129,128,139,141,151,160,168,182,178,193,206,216,216,218,222,221,198,0,11
40,24,63,7,3,56,123,137,123,140,151,173,176,175,184,191,208,205,222,225,229,222,228,218,41,4
25,48,26,3,25,115,130,136,140,163,170,178,181,189,184,176,212,214,219,229,230,227,225,224,188,7
14,50,6,0,70,114,145,148,168,169,189,166,184,188,198,197,209,208,216,217,227,224,229,234,216,49
71,17,1,16,116,145,151,173,164,188,197,186,194,192,196,198,198,205,220,228,231,233,233,230,229,211
38,13,0,90,131,170,176,186,187,197,197,195,198,202,198,203,207,212,212,223,230,236,241,242,232,223
