134,110,122,79,97,91,80,85,93,82,85,94,87,83,86,83,90,94,98,87,119,122,98,153,190,216
116,113,94,87,78,86,90,96,94,95,94,96,88,81,92,102,100,101,104,104,135,144,131,143,187,204
116,101,104,88,81,79,95,87,89,99,104,103,102,93,95,98,102,117,114,104,153,127,149,146,161,175
115,99,114,95,107,96,132,118,124,114,122,117,105,80,85,98,99,105,126,163,165,148,135,192,181,192
122,111,114,137,163,168,180,169,139,143,133,113,116,96,97,102,114,125,138,162,179,207,180,177,180,188
105,122,163,174,161,153,162,172,160,161,164,143,113,100,110,117,138,150,159,178,196,209,218,210,215,220
169,165,167,149,112,104,113,122,102,139,150,160,152,139,141,152,168,167,157,127,124,161,176,201,222,226
199,157,120,105,100,108,114,112,90,91,111,124,139,177,182,145,144,109,112,119,123,136,111,115,189,228
124,99,94,98,107,104,99,105,104,104,106,109,98,114,90,103,90,98,101,121,112,114,129,115,117,159
100,97,103,100,105,104,107,104,85,92,81,96,92,99,92,96,80,88,108,101,114,146,147,122,154,120
87,102,85,83,99,88,92,93,83,100,89,86,85,92,88,78,93,86,99,93,108,138,146,134,145,152
91,84,80,77,79,79,87,85,78,76,86,75,71,82,66,71,73,79,86,114,112,111,150,166,149,178
81,66,66,60,62,68,76,76,76,71,80,79,67,69,74,58,68,78,90,94,113,142,128,166,133,200
72,61,58,46,55,55,60,62,67,74,61,76,74,61,80,53,76,61,74,80,100,115,117,110,96,113
56,42,48,29,18,29,35,38,48,35,56,55,48,58,60,54,69,60,69,67,86,74,78,66,72,86
25,34,24,19,41,53,46,46,51,45,41,47,22,42,39,36,54,45,32,33,40,34,38,17,27,38
22,64,79,80,100,100,91,81,92,94,104,78,70,81,87,93,77,77,74,89,97,109,127,128,127,89
108,105,115,116,121,111,119,117,115,103,111,120,110,126,157,132,122,119,119,96,109,121,132,136,121,122
148,147,130,139,146,165,169,162,162,177,123,139,147,167,181,164,165,173,177,181,151,191,179,149,148,154
185,185,195,186,169,190,182,188,187,191,176,194,173,170,181,191,179,160,161,182,187,188,199,183,177,194
169,183,192,198,195,208,205,204,202,191,193,159,166,150,171,174,198,181,198,184,197,194,200,201,196,205
138,167,189,188,193,189,203,197,191,188,170,171,151,157,142,159,169,178,175,180,195,202,170,170,178,196
144,137,166,171,179,169,163,168,177,175,165,164,148,146,121,138,161,156,162,160,164,148,161,144,149,181
121,138,159,143,159,162,141,152,151,147,147,147,131,130,131,136,148,148,136,135,140,134,131,119,154,149
136,138,148,125,128,152,126,143,143,125,143,135,127,121,126,120,125,132,119,117,117,111,113,112,126,117
128,118,137,129,122,129,144,130,139,129,125,133,117,119,123,118,110,112,114,113,115,114,118,113,111,148
123,118,141,99,108,116,125,115,123,112,116,118,129,120,123,122,118,119,114,109,115,118,119,121,131,167
120,105,98,84,96,96,102,98,93,96,84,89,79,67,92,104,116,126,108,107,116,125,143,160,154,152
91,86,81,81,69,70,55,61,46,39,37,28,32,24,37,33,31,43,47,66,80,85,98,105,102,123
80,73,64,63,64,47,43,34,24,25,24,22,29,29,26,30,33,32,35,32,44,47,57,71,84,87
