101,108,114,100,96,85,89,80,62,68,71,59,69,69,70,65,78,84,91,83,81,91,95,92,107,111
112,96,88,84,74,70,65,51,68,49,58,54,63,60,70,80,75,75,92,79,88,95,93,98,105,114
89,87,73,65,63,63,59,60,60,56,56,59,74,71,74,78,70,84,90,88,97,100,107,98,111,112
80,75,70,63,58,57,51,56,63,65,60,66,76,79,83,87,87,94,98,116,104,111,113,117,111,125
64,61,53,56,60,69,62,65,63,65,63,70,73,79,84,90,101,101,105,111,111,113,125,122,125,126
66,55,58,58,55,61,56,61,60,65,66,68,69,71,73,83,95,93,98,101,97,110,110,120,131,143
52,44,57,56,54,62,62,63,59,61,61,58,60,53,48,54,58,56,48,68,65,65,81,93,114,141
51,62,61,59,58,60,63,57,53,54,42,45,56,57,60,70,74,78,88,98,104,82,88,73,79,68
55,59,53,56,64,62,64,44,36,34,52,62,67,73,76,77,85,90,96,102,114,132,119,126,121,101
63,58,56,54,57,45,52,41,54,66,63,79,75,85,88,83,99,104,102,108,121,142,147,150,164,175
67,66,55,61,53,51,54,57,57,70,71,76,72,73,60,54,57,62,47,49,61,59,85,100,128,160
76,80,57,58,51,56,59,74,64,51,46,39,38,29,27,2,30,26,32,17,53,43,35,41,48,84
92,88,80,74,67,52,56,29,25,35,25,34,54,56,36,42,39,42,26,17,21,2,5,2,18,32
110,88,82,74,51,40,30,21,17,34,54,80,92,64,39,58,53,49,20,18,31,27,18,23,1,0
94,92,80,36,31,18,11,3,38,46,66,118,100,65,34,40,58,48,27,0,28,37,31,20,49,53
98,88,56,28,28,48,27,22,45,74,87,132,113,70,19,7,29,42,8,14,25,7,21,31,74,52
108,71,77,64,48,38,40,34,43,61,79,91,119,82,48,9,18,29,0,1,0,5,16,50,29,72
90,101,87,78,72,85,78,67,54,60,60,53,61,71,40,19,16,13,4,5,8,0,16,36,45,105
106,96,84,79,74,72,79,70,77,78,80,76,63,65,57,50,42,38,13,6,15,7,18,22,59,175
114,90,92,75,71,72,59,63,74,62,77,77,73,72,74,72,74,70,77,63,64,40,44,52,99,138
121,103,99,103,77,68,65,66,60,67,65,71,74,68,71,68,77,74,68,91,70,65,84,88,73,83
117,105,98,105,95,96,84,75,59,54,54,64,71,71,68,59,63,61,62,63,66,63,89,104,98,91
132,116,117,114,99,98,95,83,70,67,52,56,58,69,66,62,60,61,66,52,67,71,70,98,120,103
153,147,137,117,104,109,105,98,91,75,71,61,45,52,52,56,60,65,64,72,66,89,81,91,105,112
158,157,150,144,110,106,110,111,99,104,95,82,62,55,49,48,56,61,66,59,59,69,78,77,104,121
173,160,161,152,134,139,114,126,124,115,97,96,90,75,62,47,51,51,57,65,66,68,75,97,89,108
167,170,173,160,160,158,117,120,126,118,121,110,104,103,85,89,65,49,53,53,55,73,72,86,85,99
186,178,180,185,180,162,150,131,132,142,131,127,128,123,111,108,92,83,84,68,55,58,60,68,78,93
200,190,171,180,176,183,163,155,136,137,142,138,135,127,127,127,126,130,105,114,114,101,90,82,86,83
204,196,178,177,177,180,191,185,170,156,149,150,145,143,148,145,136,137,122,133,134,128,130,134,138,128
