128,123,131,121,130,130,128,124,22,42,63,64,70,84,65,67,84,84,99,79,98,98,104,110,126,131
125,130,128,127,127,120,127,9,34,51,110,86,96,105,94,102,107,101,110,112,115,125,117,116,115,126
128,131,126,125,125,134,118,34,44,93,125,133,131,117,140,136,132,131,128,136,138,143,122,126,142,140
126,125,130,127,131,123,134,25,64,104,145,154,151,153,145,166,155,140,150,150,141,141,142,133,121,136
130,128,124,126,126,126,125,48,86,139,151,158,169,151,153,157,159,158,158,144,150,144,146,148,148,158
125,129,128,128,126,130,36,72,92,147,147,154,165,167,161,163,166,159,158,155,143,148,153,146,153,143
128,126,129,121,131,128,49,78,125,157,150,158,159,172,155,156,161,167,153,154,148,150,145,154,158,147
128,127,124,132,127,123,77,90,141,147,146,157,175,172,175,165,155,159,153,157,149,147,151,164,145,152
126,128,128,128,128,131,73,100,145,144,155,168,179,163,162,173,160,152,154,151,157,155,156,157,156,160
125,126,129,126,120,67,74,107,144,152,162,165,171,163,167,176,164,159,160,158,160,157,156,158,160,159
128,132,125,126,134,57,85,116,140,154,160,157,166,171,173,171,169,162,153,153,157,161,162,167,162,151
125,126,120,125,126,74,88,108,143,146,153,166,176,169,166,173,172,168,154,160,164,165,156,154,159,176
130,124,133,133,119,72,91,109,133,153,166,170,173,174,170,171,175,174,159,165,169,166,159,159,165,166
126,124,127,125,134,66,86,111,117,150,161,156,160,175,171,161,173,178,164,165,169,165,169,176,171,170
128,130,126,125,123,76,89,108,141,155,163,175,178,180,174,178,171,180,171,173,178,164,165,168,174,163
128,123,131,128,59,65,86,90,138,165,174,172,166,172,167,165,173,179,168,169,182,168,170,169,184,163
129,129,124,129,57,62,72,112,146,159,171,173,174,165,172,162,177,170,170,180,170,179,163,151,152,165
123,129,128,123,54,70,86,119,137,153,170,185,175,166,166,169,182,176,175,174,153,156,151,151,146,152
133,121,128,132,51,73,92,110,155,164,173,168,163,170,174,174,179,177,165,163,145,155,139,134,143,120
128,122,133,118,57,53,87,143,176,163,173,164,172,166,173,178,163,161,129,137,136,141,105,115,106,90
125,128,131,128,53,75,96,148,162,165,183,172,171,165,170,172,150,115,120,136,94,81,78,78,71,57
131,130,120,45,53,73,112,144,166,170,167,168,174,187,156,118,124,90,81,67,69,59,63,59,39,47
126,123,130,37,55,86,145,158,168,168,165,185,166,144,104,83,51,52,68,54,59,51,56,50,50,38
129,126,127,45,63,95,145,163,187,171,155,164,142,104,74,58,67,54,54,55,56,51,45,46,46,32
127,127,128,50,70,112,153,167,174,164,167,136,91,61,63,58,57,61,62,62,48,46,45,42,44,42
121,129,132,46,101,116,147,172,171,174,147,85,61,57,67,64,66,67,61,53,55,47,42,55,56,48
130,127,132,48,94,141,168,163,173,155,64,57,63,71,57,74,55,57,55,60,51,54,67,54,58,52
127,123,124,49,96,146,164,179,150,82,59,83,75,65,66,67,65,72,83,70,86,77,82,75,90,88
129,132,125,59,110,152,159,170,109,56,86,71,59,76,87,93,103,97,113,115,113,121,97,118,89,92
124,130,123,56,132,143,172,142,71,77,74,63,83,96,95,102,107,110,114,134,112,123,113,111,103,103
