155,161,122,112,76,49,26,4,2,8,12,15,57,43,46,57,78,73,65,87,96,79,75,74,92,75
149,163,169,157,114,70,32,23,9,10,25,12,45,21,39,32,43,54,45,53,47,60,73,92,108,112
145,167,172,168,146,86,70,41,33,11,26,27,25,31,4,23,18,16,24,34,26,81,93,110,120,107
149,152,146,158,176,135,84,59,40,23,27,51,50,24,36,20,27,10,30,38,55,80,88,79,108,90
115,140,149,155,189,206,136,85,41,14,6,36,19,52,50,47,28,32,32,47,64,52,44,61,62,55
89,94,147,168,156,233,155,88,57,25,25,11,8,51,46,56,40,39,37,66,67,59,49,38,34,18
110,54,141,157,134,242,165,98,69,23,49,14,13,20,42,47,46,47,31,37,27,9,26,58,26,44
97,66,141,151,175,224,179,102,81,50,21,9,16,23,13,14,16,29,18,15,14,11,52,64,29,90
69,32,129,141,155,213,166,115,96,34,27,14,10,24,6,10,20,0,8,9,0,15,33,56,31,119
61,48,124,144,135,188,166,103,98,38,22,18,18,27,27,20,5,11,18,13,27,8,52,62,33,131
38,70,139,160,114,160,155,101,89,26,12,25,14,5,5,17,31,27,16,17,6,22,42,61,17,124
44,88,137,173,116,162,115,71,52,30,14,13,3,2,38,47,59,57,35,26,29,16,41,53,13,116
47,61,115,184,151,178,122,30,64,25,24,10,3,14,51,77,83,61,61,47,17,34,25,38,32,107
46,41,85,177,135,143,151,72,57,7,13,0,1,53,87,106,104,86,83,47,28,47,35,36,29,86
53,45,56,161,151,89,104,76,38,27,6,4,23,72,107,125,124,114,95,88,29,45,24,31,52,59
68,16,67,137,139,30,84,97,17,18,8,1,52,119,139,142,135,134,109,87,72,19,39,19,22,32
71,48,60,108,99,44,76,102,20,16,1,45,100,143,143,151,146,136,134,121,65,29,37,28,26,28
94,91,53,63,57,48,52,66,16,5,7,85,137,157,168,156,144,140,125,110,105,49,16,33,30,40
104,91,37,28,52,37,79,20,15,4,44,107,155,176,168,149,156,150,138,122,108,70,24,28,24,21
108,97,45,29,36,37,115,12,0,3,92,146,170,180,189,170,164,156,151,132,108,79,49,13,22,46
118,99,23,37,48,39,91,20,7,29,128,169,174,188,190,189,167,169,152,145,126,108,66,20,25,36
113,100,36,49,62,78,43,12,4,86,160,181,192,208,200,191,189,169,154,147,139,116,96,40,13,27
118,95,36,67,46,92,26,13,35,135,175,190,188,214,188,204,190,184,167,165,150,128,108,57,6,30
131,82,43,57,67,58,9,14,91,158,179,200,201,213,204,205,191,176,176,160,153,143,116,83,18,20
115,81,87,38,75,24,14,65,149,183,184,182,201,212,206,210,194,200,187,178,152,141,146,110,53,31
92,96,70,62,76,16,28,137,171,184,191,194,200,209,209,198,207,214,189,186,174,159,144,123,107,63
78,79,65,84,18,24,94,144,173,181,180,186,196,205,199,210,222,209,192,183,182,157,148,150,108,65
58,68,108,77,32,31,141,165,168,176,187,191,199,219,224,222,222,215,203,193,176,167,160,148,134,93
61,61,80,37,45,118,147,165,185,179,183,208,211,222,228,222,222,227,218,206,174,161,163,154,143,117
53,80,44,20,95,145,175,171,186,192,214,213,230,222,228,229,233,240,230,223,205,182,178,172,148,127
