250,252,248,249,253,249,249,249,249,246,253,246,253,251,247,250,244,248,248,249,243,252,248,247,249,248
255,246,252,255,254,248,250,252,251,248,250,245,250,249,248,251,250,252,250,247,249,248,252,242,250,248
241,245,242,247,255,249,250,251,249,250,248,249,248,251,254,251,250,248,248,246,252,247,252,244,249,252
217,236,251,241,243,242,247,249,247,250,246,249,247,251,255,248,251,248,251,249,251,252,246,254,248,254
180,214,225,228,234,237,241,240,240,241,243,247,244,247,249,245,253,251,253,252,249,255,242,255,250,249
152,152,188,184,173,186,202,218,233,227,235,238,235,242,246,244,246,242,242,248,247,255,245,252,255,244
109,104,121,143,150,149,150,162,182,168,193,204,218,225,226,232,238,240,239,249,237,245,244,246,253,242
57,54,54,103,78,75,79,102,127,96,117,124,158,155,149,169,195,211,208,214,222,232,237,242,244,242
21,36,35,35,25,15,22,9,30,24,37,53,89,96,76,105,126,139,140,135,160,171,209,211,219,221
14,22,19,17,19,13,20,6,26,29,34,31,28,33,34,45,60,60,75,90,97,108,110,134,135,171
12,10,14,19,22,25,50,52,60,53,56,51,36,36,26,16,53,46,38,44,29,30,16,29,40,70
28,41,47,40,51,51,68,64,53,42,52,55,18,13,32,51,47,11,12,25,17,14,12,6,12,7
54,63,57,59,78,63,50,40,36,35,31,14,20,39,28,33,20,7,9,15,2,2,4,9,1,2
77,97,63,82,65,64,56,55,41,23,16,16,24,32,24,43,18,14,27,24,11,8,4,10,0,5
78,60,61,78,76,66,44,54,50,24,9,22,43,56,31,18,22,23,21,17,2,5,4,9,10,7
85,58,76,72,70,78,57,56,44,18,12,39,49,44,28,13,33,17,8,12,13,23,7,12,8,11
76,87,79,69,77,77,62,52,20,13,38,52,37,39,13,14,20,14,20,23,18,10,12,20,20,12
81,93,99,88,82,70,82,68,24,3,56,65,53,23,32,24,23,3,1,12,27,3,37,17,19,16
92,92,99,95,91,94,80,38,22,16,63,47,32,23,39,30,4,5,15,15,34,27,38,38,46,43
107,108,99,97,102,87,80,44,5,61,59,62,54,39,53,27,10,8,35,33,36,55,47,59,59,57
106,111,97,88,94,81,52,11,3,53,66,62,50,39,42,32,21,64,60,75,61,55,71,74,75,63
82,94,103,97,87,87,22,6,0,78,43,51,37,56,63,53,60,79,80,77,55,43,69,69,48,71
70,69,73,62,51,51,14,30,8,60,40,25,17,60,51,63,46,37,45,45,20,31,12,37,42,36
51,39,46,55,25,36,27,7,0,58,28,10,28,71,67,35,13,9,23,14,16,9,12,25,21,26
50,36,46,47,15,14,15,3,1,21,25,15,39,66,24,9,1,11,9,15,15,19,0,21,23,25
42,33,39,44,17,8,14,0,3,9,14,47,30,59,13,10,9,24,25,16,14,30,25,17,27,54
51,49,35,24,25,12,4,7,2,3,40,37,31,32,24,23,10,44,41,47,52,57,65,63,66,85
60,36,30,13,17,9,2,0,9,17,31,19,18,27,42,39,18,79,96,82,102,94,98,103,90,96
92,78,54,26,24,14,8,3,10,5,19,10,33,11,33,43,41,92,94,107,115,113,108,90,79,83
120,118,85,62,31,17,6,13,5,0,40,23,8,24,26,58,85,96,98,93,98,95,99,85,93,71
