130,132,130,134,130,143,149,149,149,163,155,165,184,191,190,198,195,197,201,197,207,213,224,227,231,127
134,139,139,150,142,149,153,151,145,171,177,185,181,188,194,188,187,221,218,196,209,219,222,231,235,128
135,133,146,152,148,152,161,165,175,166,173,188,183,181,190,192,205,216,211,213,223,221,220,241,237,128
152,136,154,153,161,165,173,178,173,168,189,192,190,189,195,201,206,211,217,223,217,229,236,236,237,128
145,149,153,151,165,165,169,171,171,182,184,188,191,194,201,196,207,212,223,229,227,233,240,240,243,128
174,165,159,163,165,164,165,174,175,184,188,192,198,206,215,215,219,224,231,235,235,238,243,244,248,125
179,182,179,181,170,176,178,184,188,187,190,195,209,223,223,220,228,233,236,238,240,242,244,246,241,124
192,198,198,198,184,191,193,192,200,206,220,219,220,228,228,233,231,237,237,238,243,244,243,248,255,129
219,206,200,205,205,208,210,210,207,214,228,226,223,226,225,232,235,239,239,240,245,245,245,250,243,129
227,218,211,213,217,224,226,223,221,222,227,229,233,238,236,235,239,241,242,244,246,245,246,249,253,126
226,233,226,225,221,232,226,222,217,226,230,232,230,229,237,240,240,240,244,247,245,245,247,249,247,129
226,230,217,231,227,238,225,231,225,233,232,236,236,233,240,238,240,239,245,249,246,246,250,250,129,130
232,236,231,228,233,232,230,237,236,236,236,236,237,239,240,241,242,242,243,244,245,247,249,250,128,128
232,234,228,226,233,234,232,237,237,237,238,239,240,241,241,242,243,243,243,244,246,247,249,250,128,128
231,232,227,227,234,236,234,236,237,238,240,241,242,242,242,242,244,244,244,245,247,248,250,250,128,128
229,232,230,231,236,237,235,236,238,239,240,241,242,243,243,243,245,245,246,246,248,249,250,251,128,128
222,228,233,235,237,237,237,238,240,240,241,241,242,243,244,245,246,246,247,248,249,250,251,251,128,128
216,225,233,236,235,237,239,240,241,242,242,243,244,245,246,246,247,248,248,249,250,251,251,252,128,128
215,224,234,236,234,236,240,240,241,242,243,244,245,246,246,246,248,249,249,250,251,251,252,252,128,128
219,226,235,236,233,236,240,239,240,242,244,245,246,246,246,245,249,249,250,251,251,252,252,252,128,128
211,219,227,232,237,229,236,240,242,242,243,244,246,248,248,249,250,249,253,247,253,251,249,128,128,128
207,209,218,228,233,230,236,241,242,243,244,245,245,246,247,248,248,249,246,255,250,254,254,131,128,128
198,210,227,229,228,238,241,237,241,242,244,245,245,245,247,248,251,250,255,244,252,247,254,125,128,128
180,180,205,229,231,232,235,243,239,241,243,245,245,246,249,251,250,246,252,255,255,254,251,131,128,128
195,191,210,231,233,230,234,239,239,241,244,245,245,247,249,251,251,254,255,246,250,255,249,128,128,128
176,192,209,211,212,216,237,238,241,242,244,245,246,246,248,250,252,253,252,254,252,252,253,129,128,128
169,182,198,206,211,193,223,235,242,242,243,244,246,247,248,249,254,251,253,252,255,255,123,128,128,128
154,169,183,199,220,202,230,231,240,241,242,244,246,248,249,249,252,254,248,255,248,250,133,127,128,128
157,158,182,191,199,191,232,233,232,239,243,245,249,247,246,253,251,255,253,253,255,253,127,128,128,128
178,154,164,183,208,198,230,228,237,244,243,240,246,251,251,251,253,255,253,251,254,253,130,130,128,128
