81,82,72,65,75,74,74,62,51,47,44,48,55,54,79,98,107,100,145,131,204,229,222,232,218,192
68,73,76,75,75,68,66,61,56,52,50,56,55,61,63,76,86,121,99,130,181,209,217,198,189,201
84,86,87,58,54,58,61,53,48,49,47,48,51,52,62,68,57,64,91,151,157,180,219,222,200,209
89,73,85,54,51,45,44,42,42,45,43,46,50,48,45,44,45,64,53,86,136,185,207,196,204,213
72,55,68,42,58,39,31,35,43,46,45,52,41,41,35,45,47,69,73,58,87,121,167,192,200,187
57,60,45,41,43,34,30,27,32,38,38,40,35,17,27,34,50,42,44,69,80,90,136,152,156,147
41,33,42,40,42,34,44,29,39,31,37,39,30,41,35,32,44,44,41,54,80,79,99,123,118,135
52,44,28,45,38,35,41,32,35,36,39,44,22,25,28,28,29,41,53,57,40,79,108,101,101,126
32,21,35,39,41,42,40,34,26,31,30,35,40,32,29,26,30,46,54,47,65,30,50,80,71,111
53,69,47,47,41,44,40,36,28,34,36,40,23,31,32,30,37,48,59,69,70,56,68,56,85,95
56,41,49,37,33,34,32,25,24,24,31,33,32,37,37,36,40,43,51,64,72,53,58,73,62,66
59,57,54,44,47,42,38,28,31,22,30,27,35,25,25,33,38,48,59,61,60,50,54,63,56,48
65,47,53,59,50,42,36,30,35,24,31,27,24,26,32,35,36,44,60,71,60,70,66,76,61,71
54,71,75,70,57,48,38,37,40,30,34,29,25,42,41,40,54,62,68,85,76,87,97,87,85,102
74,75,84,72,71,68,64,47,41,41,30,28,40,43,50,62,80,86,104,114,112,120,133,133,142,153
89,96,102,87,94,84,72,72,58,55,49,43,38,54,62,82,107,112,124,144,120,137,160,187,163,162
93,91,102,105,109,120,101,102,86,73,63,67,70,78,95,109,114,108,120,127,139,136,178,184,192,187
93,79,79,84,88,101,111,122,105,110,116,112,118,123,125,126,103,89,84,79,108,125,139,179,187,186
79,60,51,50,47,63,72,75,87,96,94,105,104,102,72,49,56,57,63,73,70,87,93,120,141,190
50,33,30,33,28,20,38,45,49,64,78,92,90,82,50,53,47,68,61,56,82,73,64,76,106,129
33,24,24,21,21,23,23,27,30,37,46,67,63,34,50,54,54,55,75,40,81,82,76,83,103,133
27,19,23,21,20,24,13,22,16,27,32,32,32,30,32,87,39,73,62,50,91,95,58,68,85,90
24,19,22,22,21,16,22,22,23,20,26,23,35,34,38,67,45,81,70,47,88,94,74,83,87,79
18,13,16,16,22,19,25,23,23,21,30,31,30,43,151,65,70,85,96,103,122,109,57,116,77,72
15,14,18,18,22,23,32,35,37,39,50,55,43,79,100,106,92,135,140,97,91,69,58,55,38,62
11,11,12,12,15,19,26,28,27,28,33,37,41,45,67,63,42,189,144,37,41,32,25,11,8,23
6,7,8,8,9,12,13,12,10,8,7,8,7,6,12,9,13,10,18,10,15,16,16,16,19,22
15,17,16,17,15,18,14,13,11,12,8,11,14,8,12,7,15,14,16,19,24,33,36,38,40,58
36,37,34,35,35,39,32,30,26,26,20,22,12,30,21,25,34,28,35,31,47,73,51,92,92,112
54,60,60,64,55,63,57,57,52,52,43,46,41,45,69,47,58,55,59,62,63,80,98,81,120,118
