129,129,34,70,70,55,47,28,54,71,75,47,36,25,57,64,93,91,77,79,88,73,63,63,62,54
129,123,97,86,90,58,37,69,128,123,33,15,29,49,70,106,99,79,72,77,90,62,76,88,53,58
129,127,77,93,50,50,138,154,79,27,23,38,55,101,119,106,76,78,54,53,40,43,96,84,68,47
129,132,66,82,66,101,66,44,29,50,32,87,129,111,100,75,76,56,39,49,41,78,46,85,90,62
124,129,84,89,82,93,39,43,55,65,119,114,115,99,80,73,52,39,51,62,65,54,39,64,93,98
135,124,66,61,74,81,88,94,89,103,108,120,95,91,81,54,70,60,80,97,99,94,80,91,104,105
120,130,64,82,86,84,99,96,102,94,92,104,70,63,65,47,54,61,59,68,66,65,65,83,71,84
130,128,21,20,34,44,52,60,66,54,52,51,81,71,70,58,68,48,65,50,72,66,70,72,85,60
123,134,30,13,28,38,33,37,57,49,58,81,91,100,82,61,70,79,69,62,56,33,55,36,71,55
134,125,11,22,23,28,29,58,52,54,45,65,83,72,67,76,63,84,57,34,47,43,45,41,60,80
128,130,17,20,23,38,34,42,67,46,52,53,59,60,74,63,64,69,33,55,63,51,49,57,71,76
124,131,20,21,29,37,42,38,62,54,48,58,71,65,73,60,33,47,53,69,61,51,59,43,40,66
132,129,30,39,61,74,65,49,40,52,56,46,72,98,84,65,107,60,77,72,71,61,41,54,51,47
128,126,34,57,66,83,77,78,53,73,55,94,95,54,78,81,101,63,63,55,54,56,64,60,65,36
127,130,24,82,82,82,69,54,65,58,62,72,75,76,80,87,62,66,43,46,79,99,99,72,69,51
131,123,53,90,81,101,86,105,56,59,63,64,60,62,75,65,52,61,62,84,107,122,109,81,41,35
124,133,49,86,89,78,95,77,70,74,55,50,54,55,82,60,57,57,81,130,129,144,148,70,34,34
127,131,83,86,97,87,100,82,54,63,85,68,65,58,54,51,63,76,113,131,140,148,128,105,42,46
128,125,82,87,66,97,101,62,55,64,84,119,85,79,45,63,67,63,82,103,106,137,140,161,85,42
128,128,97,92,104,111,84,63,65,74,83,100,121,60,49,63,77,66,85,86,74,110,130,132,142,69
129,130,104,91,103,112,54,56,49,49,102,78,146,118,61,54,70,64,64,74,103,74,95,70,76,69
131,123,69,118,110,87,47,49,70,98,90,76,65,124,79,81,80,88,87,110,94,73,89,61,63,79
126,129,109,110,84,60,53,65,94,97,86,73,69,64,80,85,95,87,109,120,101,106,98,107,99,95
127,132,82,89,62,60,63,87,107,106,99,81,91,98,87,85,85,93,128,125,134,122,121,151,128,127
129,128,110,56,58,63,78,83,115,111,91,105,100,95,79,92,91,112,113,117,117,142,144,124,138,137
128,126,84,69,56,91,118,124,102,105,110,94,106,107,114,101,96,125,120,106,125,149,145,135,151,139
130,127,69,81,84,106,127,126,125,112,71,97,102,94,71,105,125,115,113,118,131,133,127,134,144,146
127,129,65,109,105,114,124,140,119,127,121,88,91,88,103,97,115,106,104,126,131,113,113,123,136,133
130,125,125,128,101,118,106,140,116,112,119,115,118,99,109,109,106,119,121,122,118,117,123,115,138,139
127,127,121,127,94,111,122,111,109,132,126,113,106,111,111,112,108,103,126,117,109,119,111,121,111,138
