135,131,134,137,134,131,129,129,128,128,130,132,133,132,133,136,140,145,147,149,152,156,156,162,168,184
133,131,132,131,131,134,134,133,130,126,126,127,128,128,123,129,126,137,135,147,145,154,149,165,173,182
136,132,134,136,145,142,144,142,135,127,126,128,127,122,122,124,132,129,131,140,141,146,150,153,162,177
163,157,152,150,153,153,149,149,148,146,143,136,126,118,125,123,124,122,128,135,131,134,149,152,162,177
149,146,140,139,142,149,171,161,152,152,151,144,133,127,122,121,120,116,121,124,125,135,146,148,153,163
130,124,115,115,114,123,129,126,128,132,129,123,125,132,144,143,134,125,122,119,123,137,137,149,161,166
183,184,180,177,167,168,160,146,132,123,116,112,117,127,123,122,118,121,130,138,149,161,158,156,161,172
179,173,168,164,157,156,158,152,147,146,144,141,141,144,135,133,127,125,122,120,125,126,129,139,152,165
177,190,199,199,196,191,186,190,186,170,150,140,143,149,142,140,138,138,130,127,134,126,132,132,137,149
194,196,198,194,198,193,195,193,187,176,169,165,159,152,155,147,142,146,144,146,150,132,132,125,133,150
188,188,188,192,193,189,184,194,187,176,181,185,173,162,164,151,159,164,161,154,156,147,139,140,139,145
175,177,178,179,178,174,168,162,157,165,177,170,160,163,162,166,159,158,167,169,162,163,162,158,146,141
149,144,139,134,131,127,130,126,125,138,152,150,146,152,154,159,156,159,159,167,156,145,134,139,158,155
121,118,117,118,119,117,114,114,114,118,123,123,123,127,144,150,159,170,167,162,144,126,139,144,176,159
119,118,116,116,113,108,115,112,110,112,116,117,119,123,124,135,145,155,168,145,122,123,137,155,165,135
116,118,117,116,115,112,110,112,109,107,118,136,139,130,126,123,133,142,150,130,126,131,131,179,158,121
119,121,118,111,110,112,110,114,111,106,120,145,148,131,130,117,124,132,125,123,133,132,146,192,151,115
119,126,122,110,105,108,108,105,107,113,126,142,148,143,134,135,130,134,132,139,141,147,170,187,139,110
116,126,123,119,114,108,116,115,112,116,146,158,149,131,132,131,143,131,134,126,116,131,193,170,110,114
122,125,126,117,108,109,107,110,119,137,148,141,133,138,143,141,161,136,115,105,95,157,216,135,112,138
148,125,116,113,111,116,117,122,127,145,147,147,144,154,170,154,158,144,122,102,111,219,208,121,105,172
168,151,135,131,129,130,145,147,148,153,153,153,147,146,137,166,158,144,129,102,135,237,190,89,133,200
148,159,152,150,151,151,154,150,150,144,141,135,140,142,157,161,161,149,121,118,139,110,36,93,168,219
138,150,147,155,163,160,157,154,154,142,144,149,163,163,157,157,163,155,142,125,116,90,67,122,211,218
161,162,158,166,166,158,152,153,157,156,157,163,166,156,166,159,169,173,161,133,109,108,113,196,224,229
167,170,171,170,165,166,163,156,160,177,171,167,166,171,163,177,177,179,180,169,125,95,148,212,222,234
174,166,169,175,166,163,170,177,174,172,178,175,169,174,174,179,184,191,194,174,159,134,203,221,235,236
184,179,172,169,176,180,180,178,179,179,179,185,183,170,189,200,195,194,192,191,178,207,224,229,234,237
171,177,184,181,187,181,180,188,185,186,192,179,174,194,192,194,204,194,189,196,209,228,233,231,234,240
176,178,184,179,182,178,186,189,188,184,185,189,191,190,201,204,200,191,196,198,225,231,226,230,237,244
