129,129,127,129,127,109,103,96,100,79,67,20,37,61,77,72,78,73,76,84,77,63,69,81,83,92
126,130,128,128,130,105,91,79,54,68,52,72,65,83,84,89,80,79,30,59,42,46,47,66,67,75
129,127,128,129,125,127,66,57,41,44,45,46,40,57,56,75,85,43,65,51,32,52,36,39,48,60
127,128,128,126,129,131,68,58,78,51,26,34,56,50,66,62,38,32,55,77,77,74,55,50,60,45
126,130,128,124,133,122,69,58,69,51,15,9,18,66,78,72,43,29,47,67,81,69,60,34,2,37
131,125,128,129,126,128,40,39,33,26,24,17,34,40,63,45,54,80,74,69,55,59,37,22,19,17
127,128,127,130,127,131,125,49,36,13,29,27,18,20,32,41,58,61,45,43,31,8,10,15,16,14
133,126,128,130,123,128,130,27,21,21,21,9,12,32,43,64,61,58,38,30,24,7,15,8,8,25
128,129,128,127,130,126,125,22,43,14,8,18,13,24,19,20,59,13,9,23,12,9,14,6,16,30
126,124,131,128,124,136,127,13,13,16,13,13,16,15,1,7,12,12,11,23,10,10,10,14,20,45
132,126,125,132,129,125,130,128,5,5,10,16,21,4,4,30,25,16,8,32,19,6,26,17,20,55
131,124,128,131,123,131,128,125,9,9,15,7,11,15,18,3,0,19,34,8,15,13,15,15,35,56
125,130,127,127,131,127,122,133,3,11,4,3,17,13,6,9,14,7,43,39,38,35,17,15,31,50
128,129,127,126,130,125,131,125,25,17,3,4,0,9,12,8,20,27,23,45,25,14,17,21,33,35
128,128,128,128,128,128,128,128,131,10,10,5,9,0,12,13,15,32,6,16,44,46,45,41,43,57
128,128,128,128,128,128,128,128,124,22,3,16,12,15,26,17,22,18,23,21,12,28,21,45,49,25
128,128,128,128,128,128,128,128,130,17,10,13,7,3,0,8,7,7,13,16,15,30,52,32,29,15
128,128,128,128,128,128,128,128,125,18,10,0,0,2,1,0,8,9,5,19,8,43,48,13,28,46
128,128,128,128,128,128,128,128,128,131,2,0,0,1,0,9,4,0,8,13,10,11,33,28,27,61
128,128,128,128,128,128,128,128,127,127,0,10,17,3,5,3,0,7,4,26,14,18,32,53,47,24
128,128,128,128,128,128,128,128,130,133,0,5,1,0,5,0,3,1,13,4,10,18,12,28,35,34
128,128,128,128,128,128,128,128,123,130,129,0,2,3,1,8,3,21,7,16,15,17,31,34,39,23
128,128,128,128,128,128,128,128,129,127,127,1,2,5,8,16,10,19,8,30,14,24,20,34,18,34
128,128,128,128,128,128,128,128,128,129,129,10,9,13,6,1,7,11,14,23,50,52,15,24,12,41
128,128,128,128,128,128,128,128,130,125,124,129,7,7,5,26,37,23,60,57,33,14,15,34,49,36
128,128,128,128,128,128,128,128,125,136,132,125,7,4,16,17,42,26,23,33,50,41,35,50,35,32
128,128,128,128,128,128,128,128,127,124,128,129,48,37,44,48,39,28,53,67,67,67,63,29,16,2
128,128,128,128,128,128,128,128,128,128,130,124,133,65,66,40,41,60,67,43,65,43,18,29,25,25
128,128,128,128,128,128,128,128,131,125,132,129,126,53,40,8,17,7,22,31,31,18,15,12,28,47
128,128,128,128,128,128,128,128,128,131,127,126,128,127,26,32,55,35,9,31,19,20,29,12,40,19
