232,229,234,242,234,230,236,231,222,226,225,214,228,226,226,229,240,232,234,233,233,231,214,200,178,138
224,224,230,233,232,236,236,236,239,232,236,233,237,208,230,236,219,223,226,238,232,231,234,228,229,224
214,216,221,226,227,228,236,237,234,242,231,236,235,237,237,220,230,234,227,220,225,236,234,232,233,227
212,229,219,201,222,227,215,224,230,230,239,236,239,236,234,240,236,232,231,230,232,221,221,233,233,235
232,231,226,206,227,224,208,216,219,222,227,232,232,231,241,237,239,239,236,237,238,226,230,224,218,230
231,229,225,223,240,204,228,232,218,204,227,218,218,235,238,241,232,238,241,239,237,237,236,227,228,234
226,229,224,223,223,225,231,221,228,234,224,205,227,217,217,225,230,231,232,240,238,240,236,235,241,232
214,223,224,224,239,217,228,237,237,218,232,228,208,211,241,207,221,223,222,226,228,239,239,236,238,238
204,209,215,216,213,234,240,215,228,240,219,235,235,226,225,218,213,212,210,216,223,222,230,236,233,238
210,205,212,222,219,218,208,237,226,218,228,225,222,231,237,219,217,209,212,208,218,212,220,223,224,232
227,215,204,198,211,223,225,212,227,231,224,234,231,213,237,226,219,232,229,204,217,224,222,203,217,224
239,221,216,210,199,200,224,225,214,233,235,221,206,232,219,218,239,224,229,223,239,226,214,209,233,200
247,243,227,220,225,216,209,200,218,229,226,221,232,220,226,234,210,231,235,223,229,237,238,200,228,214
249,241,235,234,221,218,223,216,210,219,224,202,226,226,222,226,237,231,228,235,228,211,225,233,215,222
248,247,247,237,235,208,205,212,228,212,235,226,207,218,231,231,225,229,227,222,228,234,224,234,219,216
246,254,246,246,233,232,219,217,213,227,215,219,236,226,209,211,236,216,224,235,228,219,231,230,222,228
245,250,248,242,243,239,242,221,216,218,228,222,204,226,221,225,210,230,225,201,226,224,218,228,233,215
251,243,247,248,245,247,226,236,227,213,225,227,222,211,218,226,220,225,223,232,219,214,233,226,223,238
233,242,243,251,250,248,251,238,226,231,213,216,223,226,215,220,219,219,210,223,222,222,213,214,233,207
224,237,240,244,245,250,241,247,240,234,234,224,229,219,219,210,227,222,230,207,220,213,212,216,226,217
208,222,242,240,243,244,252,239,244,246,223,234,232,228,216,213,207,211,218,218,215,208,211,205,208,208
193,227,219,241,240,243,243,249,246,233,245,234,227,220,211,221,226,215,217,204,214,209,205,211,216,208
207,192,228,242,231,249,243,247,247,247,241,238,230,228,232,216,210,222,221,215,216,217,204,196,221,221
174,217,227,230,245,235,250,242,247,242,247,242,240,229,230,231,229,213,216,211,219,209,211,207,198,202
201,196,219,230,230,241,234,248,237,243,245,239,244,239,231,221,228,231,216,232,226,211,204,197,213,210
172,204,222,213,238,225,240,241,237,248,240,250,243,231,242,243,229,217,228,210,222,216,208,207,205,199
191,208,203,232,221,231,239,227,249,227,250,242,246,252,241,240,240,232,233,218,219,223,212,200,214,212
192,200,229,215,231,231,227,240,219,247,234,240,239,246,247,247,237,237,218,220,221,211,217,218,213,204
182,211,218,228,232,217,238,218,246,229,234,247,241,243,244,244,244,239,236,229,216,217,209,211,213,214
211,192,231,238,238,235,225,245,232,241,239,230,243,237,247,240,254,236,239,230,233,218,210,220,209,210
