32,37,31,38,41,44,46,46,43,48,52,53,56,54,58,62,70,55,59,67,67,64,62,74,68,73
36,39,36,42,46,46,47,50,51,56,55,51,57,60,60,64,65,57,64,66,61,68,66,74,69,73
42,40,43,47,51,47,51,52,53,60,61,58,61,63,65,60,66,69,64,71,71,68,72,72,70,71
46,42,47,49,54,47,52,54,53,59,62,62,66,64,61,73,70,70,75,83,74,73,76,72,74,72
48,43,48,51,55,48,49,58,60,60,59,61,68,69,70,68,72,80,71,83,85,71,77,74,78,76
49,47,49,53,57,53,57,63,62,62,63,65,70,68,74,74,68,75,79,78,77,78,77,74,78,78
50,52,51,57,60,61,66,65,61,67,71,70,72,69,79,69,73,83,80,78,88,78,79,76,76,78
51,57,52,60,63,67,66,64,65,74,75,68,72,76,75,76,81,84,89,86,94,81,85,81,77,79
56,64,60,65,65,67,77,69,61,73,76,82,77,77,76,79,83,77,87,83,90,82,79,84,88,90
58,60,57,60,66,75,78,73,76,73,63,74,75,76,76,65,80,87,84,76,87,84,83,84,84,85
57,57,65,65,66,71,70,66,68,74,71,79,81,72,81,73,71,82,97,92,89,92,93,85,95,102
67,64,69,60,63,72,75,75,64,73,70,64,80,83,77,97,90,89,98,94,92,92,93,83,100,95
57,57,72,67,63,62,76,75,68,69,75,70,75,88,70,94,98,97,90,91,100,82,89,68,100,100
61,56,58,54,58,66,65,61,71,64,79,86,73,83,76,87,90,84,85,87,93,87,90,69,97,88
53,53,52,55,56,59,59,58,74,64,58,60,67,79,82,80,94,72,73,74,70,95,80,64,96,95
52,56,47,50,54,60,54,52,57,68,55,39,66,61,80,48,85,65,66,81,71,87,69,66,97,95
45,42,49,59,50,49,46,55,52,43,51,43,29,49,66,44,49,64,55,66,64,92,58,51,81,87
40,33,32,35,22,18,15,14,24,28,30,36,37,34,57,48,43,53,44,46,54,74,50,46,58,77
20,10,8,14,10,11,11,10,16,21,19,31,43,31,34,42,36,44,41,34,48,56,49,43,47,64
17,9,6,10,6,5,9,20,15,13,16,19,27,26,23,34,31,35,40,28,40,41,43,33,48,53
8,5,4,7,6,6,0,11,5,7,15,8,7,11,15,14,14,13,24,19,25,30,32,21,35,33
3,5,8,14,20,24,28,23,20,25,24,19,17,13,28,18,19,12,16,10,5,7,10,5,5,6
38,43,43,40,41,44,48,34,36,39,33,34,34,28,23,18,25,23,24,24,22,21,29,26,25,32
26,27,21,14,17,22,17,12,24,27,27,33,32,34,27,26,27,23,16,17,20,16,19,11,18,22
22,44,86,123,122,119,127,109,97,112,80,52,32,15,14,8,13,24,20,20,14,13,18,19,20,10
159,149,154,151,150,137,136,88,97,110,133,127,127,124,122,121,90,48,20,18,12,16,27,25,17,23
149,149,164,142,164,152,152,125,137,129,133,132,131,132,128,129,135,135,130,125,80,48,2,13,20,19
129,130,138,153,149,154,169,144,130,121,105,95,111,132,131,130,138,134,135,123,91,128,130,106,39,8
142,129,141,158,178,158,154,142,137,131,133,114,110,101,84,70,114,133,131,120,79,112,119,134,120,122
134,144,159,153,160,154,139,148,143,125,116,130,123,122,123,117,129,116,117,113,71,109,112,116,114,119
