127,131,86,125,96,118,142,123,119,133,134,124,122,111,109,105,106,111,108,131,125,106,126,126,134,151
129,128,89,94,82,108,110,128,122,126,127,118,113,116,121,103,112,112,122,123,121,127,128,136,135,133
126,127,71,62,67,76,72,81,100,114,119,125,111,115,118,115,110,105,110,113,116,117,117,131,138,128
127,129,60,76,69,76,68,71,64,74,65,65,83,92,99,107,106,112,110,117,121,116,118,122,133,129
129,124,75,72,78,84,86,90,87,87,90,95,99,98,93,88,89,93,71,90,81,107,81,70,85,71
127,130,89,88,86,88,88,94,94,98,103,108,109,108,105,103,107,117,117,117,107,110,103,99,106,111
129,132,95,101,99,105,99,102,103,107,113,115,115,114,114,115,109,119,116,118,102,106,103,109,107,108
127,127,92,101,102,113,106,108,113,114,115,116,117,117,119,120,119,120,113,118,109,114,110,114,114,109
127,129,103,110,108,118,114,118,123,122,121,122,125,127,126,125,123,119,126,121,128,116,119,115,117,130
130,129,113,119,122,130,126,127,131,129,129,132,136,138,134,131,129,126,130,129,135,130,131,129,117,134
127,125,116,121,130,135,131,128,136,135,135,137,138,139,138,136,128,129,125,132,130,138,137,140,137,141
128,130,130,129,133,132,134,135,140,140,139,136,134,135,137,140,131,135,144,140,142,137,145,147,146,148
127,130,129,140,132,130,141,140,154,140,136,140,145,145,140,144,149,146,149,155,143,153,160,157,167,171
130,120,131,152,141,140,148,153,152,144,139,151,146,161,145,153,151,159,162,167,163,171,160,172,169,178
128,129,129,139,152,167,155,155,156,146,149,149,156,167,158,161,168,161,174,172,166,172,168,177,163,171
126,131,128,148,156,158,153,167,162,159,161,152,159,162,172,176,180,164,181,171,176,168,180,178,188,185
130,124,128,168,157,156,167,158,163,171,165,177,176,179,179,175,173,175,177,173,194,174,180,178,187,184
128,129,127,174,172,174,178,154,160,173,182,190,187,177,185,188,180,187,177,189,195,186,187,181,195,201
125,131,129,181,184,170,170,185,188,168,174,173,196,191,194,193,200,200,191,205,197,202,202,195,201,206
129,129,131,173,172,176,180,194,171,167,194,199,195,192,181,202,199,207,199,201,208,211,201,207,205,208
127,131,124,129,176,203,175,184,181,211,212,213,202,215,179,196,210,216,207,207,201,216,220,216,217,208
124,129,131,127,192,196,207,187,209,187,207,206,221,211,235,212,207,226,219,223,216,225,223,227,222,226
131,120,128,128,206,197,202,207,210,212,214,221,211,226,222,223,229,219,217,236,226,224,224,225,224,231
129,127,132,126,211,215,208,218,223,224,221,214,229,221,239,224,238,238,235,213,241,229,237,225,241,233
125,131,125,133,194,209,228,229,219,217,234,224,228,229,221,246,239,246,239,238,220,238,244,236,246,229
130,129,129,122,226,231,221,218,217,229,230,230,235,235,226,237,238,243,246,238,245,225,235,246,236,224
127,124,129,134,125,225,224,226,228,230,248,244,220,244,249,250,243,246,252,246,244,241,250,240,240,229
129,129,126,128,127,214,233,235,232,239,236,239,250,247,248,243,242,247,243,248,247,246,248,251,248,230
127,130,129,129,124,223,227,226,236,228,238,246,245,249,251,252,250,252,251,248,248,250,250,249,247,245
130,127,124,130,129,230,231,229,238,234,244,250,248,247,246,247,252,253,252,250,250,250,250,249,236,238
