74,73,81,81,85,85,79,76,78,78,74,72,78,69,74,75,76,75,70,78,76,82,77,74,81,82
69,75,79,66,62,66,68,70,73,72,68,67,68,74,74,70,74,68,76,68,74,76,76,76,79,83
84,81,85,79,84,79,74,73,75,76,76,76,74,74,72,85,83,72,75,78,76,69,76,82,76,82
79,84,93,84,87,81,78,78,77,76,75,74,82,77,83,74,76,79,75,75,71,84,75,71,85,80
79,80,82,73,72,70,72,74,72,74,79,79,73,66,81,65,82,75,75,66,69,69,70,71,71,70
78,72,68,67,77,70,68,67,65,70,74,69,66,64,53,62,59,57,60,62,46,47,49,55,62,63
47,54,52,51,61,58,59,53,43,44,44,35,48,60,33,33,9,32,37,42,40,30,37,51,53,60
34,30,24,34,42,48,52,37,13,14,30,35,8,15,29,24,17,19,20,31,44,44,38,46,64,63
31,20,19,37,27,42,39,24,20,17,12,32,14,9,13,16,22,14,39,22,36,32,42,57,30,54
47,21,27,25,22,19,17,30,17,0,11,15,21,12,8,18,20,4,13,0,25,36,57,40,53,57
46,46,17,17,23,9,23,13,16,20,14,4,9,14,10,17,22,23,9,8,59,54,23,37,54,43
33,46,33,4,25,35,14,20,23,28,13,13,19,30,22,5,9,16,23,47,75,49,23,26,9,27
26,24,49,49,16,37,25,10,21,8,3,14,11,21,18,19,13,34,61,84,47,46,52,4,5,14
16,28,40,24,40,44,54,26,26,17,11,18,20,27,21,36,44,47,82,35,4,39,17,19,14,21
45,47,43,40,28,33,19,49,35,39,42,51,35,23,24,41,32,82,22,7,17,25,45,42,49,50
37,40,34,39,47,46,53,37,43,43,47,45,31,32,30,38,78,36,5,1,4,10,22,22,2,42
46,47,34,42,47,50,26,19,29,7,5,23,26,36,70,81,32,30,23,20,41,29,14,6,8,16
61,59,60,42,25,6,15,7,5,11,12,0,3,75,75,43,27,34,57,52,9,24,18,39,36,33
37,26,20,19,20,13,26,30,12,24,39,52,79,65,49,33,19,37,34,48,40,22,5,32,27,23
34,15,9,0,11,9,19,4,20,23,67,79,52,35,31,19,38,39,47,31,46,36,20,15,41,48
35,12,22,12,15,13,9,37,46,74,70,21,24,11,17,33,26,26,26,20,25,24,39,49,61,63
37,30,5,29,8,43,42,41,78,62,5,49,38,24,26,26,34,30,48,17,25,28,32,61,53,49
19,7,26,25,23,29,34,80,48,32,34,23,38,25,23,19,33,41,18,33,11,42,17,13,35,39
14,15,5,16,30,46,78,29,29,46,10,10,47,20,8,25,31,28,44,43,48,42,37,23,41,46
23,15,10,14,30,85,39,34,39,19,23,40,34,9,19,44,52,35,32,38,43,47,36,41,48,45
11,35,20,49,76,55,11,39,35,47,28,46,40,43,58,11,38,37,40,14,28,36,30,32,46,53
53,39,53,86,57,25,34,25,31,30,26,13,13,10,28,48,10,40,33,29,57,47,39,46,57,56
32,62,83,47,21,20,24,49,32,30,16,13,16,20,11,13,39,35,22,41,27,30,31,34,40,45
41,82,52,8,25,25,39,47,39,16,29,28,22,28,14,11,32,41,50,34,25,29,33,39,45,49
76,55,27,41,31,41,63,47,13,15,28,15,26,31,27,29,31,22,41,12,35,26,19,35,42,39
