169,155,162,151,166,153,182,195,192,195,184,193,179,218,210,219,229,222,227,236,235,238,236,239,243,221
170,166,172,165,165,190,204,205,196,179,181,185,187,212,216,218,215,229,234,235,238,238,234,236,242,247
165,172,177,167,163,214,209,193,199,179,185,184,185,191,192,220,229,220,231,238,240,235,243,244,241,242
168,162,164,194,205,201,210,197,213,202,185,195,189,196,205,202,213,219,228,235,242,251,247,242,241,253
160,161,187,207,214,209,208,207,200,180,206,191,204,193,197,194,215,225,232,231,240,246,250,248,245,246
156,191,205,217,205,195,206,199,213,185,181,174,165,164,182,207,214,217,218,234,240,244,249,250,246,243
169,182,210,216,213,219,209,197,188,203,186,181,178,191,167,173,204,214,231,228,239,243,250,253,249,242
188,206,220,221,213,212,203,201,188,194,193,176,184,168,179,195,203,215,222,226,236,242,250,254,252,245
200,213,213,212,210,219,207,198,186,198,184,152,179,167,173,166,192,185,222,232,231,240,250,254,254,252
209,215,213,208,198,194,178,186,178,181,158,175,190,142,165,163,176,180,205,222,227,238,248,253,255,255
205,207,189,199,190,195,192,173,176,157,152,157,144,162,149,164,159,189,199,219,229,239,248,253,255,255
205,198,182,190,167,177,168,173,164,146,154,141,138,142,140,140,162,167,198,226,234,241,249,254,255,254
185,204,172,158,137,161,148,162,152,145,132,117,132,137,132,131,164,158,212,230,235,251,253,254,254,252
174,172,148,177,142,125,137,145,140,133,129,119,133,126,137,134,164,180,222,222,242,247,255,240,246,249
164,153,135,149,128,144,178,151,125,122,123,112,110,111,136,133,154,195,209,234,246,249,239,239,243,251
154,146,127,129,137,168,149,153,144,116,109,112,98,120,120,146,148,217,219,228,232,255,237,242,237,244
141,125,102,128,95,113,136,115,139,116,99,108,98,112,107,142,166,201,223,236,239,229,212,209,229,227
136,103,65,70,73,121,120,126,141,114,106,104,99,106,101,136,184,214,239,248,195,154,160,161,175,203
68,20,0,2,4,0,2,115,127,146,117,104,107,120,115,146,208,240,240,2,0,7,0,12,90,153
3,0,0,0,0,8,0,0,110,129,104,111,117,110,132,186,216,239,9,0,4,0,3,0,1,7
0,0,1,0,0,0,2,2,5,127,117,137,120,123,143,188,246,22,12,7,4,0,1,1,2,0
3,0,2,2,2,1,6,0,18,100,127,119,130,129,155,216,238,54,61,73,15,0,2,2,0,2
5,0,0,0,0,12,19,40,59,107,109,112,123,133,187,224,236,241,228,232,107,22,3,0,7,1
8,6,7,7,20,58,60,68,70,90,122,102,148,152,211,225,224,234,231,218,183,101,40,14,9,16
31,36,39,39,61,80,76,61,68,60,70,113,152,168,216,217,211,216,215,190,156,177,113,129,71,80
77,94,98,106,101,104,81,73,62,47,50,57,89,119,133,154,120,119,138,150,152,168,145,178,198,170
92,107,103,111,110,86,78,70,85,67,57,63,65,63,86,80,74,93,93,114,165,156,175,197,201,202
77,93,87,94,90,85,70,82,59,72,66,50,47,52,51,59,53,82,94,111,116,84,200,226,227,222
58,69,87,66,71,93,79,81,73,72,73,46,54,42,47,54,54,78,81,80,80,108,146,211,228,222
65,63,77,71,70,79,71,88,72,87,69,54,58,43,57,49,48,66,58,73,95,96,121,196,216,220
