75,85,73,68,65,59,54,38,45,36,31,27,29,19,24,24,23,19,28,12,27,31,35,43,58,58
74,74,71,52,43,42,31,31,24,25,22,16,16,20,22,27,31,42,42,58,61,59,61,65,51,63
69,68,53,43,32,27,24,21,19,20,13,19,23,24,28,36,44,47,59,63,74,73,86,93,106,120
70,56,39,31,23,20,17,14,14,15,21,26,30,33,37,45,52,55,80,76,92,99,117,122,129,129
49,45,31,26,21,18,16,15,17,20,23,25,29,34,39,41,40,38,26,30,33,24,38,46,73,109
56,32,22,17,13,13,14,16,20,24,27,30,31,24,15,13,22,34,53,62,76,74,76,93,88,68
39,24,13,10,9,11,15,18,21,22,18,11,8,14,26,38,45,48,66,72,70,86,93,100,99,128
30,18,14,13,12,14,17,17,16,14,7,15,25,30,32,36,43,49,53,59,65,78,79,110,115,117
22,16,13,13,12,12,12,11,9,8,16,20,24,25,29,36,43,46,52,56,55,61,77,95,100,115
17,15,11,12,11,10,10,12,14,16,21,26,28,27,29,35,38,38,41,35,39,38,49,56,71,85
15,11,9,9,10,11,10,11,15,20,21,27,29,30,29,28,29,21,20,16,12,10,12,17,24,29
9,10,9,9,10,13,15,16,18,20,24,25,19,14,15,7,8,4,2,3,4,5,5,4,5,6
13,12,10,10,12,16,18,17,15,14,12,10,4,2,7,0,0,1,2,2,2,3,2,0,1,3
15,10,11,12,14,17,16,11,7,4,1,4,8,15,8,5,8,7,7,3,0,0,1,1,3,6
20,18,14,13,14,12,8,3,1,2,9,21,38,47,11,4,10,8,6,1,0,3,6,5,3,3
26,24,16,13,9,5,2,1,5,10,22,40,65,72,20,1,7,9,9,3,1,5,8,6,4,5
31,22,13,9,5,2,2,5,12,18,30,44,70,76,40,5,5,9,8,2,0,1,2,1,3,6
39,29,9,6,3,3,6,11,16,20,38,43,64,71,61,12,1,2,3,0,0,3,3,1,2,7
43,26,9,6,3,2,3,6,11,14,25,48,40,69,57,38,1,4,1,3,2,1,3,4,4,8
29,17,12,11,11,11,10,7,4,2,2,11,24,56,49,43,23,3,8,1,0,7,0,2,6,39
38,18,18,16,15,17,19,19,19,21,23,10,10,16,14,25,37,22,5,0,7,4,10,18,56,219
44,29,29,24,18,16,14,14,18,22,22,23,19,11,15,14,17,16,25,16,19,17,15,30,74,95
61,37,31,27,23,20,15,10,9,11,13,21,15,11,15,13,7,18,18,23,21,31,40,32,49,40
90,59,34,29,26,26,24,19,16,17,9,8,9,16,15,18,11,16,13,16,25,21,20,27,22,37
98,89,61,48,36,32,29,24,20,20,20,10,12,13,8,16,16,18,23,26,22,29,29,30,51,65
131,104,88,69,50,42,38,32,26,22,18,16,20,14,13,15,12,15,16,18,34,35,48,46,69,89
184,170,159,117,71,52,46,41,29,29,25,25,29,16,27,21,18,20,20,23,28,37,44,51,66,85
210,204,206,167,136,75,65,53,50,39,32,37,22,32,20,17,24,24,25,27,32,37,38,42,57,75
221,217,217,211,172,146,99,58,64,56,48,32,46,33,32,31,30,27,25,36,32,34,49,49,55,79
214,215,208,209,205,184,142,112,89,69,58,56,48,44,37,40,46,40,46,38,41,48,51,58,69,70
