187,186,210,242,217,229,236,251,250,249,242,246,247,252,248,240,238,209,237,199,191,192,198,235,223,194
194,184,204,248,219,244,233,249,246,249,255,248,251,242,248,242,240,224,218,199,177,189,210,226,216,242
184,219,221,223,225,241,224,255,248,243,247,248,247,255,244,244,236,226,206,205,196,176,197,215,232,204
210,235,238,240,243,251,248,248,252,249,252,247,250,250,248,244,243,205,177,220,197,177,175,190,211,222
249,230,248,247,252,250,247,246,247,250,252,253,252,254,252,249,244,234,238,214,221,180,176,202,186,216
235,249,246,252,252,250,249,249,250,252,253,254,253,253,250,251,250,241,233,208,192,181,179,185,171,215
234,245,230,233,250,250,251,252,253,254,254,254,254,253,251,255,255,252,234,217,180,169,183,182,173,235
253,251,250,255,251,251,252,252,253,254,254,254,255,255,254,254,250,248,231,226,184,186,190,178,186,216
244,252,249,247,253,253,253,253,253,253,254,254,254,255,254,255,251,253,241,240,216,153,168,202,177,207
249,255,255,254,255,254,254,254,253,253,254,255,253,254,253,255,255,255,252,243,203,196,161,175,162,186
253,242,250,255,253,254,254,254,253,254,254,255,255,255,253,254,254,250,248,229,238,203,171,149,179,197
253,254,251,251,251,252,253,254,253,253,254,255,251,255,255,255,255,251,255,236,239,220,182,167,139,169
255,250,255,253,250,253,252,255,250,255,253,253,253,251,251,255,252,255,254,251,242,243,233,179,171,166
250,245,251,250,254,254,253,253,254,252,253,249,253,251,255,255,252,255,252,255,255,239,234,208,193,171
250,249,253,252,252,249,246,243,254,248,252,247,251,241,244,249,255,255,251,255,253,250,242,249,219,221
246,246,251,255,246,253,253,246,243,230,243,249,247,248,252,250,250,254,255,249,255,255,249,231,214,232
247,240,238,243,244,248,244,245,241,230,238,240,231,234,240,255,247,240,255,253,245,251,249,252,218,232
247,242,237,240,249,244,233,237,231,215,217,206,210,213,214,240,237,231,243,250,255,250,255,249,242,229
238,240,239,240,219,219,222,224,214,194,216,211,219,229,202,184,182,208,221,248,249,252,249,250,248,248
238,237,225,214,229,215,214,211,208,186,211,198,184,206,200,194,184,179,161,218,231,246,252,250,255,251
222,226,220,191,197,204,212,186,187,196,186,187,193,184,186,180,184,160,177,185,211,206,244,254,255,253
193,210,210,232,197,190,180,169,176,176,175,181,174,188,174,157,158,122,152,159,192,202,213,234,246,254
6,131,205,197,182,201,166,174,164,176,167,169,167,157,151,129,108,51,69,102,135,157,207,230,244,246
5,1,10,139,172,193,152,159,161,150,144,147,153,110,50,11,11,0,0,0,21,124,177,214,205,232
0,5,2,20,96,173,159,166,135,138,133,151,134,11,18,36,19,20,0,7,3,0,65,155,175,212
1,0,50,63,70,146,178,158,148,153,147,126,86,58,67,56,48,52,11,0,0,8,15,59,156,164
6,45,114,127,93,116,173,177,157,164,162,153,101,74,81,78,95,90,41,11,12,9,32,55,95,159
66,140,146,119,117,90,163,161,140,130,128,107,86,80,85,87,98,90,99,57,22,45,64,68,89,130
123,181,159,154,156,130,102,137,146,103,118,95,97,101,80,112,115,111,131,112,95,74,73,65,88,141
171,146,172,155,134,134,166,92,108,112,89,90,116,116,121,117,88,126,132,120,124,78,61,89,90,136
