124,133,127,129,131,129,127,130,18,10,6,22,6,31,13,10,20,17,4,13,20,16,15,43,106,60
135,121,132,122,127,126,128,38,27,31,14,40,40,33,30,7,17,14,22,30,15,8,21,40,94,82
125,127,130,130,130,131,126,30,29,23,41,28,31,22,5,18,12,20,23,16,18,20,22,21,80,79
132,131,123,123,138,121,125,30,34,26,43,29,54,43,13,16,20,31,32,19,26,26,23,14,79,99
125,131,127,132,124,130,132,15,17,35,49,31,36,20,7,19,44,19,17,24,31,31,32,18,62,122
131,123,132,129,126,128,27,29,27,51,21,17,17,1,21,19,16,19,32,41,37,22,15,14,72,93
126,127,129,125,131,126,45,16,19,19,9,4,9,16,19,25,33,43,32,24,29,25,15,21,61,109
128,129,128,128,127,129,20,18,4,7,0,2,2,2,15,18,27,28,24,29,29,33,29,33,60,89
130,125,134,124,130,130,0,0,1,5,0,2,6,3,12,20,14,21,33,47,28,41,42,26,43,63
125,129,124,128,127,2,3,2,9,10,2,3,13,19,25,29,38,20,17,29,41,46,39,46,64,80
130,131,128,129,128,2,0,0,0,0,5,3,11,22,23,25,27,26,31,52,42,37,47,47,60,80
126,126,129,127,123,2,0,2,2,5,11,6,10,24,28,35,49,47,50,48,23,59,64,66,97,110
128,129,127,133,129,0,8,0,4,0,6,8,14,25,26,30,49,52,31,51,54,71,86,102,104,113
126,132,129,124,127,0,0,5,0,0,14,27,32,37,40,44,35,41,59,64,79,97,99,101,103,125
128,125,124,137,126,10,3,0,1,6,17,29,31,36,53,61,80,54,58,83,98,88,103,103,108,126
129,129,128,129,0,4,3,3,7,11,17,30,33,37,53,53,61,70,72,71,91,107,105,99,102,97
128,129,123,128,0,0,10,4,8,9,23,23,42,32,36,55,68,77,80,74,78,86,96,105,111,124
130,127,137,127,0,4,8,4,7,27,24,26,41,60,71,57,76,81,69,74,65,100,104,114,97,99
129,121,134,128,0,0,9,7,18,20,21,40,44,53,64,43,57,69,63,85,82,71,85,101,110,129
126,135,122,126,7,0,4,17,19,24,25,26,50,48,49,63,62,65,82,90,67,81,87,106,85,93
129,125,128,129,6,0,2,16,27,29,30,32,41,32,37,52,53,75,80,65,76,59,70,85,77,95
128,131,127,0,1,0,7,4,22,41,26,45,43,37,45,48,51,53,39,41,65,77,47,68,47,65
124,132,130,4,4,1,0,34,18,64,24,14,25,26,25,35,24,39,57,53,38,25,47,14,26,33
131,126,128,1,1,1,16,23,31,30,25,24,15,12,28,35,20,35,37,31,41,13,39,23,26,33
131,124,127,2,1,3,3,15,11,11,9,26,15,36,34,58,25,47,55,37,42,39,44,47,36,26
125,124,133,1,0,2,11,22,17,4,0,28,48,12,35,46,37,48,50,52,42,35,27,32,38,45
131,129,122,5,2,3,11,14,20,15,21,31,40,69,42,59,60,52,57,35,44,42,55,37,26,33
125,128,127,0,3,4,12,8,9,24,21,19,19,42,42,65,55,38,51,32,52,48,56,16,15,23
129,127,127,1,5,2,1,4,13,36,17,27,33,26,55,66,93,85,58,53,29,70,60,30,31,24
128,128,137,0,5,10,6,14,5,35,34,54,48,59,55,63,68,66,78,76,74,70,59,26,33,16
