132,136,133,139,149,148,160,178,194,206,217,225,233,238,239,240,236,236,233,228,216,216,211,220,228,128
151,162,165,155,170,171,194,205,207,215,221,227,235,239,239,240,242,234,229,226,221,221,218,223,233,129
166,161,166,166,182,176,179,194,216,221,225,229,236,240,239,240,244,233,230,224,225,226,225,223,234,130
169,167,170,170,183,203,191,203,216,221,224,227,234,237,237,238,235,233,239,229,225,222,226,228,234,129
172,166,173,188,198,190,204,210,211,218,225,229,231,234,235,235,236,236,234,231,228,226,226,227,232,127
170,177,171,175,177,193,204,207,215,219,224,228,231,233,233,231,233,234,234,232,230,229,230,231,233,133
171,164,170,167,175,197,192,213,216,218,222,226,230,232,231,229,233,234,235,234,233,232,233,234,231,126
158,162,168,186,206,193,194,199,211,214,218,224,228,232,233,233,237,237,237,236,235,234,235,235,242,128
169,173,183,185,204,204,195,194,206,210,216,222,227,231,235,238,241,241,240,239,237,236,236,237,230,126
185,198,178,187,193,199,208,200,206,210,217,223,227,231,236,241,242,242,242,241,240,240,240,240,244,124
198,198,198,203,203,211,206,210,211,213,218,224,229,233,237,242,242,242,243,244,244,243,242,241,237,134
215,211,218,210,213,215,220,220,215,215,219,225,231,235,239,242,241,243,245,247,247,245,242,240,128,127
220,218,217,219,220,221,221,222,224,224,225,228,234,240,242,241,245,246,247,247,247,246,245,244,128,128
221,221,223,224,224,223,225,227,229,228,228,230,235,242,245,245,246,246,247,248,248,247,246,245,128,128
216,219,223,224,222,221,223,226,234,233,231,232,237,243,247,248,247,247,248,249,249,248,247,246,128,128
218,220,223,225,224,223,225,229,236,235,234,234,238,244,248,249,248,249,250,251,251,250,249,248,128,128
221,221,222,224,225,226,228,231,235,236,236,236,239,244,247,248,249,250,251,252,252,251,250,249,128,128
222,221,221,224,227,229,230,232,233,236,238,239,242,245,248,248,249,250,252,253,253,252,250,249,128,128
224,224,225,228,231,233,234,236,232,235,239,240,243,246,248,248,250,251,252,253,253,252,250,249,128,128
220,220,223,226,229,230,231,233,231,235,238,240,242,245,248,249,250,251,253,253,253,252,250,248,128,128
219,221,227,225,230,236,231,234,236,236,238,240,243,246,247,248,252,249,254,249,253,249,248,130,128,128
215,221,222,227,233,233,232,231,237,237,239,241,244,246,247,248,246,249,245,255,247,253,251,129,128,128
212,219,216,226,233,231,235,232,238,239,240,242,244,246,248,249,251,253,255,245,249,251,254,124,128,128
213,216,214,222,231,232,236,237,239,240,241,243,244,246,247,248,248,247,250,255,255,255,249,129,128,128
217,215,219,221,228,234,232,238,239,240,242,243,244,245,247,248,249,253,253,248,247,254,245,129,128,128
219,219,226,223,228,235,229,234,238,240,242,243,244,245,247,248,251,252,254,255,252,248,251,133,128,128
220,225,227,224,228,232,232,232,238,240,242,243,244,245,247,249,251,247,255,249,255,252,122,127,128,128
220,230,225,223,226,229,237,234,238,240,243,244,244,245,247,249,251,252,253,254,251,247,137,125,128,128
213,221,221,228,234,227,226,233,237,240,244,246,245,245,248,251,251,251,249,252,255,252,126,128,128,128
211,221,227,226,219,225,237,234,238,240,243,245,245,245,248,251,250,254,252,250,253,253,129,129,128,128
