54,39,29,19,18,12,14,10,3,1,1,0,3,2,3,5,6,8,12,17,21,21,21,21,28,29
19,25,37,43,67,80,81,70,49,29,17,1,6,2,2,4,5,6,9,15,18,19,27,25,27,26
12,13,14,14,11,7,7,13,17,25,54,87,76,36,18,8,3,5,10,13,15,17,15,17,21,18
17,16,15,14,11,8,7,6,9,10,4,4,14,25,52,81,66,18,0,8,17,23,15,19,20,21
19,17,16,15,13,10,12,6,4,11,13,7,6,13,16,13,22,35,30,15,8,5,13,20,21,26
21,20,19,19,18,16,12,13,9,8,16,18,13,12,24,11,14,19,17,25,27,11,5,12,18,26
18,18,18,17,15,14,8,12,10,6,5,2,5,15,17,16,16,20,23,19,20,29,10,10,20,25
17,17,16,14,11,9,7,8,7,6,7,6,6,8,9,13,16,17,19,22,20,17,23,13,19,21
18,17,16,14,12,11,8,9,7,1,0,1,3,1,3,0,8,15,13,17,23,20,28,10,7,13
8,8,8,7,6,6,9,3,5,10,7,4,3,0,1,5,0,0,14,17,15,23,31,11,2,13
12,9,4,1,10,2,0,1,0,0,5,2,0,2,4,0,3,0,7,7,13,21,38,14,12,19
15,8,8,3,5,2,1,2,0,0,2,1,0,4,3,0,3,0,2,12,8,12,60,13,10,23
12,4,7,3,3,7,1,2,1,1,3,1,0,2,4,0,3,2,0,14,7,10,74,9,13,19
21,17,13,7,5,6,1,1,2,6,10,8,3,1,4,2,3,6,2,7,9,12,99,0,7,17
27,22,4,1,5,5,3,0,2,11,19,19,13,5,4,7,5,5,6,2,11,4,97,4,5,19
25,21,0,0,6,4,2,0,2,13,22,26,21,12,6,13,8,1,9,4,9,0,28,4,19,30
22,23,11,10,5,2,1,0,8,20,25,26,23,16,13,14,12,4,10,10,8,23,10,9,22,32
7,4,2,6,1,4,1,4,18,29,29,26,23,16,21,12,15,12,11,13,9,56,9,13,42,83
5,2,4,7,1,2,2,19,22,26,27,23,16,14,20,13,21,21,11,9,14,106,1,91,115,123
21,5,3,1,2,11,20,23,26,27,19,18,19,4,9,19,11,25,83,147,168,72,24,94,119,153
60,68,65,87,79,86,96,94,86,68,82,80,104,117,150,190,181,193,195,187,179,18,73,107,139,162
141,139,142,136,131,156,160,163,138,164,180,203,200,221,195,205,199,203,196,182,180,75,111,116,151,150
176,165,162,178,158,174,181,187,200,216,215,209,208,202,205,184,191,179,177,179,165,105,103,144,158,151
156,198,175,181,194,198,206,215,210,215,200,201,184,167,155,146,134,133,135,158,110,94,125,137,175,183
189,192,194,214,212,215,205,210,197,176,163,151,147,140,126,141,131,129,117,128,86,116,162,146,184,178
201,213,215,211,200,197,186,166,144,155,132,152,158,156,164,131,157,163,156,115,106,154,179,168,197,179
216,209,197,197,181,159,162,166,142,184,145,167,191,178,166,168,158,163,129,97,123,166,182,191,187,182
205,185,180,143,163,186,163,190,194,175,181,172,178,162,169,176,162,127,79,130,169,164,159,160,175,167
174,164,170,158,178,180,195,183,173,173,140,186,158,131,171,157,88,93,105,129,154,156,140,141,132,142
177,187,192,185,188,173,174,176,150,181,173,173,160,126,83,98,104,112,127,131,129,135,138,126,129,140
