136,144,148,145,146,143,145,147,141,143,147,157,171,166,177,185,181,192,184,190,217,226,229,232,232,234
147,153,150,144,146,147,149,142,141,154,168,180,184,173,190,184,190,188,176,198,218,229,228,235,239,239
153,159,159,151,152,153,148,148,162,173,184,199,200,190,177,186,184,196,192,203,227,229,230,238,240,238
156,162,164,156,151,146,159,174,196,187,176,187,187,177,186,194,191,196,196,207,222,234,236,239,237,233
163,161,153,158,157,170,179,190,183,197,184,180,192,182,190,199,203,187,190,217,233,242,237,238,240,240
156,162,157,170,176,178,201,212,190,182,189,188,193,188,184,196,195,188,198,230,237,236,237,239,236,239
161,176,186,190,189,197,201,199,203,198,201,199,203,181,196,200,188,184,208,235,243,234,237,239,233,236
176,192,192,206,214,197,201,206,210,203,210,198,192,194,206,202,194,198,232,237,239,222,237,235,236,235
180,197,205,201,199,205,209,213,216,208,207,202,201,212,218,204,191,209,234,235,237,235,237,232,241,236
189,208,200,199,206,209,215,211,223,217,204,211,220,212,203,197,195,231,238,241,231,234,232,229,239,235
203,195,198,220,220,216,223,225,226,211,212,207,213,211,200,196,208,230,230,234,229,230,224,227,229,229
213,214,209,222,221,222,222,210,228,224,218,202,220,206,197,197,228,229,232,227,225,213,217,226,218,223
218,220,217,230,197,202,217,226,225,213,217,212,211,198,202,216,229,233,234,233,208,213,211,218,207,224
227,224,226,212,204,209,224,227,227,223,214,217,207,211,228,228,225,231,221,201,205,206,202,197,212,211
236,219,229,226,215,215,231,225,227,219,201,203,198,220,229,230,233,222,225,201,182,191,204,203,197,200
225,222,228,226,231,230,220,214,222,212,199,196,210,236,238,235,234,211,206,189,166,178,181,187,183,196
230,228,238,232,198,202,204,203,203,200,192,197,217,232,235,232,230,225,187,163,153,135,151,162,169,178
236,232,230,212,212,218,216,214,195,199,191,217,232,236,239,237,226,203,164,142,105,72,54,109,144,157
229,214,213,221,226,228,212,205,188,189,185,225,237,241,233,229,213,173,144,99,26,5,4,0,33,114
206,227,226,232,228,212,206,197,197,188,187,222,230,233,230,204,171,145,108,32,0,1,3,3,2,21
227,212,224,226,206,198,199,187,194,184,192,226,234,222,198,193,150,114,56,7,4,0,4,0,5,38
226,223,221,234,201,190,193,200,186,187,183,191,198,213,195,157,134,86,28,8,3,1,0,6,40,88
207,216,227,222,176,186,184,187,186,178,181,192,191,160,146,131,103,67,41,67,19,2,7,12,94,128
230,215,204,199,187,180,151,187,190,177,173,210,193,193,145,115,100,67,50,57,55,33,29,73,117,129
229,206,196,173,177,189,184,180,170,142,155,159,144,146,129,101,87,77,72,72,78,61,90,112,126,132
203,194,176,172,180,163,153,168,166,167,155,157,139,115,111,105,79,80,70,91,81,99,123,130,128,116
185,200,194,170,161,165,175,198,189,150,156,145,137,120,110,69,58,70,79,91,100,112,126,138,125,116
202,196,190,177,172,156,182,176,188,165,152,134,119,114,100,89,59,51,57,64,79,102,98,105,93,76
188,179,172,176,167,168,142,158,152,147,142,131,107,68,69,63,57,39,54,49,79,78,62,54,33,31
191,186,157,155,176,180,169,169,155,130,123,112,127,113,87,52,46,52,43,56,32,62,38,21,13,41
