148,140,139,134,130,131,134,137,120,142,133,157,126,145,130,145,135,125,160,151,179,136,130,90,107,94
145,140,164,154,145,152,155,137,153,141,156,130,149,119,127,135,118,146,123,147,132,152,125,119,105,112
135,116,140,136,128,140,132,147,140,160,150,131,153,134,153,127,145,123,141,139,142,135,132,115,114,109
113,126,123,125,130,132,140,122,126,118,131,130,132,141,156,161,144,143,151,151,135,155,168,130,164,118
134,116,131,131,123,137,123,135,130,146,129,150,135,121,122,110,124,117,131,123,152,145,141,130,99,127
139,123,124,123,144,124,140,123,138,122,143,123,147,169,144,128,122,126,120,146,147,139,134,93,132,93
125,130,134,156,134,146,123,153,136,147,147,159,161,157,149,116,124,133,126,139,151,152,131,131,96,116
121,129,127,130,151,133,144,135,142,149,137,144,164,167,145,152,131,135,135,157,149,155,146,104,132,98
107,124,128,149,130,148,141,136,147,126,139,130,156,151,167,133,149,122,141,142,141,164,136,138,96,100
126,115,137,136,151,137,126,135,126,144,138,138,119,155,130,165,121,132,132,138,144,130,144,132,114,110
126,126,119,138,135,138,149,153,134,132,133,139,142,132,139,128,150,134,134,153,136,177,145,142,118,115
116,127,120,133,131,137,140,147,154,146,134,140,134,149,126,132,133,143,151,117,163,141,141,135,124,123
130,113,148,107,120,143,155,154,165,163,134,114,141,141,149,123,131,139,122,134,140,164,127,118,130,86
122,137,121,127,133,148,147,165,164,157,150,156,127,130,132,132,146,116,120,115,123,130,123,127,114,100
136,114,141,133,131,123,158,159,164,153,155,138,143,128,125,136,113,134,123,119,115,118,116,111,107,93
126,133,134,149,122,142,140,145,161,166,156,158,154,142,143,155,146,143,117,122,125,113,120,118,99,105
139,120,122,129,131,143,126,127,155,168,168,159,162,166,133,167,145,155,130,139,119,135,135,112,110,92
137,143,123,143,140,130,120,113,136,180,172,184,176,169,165,151,166,143,146,126,167,138,129,133,110,100
158,139,135,125,134,134,127,128,137,155,168,165,166,160,146,167,152,177,148,143,145,133,132,109,112,95
146,156,138,151,146,134,129,137,148,140,172,168,169,159,181,164,173,157,158,143,137,130,108,121,114,113
145,161,148,158,142,137,137,145,157,145,128,148,159,176,147,171,150,167,156,155,148,135,120,111,97,113
173,165,175,160,150,165,158,175,136,166,156,142,161,148,168,160,192,145,157,174,133,135,108,114,103,101
159,172,171,178,166,158,168,156,156,152,161,154,142,160,167,161,154,162,155,161,159,117,119,104,106,104
172,157,182,163,161,152,179,161,179,172,162,153,144,148,162,154,172,157,163,155,148,155,105,115,125,97
132,171,175,172,169,174,183,173,178,175,138,161,156,150,145,158,159,158,176,156,152,134,127,111,106,105
131,129,171,181,170,174,179,180,176,147,158,156,129,136,158,146,159,168,165,173,161,179,129,113,101,103
125,134,177,167,158,168,177,183,161,136,154,140,146,140,141,185,179,183,162,187,188,154,139,116,113,101
126,126,129,191,169,161,154,140,128,147,145,124,141,137,160,174,193,167,182,183,164,174,116,110,101,103
134,127,126,127,171,171,134,131,139,138,140,155,141,136,159,173,187,199,161,152,138,116,123,106,101,94
128,129,128,130,134,148,141,122,132,139,142,140,138,156,142,161,185,169,175,117,116,113,101,107,92,101
