241,240,239,240,241,242,243,243,246,246,243,244,249,127,129,128,128,128,128,128,128,128,128,128,128,128
239,239,240,241,241,242,242,242,240,244,247,244,247,129,127,128,128,128,128,128,128,128,128,128,128,128
237,239,241,241,241,241,241,242,244,247,246,244,127,124,130,127,128,128,128,128,128,128,128,128,128,128
236,238,240,241,240,240,241,242,239,246,240,248,128,130,124,131,128,128,128,128,128,128,128,128,128,128
236,238,239,239,238,239,241,243,246,239,250,128,122,130,130,124,128,128,128,128,128,128,128,128,128,128
236,237,238,238,237,238,241,242,243,236,242,133,126,127,126,134,128,128,128,128,128,128,128,128,128,128
235,236,237,237,238,239,240,241,242,249,124,128,128,132,127,124,128,128,128,128,128,128,128,128,128,128
235,235,236,238,239,240,240,239,239,246,126,129,129,124,128,130,128,128,128,128,128,128,128,128,128,128
232,243,233,231,241,233,239,241,242,242,130,128,127,129,129,129,128,128,128,128,128,128,128,128,128,128
232,231,237,238,238,245,232,243,245,128,127,125,129,128,126,129,128,128,128,128,128,128,128,128,128,128
239,228,238,236,230,234,237,241,243,124,132,126,128,129,127,128,128,128,128,128,128,128,128,128,128,128
231,232,241,235,238,234,248,236,128,131,126,130,131,126,127,128,128,128,128,128,128,128,128,128,128,128
232,238,233,232,231,239,235,241,125,132,124,122,131,132,130,124,128,128,128,128,128,128,128,128,128,128
232,232,231,228,236,238,239,126,128,124,133,134,124,127,124,131,128,128,128,128,128,128,128,128,128,128
231,231,230,237,227,237,130,127,129,129,123,130,125,132,126,129,128,128,128,128,128,128,128,128,128,128
228,227,228,231,236,237,125,131,128,127,131,125,129,128,129,127,128,128,128,128,128,128,128,128,128,128
223,227,230,233,232,127,129,127,128,128,128,128,128,128,128,128,128,128,128,128,128,128,128,128,128,128
226,224,224,226,237,128,126,131,128,128,128,128,128,128,128,128,128,128,128,128,128,128,128,128,128,128
222,223,229,232,128,126,132,125,128,128,128,128,128,128,128,128,128,128,128,128,128,128,128,128,128,128
223,219,216,232,128,128,125,131,128,128,128,128,128,128,128,128,128,128,128,128,128,128,128,128,128,128
219,228,232,125,130,124,130,128,128,128,128,128,128,128,128,128,128,128,128,128,128,128,128,128,128,128
218,225,122,128,130,126,130,127,128,128,128,128,128,128,128,128,128,128,128,128,128,128,128,128,128,128
222,217,129,134,125,130,131,124,128,128,128,128,128,128,128,128,128,128,128,128,128,128,128,128,128,128
217,125,129,127,128,124,129,129,128,128,128,128,128,128,128,128,128,128,128,128,128,128,128,128,128,128
128,128,128,128,128,128,128,128,128,128,128,128,128,128,128,128,128,128,128,128,128,128,128,128,128,128
128,128,128,128,128,128,128,128,128,128,128,128,128,128,128,128,128,128,128,128,128,128,128,128,128,128
128,128,128,128,128,128,128,128,128,128,128,128,128,128,128,128,128,128,128,128,128,128,128,128,128,128
128,128,128,128,128,128,128,128,128,128,128,128,128,128,128,128,128,128,128,128,128,128,128,128,128,128
128,128,128,128,128,128,128,128,128,128,128,128,128,128,128,128,128,128,128,128,128,128,128,128,128,128
128,128,128,128,128,128,128,128,128,128,128,128,128,128,128,128,128,128,128,128,128,128,128,128,128,128
