88,83,97,67,67,53,43,50,50,33,32,35,39,42,47,42,46,59,51,86,110,117,122,120,126,101
85,83,82,63,55,50,60,50,36,48,41,37,66,61,58,67,60,85,65,70,71,98,117,100,142,57
98,79,72,63,66,61,56,61,37,47,47,62,61,63,73,80,86,73,67,73,83,75,85,98,111,106
80,84,85,61,50,50,59,45,57,52,57,51,81,86,60,65,100,97,77,82,63,67,58,79,99,91
100,85,67,63,59,66,60,63,50,64,55,53,73,65,78,96,73,91,98,80,83,67,65,56,73,78
88,83,84,71,64,65,57,74,68,64,82,85,78,66,88,69,82,95,104,81,86,102,57,63,65,69
88,67,83,74,84,76,76,72,84,87,72,85,69,81,74,57,70,78,62,88,83,85,89,69,72,65
77,70,91,78,79,75,73,85,88,81,102,97,83,80,74,62,76,60,47,54,48,63,57,71,83,68
88,80,89,89,73,72,88,90,88,84,87,98,87,66,77,66,57,54,62,52,51,56,56,58,58,65
83,94,82,95,84,78,101,91,87,74,89,87,75,79,70,62,66,55,46,57,65,39,45,36,38,44
87,88,90,95,87,97,101,100,86,94,81,82,83,72,65,63,55,45,53,49,48,49,37,29,30,33
88,86,93,98,78,96,103,87,92,84,78,74,89,74,70,65,66,59,56,50,50,44,36,37,30,25
96,86,92,88,89,81,96,100,64,95,92,75,85,74,74,65,62,54,46,32,33,34,36,33,23,18
86,94,93,87,96,88,92,79,72,79,90,72,68,47,76,56,58,57,42,28,34,33,33,25,27,32
71,100,89,94,83,92,97,91,81,84,72,76,73,53,46,57,53,41,49,41,32,31,39,34,41,48
101,72,88,68,83,79,79,76,89,74,73,71,53,69,68,46,44,46,43,40,50,49,51,51,45,44
91,92,98,77,75,65,77,84,80,88,83,58,63,64,50,53,58,56,60,52,56,77,64,63,73,87
116,87,99,77,83,65,60,62,71,94,88,62,76,45,68,60,75,82,88,66,76,92,90,99,92,97
99,78,78,82,82,77,73,67,64,57,81,74,68,73,81,81,76,69,95,99,100,95,94,83,123,113
102,84,96,90,78,71,80,66,65,70,66,87,58,76,93,82,91,91,106,113,121,147,130,116,115,127
103,67,99,77,86,81,75,61,64,52,73,64,76,89,87,78,113,107,119,99,116,127,140,122,135,126
123,101,85,95,78,77,72,62,66,74,61,73,77,91,101,92,91,114,123,130,113,157,128,124,127,127
73,95,108,93,77,92,85,88,80,70,69,81,71,97,91,131,108,117,136,107,147,136,133,160,127,118
79,100,107,89,69,74,82,82,73,78,71,83,110,101,116,103,117,121,80,101,125,138,144,120,112,116
126,99,85,86,88,64,70,66,88,114,105,84,109,117,132,112,119,112,112,125,116,127,118,90,128,130
128,127,94,69,91,97,76,75,93,82,98,110,93,114,117,115,137,120,122,117,102,113,120,128,92,113
128,130,90,85,90,87,95,95,69,94,88,83,114,88,111,115,107,88,105,90,104,107,117,111,108,114
129,120,129,88,83,91,86,99,78,88,106,109,102,126,106,98,103,90,107,98,99,99,94,111,99,89
127,133,123,128,86,94,86,103,99,95,92,107,94,102,103,98,92,99,90,73,92,82,87,79,73,86
123,126,127,123,135,64,84,112,111,103,101,114,97,98,112,90,111,117,87,81,74,70,71,63,79,84
