128,128,128,128,128,128,128,128,127,127,129,127,129,128,94,94,93,84,83,81,78,74,63,57,59,59
128,128,128,128,128,128,128,128,129,130,130,129,125,125,111,97,91,89,89,82,74,71,67,71,65,68
128,128,128,128,128,128,128,128,126,125,123,129,129,129,129,92,90,87,85,79,80,81,77,79,71,74
128,128,128,128,128,128,128,128,134,131,127,129,129,125,126,90,96,91,86,82,88,89,78,76,77,78
128,128,128,128,128,128,128,128,124,125,129,125,128,127,133,126,93,92,94,91,90,89,84,87,86,89
128,128,128,128,128,128,128,128,130,130,134,126,128,128,124,130,102,95,98,96,91,90,92,97,92,98
128,128,128,128,128,128,128,128,126,125,127,128,130,134,127,127,125,104,101,100,93,94,95,95,100,104
128,128,128,128,128,128,128,128,128,129,128,130,122,129,130,127,129,102,100,104,97,100,105,104,109,108
128,128,128,128,128,128,128,128,128,128,128,128,128,128,128,128,126,103,102,111,107,105,111,110,117,125
128,128,128,128,128,128,128,128,128,128,128,128,128,128,128,128,133,119,109,107,110,112,117,123,118,126
128,128,128,128,128,128,128,128,128,128,128,128,128,128,128,128,128,130,119,112,121,123,121,127,129,130
128,128,128,128,128,128,128,128,128,128,128,128,128,128,128,128,123,131,126,122,130,130,125,128,132,132
128,128,128,128,128,128,128,128,128,128,128,128,128,128,128,128,129,129,128,128,128,129,130,130,123,132
128,128,128,128,128,128,128,128,128,128,128,128,128,128,128,128,131,125,128,130,126,127,130,127,124,140
128,128,128,128,128,128,128,128,128,128,128,128,128,128,128,128,128,125,128,130,129,130,130,126,131,142
128,128,128,128,128,128,128,128,128,128,128,128,128,128,128,128,128,130,128,126,130,134,134,133,131,134
128,128,128,128,128,128,128,128,128,128,128,128,128,128,128,128,129,129,129,128,128,130,135,139,136,134
128,128,128,128,128,128,128,128,128,128,128,128,128,128,128,128,128,128,128,127,127,129,133,136,132,130
128,128,128,128,128,128,128,128,128,128,128,128,128,128,128,128,128,128,128,127,127,128,131,133,139,131
128,128,128,128,128,128,128,128,128,128,128,128,128,128,128,128,128,128,128,128,127,127,129,130,123,131
128,128,128,128,128,128,128,128,128,128,128,128,128,128,128,128,128,128,129,128,128,128,128,128,121,125
128,128,128,128,128,128,128,128,128,128,128,128,128,128,128,128,129,129,129,128,128,128,128,128,133,119
128,128,128,128,128,128,128,128,128,128,128,128,128,128,128,128,129,128,128,128,128,128,128,128,124,122
128,128,128,128,128,128,128,128,128,128,128,128,128,128,128,128,128,128,128,128,128,128,128,128,128,131
128,128,128,128,128,128,128,128,128,128,128,128,128,128,128,128,128,128,128,128,128,128,128,128,127,127
128,128,128,128,128,128,128,128,128,128,128,128,128,128,128,128,128,128,128,128,128,128,128,128,130,129
128,128,128,128,128,128,128,128,128,128,128,128,128,128,128,128,128,128,128,128,128,128,128,128,126,129
128,128,128,128,128,128,128,128,128,128,128,128,128,128,128,128,128,128,128,128,128,128,128,128,125,128
128,128,128,128,128,128,128,128,128,128,128,128,128,128,128,128,128,128,128,128,128,128,128,128,129,128
128,128,128,128,128,128,128,128,128,128,128,128,128,128,128,128,128,128,128,128,128,128,128,128,129,126
