130,130,128,129,122,134,121,131,147,107,131,120,127,120,155,150,128,112,165,122,123,110,90,108,115,99
127,124,130,126,134,126,128,113,132,144,137,147,148,142,135,137,125,105,112,103,137,115,129,120,117,145
126,130,126,130,125,121,136,102,138,154,123,160,150,143,144,133,141,120,125,136,123,148,137,142,132,116
129,128,127,127,132,133,121,146,129,114,134,139,149,141,140,114,115,133,120,130,127,114,128,140,125,136
128,130,130,124,128,122,128,138,146,129,132,149,160,110,132,156,132,123,149,140,133,134,130,160,128,127
122,129,127,134,129,131,134,129,144,125,118,98,123,109,123,141,124,117,140,105,135,131,95,98,114,124
134,126,127,125,128,128,91,127,115,121,118,138,114,128,120,136,116,126,132,117,92,126,128,142,134,126
127,127,130,130,126,129,166,137,125,81,129,98,145,136,127,122,144,134,144,144,125,125,114,113,113,78
126,129,128,128,126,128,148,139,140,149,160,116,133,86,139,128,107,119,115,108,95,91,60,66,77,116
130,124,132,128,127,145,140,154,126,134,130,137,145,143,110,115,135,121,102,93,57,51,83,87,91,86
129,124,129,134,123,152,116,162,169,140,128,127,143,120,121,120,86,102,68,55,73,63,64,67,124,100
128,130,124,127,127,145,151,101,129,137,127,155,110,83,100,121,103,53,47,67,85,89,86,88,79,130
123,137,126,126,126,164,134,103,146,131,132,111,90,84,70,96,88,52,58,69,90,115,105,123,109,99
130,123,130,131,131,142,136,138,128,113,114,88,84,98,98,93,95,80,71,67,90,107,94,118,111,90
130,128,127,120,128,144,118,123,110,70,88,72,80,114,111,96,81,87,96,82,101,122,114,112,119,125
127,128,128,133,139,103,113,65,89,99,50,90,90,87,138,122,95,61,104,106,88,84,97,110,102,86
129,124,131,131,120,102,71,76,61,98,110,97,105,128,128,138,105,94,109,81,87,45,59,89,87,81
132,127,128,124,85,85,69,98,80,85,111,138,119,96,103,93,108,112,63,79,82,82,43,58,73,102
121,129,128,127,90,82,77,84,108,126,114,81,108,109,103,100,100,65,64,70,82,61,52,44,53,81
128,131,130,128,73,95,81,130,117,151,133,117,65,85,91,74,48,60,54,76,66,49,62,47,85,91
129,128,127,130,108,90,90,125,130,132,123,80,56,80,64,70,59,53,68,97,106,69,52,46,100,73
131,124,124,135,139,144,110,108,73,131,124,79,60,68,43,47,45,57,46,82,102,87,80,57,55,74
125,134,133,128,142,111,118,61,57,99,125,63,57,42,53,92,53,58,40,50,71,62,51,67,62,68
128,128,123,123,126,89,128,77,72,85,112,88,56,34,86,136,52,60,67,90,75,76,73,53,64,52
127,131,125,100,86,49,108,90,50,73,107,63,49,46,44,44,36,72,75,58,71,74,71,58,58,61
131,125,132,81,75,58,117,64,84,76,89,81,80,31,42,42,93,124,53,108,74,69,80,62,75,73
127,130,126,89,96,76,88,110,78,64,79,118,87,62,64,85,100,77,103,70,87,93,66,84,93,74
132,121,128,98,59,102,69,89,92,66,88,78,86,58,78,63,109,84,95,75,73,91,105,78,104,90
128,132,129,113,129,89,91,95,69,99,108,97,80,71,104,95,80,77,91,86,87,93,116,88,79,79
125,133,124,120,114,117,105,126,77,106,98,88,104,102,97,119,94,88,72,114,116,92,86,119,104,74
