125,129,40,50,76,45,19,27,70,114,113,121,128,133,129,136,98,140,175,151,143,148,188,171,162,160
131,127,37,73,67,27,12,62,129,125,117,109,125,128,153,142,146,140,148,153,146,140,163,154,166,185
128,124,73,101,51,9,40,92,129,103,106,117,121,116,148,152,139,117,140,137,142,154,169,154,175,168
131,132,102,87,35,6,71,112,117,102,106,116,118,125,151,148,132,110,123,144,151,158,185,158,147,168
125,129,119,83,30,27,98,111,127,107,103,122,118,127,147,155,134,152,129,146,142,170,184,188,175,152
130,126,108,75,14,59,115,112,105,87,90,125,120,124,130,143,142,136,147,159,152,160,183,196,168,158
130,128,102,69,4,88,123,116,106,91,91,116,111,121,124,135,161,145,147,157,159,176,192,195,198,195
124,130,108,65,18,112,123,110,108,93,102,125,124,119,113,118,141,158,135,152,164,194,182,175,209,193
129,130,106,53,29,117,114,113,101,82,94,109,117,112,112,118,139,135,143,154,179,177,182,189,199,205
127,127,103,52,33,109,98,117,95,88,106,106,120,122,123,114,115,131,158,154,193,173,144,179,198,185
127,131,106,46,36,121,107,106,116,86,84,100,110,128,124,117,127,124,136,143,158,160,145,188,181,198
128,127,93,39,58,90,117,104,98,89,88,93,109,92,115,126,134,143,136,144,161,167,174,191,191,207
126,131,100,49,60,111,111,102,97,110,78,95,100,106,122,113,113,136,138,138,160,160,164,202,205,189
130,127,115,33,51,122,114,108,101,101,76,97,96,96,120,105,122,120,140,148,150,162,179,186,196,178
127,130,105,46,44,118,115,111,108,105,92,97,101,105,128,120,107,125,129,141,143,163,198,180,155,148
125,128,116,56,36,115,111,100,99,103,86,73,94,114,120,119,107,142,137,139,153,168,176,180,158,169
127,132,123,59,0,130,104,105,100,92,91,72,98,96,108,123,104,107,119,136,147,183,176,170,186,157
129,127,139,61,9,131,122,114,105,103,91,91,83,111,107,111,111,131,124,138,140,176,177,160,171,160
127,131,173,86,3,102,118,111,101,82,96,82,78,112,105,112,108,121,132,133,146,149,170,152,178,164
130,123,178,103,31,51,118,109,105,97,88,87,78,98,107,122,129,113,116,134,126,148,160,155,169,141
130,126,165,115,34,19,115,107,99,99,75,83,97,80,105,106,120,114,122,109,109,135,157,143,137,163
126,127,177,131,52,12,97,106,101,90,87,86,107,100,88,103,110,115,99,90,120,119,147,122,161,145
127,128,186,155,56,12,51,117,100,111,80,100,97,107,88,103,108,110,117,103,105,134,120,135,145,135
129,131,184,167,66,31,21,104,106,111,87,96,94,112,86,92,110,118,105,111,102,130,130,123,122,148
127,127,198,168,121,50,25,49,105,111,96,97,112,104,100,76,93,102,107,106,100,105,113,121,135,133
128,127,192,171,145,51,22,5,99,102,108,101,108,105,94,77,74,107,118,93,100,119,109,112,122,145
129,125,193,188,168,87,54,10,22,89,100,97,109,105,91,92,74,74,92,88,106,107,106,104,116,132
130,125,183,180,170,169,55,36,10,37,85,99,100,90,92,87,78,73,83,95,90,97,90,95,94,95
128,130,184,180,179,159,99,33,39,19,54,87,93,89,88,67,73,72,68,81,85,95,75,86,100,103
127,122,186,193,177,157,141,64,41,40,0,57,84,94,82,85,83,70,78,75,75,83,80,71,81,95
