191,178,179,167,157,156,137,126,121,126,125,122,123,123,123,121,120,122,128,128,134,139,137,139,145,145
215,209,205,183,168,170,160,151,138,131,129,125,126,125,127,130,129,133,132,133,137,139,140,145,152,156
219,210,215,200,184,180,170,170,157,139,136,134,138,136,137,139,132,131,137,140,141,141,143,146,152,158
225,219,208,215,213,199,178,186,186,174,153,145,142,132,132,139,137,140,137,145,147,148,153,156,158,166
225,221,216,218,212,202,210,197,183,179,177,156,161,143,143,146,140,138,142,149,148,154,155,156,167,170
227,223,223,220,217,211,210,204,197,189,190,193,180,167,152,150,152,145,151,142,145,141,145,161,156,162
229,226,221,216,216,216,206,208,207,199,206,201,184,187,185,168,163,153,156,157,149,153,153,163,164,163
232,230,218,216,213,214,203,207,204,198,210,192,186,187,202,184,175,174,160,165,155,168,166,166,167,162
234,232,222,223,216,213,205,205,195,190,190,203,210,220,215,207,190,190,183,170,171,173,174,177,161,163
234,231,224,224,216,211,209,205,191,181,201,200,206,197,216,192,210,201,208,196,189,186,186,181,175,175
233,228,224,216,213,208,206,202,190,170,213,209,190,214,205,220,211,214,214,213,202,197,200,188,199,190
232,227,229,211,211,206,201,196,188,157,208,205,209,203,192,218,212,218,218,209,214,200,215,217,212,201
225,223,215,213,204,195,203,188,186,174,190,180,202,196,202,213,216,212,219,210,217,217,212,198,214,216
190,178,203,207,192,177,178,196,181,182,194,205,201,202,206,207,204,203,212,221,210,216,213,217,210,186
219,191,160,186,191,190,189,191,180,173,213,193,185,207,199,200,211,210,214,209,215,212,209,172,204,215
217,171,166,178,191,180,188,177,180,206,189,213,185,207,193,199,210,209,206,217,212,193,195,216,220,224
223,173,152,152,157,206,169,170,177,177,208,192,211,194,215,199,197,206,209,171,197,216,207,214,220,212
216,175,149,142,163,156,210,167,180,171,208,202,218,201,180,206,166,159,199,203,213,207,203,215,199,221
212,174,152,142,140,154,154,196,154,182,172,202,168,171,160,166,181,198,214,212,160,205,213,170,210,214
221,173,150,145,140,150,151,148,179,163,164,177,171,171,172,194,203,203,186,199,172,216,166,204,206,213
234,174,172,151,141,146,148,165,164,169,180,165,163,172,180,172,174,172,216,206,214,209,206,201,193,215
241,224,150,160,147,148,159,146,167,157,169,134,183,184,167,161,178,185,194,193,155,209,220,208,187,212
241,247,141,149,148,131,140,150,138,148,132,161,157,142,171,161,158,151,161,166,178,178,184,192,180,215
255,246,213,140,140,160,141,143,141,145,129,140,131,152,168,172,186,159,166,145,172,185,192,179,215,186
254,249,243,154,145,143,151,148,142,128,141,139,167,163,150,164,164,178,150,155,178,179,180,184,183,213
231,243,247,150,141,146,148,142,129,111,120,154,161,156,147,143,169,145,151,170,177,188,177,201,176,178
237,239,239,190,147,151,154,141,129,109,138,141,151,143,157,159,141,129,150,186,182,186,171,164,175,195
239,243,236,154,146,139,146,129,119,122,143,137,131,138,147,153,132,132,138,152,136,145,161,157,173,179
220,229,234,168,140,155,133,142,112,128,138,137,140,142,136,134,119,143,142,135,158,144,160,152,176,166
164,187,202,127,125,142,151,134,94,141,136,140,127,123,136,125,118,135,125,137,128,136,152,158,146,158
