126,135,152,150,138,138,132,94,100,114,112,125,142,166,149,157,145,126,131,125,112,125,98,95,88,102
128,121,178,133,133,144,117,108,104,85,94,126,148,145,153,138,150,139,133,111,134,121,100,92,92,95
126,128,169,120,142,122,120,99,88,90,125,129,138,152,140,133,126,128,123,121,108,98,108,100,112,97
128,127,191,136,147,132,92,93,111,99,134,134,161,136,143,121,127,117,114,120,113,123,117,112,114,116
125,129,163,156,132,142,119,108,134,119,129,136,156,146,117,116,95,110,91,122,91,119,111,112,116,116
128,129,167,152,155,140,143,131,133,132,136,135,128,150,114,137,111,99,122,96,104,105,107,117,111,100
124,123,149,179,163,165,130,136,133,125,146,147,132,150,127,144,98,123,115,103,83,91,101,102,96,107
129,126,188,175,190,160,162,142,153,154,154,150,143,136,143,117,129,114,104,108,109,102,112,109,105,99
129,127,161,164,155,153,169,152,158,154,167,154,167,167,143,150,127,118,102,129,110,134,126,115,99,98
127,125,200,200,194,194,180,165,168,165,179,175,174,157,174,148,158,131,129,140,126,124,137,146,131,128
121,128,213,197,202,200,190,190,158,189,181,143,173,171,160,154,164,144,165,145,146,163,138,140,158,155
129,129,124,213,196,199,174,206,172,167,167,171,177,192,147,160,177,183,160,161,154,185,172,180,175,164
128,122,128,205,204,203,193,155,183,189,178,141,174,169,165,154,194,188,187,181,147,179,192,197,180,180
126,129,130,209,197,205,182,169,190,171,153,174,165,156,161,190,182,186,199,183,193,187,182,188,184,191
129,126,129,197,191,190,173,187,184,175,189,162,155,191,179,191,172,189,188,164,204,196,201,188,194,189
124,126,125,216,192,191,164,181,201,189,192,166,185,191,198,206,186,189,191,186,197,190,193,195,178,196
134,126,128,198,186,176,177,170,186,187,190,191,204,202,202,199,195,201,209,197,189,209,190,186,180,181
122,128,125,205,176,188,184,162,196,172,176,182,192,201,203,198,190,201,188,200,198,191,185,192,196,195
129,128,131,200,175,189,193,183,184,181,171,178,196,196,210,177,170,209,195,201,193,173,186,189,194,187
126,124,127,209,172,187,176,188,177,181,180,186,201,201,188,188,196,196,197,198,194,195,187,204,204,195
127,127,127,125,191,188,178,191,152,157,194,177,184,199,209,201,197,196,205,206,195,180,192,186,203,181
126,128,124,129,173,192,165,178,150,162,206,171,186,197,207,184,200,179,198,191,195,184,186,182,190,197
125,125,131,126,193,182,169,171,144,176,192,174,159,197,202,204,195,197,182,209,180,186,183,188,183,190
128,128,128,122,180,165,178,148,165,195,197,192,202,202,190,189,197,206,194,206,184,173,188,187,186,192
126,130,125,127,200,167,166,161,193,176,187,206,186,187,207,182,197,191,205,188,190,178,182,175,195,171
125,124,129,131,197,185,162,187,185,173,192,194,192,178,204,192,187,192,193,195,185,192,180,174,201,194
129,124,127,129,120,189,171,174,198,174,180,191,170,188,182,177,186,193,193,194,189,189,189,184,149,159
123,131,126,128,128,179,161,181,198,159,191,186,179,196,195,196,197,185,200,183,188,195,186,194,184,173
128,125,128,127,123,180,200,194,178,159,203,197,175,176,197,190,200,191,181,195,198,182,179,178,172,189
126,129,129,125,131,176,196,175,168,175,164,189,172,187,174,183,188,186,196,177,186,176,184,189,197,175
