128,125,59,47,51,46,61,77,70,75,73,86,86,89,76,77,97,101,93,65,71,65,58,47,46,40
128,127,67,80,90,99,108,151,118,144,127,105,64,54,56,64,75,70,97,87,91,80,64,68,61,54
126,130,84,88,80,99,133,117,110,88,104,90,99,92,95,89,92,97,96,69,66,66,71,69,62,60
128,124,81,67,100,128,158,151,155,141,138,134,116,129,121,110,113,98,90,88,89,84,66,64,66,60
128,127,103,101,126,150,141,135,157,129,138,126,121,100,121,122,102,100,110,92,92,77,73,72,66,63
130,122,117,126,130,148,143,147,132,137,131,144,115,118,113,118,109,104,92,104,96,86,78,85,61,62
130,122,129,128,140,142,153,152,139,138,125,118,116,109,107,109,95,94,85,90,97,73,83,76,81,80
125,132,132,129,145,146,139,125,127,124,113,114,114,108,96,103,94,106,81,94,90,89,83,64,58,51
125,130,127,126,131,147,134,118,110,114,109,96,89,107,99,92,88,84,68,62,49,27,28,30,43,47
130,121,151,145,140,136,125,95,108,95,102,93,87,95,81,61,49,36,17,21,36,63,64,68,71,70
127,128,131,141,130,122,112,110,95,86,98,81,78,62,38,28,24,43,58,62,73,72,72,50,49,29
127,129,145,137,126,110,106,98,98,75,66,55,36,22,22,47,53,73,73,59,47,39,19,7,10,7
126,122,134,144,122,109,88,85,75,62,54,18,26,29,57,62,63,46,29,13,13,13,5,4,0,3
134,126,131,143,113,104,75,73,48,49,41,43,47,50,52,45,25,16,15,7,12,5,20,4,10,11
125,125,133,116,97,87,77,64,54,54,42,53,41,28,19,14,9,11,8,14,17,42,56,6,14,19
127,130,128,114,102,88,78,63,56,56,44,27,22,13,17,7,6,9,14,49,121,112,121,20,13,29
128,128,112,112,103,81,66,54,48,46,37,37,29,23,17,14,14,10,114,207,170,171,138,44,14,29
124,130,120,104,113,85,91,77,66,57,62,43,47,22,26,19,13,25,59,192,226,207,215,96,20,22
127,128,113,98,108,100,73,80,68,65,54,60,43,47,32,37,37,35,43,57,144,218,205,175,37,15
127,126,123,117,97,95,81,80,74,73,84,67,77,61,63,49,51,35,38,36,46,73,163,165,168,26
131,129,113,106,109,107,90,86,81,100,89,89,65,70,63,58,71,54,50,33,45,39,35,77,112,94
124,127,130,117,123,110,108,101,97,101,78,87,80,88,79,65,72,49,50,51,39,38,36,47,59,47
128,132,119,95,117,110,105,112,106,104,101,98,101,78,83,71,78,65,56,55,62,45,49,26,29,41
125,124,139,136,118,125,120,111,109,100,96,102,110,93,90,80,73,62,71,60,57,58,48,51,53,37
129,127,137,135,132,146,118,111,117,113,118,108,110,93,95,90,69,68,62,64,54,58,49,56,53,45
125,132,153,139,138,142,116,118,115,117,116,114,112,117,105,96,84,77,79,69,57,48,48,44,49,31
128,125,161,140,140,131,141,146,123,112,130,113,116,121,114,100,103,85,94,92,81,83,72,65,55,67
127,129,146,177,154,162,144,149,130,123,128,102,109,109,112,98,98,101,95,82,94,88,85,92,86,72
128,131,170,166,156,162,166,158,130,145,134,120,124,111,107,109,99,93,91,96,105,93,89,77,83,73
125,125,140,173,165,180,179,153,164,185,140,126,120,128,121,121,105,108,102,104,108,89,79,93,95,102
