128,128,128,128,128,128,128,128,128,128,128,128,126,130,19,17,7,17,32,19,31,48,30,44,35,21
128,128,128,128,128,128,128,128,130,127,124,134,126,128,6,9,21,19,17,32,50,47,44,26,15,12
128,128,128,128,128,128,128,128,123,129,133,126,128,131,133,16,14,27,28,40,39,28,35,25,14,11
128,128,128,128,128,128,128,128,129,130,126,123,128,128,123,5,25,28,41,26,35,56,16,17,5,12
128,128,128,128,128,128,128,128,125,128,130,135,124,133,124,129,52,50,33,30,34,20,18,5,10,7
128,128,128,128,128,128,128,128,131,128,127,127,125,126,134,127,49,33,51,22,18,18,28,0,12,9
128,128,128,128,128,128,128,128,127,129,129,126,129,132,124,127,131,28,13,17,25,11,15,13,20,25
128,128,128,128,128,128,128,128,128,127,129,127,130,125,129,128,127,27,9,27,29,23,7,26,5,28
128,128,128,128,128,128,128,128,128,128,128,128,128,128,128,128,127,18,20,15,7,16,20,28,4,34
128,128,128,128,128,128,128,128,128,128,128,128,128,128,128,128,129,135,20,22,19,8,10,20,32,41
128,128,128,128,128,128,128,128,128,128,128,128,128,128,128,128,124,128,6,26,25,30,19,45,40,31
128,128,128,128,128,128,128,128,128,128,128,128,128,128,128,128,126,134,130,37,9,32,32,32,27,34
128,128,128,128,128,128,128,128,128,128,128,128,128,128,128,128,132,124,127,30,22,32,43,39,23,22
128,128,128,128,128,128,128,128,128,128,128,128,128,128,128,128,124,130,128,133,34,30,36,28,22,17
128,128,128,128,128,128,128,128,128,128,128,128,128,128,128,128,133,122,130,121,130,38,31,26,28,10
128,128,128,128,128,128,128,128,128,128,128,128,128,128,128,128,125,130,130,127,129,43,11,17,12,17
128,128,128,128,128,128,128,128,128,128,128,128,128,128,128,128,127,129,128,133,124,128,19,28,17,20
128,128,128,128,128,128,128,128,128,128,128,128,128,128,128,128,132,125,126,127,132,134,14,7,4,25
128,128,128,128,128,128,128,128,128,128,128,128,128,128,128,128,128,132,127,127,122,128,121,5,4,18
128,128,128,128,128,128,128,128,128,128,128,128,128,128,128,128,127,126,128,127,134,129,132,22,10,8
128,128,128,128,128,128,128,128,128,128,128,128,128,128,128,128,126,130,132,130,121,131,125,126,8,22
128,128,128,128,128,128,128,128,128,128,128,128,128,128,128,128,130,130,123,132,123,130,131,126,131,23
128,128,128,128,128,128,128,128,128,128,128,128,128,128,128,128,128,124,130,127,136,125,123,130,128,12
128,128,128,128,128,128,128,128,128,128,128,128,128,128,128,128,129,129,128,126,127,127,130,127,127,131
128,128,128,128,128,128,128,128,128,128,128,128,128,128,128,128,128,128,128,128,128,128,128,128,130,127
128,128,128,128,128,128,128,128,128,128,128,128,128,128,128,128,128,128,128,128,128,128,128,128,127,125
128,128,128,128,128,128,128,128,128,128,128,128,128,128,128,128,128,128,128,128,128,128,128,128,126,130
128,128,128,128,128,128,128,128,128,128,128,128,128,128,128,128,128,128,128,128,128,128,128,128,131,128
128,128,128,128,128,128,128,128,128,128,128,128,128,128,128,128,128,128,128,128,128,128,128,128,126,127
128,128,128,128,128,128,128,128,128,128,128,128,128,128,128,128,128,128,128,128,128,128,128,128,129,129
