99,89,85,75,92,69,80,93,91,127,200,239,241,230,173,179,169,178,167,169,169,164,188,184,189,198
207,188,193,195,186,188,167,139,154,194,226,244,231,181,183,192,193,179,182,183,164,163,184,195,193,205
228,235,240,239,231,224,202,189,186,214,240,217,172,194,205,219,201,206,201,181,174,172,174,187,200,193
223,230,243,254,235,207,185,176,191,202,155,163,180,211,222,220,223,208,207,199,190,196,182,192,194,196
206,227,239,241,237,189,135,104,111,147,181,183,195,219,219,217,221,213,199,210,211,182,195,191,201,203
207,217,219,216,177,151,143,161,180,180,197,205,209,220,227,228,222,223,216,221,217,220,206,199,192,202
200,204,210,200,155,165,181,190,189,213,217,210,211,220,217,225,223,229,222,223,225,223,218,213,208,200
205,204,207,200,189,177,180,204,217,214,224,230,217,202,204,230,230,228,224,225,228,229,225,222,216,209
221,215,219,201,179,174,180,209,212,227,216,219,223,212,231,231,229,228,227,228,231,231,229,227,223,217
212,217,194,154,172,181,179,171,196,202,220,221,226,214,224,225,228,227,232,231,233,233,231,229,228,224
203,213,210,183,183,197,176,183,210,212,194,193,201,212,203,218,224,232,230,230,234,237,235,234,233,231
186,207,220,211,207,198,203,187,199,187,207,190,204,210,206,207,228,237,219,222,231,237,236,234,234,233
201,216,221,211,214,218,194,184,187,184,189,187,212,211,220,219,228,218,218,222,232,238,236,233,235,236
228,235,230,218,213,209,215,207,201,219,216,208,205,231,224,230,217,230,229,232,240,243,238,236,239,243
228,236,237,234,228,219,220,226,224,223,192,201,214,225,225,219,223,235,231,227,227,233,240,242,242,243
225,228,237,238,233,231,225,233,235,224,226,223,230,227,209,209,226,232,237,234,235,239,241,240,240,242
202,209,209,234,240,248,243,236,234,242,236,232,237,235,225,229,238,235,237,231,228,235,243,245,241,237
187,184,188,199,218,236,232,243,246,240,240,241,236,234,242,245,242,244,235,238,241,242,238,234,235,239
198,204,203,216,215,209,222,246,245,253,243,246,241,240,246,244,240,247,241,245,249,247,242,238,240,244
215,235,220,209,213,211,207,219,239,253,252,247,249,251,248,247,248,246,248,244,242,244,247,249,246,243
212,216,210,210,207,214,221,201,219,234,252,252,253,250,246,248,251,249,248,250,250,246,240,238,240,242
184,193,193,219,223,218,200,164,190,184,212,242,255,252,255,250,244,250,249,250,248,244,241,241,243,245
110,115,130,118,170,192,180,158,159,152,163,219,240,248,251,249,248,250,248,248,252,249,240,242,248,247
103,117,101,108,127,180,216,176,158,129,133,157,201,228,243,234,244,239,245,247,245,249,255,244,239,253
77,90,98,119,112,170,169,171,130,131,101,112,114,147,178,211,218,221,233,242,247,245,246,251,250,245
81,96,99,95,104,133,149,141,154,106,100,69,85,79,124,164,144,168,217,227,242,245,240,243,248,246
160,168,169,199,188,183,186,168,148,143,105,68,64,58,62,67,83,126,171,213,233,232,238,239,237,246
216,223,229,228,234,226,234,240,215,226,174,144,79,40,34,50,50,80,128,188,223,221,227,239,240,238
232,239,233,242,235,239,255,251,247,247,238,235,114,17,20,14,52,75,141,177,213,225,224,228,235,238
226,242,236,243,253,244,250,252,246,248,248,220,103,42,47,51,73,107,168,209,223,217,225,229,227,234
