74,6,15,19,38,48,23,11,7,16,16,19,16,26,14,14,9,17,26,27,19,21,24,13,20,25
215,46,14,16,25,54,31,17,14,16,17,17,16,26,21,22,19,27,27,24,18,23,20,20,26,22
237,150,36,16,6,21,41,37,23,15,30,24,20,26,26,25,23,26,24,23,24,26,27,27,29,21
233,228,97,36,36,6,20,30,41,29,28,21,20,27,33,29,25,22,21,20,26,28,35,28,26,24
237,234,207,73,43,35,18,7,21,74,35,24,16,21,29,31,28,25,27,21,18,29,35,31,28,19
240,237,231,159,84,58,40,16,13,15,37,43,35,39,32,36,33,47,25,39,38,36,33,26,24,18
244,239,232,209,166,94,63,31,23,8,16,15,33,53,29,35,40,31,32,49,36,33,35,26,25,14
246,238,229,215,228,174,103,58,39,34,26,11,4,2,16,31,48,51,37,38,51,42,39,40,28,37
248,238,237,214,198,206,106,69,57,56,47,43,34,18,22,14,14,15,27,31,39,52,55,54,58,56
249,241,226,214,192,197,108,88,83,71,68,59,53,55,53,53,39,22,23,20,10,18,22,20,24,14
250,247,226,201,197,164,90,80,93,88,95,109,106,96,90,79,69,72,63,52,66,49,50,58,42,76
249,252,232,180,181,172,98,78,97,100,116,111,137,152,170,174,178,151,156,160,145,150,157,132,128,159
247,248,237,212,206,211,211,124,86,96,108,121,127,170,183,185,198,204,190,211,216,208,208,217,207,218
247,243,242,229,204,218,223,220,108,94,108,122,125,156,170,187,200,197,210,216,210,219,225,209,221,219
248,240,234,237,224,221,222,222,227,103,104,123,116,126,146,169,185,212,204,205,214,219,219,212,224,223
249,244,254,252,233,229,228,229,237,228,99,105,114,126,142,163,165,179,187,196,207,216,209,217,219,222
251,251,238,249,246,231,236,243,248,243,135,90,119,126,108,134,158,153,185,200,194,215,218,212,219,219
253,254,255,252,246,246,237,251,254,252,232,102,96,106,114,142,163,158,177,193,205,206,215,213,219,221
254,250,254,249,252,255,248,246,255,251,242,102,93,99,126,130,137,150,158,172,212,202,203,218,215,222
253,246,240,253,254,247,254,255,253,252,236,109,111,92,109,119,135,146,150,160,193,214,205,214,216,217
241,237,229,233,242,237,236,237,250,243,167,106,102,91,110,110,128,128,146,153,155,209,194,201,217,221
238,217,199,165,112,100,144,201,226,225,150,112,104,84,97,104,124,126,146,142,166,190,195,227,210,222
135,113,87,94,100,91,146,210,232,188,194,159,117,95,90,95,105,118,132,149,150,173,196,203,225,222
206,223,207,190,161,174,210,219,198,207,202,186,138,117,96,95,96,116,127,131,161,174,199,200,215,226
232,236,209,179,160,148,193,207,211,207,213,201,154,110,98,99,105,113,115,126,137,173,185,185,212,214
231,224,209,145,151,200,209,220,222,219,220,207,186,135,126,101,99,93,114,124,136,167,164,195,208,222
215,203,182,181,212,214,222,221,222,218,214,207,205,165,136,107,103,109,97,110,132,156,169,199,201,216
219,212,200,193,211,219,226,227,217,219,223,219,209,187,149,142,106,91,99,112,117,141,190,196,216,213
214,199,189,195,206,219,222,222,225,224,224,227,213,209,178,142,117,101,97,116,118,136,199,189,212,226
202,175,177,199,196,196,205,219,228,207,220,226,223,205,192,166,102,109,113,102,126,142,152,198,199,225
