8,6,3,4,4,3,2,8,3,9,6,1,6,9,11,27,20,8,1,5,8,7,7,11,6,1
8,4,2,3,3,5,5,7,13,10,7,8,3,11,14,18,11,4,8,14,9,16,11,11,15,2
2,0,4,6,5,8,8,7,21,9,3,8,7,16,19,13,9,7,15,15,7,14,13,5,10,19
8,10,6,8,1,1,2,9,23,16,12,17,23,29,31,25,29,26,30,21,17,8,6,12,10,16
11,7,6,9,15,8,6,16,19,23,23,24,31,31,30,28,33,28,30,22,14,22,18,21,16,13
25,28,29,38,50,42,33,34,25,33,34,32,42,39,34,32,31,25,29,30,11,24,28,22,7,11
108,67,88,68,55,56,47,34,27,29,28,26,35,32,25,26,20,15,18,22,23,11,20,18,5,3
133,112,98,75,74,84,76,51,48,38,33,31,22,22,16,23,18,17,16,18,13,19,26,6,19,26
163,153,121,120,129,88,56,43,47,37,24,23,24,24,23,12,30,26,25,25,18,22,22,29,22,24
166,171,181,169,162,142,124,100,82,61,43,35,35,22,25,23,22,21,24,23,24,30,33,25,37,44
183,180,185,195,175,177,175,168,146,138,109,87,71,60,42,34,33,43,46,35,41,38,45,51,55,59
190,182,187,189,193,177,185,154,169,162,168,141,101,92,96,66,62,74,58,69,63,75,70,78,64,75
198,193,196,192,191,186,191,181,181,185,181,162,163,140,124,101,86,67,72,77,113,119,99,102,120,129
195,194,181,188,189,180,187,178,187,188,189,177,160,175,145,135,162,122,104,107,108,128,147,126,138,156
189,201,198,193,192,187,179,184,184,198,188,185,164,159,179,165,160,157,143,137,128,101,121,138,138,137
177,186,190,184,192,187,189,181,191,190,187,184,174,194,177,191,196,175,181,173,147,143,126,138,125,136
192,185,183,179,178,179,183,191,197,187,194,194,189,189,191,176,193,184,175,176,182,149,160,148,157,164
166,174,179,188,186,186,179,178,186,192,174,171,190,192,194,178,186,188,184,180,172,151,157,173,159,186
169,173,168,177,188,179,170,192,181,179,181,188,171,175,185,190,195,188,177,179,180,181,172,161,153,178
168,163,177,174,185,182,177,174,172,177,152,171,179,171,179,194,185,182,181,186,179,167,164,179,150,165
140,170,170,165,172,172,174,187,180,170,174,166,140,168,161,168,183,178,159,175,172,172,178,179,182,152
143,152,160,148,162,161,168,168,175,154,148,166,144,148,164,187,178,179,177,163,167,173,165,178,160,165
118,134,143,152,146,153,148,153,160,150,167,151,170,161,161,173,164,167,177,169,168,170,152,158,161,147
107,131,126,138,124,142,147,158,162,143,160,166,142,160,156,158,169,170,165,156,150,163,157,164,159,143
110,114,137,137,137,109,142,150,158,148,134,137,132,139,149,147,168,154,148,161,162,154,150,148,166,160
105,108,118,116,138,137,148,143,137,140,133,123,145,143,139,139,158,149,145,151,137,144,151,150,153,151
103,105,114,128,133,119,109,140,139,128,126,136,137,137,135,141,152,147,146,150,138,137,133,154,138,147
96,92,93,103,118,131,122,134,125,119,122,129,142,132,129,127,130,136,136,145,130,136,138,145,135,152
83,93,101,96,117,111,107,126,134,121,117,130,132,118,127,125,131,141,127,130,136,131,143,126,131,135
78,87,100,95,104,115,123,115,115,110,112,117,117,107,118,112,121,134,132,143,138,125,136,143,144,138
