128,128,128,128,128,128,128,128,128,130,129,127,128,131,131,129,124,107,122,124,118,106,114,98,105,97
128,128,128,128,128,128,128,128,129,129,128,127,128,130,128,123,122,113,120,133,112,108,102,95,94,93
128,128,128,128,128,128,128,128,129,129,128,127,129,130,126,120,113,112,119,120,110,111,113,106,102,96
128,128,128,128,128,128,128,128,127,128,128,128,129,130,128,124,113,121,123,107,103,113,118,106,112,89
128,128,128,128,128,128,128,128,127,128,129,128,128,129,129,128,119,121,111,116,103,113,106,106,99,93
128,128,128,128,128,128,128,128,128,129,129,128,127,126,128,129,111,123,116,99,95,118,117,99,97,109
128,128,128,128,128,128,128,128,128,128,128,128,127,127,128,128,133,108,108,106,110,94,103,106,107,102
128,128,128,128,128,128,128,128,129,128,127,128,129,129,129,129,126,111,109,114,107,101,101,99,103,85
128,128,128,128,128,128,128,128,128,128,128,128,128,128,128,128,129,106,102,115,99,102,103,104,99,86
128,128,128,128,128,128,128,128,128,128,128,128,128,128,128,128,127,128,115,111,108,113,103,110,92,102
128,128,128,128,128,128,128,128,128,128,128,128,128,128,128,128,133,126,103,112,97,99,108,96,83,98
128,128,128,128,128,128,128,128,128,128,128,128,128,128,128,128,124,129,133,115,90,86,78,91,83,84
128,128,128,128,128,128,128,128,128,128,128,128,128,128,128,128,128,128,125,90,78,73,94,83,105,96
128,128,128,128,128,128,128,128,128,128,128,128,128,128,128,128,128,125,131,131,71,82,68,74,80,88
128,128,128,128,128,128,128,128,128,128,128,128,128,128,128,128,129,128,124,124,133,74,78,85,87,85
128,128,128,128,128,128,128,128,128,128,128,128,128,128,128,128,126,129,128,130,127,50,54,56,60,48
128,128,128,128,128,128,128,128,128,128,128,128,128,128,128,128,128,130,125,130,128,125,62,52,57,74
128,128,128,128,128,128,128,128,128,128,128,128,128,128,128,128,127,124,131,120,135,128,53,62,56,61
128,128,128,128,128,128,128,128,128,128,128,128,128,128,128,128,127,135,129,129,125,130,131,47,38,42
128,128,128,128,128,128,128,128,128,128,128,128,128,128,128,128,124,128,128,132,128,125,127,53,56,59
128,128,128,128,128,128,128,128,128,128,128,128,128,128,128,128,131,124,128,125,129,131,129,129,50,67
128,128,128,128,128,128,128,128,128,128,128,128,128,128,128,128,128,129,129,136,125,123,135,122,134,47
128,128,128,128,128,128,128,128,128,128,128,128,128,128,128,128,130,125,124,126,130,128,127,131,127,40
128,128,128,128,128,128,128,128,128,128,128,128,128,128,128,128,129,129,132,125,129,127,128,127,126,132
128,128,128,128,128,128,128,128,128,128,128,128,128,128,128,128,128,128,128,128,128,128,128,128,125,132
128,128,128,128,128,128,128,128,128,128,128,128,128,128,128,128,128,128,128,128,128,128,128,128,134,119
128,128,128,128,128,128,128,128,128,128,128,128,128,128,128,128,128,128,128,128,128,128,128,128,129,135
128,128,128,128,128,128,128,128,128,128,128,128,128,128,128,128,128,128,128,128,128,128,128,128,124,129
128,128,128,128,128,128,128,128,128,128,128,128,128,128,128,128,128,128,128,128,128,128,128,128,123,132
128,128,128,128,128,128,128,128,128,128,128,128,128,128,128,128,128,128,128,128,128,128,128,128,133,129
