86,82,90,91,105,117,119,109,112,116,115,105,98,103,114,109,115,114,122,130,146,138,134,137,137,148
84,83,91,94,101,114,114,113,108,104,107,101,102,110,107,103,115,107,126,128,148,133,141,131,147,134
76,80,71,82,95,89,94,96,103,112,99,100,104,111,98,98,105,110,126,121,135,147,118,137,140,131
64,67,76,78,91,85,100,95,95,105,114,119,96,92,104,108,101,108,113,130,143,142,147,139,144,122
62,65,75,67,84,85,91,91,101,114,110,113,107,90,110,100,108,107,130,148,154,149,164,144,144,134
60,59,63,71,87,82,92,97,85,106,114,110,103,110,99,102,102,104,127,133,150,164,150,150,133,116
56,60,58,71,73,85,105,96,113,108,114,113,114,130,119,106,127,109,146,144,161,161,164,147,120,104
51,63,65,69,80,90,92,112,100,126,130,135,132,139,125,127,137,139,149,161,173,185,162,144,128,107
50,56,68,76,74,93,110,105,127,119,134,145,153,143,151,149,160,157,159,160,177,181,166,138,125,123
63,60,66,72,91,101,97,110,124,134,132,138,154,148,157,163,155,166,177,179,178,166,176,149,122,115
48,64,70,82,88,92,97,101,106,127,145,143,155,157,160,172,170,188,188,190,186,181,174,138,124,112
47,68,76,75,83,90,103,94,122,131,141,148,156,168,175,177,186,200,185,199,196,194,177,133,119,119
55,66,79,86,93,91,114,102,106,111,140,143,172,180,183,180,192,212,193,210,198,200,165,160,132,109
62,82,81,91,89,82,102,92,113,138,138,161,168,174,202,187,200,199,206,209,215,202,198,152,135,95
82,86,93,97,88,99,98,98,109,113,137,157,166,177,187,191,197,202,208,205,203,207,190,166,135,106
88,96,85,108,88,94,98,116,129,120,146,137,171,187,179,190,200,207,210,213,215,204,207,172,151,121
86,88,97,91,87,89,108,94,106,115,111,156,169,181,205,197,214,197,217,219,213,223,204,186,162,141
85,87,89,93,82,98,106,124,114,118,124,148,186,178,190,208,199,217,220,218,223,219,217,209,201,143
95,92,88,89,95,96,101,118,127,124,152,165,186,177,198,194,206,216,212,223,219,222,224,215,203,178
92,96,100,87,102,101,103,107,122,132,148,155,176,187,201,203,204,214,214,216,220,222,228,226,215,200
86,98,80,92,104,120,102,114,131,129,161,154,183,193,195,215,215,217,220,221,220,232,229,226,229,219
93,99,88,107,110,109,105,113,142,154,166,172,202,203,200,218,219,214,219,223,226,226,228,232,224,224
108,97,95,111,96,108,131,127,139,151,160,184,196,203,214,212,214,215,220,223,220,231,226,229,235,229
89,107,108,110,120,122,122,114,136,163,181,190,195,197,217,214,220,220,218,221,223,222,231,239,234,230
119,106,104,113,111,110,141,134,155,186,185,196,204,201,214,216,219,219,211,215,223,227,231,232,240,232
99,109,111,110,121,126,141,150,163,173,187,192,189,201,209,208,204,217,218,221,226,224,230,231,237,234
116,111,110,122,123,131,147,150,168,179,182,192,200,208,201,215,205,210,217,220,219,225,232,236,237,237
122,130,133,139,143,147,152,161,168,179,188,190,196,193,205,201,210,222,207,219,216,222,230,235,238,240
139,138,132,137,153,154,152,173,177,177,184,186,194,203,203,205,218,208,217,208,217,223,230,235,238,240
125,151,140,161,144,175,173,173,186,177,178,203,217,189,189,199,212,202,211,217,218,224,230,234,237,239
