91,115,85,76,72,72,68,56,51,55,54,49,59,62,46,60,51,46,68,74,98,120,127,139,166,179
63,71,60,80,82,96,71,69,62,42,52,44,53,43,54,48,61,49,66,61,96,102,117,136,144,155
57,54,43,56,48,68,54,67,75,62,78,83,88,69,71,60,72,74,91,83,82,108,117,127,171,199
56,52,43,42,36,32,53,50,59,72,60,83,69,63,54,58,70,77,99,81,87,92,118,137,168,172
54,43,43,46,41,44,35,43,40,34,45,31,27,24,26,25,44,47,69,52,36,38,70,82,118,121
60,45,46,47,42,34,35,35,29,34,38,24,38,33,35,31,38,56,62,68,52,36,45,59,108,105
59,54,55,47,43,38,38,35,31,35,38,31,30,33,33,40,39,60,55,74,69,55,59,60,73,93
61,56,53,42,39,37,38,31,30,34,32,38,33,39,37,38,48,45,58,70,81,66,50,59,70,83
59,54,57,45,36,35,30,31,34,31,28,33,29,34,35,38,46,55,45,60,57,58,57,46,61,48
60,59,51,43,35,41,40,42,32,37,36,29,38,35,44,35,34,63,57,55,64,72,67,61,58,50
84,68,65,62,69,57,43,56,45,53,56,47,57,51,42,51,55,53,63,90,93,100,104,106,111,101
80,74,67,78,75,73,71,84,73,67,72,69,66,63,66,58,63,68,67,105,113,119,135,121,141,132
99,91,93,85,98,101,96,92,100,95,88,70,67,74,72,72,70,74,90,86,111,134,170,145,157,150
89,103,104,105,106,110,110,91,97,93,100,102,80,73,81,79,84,86,89,108,121,141,165,149,154,166
115,125,114,101,97,90,98,87,93,99,100,102,77,90,81,77,92,87,101,117,122,135,153,163,172,190
119,121,100,106,104,103,116,95,80,94,89,81,81,74,76,78,87,86,94,98,117,126,143,160,167,184
118,110,114,114,123,110,90,91,87,87,72,88,78,69,85,86,88,82,93,86,105,124,147,159,177,186
104,105,118,111,108,111,94,89,85,77,60,69,87,74,77,78,84,86,75,80,98,129,166,166,169,173
78,80,100,95,104,86,92,80,69,74,60,67,68,77,61,81,70,67,68,83,107,129,139,162,164,171
62,86,60,95,90,79,64,62,70,64,62,77,76,53,64,84,66,57,91,72,94,106,133,139,136,153
65,74,47,54,81,52,62,56,52,62,57,69,72,54,76,75,58,64,68,79,79,115,128,133,116,141
70,48,29,57,57,65,50,47,51,49,53,63,68,61,56,50,68,78,63,69,79,96,128,128,125,127
64,37,42,45,51,53,48,49,43,51,51,59,59,53,75,57,68,54,91,61,71,116,126,108,111,107
33,35,37,51,42,53,35,52,55,49,44,53,45,70,81,66,55,59,64,59,60,88,95,79,107,86
40,38,38,44,44,48,43,50,40,50,60,54,49,46,63,67,42,52,57,61,57,60,95,80,105,77
31,40,36,46,41,43,45,40,38,37,57,49,52,51,54,57,42,48,55,49,50,54,59,84,83,70
40,35,37,40,28,34,34,39,32,42,62,61,59,63,54,51,43,46,60,57,64,54,63,66,63,85
31,26,39,37,30,31,40,34,40,38,66,62,61,62,54,48,48,44,51,53,62,63,62,48,59,77
14,33,23,44,35,41,33,47,34,50,61,63,68,58,56,50,60,49,38,40,55,57,52,43,50,52
29,21,29,34,39,39,40,44,46,52,73,69,75,60,61,51,64,48,39,47,56,48,52,38,44,48
