164,165,159,167,178,185,195,214,204,216,225,234,233,237,237,244,244,247,252,254,255,252,127,124,127,127
162,152,157,157,185,184,187,198,210,220,225,233,233,238,239,246,245,247,252,252,250,255,132,127,127,127
161,148,162,155,178,185,189,209,221,225,224,231,234,241,241,246,250,252,253,255,255,125,121,128,127,127
178,165,165,157,159,177,182,207,225,227,225,231,235,243,243,247,251,252,254,253,252,129,126,131,127,127
183,178,175,181,178,195,204,214,220,226,226,233,236,243,242,247,253,249,255,255,255,126,124,126,127,127
191,190,186,191,188,193,215,213,213,223,228,236,237,241,241,248,253,250,255,253,255,128,129,127,127,127
200,206,215,196,190,212,219,218,226,222,215,237,242,243,246,251,251,255,255,251,128,127,126,127,127,127
210,215,209,214,204,197,221,227,228,226,224,240,243,243,244,251,252,255,255,255,127,124,126,128,127,127
201,211,219,222,211,207,221,230,227,226,231,241,243,246,245,253,253,255,253,254,128,127,129,123,127,127
193,209,223,222,216,218,226,230,227,227,236,240,242,247,246,254,253,246,255,255,127,126,126,131,127,127
208,221,213,228,227,213,232,232,233,231,240,239,242,247,246,251,253,255,252,126,128,126,130,123,127,127
219,223,219,230,233,223,229,232,235,234,241,241,245,247,250,253,253,251,255,127,127,125,127,129,127,127
218,222,233,227,232,239,228,232,233,235,240,243,249,245,253,255,254,251,255,124,128,127,130,124,127,127
219,231,229,228,232,234,236,236,233,238,242,246,250,241,252,252,255,253,252,131,127,124,129,124,127,127
231,229,230,229,233,234,240,226,239,240,245,250,250,248,249,253,255,254,129,125,127,123,129,127,127,127
216,233,232,229,234,234,231,237,240,241,245,249,250,248,250,254,252,255,125,128,127,135,120,127,127,127
226,229,231,236,230,233,232,242,242,242,245,249,249,249,251,255,243,245,132,126,123,124,130,127,127,127
220,224,231,231,225,235,238,240,241,243,246,248,249,250,252,254,254,251,122,128,130,122,132,124,127,127
193,226,233,216,227,237,238,241,240,244,247,249,250,251,252,252,248,126,124,126,132,124,123,132,127,127
205,224,227,218,230,230,239,241,240,244,248,248,250,252,252,251,255,126,131,130,122,134,127,123,127,127
214,220,217,227,231,226,241,240,242,246,248,248,249,253,254,252,251,125,122,128,126,123,130,129,127,127
180,220,213,224,233,232,238,241,243,247,248,247,248,253,255,253,126,132,126,128,126,127,126,126,127,127
172,212,204,221,233,231,241,241,244,246,242,251,250,247,255,253,127,127,127,127,127,127,127,127,127,127
176,197,197,221,223,238,228,248,247,247,247,243,255,253,255,253,127,127,127,127,127,127,127,127,127,127
172,189,200,221,237,235,239,243,241,246,249,249,251,254,247,126,127,127,127,127,127,127,127,127,127,127
191,211,203,220,218,234,240,239,249,247,254,253,250,249,255,128,127,127,127,127,127,127,127,127,127,127
199,212,221,225,220,246,237,239,243,251,246,255,253,248,250,125,127,127,127,127,127,127,127,127,127,127
217,221,219,218,220,228,239,241,241,246,253,246,251,255,128,131,127,127,127,127,127,127,127,127,127,127
195,215,195,228,224,233,244,245,238,247,251,252,255,244,123,124,127,127,127,127,127,127,127,127,127,127
222,229,219,227,231,234,236,237,244,252,244,243,238,128,133,126,127,127,127,127,127,127,127,127,127,127
