4,3,3,3,5,8,9,9,1,5,5,0,3,4,8,4,0,4,12,13,7,3,2,0,0,5
11,10,4,1,4,10,0,3,7,8,2,3,6,0,6,7,5,5,7,5,2,2,7,0,1,1
0,0,5,10,11,11,9,5,0,0,8,5,2,14,6,8,5,2,1,0,0,2,1,1,9,0
7,10,10,7,3,3,5,2,10,3,0,12,13,3,6,6,1,0,1,4,3,2,6,1,5,3
11,14,14,9,5,5,7,6,9,9,13,8,0,17,4,6,4,3,8,11,7,3,3,1,4,7
7,9,13,14,13,15,13,7,9,6,3,13,15,5,4,14,18,16,17,16,12,8,0,7,10,11
22,21,12,4,6,14,16,9,1,7,14,5,0,3,13,25,30,26,24,23,18,15,21,18,15,13
20,18,12,7,10,17,29,27,17,14,4,0,11,19,24,33,34,28,28,29,25,21,27,22,25,18
16,15,12,19,14,14,21,4,17,0,5,20,49,51,34,37,52,44,46,41,37,43,32,34,37,30
1,6,7,10,7,13,0,7,9,19,34,54,70,69,42,56,61,49,43,38,43,36,41,38,55,60
5,2,3,10,5,0,13,28,30,54,99,87,96,97,121,103,91,70,64,64,59,54,52,65,70,66
7,11,12,11,18,32,35,52,89,108,117,92,119,117,122,103,85,106,105,84,103,113,100,118,111,112
10,16,22,25,41,61,82,102,118,117,118,131,144,145,135,148,155,143,137,151,157,157,149,138,127,146
16,19,40,62,79,86,110,117,135,121,126,141,153,160,159,153,136,159,177,174,169,159,143,145,141,152
25,36,68,92,112,119,116,83,123,130,134,136,146,115,137,152,169,177,175,171,157,175,141,152,165,163
53,50,77,103,111,94,111,107,117,122,136,137,127,124,149,169,170,167,174,183,167,169,135,115,151,172
66,82,114,103,123,134,144,111,134,129,132,115,142,150,173,166,175,189,180,173,185,185,169,148,142,113
110,115,132,132,141,132,133,119,125,137,143,152,157,156,166,186,169,177,180,187,187,174,189,176,184,180
102,111,138,145,134,135,146,146,135,148,146,158,156,159,170,177,170,183,181,190,169,185,180,182,183,178
112,109,128,123,132,135,144,143,139,150,146,140,149,155,154,165,175,185,180,201,183,188,187,190,183,183
100,106,120,142,120,133,134,122,123,137,138,136,155,159,146,161,144,159,173,182,192,179,184,181,182,196
125,94,111,105,125,127,146,138,135,140,128,131,137,133,162,160,137,154,178,158,160,172,183,176,166,168
95,76,107,100,108,119,106,114,121,127,118,123,118,118,123,131,139,138,154,148,140,156,170,174,166,175
78,75,76,72,53,51,43,44,44,37,40,43,40,53,50,65,73,73,83,107,136,143,145,165,156,150
49,49,48,58,51,51,52,38,46,45,42,48,43,44,43,51,45,44,50,50,49,60,51,58,40,43
59,57,51,51,51,46,40,38,41,36,34,30,24,35,37,23,34,32,35,25,31,29,31,36,41,34
46,36,26,20,21,28,31,36,30,32,48,45,31,32,2,19,7,12,13,21,29,19,29,34,26,33
133,165,191,197,185,175,133,151,152,154,160,153,145,146,162,165,133,160,122,62,23,17,11,9,18,15
179,179,184,164,159,174,157,148,142,150,157,158,163,165,167,151,137,153,152,163,166,164,173,96,31,6
131,132,161,157,165,133,136,117,123,143,147,149,158,166,159,159,111,170,180,174,182,176,166,171,175,170
