44,52,47,45,43,29,21,15,9,14,0,11,15,11,11,10,7,6,18,29,19,18,14,21,13,9
48,45,39,32,34,43,46,35,28,34,12,6,0,7,18,14,6,14,36,29,15,32,34,18,11,21
53,45,52,46,37,46,49,33,39,43,55,36,12,12,18,27,20,21,29,16,31,15,32,36,40,51
62,61,52,62,62,63,63,42,48,42,53,65,55,40,9,24,27,24,33,24,46,55,47,36,27,31
68,82,80,77,59,70,65,63,54,55,58,70,102,98,52,77,54,52,48,35,37,43,28,32,38,24
77,95,69,76,82,53,66,72,77,61,69,85,104,148,102,100,84,60,106,45,65,48,54,41,49,36
95,86,144,81,165,95,98,98,84,72,96,100,98,180,146,137,113,86,150,123,52,85,49,82,89,59
119,97,140,132,107,106,145,143,88,97,112,102,95,159,178,163,140,137,127,162,164,153,100,70,91,162
118,156,84,158,94,117,99,198,104,97,93,119,123,126,174,170,162,165,154,175,176,187,195,149,187,162
60,83,95,90,132,144,135,161,149,142,129,109,123,120,176,199,185,167,168,205,189,198,188,198,218,196
70,64,61,62,88,80,136,121,151,172,109,136,119,122,153,159,194,218,177,204,215,211,186,188,191,194
58,64,64,55,57,55,74,76,112,119,95,113,108,95,140,189,167,193,177,194,218,224,214,228,165,203
85,70,74,60,67,85,60,72,88,86,112,89,95,92,105,173,183,183,185,190,212,225,226,227,231,232
107,86,113,92,92,89,70,67,100,70,85,89,83,84,97,148,185,177,167,186,210,227,230,227,230,235
143,112,106,114,108,134,120,122,174,117,101,93,91,91,90,92,113,160,173,179,217,227,232,236,235,233
154,157,120,160,156,141,181,131,201,180,142,165,119,68,67,63,67,95,137,165,204,228,230,226,237,245
138,137,139,141,160,160,180,138,178,180,180,187,195,131,47,25,48,61,87,166,199,220,235,231,231,230
151,147,136,153,175,189,174,180,172,182,183,201,211,204,84,30,39,42,59,129,180,224,229,228,238,235
141,139,150,148,154,180,162,166,169,175,165,163,186,154,105,55,46,53,60,129,183,222,231,227,228,242
135,140,144,156,161,157,168,179,164,160,177,172,190,157,154,115,141,139,143,172,215,232,221,227,231,224
118,128,145,129,154,158,161,180,189,201,212,213,218,218,208,215,188,210,223,219,219,222,229,224,227,237
119,132,133,138,158,178,215,215,228,223,234,225,231,235,219,232,215,222,227,228,224,219,228,227,233,229
147,169,171,189,192,229,232,232,233,236,234,230,235,231,231,233,229,232,230,239,230,229,218,229,228,236
157,187,187,186,197,216,228,235,235,226,230,226,229,233,231,233,225,230,236,238,232,235,228,228,226,236
111,116,141,160,175,211,222,216,224,226,224,218,220,225,227,226,224,230,235,235,233,237,234,228,225,232
94,123,125,141,159,175,221,226,225,217,222,219,225,225,231,227,232,235,230,233,235,234,235,232,230,229
78,94,96,134,151,176,196,195,218,223,215,223,225,229,225,227,228,231,230,234,235,235,237,236,234,233
79,89,95,115,148,156,178,190,213,208,208,223,213,224,205,220,219,227,234,234,233,238,239,236,233,237
79,86,101,95,154,87,150,177,179,175,202,215,205,218,204,217,222,232,231,235,232,238,235,238,233,237
81,79,89,113,109,102,153,152,149,172,187,196,202,213,216,214,225,229,226,239,235,236,231,244,237,236
