105,99,99,97,99,106,98,99,110,107,111,83,87,121,136,123,135,158,175,158,147,159,141,156,111,126
121,104,102,112,104,111,115,100,110,111,111,127,172,146,146,158,148,169,174,184,148,150,136,161,144,124
121,118,118,132,119,120,113,123,146,132,153,158,165,177,178,173,183,181,163,169,152,145,145,144,126,119
128,140,156,134,146,150,167,161,160,154,173,164,181,182,188,182,163,163,172,168,186,155,137,148,136,123
158,157,160,176,165,189,197,167,143,167,186,193,191,190,188,194,181,177,178,178,166,167,150,148,131,116
153,176,181,156,190,176,196,194,183,179,194,204,201,216,191,203,194,175,185,204,182,153,145,142,133,154
174,178,188,177,195,178,196,197,204,213,205,200,217,213,201,190,194,195,192,184,180,187,169,137,162,166
193,193,201,193,215,207,201,197,217,216,222,214,199,206,214,198,200,202,192,173,176,175,181,161,175,173
185,214,219,184,210,223,218,219,213,209,216,213,218,210,205,208,206,193,172,161,177,160,170,187,161,173
211,206,212,215,218,209,205,190,215,214,205,214,207,201,210,198,194,202,190,175,182,165,173,173,155,156
207,208,210,205,210,209,214,211,208,208,211,215,211,217,210,199,194,183,158,158,169,173,154,141,155,155
218,211,209,216,207,209,212,204,212,206,198,219,203,184,196,195,207,190,166,175,157,144,136,144,147,133
201,216,202,217,224,215,219,189,197,212,207,219,199,203,200,204,175,169,155,151,134,120,130,143,140,132
198,224,210,218,206,215,216,210,201,204,220,207,190,196,198,187,171,179,174,150,122,106,116,124,133,133
182,188,218,203,186,222,198,200,180,206,206,198,179,192,176,174,150,158,142,100,111,106,107,133,114,119
180,187,208,188,176,204,197,188,200,199,192,192,169,167,164,150,146,131,117,100,84,84,108,109,102,106
193,209,200,211,210,198,180,197,170,198,194,165,163,162,170,152,134,114,106,112,99,100,103,105,126,146
211,206,208,186,207,210,215,181,199,181,185,148,169,159,145,152,124,122,111,96,107,109,110,145,123,141
202,199,194,210,195,187,182,187,191,149,162,155,162,151,135,130,121,105,102,91,92,118,164,156,165,160
183,206,195,199,186,165,177,158,183,172,150,138,160,121,117,116,114,92,99,90,112,154,174,164,178,187
174,191,187,202,186,182,165,175,158,144,147,143,148,127,124,120,107,106,105,100,132,178,193,200,191,209
201,197,187,185,169,142,149,162,142,147,125,144,134,132,117,117,114,98,86,104,177,200,204,208,217,211
165,190,174,192,184,164,164,165,163,163,143,144,122,113,106,85,105,90,84,108,172,199,216,218,213,209
177,160,175,158,176,178,171,150,151,131,130,119,126,119,112,117,109,84,86,130,180,191,206,208,206,191
166,201,179,180,169,170,163,142,134,130,131,121,122,106,115,112,110,78,73,138,148,179,178,202,207,193
181,188,151,146,144,141,144,138,135,129,122,112,122,121,103,113,104,91,73,131,149,148,173,175,144,139
176,126,144,157,161,160,165,145,134,119,126,123,117,108,122,102,103,104,82,100,132,148,142,135,123,91
172,157,145,152,151,150,139,137,136,118,105,116,113,132,114,118,114,105,80,67,127,136,120,95,70,40
165,138,114,154,150,150,147,139,125,114,124,131,131,130,132,117,120,107,73,51,107,115,113,92,61,45
135,160,149,144,153,144,116,129,127,125,133,139,145,133,129,146,133,125,106,76,62,80,104,88,59,57
