128,127,118,127,139,152,157,162,164,169,173,174,176,176,178,183,182,184,186,187,187,186,187,187,183,177
130,126,122,129,142,156,162,166,165,170,174,179,185,189,193,199,191,194,197,198,198,200,202,203,198,192
130,128,130,136,149,161,165,168,174,178,182,187,193,195,196,200,206,208,208,206,205,207,210,212,201,200
127,129,138,146,159,169,173,175,175,180,187,196,203,204,203,205,213,214,212,208,205,208,212,214,214,215
128,124,139,151,156,172,167,177,177,187,196,203,201,206,201,210,215,224,222,211,211,218,222,220,221,221
130,130,144,150,164,171,180,179,184,187,199,197,202,199,202,209,214,214,218,229,233,223,214,214,229,225
127,129,139,153,167,169,182,182,193,192,202,203,211,206,204,207,223,230,232,226,219,217,225,237,233,229
127,128,138,164,171,177,180,189,193,196,200,210,210,213,207,216,232,237,228,215,218,231,236,233,233,233
127,128,147,167,173,184,179,188,188,193,198,205,204,211,214,230,226,227,226,227,233,236,236,236,229,230
127,128,156,160,174,184,181,183,191,191,201,202,215,218,222,228,226,219,215,223,237,242,237,233,220,219
129,131,152,161,175,181,186,188,197,199,210,212,225,224,220,216,210,224,231,230,229,230,230,231,221,218
127,126,134,163,169,172,181,193,197,211,219,221,214,216,208,213,228,237,243,242,240,237,232,231,232,231
128,124,130,165,178,177,185,191,199,200,202,213,226,226,222,226,234,236,239,240,234,227,228,234,232,235
132,127,130,164,176,176,182,186,204,216,219,217,222,228,230,234,236,232,231,232,231,226,224,224,229,235
130,127,129,164,177,181,186,189,213,219,221,221,221,217,220,231,234,233,234,234,233,231,233,237,232,233
128,126,128,166,180,188,193,196,209,210,213,222,229,224,223,232,236,237,237,235,230,228,230,234,235,225
129,128,130,171,182,190,194,198,213,218,219,220,227,226,218,215,234,234,234,234,234,233,230,227,233,222
128,128,130,173,182,189,193,201,203,208,211,218,226,225,223,227,228,233,238,239,238,237,234,231,225,217
126,126,128,174,179,187,192,206,213,212,214,224,228,220,219,232,229,236,239,234,227,224,224,225,228,220
129,128,129,174,177,183,190,208,210,215,217,219,224,223,221,227,231,233,229,222,218,220,222,222,211,203
126,130,129,125,177,180,200,201,211,220,207,216,220,221,223,222,226,223,222,218,225,213,219,206,212,216
127,130,126,128,177,180,191,194,193,206,209,216,227,219,224,219,224,219,203,201,200,205,197,203,205,199
126,131,126,127,167,168,181,196,192,205,210,212,217,206,211,206,220,204,194,217,228,226,202,223,199,203
127,129,128,126,165,165,179,197,197,210,211,219,215,216,216,216,197,203,211,208,211,208,207,219,212,182
130,125,128,128,172,174,183,190,198,209,212,219,212,212,205,199,198,192,203,212,215,196,200,192,181,169
130,125,129,127,159,171,182,188,184,189,202,204,209,206,205,194,193,204,208,202,185,184,191,169,162,145
127,128,130,126,134,160,175,185,193,194,205,203,206,205,203,191,182,179,182,195,189,181,163,144,107,100
126,129,128,129,124,160,167,174,176,181,191,200,196,204,196,188,192,184,180,166,152,131,99,87,76,85
128,127,128,128,130,160,171,177,155,155,172,191,190,181,176,169,180,167,147,115,106,88,98,112,123,116
128,128,132,128,124,162,166,176,157,149,159,167,177,184,165,145,151,120,102,81,84,100,132,136,119,125
