2,10,25,27,39,31,39,43,32,42,33,11,27,50,41,32,29,21,27,129,125,125,128,126,127,127
17,6,9,25,30,30,42,45,34,37,47,9,28,35,44,33,34,36,27,28,128,128,129,125,127,127
36,15,0,17,25,28,29,46,40,35,38,40,10,26,46,35,38,28,28,34,128,124,126,131,127,127
32,38,25,1,26,37,37,39,45,37,34,45,28,12,44,38,37,35,25,25,134,124,128,124,127,127
93,55,19,17,6,36,31,39,40,50,35,27,53,23,25,43,43,39,29,33,123,129,125,127,127,127
149,70,42,20,9,11,45,29,36,55,38,31,39,53,16,37,39,41,33,25,28,127,130,129,127,127
137,91,35,56,47,7,13,26,39,41,52,34,30,50,38,19,41,42,35,31,29,128,121,130,127,127
164,167,37,82,112,76,10,26,38,38,55,33,35,33,55,11,34,55,42,33,32,129,129,126,127,127
107,83,68,80,213,148,177,3,22,43,50,49,28,32,43,70,13,44,47,32,46,125,126,126,127,127
201,60,101,76,168,216,220,139,7,58,40,53,36,32,34,55,16,38,34,41,25,39,130,127,127,127
205,73,131,218,203,178,232,233,100,8,39,49,55,29,46,41,55,20,39,47,39,40,123,128,127,127
143,176,160,184,204,153,235,234,233,47,23,45,48,32,43,42,48,28,28,27,37,41,130,126,127,127
170,198,230,223,204,198,199,233,227,233,20,34,66,27,26,48,49,55,10,36,35,44,127,124,127,127
211,211,219,230,235,218,213,223,232,229,188,16,60,29,33,38,38,51,49,25,33,37,128,129,127,127
211,233,230,226,222,239,206,190,224,237,225,130,29,41,33,38,38,43,68,0,41,40,130,124,127,127
211,212,225,224,221,233,237,226,185,226,234,197,104,30,34,47,42,36,50,46,18,28,35,128,127,127
219,203,220,226,231,222,232,233,225,221,230,235,219,15,38,45,39,40,42,58,9,27,30,128,127,127
180,191,185,223,210,224,205,238,225,213,174,240,172,68,21,28,48,41,37,50,62,12,20,126,127,127
149,132,144,163,118,186,216,167,217,225,217,69,229,202,20,34,41,46,32,39,65,14,35,130,127,127
94,153,164,133,106,92,113,70,115,160,173,186,92,198,186,13,46,46,48,31,48,62,11,123,127,127
87,70,99,94,80,68,61,99,80,73,118,158,235,110,141,60,29,49,40,28,47,56,12,132,127,127
38,54,58,55,44,57,58,61,87,87,126,68,107,152,137,123,17,40,42,36,38,50,79,10,127,127
48,69,57,51,69,71,72,89,72,77,81,61,92,80,135,101,48,18,35,34,38,39,65,24,127,127
38,31,49,72,70,67,80,83,85,79,115,113,115,143,141,160,105,17,33,54,26,36,49,73,127,127
28,38,32,24,46,63,66,75,124,133,120,156,114,134,160,138,139,68,12,45,27,36,35,41,126,126
28,22,29,23,43,52,105,113,80,80,128,65,162,154,145,138,164,164,16,18,39,34,40,54,129,132
18,36,47,57,70,93,80,100,179,187,202,235,234,240,227,229,186,141,55,12,21,47,31,49,127,121
29,63,77,88,146,123,150,220,198,236,240,247,245,251,239,226,212,141,99,24,8,30,43,39,128,131
75,107,139,96,124,216,166,216,230,233,241,255,251,254,245,243,248,214,158,52,5,20,60,32,126,123
125,96,98,153,149,222,239,236,239,248,239,251,247,248,251,247,240,234,211,11,28,18,23,42,126,136
