130,127,78,78,76,74,65,62,61,68,63,72,70,61,67,67,64,68,66,63,60,59,58,59,50,51
127,125,76,76,78,74,71,74,66,67,78,73,70,78,75,75,71,74,72,63,66,66,63,56,50,59
127,130,78,77,80,70,73,84,86,88,144,152,173,172,171,164,175,170,160,143,144,134,122,106,84,62
129,127,80,116,171,188,192,192,181,153,116,185,181,192,192,192,191,190,191,179,188,181,179,169,165,169
124,131,187,199,198,191,190,188,185,193,186,155,106,80,76,81,87,87,82,78,82,80,108,186,202,215
131,126,205,192,190,198,184,192,194,189,190,195,194,196,195,182,186,159,150,174,187,203,210,202,203,206
131,124,183,204,198,194,191,196,189,195,201,188,190,173,185,180,180,184,202,197,206,200,198,199,200,204
128,127,203,195,189,191,196,194,156,193,190,203,196,198,191,201,197,197,192,199,196,183,201,186,194,188
127,129,198,190,178,198,196,196,199,209,204,195,202,200,202,196,193,194,191,196,191,194,183,190,189,191
128,128,192,204,199,203,204,206,201,200,205,205,193,199,199,188,186,196,197,187,182,164,179,171,174,199
129,128,206,204,215,202,208,207,207,193,201,190,197,190,190,190,194,182,176,150,203,201,195,193,192,195
126,129,127,208,206,198,201,194,193,196,192,191,195,185,153,179,195,189,197,198,193,195,192,188,180,186
129,123,131,201,202,199,195,198,188,181,172,196,191,203,198,206,203,189,196,188,191,155,180,197,186,173
130,129,130,196,198,189,199,153,195,198,202,201,197,197,196,191,189,176,199,188,183,165,154,168,171,169
127,129,123,180,198,193,205,201,191,199,188,190,171,188,185,187,178,165,179,190,178,178,177,161,179,178
124,127,131,194,194,202,199,180,195,190,190,187,183,178,176,173,172,171,172,173,179,186,175,178,171,172
127,135,126,198,192,183,197,184,171,167,174,176,180,171,171,167,168,174,168,175,171,159,168,158,163,164
126,129,128,183,185,154,159,177,178,179,175,169,159,162,164,165,163,161,169,154,173,169,143,162,170,167
135,119,134,171,171,179,176,170,169,169,179,156,162,154,171,164,168,157,158,156,164,165,163,165,161,166
125,130,125,177,180,183,175,177,171,170,172,159,158,157,167,165,174,172,165,159,151,149,156,164,152,165
130,127,128,129,170,179,175,174,174,161,172,168,166,175,166,169,168,166,159,155,159,164,165,167,153,162
127,125,126,128,185,189,182,173,176,177,173,170,163,155,167,161,173,160,151,154,161,164,165,167,164,163
129,130,131,127,193,187,187,179,180,181,166,162,159,148,163,151,157,154,153,154,159,169,171,161,162,164
128,128,129,125,193,179,181,176,166,164,163,163,165,172,166,161,162,164,163,152,144,157,167,159,153,161
129,125,125,130,192,184,177,170,166,167,173,174,167,175,152,152,161,159,164,162,150,150,160,162,163,161
132,128,127,131,169,181,173,170,163,165,159,168,168,175,165,165,145,149,161,168,163,160,160,158,162,159
128,128,126,126,134,176,170,170,176,172,158,161,171,169,171,171,159,159,160,162,163,164,163,160,156,156
128,130,127,129,126,191,179,172,167,163,165,158,169,158,162,167,171,162,160,170,174,165,163,173,181,164
130,128,127,128,131,180,182,173,165,172,173,169,168,158,166,163,169,176,174,181,178,182,184,177,169,173
127,128,129,126,125,179,180,179,178,175,166,172,179,182,181,171,168,174,172,181,178,181,182,175,170,166
