185,188,190,189,180,178,185,171,174,181,186,183,188,187,190,187,182,186,175,188,178,167,163,160,167,157
181,186,188,183,187,176,183,175,178,181,187,187,192,187,180,190,186,184,178,170,163,153,159,165,174,157
190,178,176,184,178,183,187,183,186,186,192,193,195,188,186,183,186,169,179,171,156,154,155,158,152,157
191,191,188,181,181,176,179,179,185,186,195,197,198,192,186,182,165,157,168,158,166,156,156,155,160,149
181,189,192,186,187,185,184,185,189,189,197,194,194,191,190,175,178,168,164,168,165,168,170,161,151,140
129,143,154,163,164,182,188,189,190,186,191,186,187,186,177,176,175,188,179,175,178,169,165,161,153,163
99,105,105,104,130,145,141,147,147,137,143,145,150,152,161,160,171,181,179,181,175,181,163,157,150,144
106,104,104,104,100,104,127,136,132,115,118,124,131,132,120,131,135,139,141,137,148,167,151,140,141,142
112,117,110,113,111,104,98,110,128,130,128,120,127,133,143,143,151,157,151,152,165,176,159,142,133,135
102,113,122,122,114,106,113,106,108,111,120,119,126,131,134,148,153,156,152,167,173,175,168,159,139,122
104,110,108,116,131,120,111,117,119,108,112,118,126,122,140,150,150,159,160,175,174,178,171,150,150,142
111,108,121,122,121,109,133,119,113,112,116,110,115,120,129,145,154,163,162,164,167,181,179,156,151,137
124,123,114,111,128,122,115,128,138,129,122,115,118,116,118,131,143,147,163,166,167,166,172,164,141,120
120,132,143,122,108,109,135,124,124,127,133,126,128,131,132,126,132,136,160,162,166,161,156,158,141,128
115,134,138,129,131,143,125,133,137,127,130,134,138,132,139,137,148,150,154,150,161,168,162,156,153,153
121,132,141,138,134,148,144,146,144,131,134,141,148,142,138,146,158,160,160,165,163,150,156,166,157,148
136,122,137,122,132,138,141,142,140,139,142,146,146,144,154,153,151,157,162,167,162,161,160,149,147,147
138,139,138,137,132,130,152,142,135,138,146,148,145,140,144,147,144,157,165,160,140,175,168,161,146,143
137,140,125,128,125,124,120,131,136,132,133,142,144,139,141,158,141,131,156,158,157,160,158,143,141,126
150,136,124,126,126,108,115,127,132,126,128,138,139,132,120,112,127,153,146,150,128,146,139,127,129,114
133,140,133,114,115,117,117,112,110,112,114,114,118,124,116,113,120,125,125,128,141,124,127,133,117,118
133,118,110,123,122,115,117,111,107,109,109,108,111,116,122,117,118,126,125,145,122,121,117,119,107,106
138,122,115,125,117,118,119,113,105,105,110,113,105,94,101,116,118,118,128,127,124,123,127,116,120,109
136,117,118,119,111,122,119,115,114,117,116,112,113,118,106,115,112,107,110,126,113,109,114,109,114,113
127,123,119,131,128,122,117,116,117,115,114,124,114,111,107,116,108,106,109,109,112,110,109,109,112,127
125,126,128,135,135,133,129,125,124,123,122,131,120,113,109,114,108,108,108,106,108,104,105,116,116,115
132,135,140,139,141,142,137,130,124,119,113,121,116,113,118,117,112,112,110,107,109,104,105,111,109,110
126,127,132,126,128,130,128,127,124,121,113,121,124,129,123,114,110,110,106,105,108,105,110,107,108,119
131,128,132,128,133,133,120,126,123,125,119,119,118,122,125,114,111,111,109,110,111,109,100,102,104,108
128,126,127,127,131,132,139,145,132,132,131,124,115,117,126,117,116,116,117,119,115,114,108,108,107,106
