91,112,92,86,95,70,72,77,70,97,103,99,96,116,114,120,79,81,58,81,86,114,103,114,99,114
86,91,78,91,93,100,96,99,83,89,87,100,112,114,113,86,98,79,92,99,74,110,99,108,102,99
75,89,107,69,91,93,93,82,102,79,89,100,105,84,100,78,84,93,96,95,107,112,110,104,111,133
100,89,102,97,85,73,83,110,101,77,105,92,83,84,98,72,65,97,90,109,104,104,113,133,136,143
59,96,67,75,85,76,60,98,97,97,70,93,57,90,76,74,81,80,92,87,91,118,91,110,140,148
55,86,70,84,78,69,92,98,79,52,83,71,71,63,74,105,81,86,87,90,109,108,119,137,125,135
38,52,69,70,70,81,81,75,90,80,87,84,91,79,72,87,93,64,72,62,93,72,104,120,104,113
48,67,61,71,86,68,70,65,77,69,89,58,74,61,92,88,54,65,59,81,77,88,108,106,105,92
46,52,57,74,58,36,66,63,69,52,59,72,80,92,97,83,54,68,73,76,101,77,101,111,75,109
55,47,53,48,42,57,56,56,44,73,49,79,55,80,68,55,59,70,64,68,83,91,81,83,64,77
27,43,40,42,45,42,50,51,57,60,82,68,46,66,70,75,76,83,96,80,73,63,54,88,66,62
30,27,34,44,57,50,52,51,65,69,85,86,71,77,73,60,89,93,71,53,83,60,58,75,61,67
34,26,33,23,36,51,37,48,24,39,49,83,52,79,64,74,71,46,71,81,64,75,61,75,72,47
27,26,33,16,20,44,25,15,26,42,58,72,54,50,58,54,55,58,40,65,60,44,57,43,68,64
78,39,40,19,12,28,25,15,23,30,47,60,53,58,55,54,36,62,50,40,38,43,52,58,78,46
92,82,56,39,36,24,26,21,28,37,18,43,37,40,44,52,55,47,46,46,34,26,55,27,69,32
106,94,69,44,36,29,22,24,19,23,29,29,37,44,26,48,36,35,62,33,26,43,49,40,54,46
127,92,71,53,57,26,40,13,10,20,16,19,26,16,40,36,42,39,36,48,50,58,47,43,43,44
129,113,110,66,57,42,35,29,40,21,7,14,11,26,12,26,34,27,53,27,40,57,57,47,39,40
133,117,99,91,85,47,63,40,45,33,24,24,9,20,13,19,25,27,25,27,49,24,39,22,31,33
140,140,123,101,80,70,63,69,36,28,33,18,19,24,20,22,25,17,24,16,13,29,23,23,42,37
148,145,120,108,97,67,65,52,66,59,36,27,18,19,5,25,30,7,19,9,13,14,18,21,16,24
144,132,125,122,122,106,107,84,40,60,61,25,31,25,25,31,9,25,18,17,19,17,13,27,17,26
147,146,127,120,125,117,90,90,72,54,55,52,39,36,31,40,41,31,19,17,16,24,31,27,9,25
131,140,144,128,117,121,121,90,102,75,67,64,69,52,45,58,49,32,33,34,38,12,32,27,22,31
127,129,139,140,126,124,116,111,93,75,73,69,62,53,72,57,59,53,53,54,46,42,41,37,23,37
123,132,143,144,141,122,117,133,119,97,89,56,74,84,66,79,83,74,48,44,49,33,55,64,59,53
132,123,126,142,139,138,133,133,114,115,81,51,68,81,99,72,63,92,66,41,55,60,67,60,68,58
128,133,130,127,138,132,126,112,122,111,99,57,88,92,84,56,66,82,65,68,65,56,67,60,70,65
129,123,123,128,130,145,131,122,111,103,101,77,71,62,88,72,79,83,57,60,78,74,68,81,81,81
