113,132,145,168,174,172,183,179,175,181,180,193,179,186,192,192,209,201,206,197,195,194,193,185,181,184
145,143,145,163,174,185,178,175,179,187,187,192,184,196,190,196,196,200,193,208,197,198,195,186,179,184
135,152,151,164,165,174,168,169,180,186,188,188,180,189,195,192,196,203,202,204,199,207,200,199,196,200
114,92,140,151,150,182,175,175,186,181,186,185,179,183,190,191,204,211,213,202,204,212,197,200,198,202
105,132,138,147,166,170,178,173,179,169,172,168,168,178,186,198,201,203,200,209,215,217,211,208,202,207
102,96,133,136,141,157,174,169,181,178,178,166,164,179,178,188,200,207,215,211,212,204,214,210,205,211
107,112,123,137,147,167,157,159,174,176,178,168,156,160,183,180,188,196,211,201,213,215,214,214,216,223
92,87,114,150,144,142,154,160,170,167,173,178,158,146,156,172,180,208,207,211,210,212,217,214,220,231
74,79,95,114,141,149,143,167,168,177,164,160,162,156,167,175,183,194,204,203,204,216,213,221,222,217
70,84,116,110,141,133,146,146,166,166,163,164,174,174,171,182,187,199,204,203,209,207,220,205,216,221
69,106,115,136,127,133,149,163,158,167,153,148,136,168,176,187,183,188,190,198,221,218,214,200,216,221
58,65,99,131,102,128,158,145,130,158,146,140,149,158,167,183,187,189,191,197,212,215,214,216,218,221
62,90,77,94,128,110,141,149,131,151,110,135,149,152,153,169,183,185,198,207,204,214,216,221,211,218
44,100,62,98,97,101,137,125,139,148,155,141,146,157,155,160,173,173,193,212,205,212,203,213,212,215
53,33,87,97,94,90,107,119,146,142,136,144,147,128,152,157,173,176,186,205,200,188,199,211,219,211
26,50,76,91,97,86,117,127,118,122,148,140,146,145,137,146,168,176,177,198,207,182,208,208,211,199
15,30,54,72,102,103,110,115,134,120,129,130,138,136,135,164,173,173,187,187,176,192,195,206,198,194
6,12,25,45,76,67,94,106,103,139,124,117,121,137,131,148,160,165,155,167,165,178,184,187,187,201
3,25,26,15,42,75,67,87,107,113,133,117,136,133,155,159,140,151,139,170,145,162,181,180,178,192
31,3,19,22,43,69,87,106,62,97,129,117,141,157,142,145,149,140,147,160,156,175,184,183,174,184
4,7,16,12,19,56,83,82,104,122,126,122,142,118,134,137,145,159,144,170,164,169,175,187,172,186
32,7,11,10,13,12,65,87,75,90,90,111,119,109,124,137,152,149,146,154,163,168,166,173,189,173
0,10,12,3,4,22,52,28,28,70,82,106,69,96,104,121,115,119,143,159,161,161,155,177,176,178
11,11,15,34,22,19,25,34,53,52,59,101,79,95,102,110,124,112,140,134,157,136,164,147,185,191
127,5,3,11,24,56,19,8,54,26,60,72,64,84,95,114,101,84,138,133,127,151,139,155,170,181
126,129,6,7,12,19,0,12,22,3,50,70,58,84,88,84,82,121,116,126,138,109,155,146,164,179
123,131,5,8,10,48,36,19,2,16,8,19,32,73,79,62,84,116,115,111,109,120,140,131,143,142
132,130,125,4,33,13,24,9,29,10,0,3,34,0,38,44,65,101,73,105,96,114,102,110,122,123
131,126,129,126,7,19,13,3,30,19,9,0,27,11,0,30,83,85,71,10,79,56,46,84,104,99
126,125,130,133,129,19,14,12,11,39,19,38,27,11,3,2,30,46,17,11,17,49,60,53,75,110
