138,135,106,98,29,28,14,33,53,31,46,45,62,56,58,60,63,86,66,61,63,78,77,67,47,40
125,110,122,113,106,26,32,18,41,29,36,39,63,53,57,49,57,70,69,67,72,79,86,72,79,38
101,98,100,105,102,88,24,22,31,51,26,52,54,59,61,58,61,60,69,59,68,63,62,66,64,29
96,94,97,93,93,96,80,26,23,46,33,41,52,52,67,59,61,76,65,73,41,83,59,75,23,23
111,109,114,103,113,114,104,49,29,16,35,36,40,69,65,59,66,65,51,70,58,74,67,49,37,24
110,115,116,104,122,99,85,67,47,20,24,35,38,51,60,55,51,58,54,63,78,78,65,24,31,42
101,101,104,111,109,112,77,65,37,12,27,31,40,59,46,42,53,47,60,60,72,83,51,40,22,39
94,77,96,128,131,127,104,55,19,29,13,26,39,29,60,47,40,56,61,63,51,56,25,35,23,10
99,95,105,118,149,135,97,75,40,50,17,9,33,42,53,44,37,38,36,38,43,47,21,28,19,18
84,92,81,73,149,138,103,99,35,41,11,18,15,19,18,25,27,40,41,35,31,21,19,30,20,18
80,92,93,120,154,108,98,91,24,32,10,5,14,18,12,13,14,10,15,19,13,17,18,28,28,3
57,94,79,65,143,95,87,77,22,21,14,19,13,12,20,19,50,45,22,9,16,6,16,34,32,23
82,114,33,47,117,94,82,77,38,17,7,4,19,33,41,66,88,91,119,98,52,12,20,32,24,19
100,91,58,48,94,54,81,77,31,22,8,11,23,36,52,81,82,85,88,69,59,42,19,21,45,17
113,117,59,6,55,60,65,63,56,3,3,18,9,39,42,66,79,76,74,85,84,68,17,13,21,4
35,127,76,70,98,101,85,32,46,1,9,13,27,43,32,61,90,75,74,60,65,72,20,17,22,20
48,138,89,81,59,88,62,3,39,15,19,16,14,14,39,59,71,77,69,63,74,60,45,26,15,22
36,140,83,54,71,71,77,23,20,21,6,19,21,39,49,84,96,104,89,75,52,34,56,19,26,17
21,143,106,21,20,10,30,59,18,22,14,10,22,48,63,103,119,118,114,97,68,30,18,26,21,21
25,122,101,53,58,58,31,40,15,14,5,17,30,58,105,124,164,167,168,153,88,60,22,11,13,6
37,109,110,30,68,31,48,17,14,17,0,20,64,120,152,169,188,183,194,178,157,104,48,10,9,18
39,68,24,7,16,19,51,18,0,15,15,31,80,150,169,193,201,202,220,211,195,154,65,19,13,16
30,29,5,7,6,33,38,4,10,3,17,55,126,167,194,201,216,219,222,221,211,203,130,48,8,26
35,16,25,11,14,46,9,15,9,17,19,80,155,186,199,217,221,226,223,226,220,224,197,91,24,7
29,20,19,19,13,38,12,13,13,19,72,111,175,202,202,228,219,224,224,229,231,226,224,182,53,35
22,21,14,13,55,5,5,4,28,46,89,162,203,201,221,219,227,230,224,229,231,226,231,227,115,11
18,17,23,13,34,4,10,22,28,88,143,182,206,204,219,212,230,222,227,227,234,230,230,228,199,30
20,14,29,44,5,7,8,13,59,122,186,173,214,217,228,219,224,225,231,230,223,239,241,229,223,135
28,21,42,16,8,8,12,32,110,172,169,202,205,208,222,224,224,229,229,226,241,232,233,233,229,211
28,35,34,14,10,10,35,73,144,183,188,203,224,212,220,228,230,231,234,234,235,239,229,239,233,226
