173,106,229,230,239,246,243,244,245,248,244,244,242,122,135,125,128,128,128,128,128,128,128,128,128,128
163,206,214,233,248,247,245,243,236,245,240,245,235,134,129,127,128,128,128,128,128,128,128,128,128,128
100,212,172,226,236,251,241,242,247,237,234,244,130,123,127,132,128,128,128,128,128,128,128,128,128,128
143,181,225,238,237,248,241,234,236,243,234,239,131,131,128,128,128,128,128,128,128,128,128,128,128,128
152,206,220,232,241,238,238,246,244,236,234,132,126,127,128,126,128,128,128,128,128,128,128,128,128,128
148,200,232,227,236,241,242,239,232,235,237,128,124,127,133,130,128,128,128,128,128,128,128,128,128,128
137,211,223,240,237,250,241,238,240,233,125,124,133,128,128,125,128,128,128,128,128,128,128,128,128,128
151,202,222,235,236,236,246,241,238,230,130,129,126,131,124,132,128,128,128,128,128,128,128,128,128,128
119,186,224,232,236,235,244,233,239,241,130,127,130,126,130,127,128,128,128,128,128,128,128,128,128,128
151,173,210,229,238,237,234,244,234,128,128,126,127,129,128,125,128,128,128,128,128,128,128,128,128,128
110,200,212,231,233,230,229,225,232,125,131,128,124,131,129,127,128,128,128,128,128,128,128,128,128,128
153,200,191,200,229,237,226,231,127,132,123,132,129,124,128,132,128,128,128,128,128,128,128,128,128,128
127,191,231,225,212,211,216,210,128,133,124,122,133,128,131,126,128,128,128,128,128,128,128,128,128,128
131,209,211,214,240,200,223,133,126,125,135,131,127,126,128,128,128,128,128,128,128,128,128,128,128,128
182,183,187,212,210,223,126,129,126,130,123,129,126,132,129,127,128,128,128,128,128,128,128,128,128,128
223,201,213,214,215,220,133,125,129,128,128,129,128,125,127,130,128,128,128,128,128,128,128,128,128,128
153,203,216,217,177,128,128,127,128,128,128,128,128,128,128,128,128,128,128,128,128,128,128,128,128,128
168,169,220,220,216,132,125,132,128,128,128,128,128,128,128,128,128,128,128,128,128,128,128,128,128,128
217,212,164,227,128,126,127,128,128,128,128,128,128,128,128,128,128,128,128,128,128,128,128,128,128,128
140,206,223,217,124,133,125,125,128,128,128,128,128,128,128,128,128,128,128,128,128,128,128,128,128,128
214,191,197,124,132,123,133,133,128,128,128,128,128,128,128,128,128,128,128,128,128,128,128,128,128,128
225,176,123,132,131,126,130,121,128,128,128,128,128,128,128,128,128,128,128,128,128,128,128,128,128,128
197,165,130,127,125,130,128,132,128,128,128,128,128,128,128,128,128,128,128,128,128,128,128,128,128,128
222,128,126,133,129,126,129,127,128,128,128,128,128,128,128,128,128,128,128,128,128,128,128,128,128,128
128,128,128,128,128,128,128,128,128,128,128,128,128,128,128,128,128,128,128,128,128,128,128,128,128,128
128,128,128,128,128,128,128,128,128,128,128,128,128,128,128,128,128,128,128,128,128,128,128,128,128,128
128,128,128,128,128,128,128,128,128,128,128,128,128,128,128,128,128,128,128,128,128,128,128,128,128,128
128,128,128,128,128,128,128,128,128,128,128,128,128,128,128,128,128,128,128,128,128,128,128,128,128,128
128,128,128,128,128,128,128,128,128,128,128,128,128,128,128,128,128,128,128,128,128,128,128,128,128,128
128,128,128,128,128,128,128,128,128,128,128,128,128,128,128,128,128,128,128,128,128,128,128,128,128,128
