116,163,126,128,192,216,207,193,206,186,194,194,162,127,130,126,127,127,127,127,127,127,127,127,127,127
102,127,111,113,154,203,210,200,196,208,174,182,162,125,125,126,127,127,127,127,127,127,127,127,127,127
86,111,150,96,132,201,236,222,185,202,183,180,126,130,122,129,127,127,127,127,127,127,127,127,127,127
72,124,122,136,154,169,234,206,195,175,177,169,123,125,131,124,127,127,127,127,127,127,127,127,127,127
134,134,138,171,189,190,210,195,195,161,191,126,130,131,126,126,127,127,127,127,127,127,127,127,127,127
142,171,197,205,186,167,204,190,182,175,164,120,128,120,133,126,127,127,127,127,127,127,127,127,127,127
126,190,197,227,198,168,189,169,191,157,126,132,128,127,121,130,127,127,127,127,127,127,127,127,127,127
115,187,205,202,203,171,179,175,171,158,126,126,127,128,128,125,127,127,127,127,127,127,127,127,127,127
114,164,194,208,209,186,176,167,177,167,128,130,124,127,127,126,127,127,127,127,127,127,127,127,127,127
151,165,166,176,199,176,177,165,191,128,121,123,127,127,128,129,127,127,127,127,127,127,127,127,127,127
145,163,143,164,196,186,174,152,189,128,137,129,127,128,128,124,127,127,127,127,127,127,127,127,127,127
153,149,142,145,179,173,156,146,128,123,122,124,123,128,129,128,127,127,127,127,127,127,127,127,127,127
166,125,173,125,148,153,160,140,124,135,121,133,131,128,123,127,127,127,127,127,127,127,127,127,127,127
146,110,163,147,126,115,168,123,127,124,126,127,126,126,126,129,127,127,127,127,127,127,127,127,127,127
143,65,140,144,103,117,119,129,129,123,136,125,121,127,128,128,127,127,127,127,127,127,127,127,127,127
124,63,116,114,109,147,128,127,127,124,126,126,128,129,125,126,127,127,127,127,127,127,127,127,127,127
111,84,91,104,101,125,129,126,127,127,127,127,127,127,127,127,127,127,127,127,127,127,127,127,127,127
98,100,112,104,90,128,132,124,127,127,127,127,127,127,127,127,127,127,127,127,127,127,127,127,127,127
91,103,96,97,127,124,118,133,127,127,127,127,127,127,127,127,127,127,127,127,127,127,127,127,127,127
92,91,78,101,128,129,135,124,127,127,127,127,127,127,127,127,127,127,127,127,127,127,127,127,127,127
113,96,93,129,122,126,128,127,127,127,127,127,127,127,127,127,127,127,127,127,127,127,127,127,127,127
98,95,128,125,125,131,126,124,127,127,127,127,127,127,127,127,127,127,127,127,127,127,127,127,127,127
91,71,123,127,131,122,131,127,127,127,127,127,127,127,127,127,127,127,127,127,127,127,127,127,127,127
105,126,126,128,127,127,124,128,127,127,127,127,127,127,127,127,127,127,127,127,127,127,127,127,127,127
127,127,127,127,127,127,127,127,127,127,127,127,127,127,127,127,127,127,127,127,127,127,127,127,127,127
127,127,127,127,127,127,127,127,127,127,127,127,127,127,127,127,127,127,127,127,127,127,127,127,127,127
127,127,127,127,127,127,127,127,127,127,127,127,127,127,127,127,127,127,127,127,127,127,127,127,127,127
127,127,127,127,127,127,127,127,127,127,127,127,127,127,127,127,127,127,127,127,127,127,127,127,127,127
127,127,127,127,127,127,127,127,127,127,127,127,127,127,127,127,127,127,127,127,127,127,127,127,127,127
127,127,127,127,127,127,127,127,127,127,127,127,127,127,127,127,127,127,127,127,127,127,127,127,127,127
