154,146,120,121,150,125,112,127,169,131,105,104,79,63,71,106,117,84,71,106,123,124,116,101,102,105
137,145,142,136,160,175,175,171,153,167,161,136,106,120,96,81,98,119,101,108,144,127,118,126,101,124
45,48,83,100,116,166,171,157,129,143,154,130,99,146,112,118,135,124,118,149,124,131,158,152,120,143
53,94,87,88,110,132,108,118,141,130,170,166,180,158,163,163,145,135,116,121,104,115,100,127,140,130
18,57,51,54,89,121,141,103,98,103,142,156,159,151,154,155,137,110,108,112,99,103,107,116,127,116
21,19,24,45,6,7,9,99,99,63,99,102,158,151,122,106,128,123,97,111,133,93,101,112,114,125
16,2,0,78,30,5,8,20,101,52,95,91,102,122,123,116,115,109,107,106,110,130,141,111,102,120
5,7,19,2,20,14,32,15,17,46,88,109,144,90,84,113,115,97,108,125,121,133,134,144,101,110
7,5,0,4,4,17,6,18,10,8,17,123,105,59,78,99,85,109,88,93,90,98,129,120,117,103
4,1,0,5,3,1,19,29,60,42,61,122,115,19,38,100,107,132,43,47,103,86,91,117,151,149
12,0,34,12,12,10,50,46,49,45,44,141,52,87,52,47,75,66,92,80,81,101,81,103,120,145
0,47,24,28,23,21,35,22,67,129,114,125,74,98,86,17,17,52,75,102,169,92,71,77,77,118
47,18,6,34,19,22,62,46,111,88,135,117,90,130,149,99,70,80,99,101,118,128,95,59,44,45
41,27,35,25,60,70,45,57,68,82,132,143,143,176,181,166,145,115,77,55,32,141,145,84,92,86
35,32,51,43,69,65,56,62,97,81,137,126,117,127,147,197,197,192,195,195,186,132,101,116,69,65
54,77,61,53,38,82,60,73,68,73,131,153,161,156,169,171,181,186,188,179,125,39,27,90,94,97
66,96,82,71,69,126,104,99,121,160,165,148,130,106,111,113,61,92,83,29,65,62,9,25,30,92
98,69,82,68,100,108,122,110,123,133,175,183,139,92,134,89,31,33,31,109,91,77,92,39,63,20
97,104,112,119,107,109,127,143,130,157,172,154,164,139,121,88,15,42,32,21,23,8,19,23,30,14
109,101,89,105,121,122,129,112,143,145,158,172,148,157,109,94,38,25,6,0,8,4,13,14,10,28
144,143,147,137,101,127,143,144,157,153,175,162,147,115,86,97,66,44,32,9,2,36,5,23,24,34
152,146,148,138,112,138,171,135,121,160,168,139,113,85,104,97,85,81,48,64,50,42,47,9,13,24
143,151,155,125,112,135,138,116,116,167,124,115,117,114,91,84,90,72,52,58,45,23,20,50,56,18
127,145,147,133,100,127,121,128,93,108,108,107,107,110,90,95,87,76,52,51,16,34,59,69,64,63
145,144,127,126,114,130,136,120,101,91,90,104,77,80,94,79,51,69,22,36,50,46,28,31,37,61
157,142,138,124,139,135,123,111,97,80,68,114,55,120,43,47,69,77,61,46,68,20,39,20,25,57
163,157,130,153,134,118,112,65,90,61,112,83,85,62,12,13,38,22,21,35,11,16,40,63,15,12
166,155,161,160,147,108,93,87,86,78,69,82,24,31,51,14,2,23,24,23,22,31,32,19,21,43
163,163,170,172,158,107,130,84,72,39,60,61,71,56,25,43,6,26,57,4,12,44,26,33,29,46
169,158,166,152,136,133,99,102,88,60,47,48,57,68,8,20,27,16,15,26,21,17,11,16,15,47
