234,244,246,242,245,250,249,246,238,242,241,236,237,242,240,234,231,229,219,217,211,233,124,124,128,128
232,238,241,241,243,245,243,239,237,242,246,244,237,226,212,202,182,165,173,185,172,171,127,133,128,128
237,235,236,238,237,236,234,233,234,231,227,227,229,228,221,213,204,188,203,212,197,132,125,126,128,128
244,236,235,237,235,233,235,236,231,234,233,229,229,230,225,217,202,205,215,220,226,124,130,130,128,128
247,241,240,240,236,236,239,239,232,233,231,225,219,220,228,235,225,230,229,230,237,125,129,127,128,128
250,246,247,245,239,238,239,234,246,237,234,234,227,216,218,230,232,227,227,237,232,127,131,127,128,128
249,248,246,245,244,243,242,242,240,238,239,237,233,231,230,228,231,236,233,235,128,127,125,129,128,128
250,250,250,249,247,245,242,241,241,239,238,237,234,233,233,231,230,236,228,240,128,130,129,128,128,128
249,249,250,250,249,248,246,245,244,240,239,238,236,237,237,235,228,239,234,242,125,127,130,125,128,128
250,250,249,249,248,248,249,249,245,241,240,240,239,240,241,238,238,231,234,245,129,132,127,126,128,128
251,251,250,249,247,246,245,246,245,242,242,242,242,242,241,238,236,245,236,125,128,125,130,129,128,128
246,247,249,249,248,246,244,244,245,243,243,244,243,243,242,239,246,237,235,127,131,130,127,130,128,128
242,244,247,248,247,246,246,246,247,245,246,246,244,245,246,244,245,240,240,128,126,126,127,127,128,128
244,246,247,246,245,244,245,246,249,247,248,248,246,247,250,249,244,240,234,131,124,128,131,127,128,128
244,245,247,241,239,245,246,247,244,246,248,249,249,248,249,250,246,248,127,125,136,122,127,130,128,128
237,238,246,247,245,242,239,244,246,247,247,248,249,249,249,248,250,247,126,133,125,132,125,130,128,128
239,242,244,238,243,253,247,237,245,244,243,244,247,249,250,249,252,250,130,124,124,127,128,123,128,128
241,238,244,245,242,240,242,254,246,244,242,242,244,247,250,251,244,254,123,130,131,125,131,133,128,128
228,241,249,240,237,245,245,242,247,247,248,247,247,247,249,250,252,126,123,130,129,128,125,124,128,128
239,232,235,240,246,246,239,240,241,243,247,249,249,249,249,250,249,124,134,133,118,133,130,130,128,128
233,240,245,237,235,243,244,244,239,240,242,244,246,248,250,251,253,130,122,123,131,124,127,129,128,128
236,237,241,239,239,242,241,243,247,244,240,239,241,245,248,250,127,128,129,131,129,127,131,126,128,128
237,235,236,239,240,239,239,241,239,243,251,252,240,243,248,243,128,128,128,128,128,128,128,128,128,128
234,238,238,233,233,237,237,233,234,248,234,242,240,237,252,248,128,128,128,128,128,128,128,128,128,128
229,234,235,231,231,236,239,237,236,239,248,242,249,246,244,129,128,128,128,128,128,128,128,128,128,128
229,230,232,236,237,238,243,248,247,244,239,242,240,242,250,127,128,128,128,128,128,128,128,128,128,128
233,234,237,240,242,243,247,252,254,252,251,249,248,253,240,127,128,128,128,128,128,128,128,128,128,128
232,239,242,242,245,251,254,252,249,255,255,239,251,238,132,128,128,128,128,128,128,128,128,128,128,128
232,239,243,245,249,255,255,253,255,255,246,246,241,236,123,133,128,128,128,128,128,128,128,128,128,128
237,238,242,249,253,253,253,254,253,243,244,243,245,127,132,124,128,128,128,128,128,128,128,128,128,128
