60,48,41,35,41,39,98,107,178,197,214,218,255,214,36,116,245,247,106,125,94,144,232,236,166,128
52,57,39,45,56,69,81,141,183,205,211,245,254,30,52,245,250,244,170,84,98,102,224,236,192,127
60,50,53,55,46,92,101,130,128,187,228,254,45,49,105,246,248,249,192,104,85,115,229,237,218,126
62,68,63,54,104,99,147,171,203,217,249,64,60,55,255,246,247,245,163,89,92,132,230,236,235,127
64,65,54,117,125,102,150,212,211,151,71,48,49,247,246,249,248,245,204,70,140,154,223,237,243,128
33,33,61,86,103,132,182,204,101,49,48,60,243,245,253,245,246,250,187,69,133,155,204,233,245,129
21,29,68,96,120,160,128,52,49,58,46,242,249,255,253,247,247,248,195,112,158,182,216,231,243,122
26,38,48,84,80,46,59,72,40,96,246,251,252,249,248,254,253,245,168,118,121,165,192,225,252,131
32,30,48,66,71,84,26,70,237,243,244,255,255,255,255,249,241,247,179,146,129,142,163,230,239,130
51,29,33,20,25,163,228,245,248,250,249,254,252,254,248,255,254,242,175,170,145,151,165,227,252,123
39,76,147,163,217,235,240,233,247,246,255,252,253,253,255,249,247,247,182,180,117,145,170,231,241,132
131,193,214,223,229,242,241,244,249,253,249,246,254,255,254,248,254,245,181,122,124,145,200,238,127,129
190,220,222,226,232,243,242,237,246,248,250,252,252,252,253,254,253,243,184,139,143,162,209,241,128,128
214,228,225,234,238,239,239,243,247,249,251,252,252,253,253,254,248,247,171,153,145,178,225,249,128,128
224,235,231,234,239,243,243,245,248,250,251,252,253,253,253,253,238,234,164,133,174,201,232,248,128,128
221,233,234,233,237,244,244,242,250,251,252,253,253,253,253,252,247,241,169,160,207,229,243,244,128,128
225,229,235,236,238,238,240,243,251,252,252,253,253,253,252,251,250,207,187,203,220,246,247,248,128,128
226,231,240,235,237,242,245,247,252,252,252,253,253,253,251,250,240,183,189,225,236,243,244,250,128,128
226,230,242,234,239,247,251,249,253,253,252,253,253,252,250,249,237,207,196,245,244,239,250,246,128,128
232,224,237,240,246,243,245,251,253,253,252,253,253,252,250,248,232,176,240,226,230,241,249,249,128,128
226,229,234,239,244,247,248,249,252,247,251,255,252,252,252,246,225,198,232,216,238,246,250,126,128,128
231,234,237,241,245,248,250,252,253,253,251,249,252,254,250,243,235,210,228,235,240,247,244,133,128,128
233,235,238,241,244,248,252,254,251,249,255,255,247,251,253,236,214,185,229,239,249,250,255,126,128,128
231,233,236,240,244,248,252,255,255,255,248,244,252,252,237,224,234,213,231,252,244,246,251,126,128,128
232,234,237,242,246,250,252,254,252,244,252,255,250,250,245,224,191,239,241,244,251,254,247,127,128,128
237,238,241,246,250,253,254,254,255,255,251,247,247,244,239,237,155,235,240,248,246,245,253,130,128,128
240,240,241,246,252,255,255,253,255,249,251,255,252,248,229,198,158,230,250,251,249,255,125,126,128,128
238,237,238,243,250,254,254,252,253,255,255,249,244,246,241,227,169,241,247,251,246,254,128,128,128,128
232,243,243,244,246,255,255,253,252,255,250,249,252,246,236,226,206,243,249,248,248,250,125,130,128,128
240,245,241,244,247,255,254,254,253,255,249,240,237,239,239,213,216,247,250,247,247,251,127,129,128,128
