130,129,60,87,172,197,196,200,195,184,177,184,170,27,76,22,2,52,83,83,95,106,105,119,111,120
124,128,62,90,172,199,204,207,204,204,193,194,190,174,41,73,63,13,28,86,96,95,109,104,122,112
129,128,45,86,178,200,207,193,178,186,191,186,200,187,176,58,74,68,32,6,37,74,87,105,110,115
128,129,48,111,194,187,206,205,206,205,191,184,189,203,189,180,142,55,61,75,44,20,25,72,99,103
129,130,44,105,182,169,212,208,203,195,203,207,201,195,188,189,179,153,103,36,44,64,67,44,20,17
126,127,67,99,193,189,186,201,192,205,204,195,195,192,187,192,165,181,161,139,106,43,41,59,77,64
132,126,54,125,173,190,192,172,202,200,207,198,203,207,192,202,187,187,170,158,156,130,125,90,54,37
127,132,59,98,180,177,187,198,206,195,201,206,202,203,197,186,182,178,185,206,174,178,160,162,126,89
130,128,53,96,160,157,191,198,197,206,200,205,195,189,199,169,203,185,194,187,195,188,174,181,186,150
125,126,35,103,156,203,181,195,199,202,203,199,201,202,196,190,183,193,198,186,193,204,204,181,194,192
128,135,61,73,158,176,167,167,203,192,200,197,200,205,196,205,178,175,196,203,203,177,210,207,212,201
130,120,136,43,146,153,179,211,199,206,200,206,188,182,209,192,178,180,174,200,210,197,191,189,208,192
129,130,126,76,107,146,170,181,190,202,192,201,200,196,203,208,185,188,196,208,206,203,212,211,212,211
129,123,129,67,96,160,181,189,204,205,207,201,200,198,196,199,208,186,204,190,207,215,207,195,209,211
129,128,125,73,89,134,175,180,192,188,198,185,187,194,194,195,190,196,200,212,203,192,209,207,202,212
128,131,124,75,97,121,173,181,194,200,192,197,201,205,214,193,204,196,191,213,209,206,206,202,207,212
126,126,128,52,88,120,163,188,199,193,207,187,171,202,187,196,202,200,208,203,207,206,211,208,205,171
131,128,127,69,126,144,161,164,187,198,182,179,167,192,198,197,196,199,203,203,206,208,202,208,209,194
123,131,128,70,100,118,160,182,182,189,168,175,184,207,203,186,198,199,204,202,194,205,180,208,192,200
131,127,128,55,78,129,151,165,186,201,189,173,166,180,189,194,192,215,190,185,194,190,205,209,207,196
131,123,127,130,106,132,146,178,179,184,190,193,197,189,198,206,184,199,205,203,205,201,202,187,205,214
125,132,125,131,91,115,157,165,171,181,182,190,199,188,191,198,197,199,194,197,187,208,206,212,206,189
128,130,128,127,79,110,145,155,160,171,170,187,191,187,196,202,183,197,203,192,204,199,219,191,209,205
128,129,129,126,78,123,143,151,172,172,167,188,189,188,194,185,201,200,188,200,196,193,213,209,200,209
123,130,122,137,90,111,126,126,125,157,170,188,185,181,192,206,206,196,197,202,184,203,187,204,189,203
133,130,132,122,67,96,132,114,138,173,175,179,199,194,185,202,196,195,209,178,186,197,200,199,207,195
124,127,125,128,132,94,112,152,136,164,172,166,185,187,179,192,187,197,197,193,202,198,207,212,209,193
128,132,128,128,129,89,159,145,128,140,167,168,182,197,196,191,194,207,204,196,192,198,187,199,204,209
126,129,127,130,127,117,132,160,170,157,175,172,160,179,192,187,194,202,195,199,202,192,195,191,197,193
129,128,129,126,129,104,127,132,137,161,164,150,189,185,175,171,182,191,191,203,185,192,203,195,202,199
