60,59,61,73,58,80,69,79,83,89,84,77,87,80,95,82,106,140,175,186,228,242,244,226,225,134
178,174,182,145,126,125,89,83,77,52,68,67,68,76,75,75,76,66,72,61,75,99,150,204,241,124
156,158,148,129,140,140,137,141,136,149,151,153,160,130,114,79,84,58,63,57,67,77,70,72,65,130
181,177,176,170,168,154,155,167,178,162,176,172,191,194,184,184,166,184,196,152,116,104,83,77,66,123
193,186,187,190,186,171,171,179,177,182,176,181,193,196,214,186,203,253,255,252,238,191,158,158,159,136
195,207,212,209,202,189,185,182,189,151,183,186,183,203,209,204,219,231,241,245,251,238,164,115,127,124
182,202,202,203,212,217,212,204,193,191,180,177,195,187,187,212,225,255,254,247,252,243,184,129,109,132
148,170,178,195,207,213,215,210,205,203,198,191,189,186,193,205,241,231,255,255,249,255,207,153,101,125
160,145,130,149,164,188,208,202,219,208,202,199,191,179,183,205,215,234,247,249,252,252,228,170,131,131
203,202,201,195,146,141,175,184,201,215,206,204,200,190,196,202,221,235,250,251,253,255,241,181,149,122
206,205,218,194,181,176,150,145,183,197,209,205,193,196,195,197,214,216,244,253,255,251,243,191,148,128
168,167,157,177,203,220,201,185,140,177,192,183,192,191,191,183,194,209,241,245,245,255,247,222,173,133
113,108,125,175,193,207,229,200,201,128,156,173,192,185,197,176,182,185,221,243,255,252,253,235,183,129
85,92,95,118,135,167,213,225,200,167,129,155,178,187,173,175,179,188,207,238,252,251,255,214,181,126
85,96,91,90,79,120,151,189,184,191,189,145,139,168,167,177,168,172,178,231,249,251,255,249,197,127
87,82,107,114,85,81,97,127,146,179,223,213,137,148,178,179,167,177,187,200,239,252,253,253,224,128
106,137,172,195,153,94,70,77,89,134,182,159,148,152,163,201,171,161,174,194,227,245,251,255,243,126
93,174,204,233,116,86,80,72,72,71,82,100,127,171,164,160,168,164,159,204,187,241,255,254,250,129
94,109,90,89,68,76,78,80,80,89,72,86,86,128,126,157,142,164,169,183,196,226,252,253,255,125
99,92,88,87,96,90,93,122,142,173,150,144,116,135,128,150,142,151,158,186,191,205,239,249,252,126
125,121,97,102,119,133,132,169,175,177,181,177,162,173,198,183,186,187,184,180,187,205,217,251,250,129
115,125,128,113,137,146,154,179,170,179,202,202,210,198,218,218,230,228,196,193,209,223,227,232,245,131
120,108,135,115,132,144,133,156,148,158,169,175,176,180,189,216,232,224,241,238,221,230,222,220,222,129
156,158,150,157,157,161,165,161,156,156,171,181,190,208,212,222,221,230,230,238,227,225,218,189,192,126
166,164,201,177,186,196,184,189,190,201,200,187,209,210,216,230,225,243,240,235,233,233,218,211,175,127
191,194,190,197,211,221,211,202,206,211,209,218,215,219,227,224,235,240,230,245,238,220,213,206,173,131
213,209,214,212,224,217,224,221,220,225,226,226,216,226,232,234,239,242,244,246,244,234,215,198,191,126
202,214,207,208,227,223,219,222,225,229,230,233,237,244,244,244,245,247,246,242,240,237,228,217,206,127
202,203,221,218,220,221,218,228,225,229,232,231,236,236,239,244,240,246,248,244,240,238,232,224,218,127
211,205,202,216,224,213,238,231,230,231,241,243,245,240,245,245,245,245,244,240,236,235,236,236,237,129
