30,36,42,28,33,36,36,45,41,41,50,73,125,102,106,104,108,199,213,220,232,228,51,39,79,127
32,39,40,28,36,44,28,23,35,40,69,77,123,96,113,88,163,217,216,218,226,148,18,74,253,122
43,29,22,31,51,39,27,27,24,46,73,85,80,105,111,106,201,206,216,213,202,36,48,77,251,127
41,38,21,44,57,49,37,32,33,60,115,99,57,71,86,141,218,216,222,195,60,71,69,247,253,129
23,28,41,48,40,47,43,39,44,69,89,63,51,86,107,158,230,206,170,71,44,67,232,252,250,130
41,38,38,45,53,41,28,31,45,64,61,37,58,73,141,190,215,145,60,69,50,231,251,249,255,128
51,35,48,46,52,47,18,35,45,44,36,58,64,98,125,142,81,73,68,47,235,252,253,255,247,127
52,37,36,34,51,36,51,29,33,45,34,52,84,91,59,71,77,50,70,251,255,255,255,249,255,131
49,59,56,58,39,28,40,32,55,57,46,58,36,66,63,44,75,230,255,252,249,254,248,255,247,129
49,40,36,34,34,46,26,42,50,56,56,61,56,29,76,237,241,251,249,250,251,255,253,254,255,125
35,34,42,35,60,24,34,24,31,38,55,95,164,230,200,229,250,248,246,255,248,248,250,254,249,129
19,13,11,15,19,17,40,39,42,55,97,112,167,198,230,240,246,247,248,253,253,254,255,253,130,131
72,54,79,57,60,78,92,114,136,171,170,191,222,230,242,242,247,247,249,252,254,253,253,255,128,128
174,163,171,157,158,170,187,202,210,235,229,231,238,233,240,242,248,248,250,253,254,253,253,254,128,128
219,223,226,228,230,227,233,231,222,234,232,234,240,241,246,250,248,249,251,254,254,253,253,254,128,128
223,229,225,231,235,232,233,230,234,234,235,235,237,239,238,239,247,249,252,254,254,253,253,254,128,128
226,225,222,223,228,231,231,233,232,232,239,238,238,243,245,251,245,248,252,253,253,253,254,254,128,128
220,217,225,224,228,230,226,227,231,230,232,232,235,241,243,246,244,248,252,253,253,254,254,254,128,128
216,212,223,221,223,221,225,222,229,231,229,231,239,244,244,243,245,249,253,254,253,254,254,254,128,128
200,200,215,215,217,208,218,208,216,229,231,233,237,237,240,242,246,250,254,254,253,254,254,254,128,128
194,203,204,206,215,207,205,219,205,227,232,237,239,233,239,246,250,248,255,250,254,255,249,129,128,128
201,197,199,181,200,199,216,215,205,216,226,231,237,239,240,247,246,245,250,255,255,254,255,128,128,128
178,176,182,190,189,195,204,210,212,212,225,229,236,244,239,245,251,253,255,247,254,250,255,125,128,128
175,181,187,179,181,191,200,194,214,214,225,232,236,242,241,243,247,250,247,255,255,255,252,130,128,128
180,178,166,171,177,190,190,194,204,213,222,233,235,237,246,244,247,253,255,244,255,253,254,126,128,128
172,162,146,180,178,187,178,204,198,216,223,232,235,235,247,245,248,253,253,255,255,254,255,130,128,128
168,163,167,167,175,179,192,195,200,219,227,228,234,239,244,246,247,249,251,255,254,255,119,127,128,128
154,150,161,169,170,182,191,179,201,217,228,223,232,245,242,248,250,250,254,255,252,253,133,126,128,128
151,146,146,166,176,165,182,190,223,195,213,234,232,244,246,244,249,251,255,253,255,255,125,130,128,128
139,155,151,147,170,172,175,180,203,219,216,230,234,251,243,250,250,252,255,252,255,255,128,131,128,128
