26,33,48,41,32,108,111,86,96,97,69,81,91,80,112,122,114,106,120,94,129,148,132,125,136,136
10,9,31,46,59,64,70,91,118,132,67,33,112,95,93,136,131,123,116,111,137,127,149,128,133,128
11,54,65,31,57,82,45,67,65,106,124,43,98,97,99,136,144,126,129,124,137,147,133,125,136,127
8,2,11,38,45,63,25,57,88,100,132,101,96,96,47,104,130,133,130,135,123,134,127,139,140,128
27,29,29,47,55,75,75,5,44,56,43,131,82,79,48,79,96,161,142,124,144,143,138,103,130,147
15,6,19,17,38,59,75,58,47,38,86,88,107,88,63,77,66,132,144,139,131,140,153,144,126,156
18,17,28,28,11,72,74,59,21,52,55,102,114,78,73,68,54,112,138,133,128,141,132,148,146,146
11,15,17,36,66,40,65,46,49,34,18,88,52,102,42,62,89,101,112,105,130,144,146,153,155,133
19,23,28,30,19,48,24,18,43,43,26,42,68,95,85,73,83,86,117,53,119,145,133,158,140,136
65,30,22,25,70,25,66,24,56,14,18,73,83,93,85,96,80,93,96,118,122,117,144,142,162,119
22,10,37,37,31,40,49,18,15,50,36,18,92,77,78,77,74,70,75,120,107,131,150,148,149,144
70,41,29,35,80,69,56,67,16,38,27,56,17,50,106,36,89,61,88,103,106,133,153,146,162,147
144,106,40,35,80,81,73,60,45,49,33,15,24,62,116,91,50,109,100,116,109,137,151,155,152,145
130,153,122,122,122,97,92,31,26,40,32,3,26,45,109,104,82,99,46,64,102,126,140,158,167,148
148,144,143,149,131,126,115,83,97,50,21,31,52,14,99,91,77,93,74,84,84,118,135,151,174,144
155,136,134,127,137,147,142,90,82,52,34,11,21,64,61,125,71,104,110,65,98,131,144,148,160,141
140,160,142,111,134,127,138,122,100,85,44,16,13,43,48,102,86,88,71,54,97,117,151,141,154,165
148,146,154,133,121,105,137,129,96,122,86,7,11,29,31,70,87,95,92,58,84,96,147,147,129,151
63,87,107,134,107,110,112,103,112,128,116,80,42,14,15,80,108,83,102,74,61,107,137,126,140,153
112,66,51,72,75,92,102,132,117,108,95,106,18,9,16,88,116,100,71,97,71,81,132,135,126,160
142,111,37,74,55,108,120,109,115,114,115,90,58,10,30,78,127,105,47,92,43,34,128,138,118,136
173,139,119,78,80,112,96,121,135,119,116,115,73,15,26,67,124,100,98,86,84,70,118,116,128,161
169,150,132,100,108,121,96,117,119,122,109,97,92,49,45,47,107,117,23,84,103,32,127,130,106,146
183,163,146,94,110,122,102,131,119,100,92,76,79,53,67,69,130,132,42,44,120,87,119,116,111,130
172,160,143,126,114,117,122,136,97,91,78,82,82,77,97,91,100,138,40,41,122,105,104,122,109,153
168,167,158,153,144,110,126,105,119,112,91,89,70,57,73,100,105,105,61,77,94,104,106,107,125,130
178,169,153,160,137,120,136,125,120,115,112,52,58,18,56,97,95,116,128,56,96,111,84,145,123,133
166,151,156,140,137,119,135,138,130,122,110,61,64,6,44,93,85,114,112,99,82,91,102,121,117,155
158,156,140,156,153,144,140,142,118,143,136,97,47,39,50,67,105,106,109,100,111,94,118,104,134,150
172,177,164,153,153,146,134,130,136,132,139,128,87,51,72,80,116,133,88,81,52,93,104,113,156,152
