159,153,167,172,194,211,201,214,226,222,219,214,233,221,200,199,202,175,138,101,101,78,83,91,105,106
144,154,150,239,213,214,218,216,216,220,229,206,215,217,212,207,203,195,177,114,111,92,65,69,94,95
135,140,148,195,181,201,201,201,211,225,223,214,227,221,204,213,212,194,156,157,127,87,79,82,77,84
151,161,198,175,185,158,147,193,212,199,225,209,210,218,221,211,194,182,178,152,129,115,87,70,70,90
143,145,153,160,163,157,163,167,190,187,194,230,217,216,218,210,186,201,177,157,153,135,102,75,57,71
136,146,151,152,158,174,171,170,191,188,182,182,214,206,193,172,205,192,165,153,163,133,109,88,63,76
162,158,177,158,156,170,179,200,209,184,183,188,173,220,220,200,190,192,180,168,140,144,110,84,77,57
172,169,187,196,178,191,191,213,206,195,191,203,204,222,219,219,197,186,178,186,148,134,131,107,86,63
187,168,178,210,212,203,197,198,211,212,228,223,215,227,236,203,222,210,173,176,163,92,127,113,89,53
165,181,174,195,186,203,199,223,231,222,238,237,235,240,234,231,231,225,179,168,126,132,135,118,114,98
166,165,156,180,181,199,195,216,233,241,235,241,254,240,245,242,248,228,232,207,160,163,142,119,112,94
166,167,187,198,199,199,221,223,230,238,243,252,238,255,245,243,251,247,242,209,184,162,142,138,112,121
178,205,212,222,223,228,235,244,234,243,243,242,255,244,251,251,247,250,248,244,223,168,148,119,123,105
203,184,184,192,228,223,224,226,237,242,240,246,243,243,250,244,249,250,248,241,218,217,143,109,91,110
96,119,112,106,131,120,146,151,204,227,233,236,244,238,245,238,220,238,234,218,208,192,107,91,85,109
72,73,56,67,77,64,63,70,86,94,147,174,210,219,226,233,171,141,134,119,103,84,63,58,64,99
133,167,163,165,176,186,183,200,200,195,216,226,225,214,191,155,48,25,42,19,42,43,31,51,46,80
187,201,207,203,210,211,224,235,231,227,236,247,238,233,231,211,111,68,35,24,31,30,47,34,48,68
220,221,219,231,233,211,230,240,235,240,243,246,244,242,236,241,203,147,116,76,50,52,49,62,50,66
228,234,234,224,236,231,225,240,241,237,247,247,250,254,244,234,234,211,198,147,101,91,81,74,84,57
216,226,230,199,223,239,228,246,252,244,249,251,242,239,248,244,245,239,233,207,151,106,85,87,68,73
201,211,228,218,234,230,237,245,241,246,250,244,248,250,249,247,247,244,237,221,178,110,78,72,68,69
188,190,223,217,234,244,245,249,246,246,246,248,249,249,249,249,248,246,241,229,207,139,120,78,75,89
194,189,220,223,243,252,249,247,244,246,251,251,251,250,250,249,245,240,242,228,219,172,135,108,90,82
192,216,238,236,240,242,244,247,248,253,251,251,249,248,248,247,241,235,227,225,235,222,182,149,95,60
206,226,237,237,239,242,248,250,249,251,249,248,247,245,245,244,240,236,238,237,233,228,207,165,109,68
205,203,224,235,242,248,250,248,248,248,248,248,246,242,240,240,240,240,235,240,238,235,233,188,144,81
219,232,232,238,240,244,245,245,247,243,246,245,242,237,234,235,238,239,237,238,240,235,238,216,194,119
212,226,229,232,234,241,242,242,242,228,238,237,234,231,231,234,238,240,238,238,241,240,239,233,200,138
181,191,215,221,227,234,230,231,239,228,232,230,228,228,231,238,242,244,241,243,239,243,238,230,168,132
