222,227,231,221,238,236,232,230,207,212,136,59,44,27,62,70,94,98,102,108,129,133,126,154,161,195
221,240,245,238,232,251,233,250,233,231,205,97,87,100,87,63,90,105,102,99,123,126,117,128,146,159
228,239,245,243,231,248,226,244,247,239,211,147,120,122,121,116,115,99,109,107,90,106,113,115,118,154
246,237,243,254,228,255,218,250,241,242,225,214,181,159,150,135,133,135,129,105,115,113,110,132,121,171
244,235,250,254,244,244,241,252,240,238,225,203,188,190,191,171,169,157,130,151,97,95,122,119,176,146
250,246,251,255,246,248,239,252,227,236,234,228,235,236,238,223,216,180,172,148,133,108,118,116,127,187
253,247,253,248,251,242,242,240,235,243,247,245,245,240,245,234,226,207,173,149,140,132,110,134,139,182
250,248,251,239,235,240,237,245,246,251,253,246,246,246,246,241,240,235,224,206,156,151,130,111,124,156
243,243,230,237,246,250,251,255,255,248,253,249,247,248,248,245,241,239,224,213,199,156,117,105,124,139
238,245,249,250,252,253,251,252,253,252,251,250,250,253,253,248,242,239,231,216,193,168,123,114,127,163
245,254,255,254,255,255,255,252,251,252,253,252,251,250,249,246,243,242,243,235,219,183,131,102,129,153
253,255,252,253,254,255,255,253,251,251,253,252,250,248,245,242,241,241,243,229,225,180,163,145,144,162
252,249,252,255,253,249,251,253,252,252,248,250,251,250,247,243,239,236,243,230,238,202,198,191,132,166
248,244,242,250,249,245,251,254,251,251,248,250,250,249,246,244,240,238,235,228,236,206,193,181,160,161
237,234,229,238,240,242,251,252,248,249,250,250,248,245,243,241,239,236,222,221,222,204,198,170,175,130
217,217,230,234,233,236,246,247,245,252,247,248,249,247,244,239,233,227,226,225,206,181,183,170,164,174
207,200,215,240,233,239,240,249,245,246,242,243,244,241,244,237,217,224,211,212,200,186,152,140,192,178
192,200,190,214,234,241,232,239,229,244,240,237,241,247,236,239,227,202,178,149,197,180,179,180,129,174
183,197,192,200,215,231,231,240,234,243,231,217,214,227,241,235,240,214,175,180,178,130,161,134,166,150
176,178,181,186,194,220,230,238,237,233,239,211,199,200,215,227,215,228,208,174,136,170,159,151,177,146
162,167,171,191,194,210,212,210,218,218,221,216,205,176,208,187,137,189,176,181,186,150,172,143,175,177
149,162,182,189,206,202,217,231,214,230,217,211,187,189,203,209,194,142,216,174,175,127,119,151,199,127
146,175,167,188,167,185,220,208,195,182,207,198,152,188,148,143,160,145,138,132,172,135,138,115,147,187
154,164,145,141,157,151,199,219,171,196,173,174,182,137,135,127,144,153,147,215,133,182,143,188,191,172
162,155,172,165,167,188,184,199,175,143,188,157,181,185,127,141,121,128,148,161,148,126,188,148,179,123
173,145,149,129,143,151,177,159,169,169,160,156,179,197,142,147,101,149,129,114,114,114,126,154,131,133
175,159,137,137,164,164,143,138,145,144,164,136,140,178,186,157,168,125,162,134,109,105,145,142,163,122
183,155,128,134,136,149,155,191,139,159,137,160,128,188,153,181,111,133,131,124,137,169,160,156,122,130
181,191,156,161,142,135,113,144,185,155,177,145,138,144,167,126,124,115,127,113,131,117,160,125,128,128
197,156,172,183,157,120,159,129,121,158,151,163,151,141,147,170,133,90,121,144,126,103,126,127,128,127
