159,165,187,197,185,193,223,221,203,202,184,146,63,84,121,147,145,132,161,186,201,205,211,209,210,220
169,180,190,199,212,217,222,214,204,196,186,123,122,143,180,175,180,179,171,189,197,198,206,209,212,223
169,193,197,212,240,228,217,208,202,195,176,142,179,195,202,199,193,193,195,205,204,202,209,212,215,223
185,210,215,225,239,213,213,208,199,196,168,190,204,211,201,211,199,196,203,209,206,202,207,208,209,214
204,231,235,220,219,199,207,203,193,192,187,212,213,211,211,207,205,206,208,212,211,208,211,212,214,220
224,238,233,204,206,202,196,186,190,196,208,209,215,214,211,208,208,210,210,212,210,206,207,209,214,221
217,228,212,195,194,194,187,183,196,206,211,210,216,219,209,218,220,217,221,220,217,213,211,214,220,226
197,202,196,195,177,173,188,199,205,212,214,219,218,215,214,209,221,216,221,220,217,214,212,214,220,225
187,180,133,168,182,193,201,205,216,211,217,217,220,217,218,216,210,221,222,227,218,218,213,210,226,230
140,144,160,188,204,212,211,208,217,219,218,219,222,219,221,221,217,225,225,227,220,216,216,209,229,232
156,176,194,200,206,210,212,212,214,214,219,221,223,220,221,224,222,227,226,223,220,213,218,208,229,233
181,183,189,196,206,206,205,210,215,221,219,222,222,217,217,222,223,225,224,220,218,214,218,211,228,234
148,141,161,178,196,200,205,215,217,220,219,222,220,216,215,220,225,223,220,220,219,220,221,220,229,236
96,102,149,173,186,192,206,216,217,214,218,221,219,219,217,221,228,224,217,219,220,224,224,228,232,237
80,90,142,181,194,197,203,205,213,221,218,220,219,223,220,220,227,221,215,218,225,225,230,233,238,239
84,105,135,176,185,194,206,203,207,212,217,219,220,225,221,219,224,216,217,219,231,225,236,237,244,243
98,122,152,175,191,194,200,211,212,209,219,216,219,222,221,219,219,218,222,220,225,225,235,240,247,242
101,132,147,162,174,191,207,196,215,207,214,217,216,216,212,218,218,213,224,218,221,229,240,243,245,241
94,118,139,153,175,174,198,200,200,208,212,215,214,213,205,212,215,216,219,228,232,231,228,238,244,243
87,106,110,145,141,152,188,200,201,208,209,208,214,214,208,204,212,219,229,218,216,232,231,230,231,241
85,93,99,117,113,134,173,191,198,202,204,200,208,203,206,200,213,217,213,206,209,231,232,229,223,226
83,92,100,103,128,128,151,177,196,195,200,195,193,179,187,198,217,216,218,219,213,204,204,222,232,231
77,108,89,115,127,127,141,154,194,187,184,187,183,173,174,195,212,214,222,213,209,211,220,224,224,216
68,93,96,115,116,117,135,145,151,174,161,177,184,190,177,192,200,209,211,212,217,212,217,221,224,215
62,76,99,111,125,125,154,129,124,133,153,179,174,185,161,147,198,202,192,201,181,183,211,215,219,213
69,90,87,101,91,115,132,107,102,125,131,124,131,131,147,127,170,166,188,176,193,198,200,220,221,128
69,77,89,112,88,95,94,107,129,123,95,113,122,97,102,126,167,166,150,135,201,201,198,203,224,127
43,56,67,77,54,64,82,70,94,111,97,95,95,112,110,119,121,126,139,213,214,194,204,206,122,129
33,43,57,57,49,37,43,56,89,87,82,96,97,81,73,80,103,93,126,184,174,178,193,126,128,132
30,24,27,37,31,27,34,40,39,55,71,83,85,75,74,81,102,74,68,132,146,202,126,132,126,127
