89,91,120,120,117,82,109,102,104,107,105,138,133,137,144,136,126,130,116,98,87,69,83,96,98,95
82,84,90,106,125,104,98,120,131,127,133,142,143,127,136,153,133,122,117,114,131,102,95,85,93,90
92,130,91,88,90,104,117,107,133,124,145,145,142,155,151,150,134,130,128,113,131,131,98,89,95,93
144,121,133,114,107,104,106,101,119,155,130,140,134,149,136,144,143,117,112,125,136,124,115,112,109,119
114,125,130,127,119,124,129,131,138,132,137,144,132,147,148,148,144,119,110,114,133,119,105,117,111,114
130,141,151,149,129,132,147,147,144,131,142,144,147,144,159,151,134,125,129,124,140,139,137,130,118,123
161,175,157,155,160,150,154,168,152,126,143,145,148,148,151,158,151,151,145,153,154,155,156,147,155,146
165,168,179,168,178,172,177,161,160,146,147,136,135,139,171,170,161,167,192,185,181,150,160,169,157,152
177,175,190,196,191,201,184,174,183,172,147,158,162,170,158,160,183,200,197,194,177,177,172,178,198,189
189,195,200,192,199,199,184,205,190,176,188,177,170,172,161,180,193,201,189,183,186,185,173,169,187,200
175,151,173,181,180,159,196,177,179,193,202,197,190,182,173,170,187,173,166,165,160,155,164,169,168,177
138,139,143,132,126,137,140,125,144,148,163,161,164,164,173,165,150,137,126,124,113,119,123,118,128,126
126,124,118,125,126,126,128,128,116,121,127,126,131,137,125,118,128,135,107,122,115,111,120,112,122,122
122,125,133,121,119,126,143,128,125,124,121,128,135,123,141,129,124,126,122,131,136,122,132,127,143,141
138,142,137,146,122,157,140,136,139,133,139,146,145,142,138,124,119,139,136,141,142,133,120,137,132,126
146,160,145,150,140,151,143,135,147,156,151,158,160,153,149,137,135,129,145,146,144,129,150,146,168,171
140,142,141,142,150,175,142,148,149,152,160,172,163,148,155,131,130,135,138,134,152,142,148,146,174,174
141,151,138,147,147,149,138,137,134,146,154,168,156,128,134,135,128,127,124,132,143,160,151,165,161,168
129,125,130,130,138,116,129,136,144,147,151,129,134,131,123,141,133,123,142,136,147,162,152,148,127,136
100,98,92,101,133,133,111,121,120,118,112,100,98,105,104,103,110,119,131,108,116,125,117,110,115,117
111,100,100,88,82,95,93,101,97,109,74,90,87,68,75,77,91,111,94,89,65,68,56,58,72,89
162,147,145,138,131,109,101,91,82,76,77,56,65,56,49,61,65,92,69,67,75,75,104,141,151,178
195,176,175,175,175,172,162,151,142,151,141,130,101,77,53,70,95,107,120,135,149,173,191,192,211,214
206,194,197,200,192,188,199,198,198,190,190,192,171,162,148,138,162,185,201,198,198,219,224,224,218,219
210,213,208,213,209,210,223,217,215,212,217,220,219,208,193,193,194,217,221,225,217,227,225,228,221,224
223,214,227,221,218,221,221,218,212,225,227,230,229,218,221,206,214,222,232,224,223,224,224,222,224,224
204,218,221,221,215,212,212,216,212,222,222,227,224,221,216,221,212,224,219,216,216,218,217,212,211,213
200,210,210,209,204,202,209,199,203,208,213,210,216,210,212,214,220,208,214,209,205,208,196,203,199,214
189,209,194,201,193,193,198,185,190,199,203,195,176,193,183,189,187,191,196,188,179,181,168,183,184,198
177,179,170,176,185,176,172,179,176,179,169,167,166,171,158,167,167,147,159,161,158,163,163,177,185,187
