99,109,114,116,154,154,162,182,195,197,182,205,210,209,223,218,226,226,230,223,231,220,212,218,210,224
70,93,102,84,110,105,158,150,159,185,182,191,201,188,211,226,220,220,235,232,225,225,220,226,226,232
93,85,97,90,146,151,120,134,171,180,173,157,179,178,189,219,235,222,222,225,223,230,226,227,225,228
112,93,109,85,136,152,148,135,149,126,151,158,166,182,198,188,200,205,205,218,217,235,234,224,236,237
121,108,106,119,115,134,110,139,140,147,156,169,158,156,123,167,196,162,178,167,185,200,221,232,228,238
117,124,110,104,121,139,122,117,125,107,116,130,150,156,151,144,164,179,159,162,165,195,218,212,232,231
150,142,133,123,153,140,126,149,166,155,141,153,157,145,140,158,173,164,154,182,186,194,215,228,235,232
176,173,163,169,165,161,165,150,133,125,170,178,161,166,165,171,177,178,155,182,195,187,204,228,235,243
175,180,173,174,167,167,155,152,161,151,148,159,149,140,161,188,189,196,177,196,177,189,197,217,228,238
195,197,193,197,194,174,168,185,174,174,190,200,185,175,192,181,195,190,181,192,167,207,224,217,232,239
189,204,205,216,188,203,190,180,216,216,206,211,216,181,185,202,221,220,203,203,189,199,220,204,230,244
132,167,155,192,206,204,202,205,210,215,223,227,222,227,204,190,205,205,226,217,232,205,208,235,215,246
120,129,144,139,163,194,204,200,208,212,228,232,235,231,209,215,213,209,186,213,204,219,227,228,228,222
134,135,140,163,147,140,174,182,193,205,224,230,229,228,225,227,231,221,223,205,210,191,220,211,226,246
145,161,150,176,165,156,173,163,154,182,209,225,229,226,231,228,221,224,217,209,205,210,205,213,241,239
163,172,193,165,179,180,168,154,166,150,155,183,200,207,220,213,220,219,194,188,178,206,196,211,221,222
172,143,182,196,183,174,179,175,154,154,145,161,166,161,177,195,220,192,185,187,138,170,164,161,192,228
200,171,179,184,180,194,181,176,149,140,142,135,130,127,127,134,156,150,148,152,155,155,144,163,199,220
147,143,174,165,161,160,164,154,138,124,122,139,128,107,106,113,103,117,144,153,158,173,185,180,214,236
103,108,106,100,101,102,105,121,130,120,117,97,95,84,48,58,70,97,102,110,163,190,197,220,229,232
114,133,139,140,149,172,175,184,192,207,210,175,99,27,2,23,40,73,101,130,161,207,224,221,225,239
192,189,208,210,214,208,224,220,230,237,236,230,207,134,46,31,70,92,109,143,172,203,227,227,231,234
219,222,227,217,210,229,226,229,243,250,252,236,244,200,100,77,111,111,141,143,176,204,219,221,216,230
217,225,225,229,229,236,241,243,247,251,248,240,226,188,129,146,172,166,174,170,193,215,226,226,220,233
219,224,235,231,231,238,249,242,238,252,247,237,229,191,191,194,207,187,194,196,207,208,217,230,227,227
223,219,222,231,238,238,246,255,243,240,238,227,217,218,226,229,227,225,215,207,214,224,229,228,224,233
215,215,230,227,239,254,244,243,230,235,236,227,222,237,233,232,225,228,218,214,222,231,231,224,219,224
213,223,214,228,246,250,235,240,237,230,215,218,231,235,238,236,233,220,225,234,235,228,226,232,233,228
198,219,230,233,242,241,234,212,211,209,221,232,233,240,232,243,236,230,235,231,228,231,229,223,228,235
198,231,229,223,210,189,203,191,209,211,229,230,240,238,246,234,237,238,239,239,239,243,240,231,230,231
