207,205,201,205,209,210,212,215,215,212,207,211,215,216,215,215,216,217,220,219,219,219,217,214,214,216
203,202,202,206,210,210,209,210,211,211,209,211,214,215,215,216,219,222,222,221,222,222,221,218,216,216
202,203,207,207,210,213,214,213,213,214,213,212,213,215,215,216,220,224,224,224,223,224,224,222,220,220
202,207,203,200,200,206,210,208,206,205,212,211,211,214,214,215,220,225,225,223,222,222,223,223,223,222
200,207,206,204,206,210,211,206,203,204,209,208,209,212,215,217,222,227,223,223,222,222,223,223,221,220
198,203,197,201,206,207,202,196,196,202,209,209,210,211,213,217,221,224,222,224,225,225,225,224,221,219
198,199,195,199,203,203,198,194,196,201,201,203,203,202,204,210,215,216,218,221,222,222,222,222,222,221
197,195,193,193,192,191,188,186,186,187,186,189,190,189,193,203,210,210,212,214,214,212,213,217,222,224
188,181,187,190,173,154,164,168,172,163,162,157,156,167,183,194,201,209,205,204,205,212,207,211,214,219
191,193,184,165,153,156,156,157,173,150,135,137,143,160,173,180,181,188,193,205,210,208,199,206,209,210
177,170,143,150,140,124,138,129,99,90,93,122,134,132,131,149,153,152,153,174,190,198,197,206,206,205
169,146,131,119,116,127,111,90,93,75,88,89,78,76,78,96,102,110,132,148,162,170,165,171,186,208
157,135,128,128,121,93,79,80,64,66,65,61,54,61,63,64,58,62,73,83,96,117,128,142,157,181
138,132,127,118,97,91,77,62,58,63,60,63,62,58,55,52,54,59,65,68,64,72,89,112,128,145
133,133,119,97,85,69,53,60,51,55,63,51,50,51,58,45,46,53,45,62,63,63,66,79,87,101
125,120,105,85,68,66,59,56,50,65,56,53,48,27,34,33,47,49,52,58,50,53,62,72,67,70
133,115,97,86,75,70,55,53,59,41,45,33,52,44,40,46,45,45,45,50,51,50,55,54,50,61
124,107,90,76,70,62,54,60,62,53,40,41,47,50,45,32,23,34,26,18,32,32,59,46,50,54
109,97,96,80,75,66,66,72,60,51,50,59,48,49,45,44,32,22,23,14,20,21,34,35,44,54
108,100,91,83,77,71,73,73,60,54,64,55,52,59,48,43,39,28,19,19,19,19,15,29,32,38
118,106,93,95,84,80,78,73,72,70,58,54,68,64,48,38,40,38,35,30,31,23,29,38,44,42
123,106,107,107,93,95,99,94,92,83,64,68,70,52,57,55,49,45,44,38,33,30,30,38,40,46
129,118,117,110,104,110,119,120,111,99,93,82,66,67,75,68,63,60,51,53,49,46,46,50,44,50
143,142,138,128,129,126,125,128,120,117,107,112,100,102,83,79,88,73,63,56,56,30,58,58,65,58
161,161,156,148,137,151,143,150,150,153,138,132,122,111,105,106,101,90,74,64,86,90,100,85,78,85
175,180,175,164,158,164,163,162,156,156,154,145,139,136,126,113,105,102,97,97,108,105,105,109,104,110
180,181,179,167,167,165,170,164,151,150,147,146,143,134,127,126,123,114,119,126,130,124,110,117,104,106
186,182,180,170,172,164,166,160,143,146,151,139,134,136,132,126,124,124,116,116,116,118,109,117,115,127
192,190,183,177,173,162,156,153,135,142,143,134,132,134,128,120,118,120,121,116,115,118,115,115,117,127
196,188,178,171,163,152,143,141,129,132,126,127,125,116,106,106,110,109,108,108,114,117,124,123,127,128
