45,49,49,33,27,29,49,45,36,22,24,26,23,0,3,17,37,41,27,37,23,34,28,39,29,28
47,33,14,22,23,38,35,25,18,34,38,13,5,9,4,10,28,33,37,15,25,33,72,55,23,23
42,40,19,11,32,41,21,20,9,21,37,13,4,2,19,43,44,35,46,33,28,42,50,81,69,33
32,15,25,20,40,7,27,35,35,37,41,9,14,16,35,42,39,53,47,39,41,42,53,69,63,25
39,16,23,17,22,12,7,17,25,39,30,11,17,18,24,42,36,52,68,49,55,47,71,81,92,84
22,36,36,22,18,20,17,13,12,40,25,21,9,11,32,35,61,71,65,76,60,47,59,78,80,106
27,34,13,9,25,16,5,0,9,44,35,19,8,37,42,43,67,81,76,71,34,59,55,72,75,112
32,30,9,14,22,12,2,9,30,36,44,27,7,15,44,64,73,84,92,55,61,64,50,59,84,90
32,20,12,10,18,6,9,36,33,36,30,7,11,27,56,93,96,114,100,77,63,45,65,76,82,102
20,11,13,32,10,10,23,20,26,30,37,5,15,48,71,90,127,131,85,49,38,48,46,48,78,91
25,23,14,51,20,35,17,10,7,18,31,27,59,66,92,105,110,78,30,38,34,42,53,49,68,62
17,20,51,27,13,9,9,4,7,21,38,72,72,86,111,106,82,35,31,11,29,32,45,51,49,61
11,17,34,9,6,0,0,14,11,48,67,70,64,94,75,67,25,30,31,23,27,35,34,34,50,42
17,23,47,4,0,4,4,12,53,58,63,72,71,95,56,40,21,22,31,38,44,39,39,49,30,53
8,13,13,9,0,8,27,39,74,53,58,63,76,67,23,14,10,26,32,44,45,57,24,35,5,20
13,9,5,0,16,37,55,55,66,35,65,44,17,27,29,16,7,9,59,50,52,48,15,23,24,26
10,27,37,54,69,67,50,27,67,12,12,23,13,21,25,18,3,23,39,55,46,45,34,29,22,30
8,37,67,72,55,33,11,3,5,30,6,15,23,19,38,9,1,8,12,42,27,14,30,23,21,22
30,70,59,61,31,5,1,1,0,22,18,20,15,19,18,0,2,9,12,40,27,11,19,33,19,40
71,71,55,19,1,0,0,2,10,0,15,25,12,18,16,16,0,6,11,19,18,14,8,14,30,11
57,51,9,3,3,4,1,4,4,0,0,17,21,15,13,16,6,23,32,27,25,27,11,3,19,17
40,19,24,8,3,0,7,6,2,5,5,10,15,23,21,10,7,8,4,3,6,19,17,25,12,33
15,15,9,15,7,0,3,0,3,0,11,10,8,24,10,15,13,6,4,1,2,12,16,18,37,38
5,5,9,11,3,5,7,2,4,1,0,8,13,4,17,42,16,6,26,22,22,26,20,46,25,24
0,4,5,3,7,0,4,3,11,10,11,15,8,8,19,28,28,29,32,27,36,43,53,59,41,34
0,1,10,1,6,15,26,16,8,19,24,29,14,3,12,31,30,23,40,42,61,64,59,66,59,48
4,5,21,11,13,17,24,30,37,42,16,30,32,14,27,18,32,26,45,52,54,61,86,85,58,63
6,7,21,24,32,22,20,50,37,34,58,58,12,6,0,26,41,58,39,65,76,75,73,67,63,70
19,9,19,26,38,33,40,32,52,60,50,40,14,0,11,25,75,61,65,65,76,87,79,67,77,79
27,9,23,26,23,28,46,43,62,59,42,30,14,1,11,32,38,70,80,81,84,109,80,60,70,97
