48,38,38,46,55,46,52,59,58,59,63,68,55,54,46,47,100,50,51,47,41,34,40,56,65,85
56,41,34,39,42,34,37,41,38,35,32,31,31,35,32,32,37,19,28,35,38,64,88,88,101,128
86,70,54,52,44,39,39,39,32,24,19,15,6,13,19,32,28,40,52,72,81,106,107,130,177,151
112,97,99,75,79,73,65,64,64,60,54,44,36,36,39,59,73,77,87,113,123,136,151,164,183,181
130,105,125,94,104,97,82,84,95,97,91,75,75,74,74,93,104,99,116,133,142,128,163,160,173,171
115,124,115,110,114,119,110,111,119,122,122,112,94,96,104,123,118,120,135,127,126,137,138,118,162,166
119,101,116,107,103,119,114,113,117,118,126,121,108,114,129,131,120,121,119,102,117,130,117,129,141,175
111,85,97,103,96,110,100,100,109,114,120,113,97,110,131,112,113,107,100,100,103,113,117,137,121,173
107,81,111,94,91,94,108,104,91,100,110,108,88,114,111,116,100,97,92,84,99,96,119,126,124,172
97,85,90,73,84,82,93,89,77,81,88,87,91,98,82,90,84,85,83,80,87,91,98,115,128,155
81,74,71,79,74,68,76,75,66,68,71,71,75,77,62,72,73,77,73,68,66,81,96,109,95,117
73,61,59,71,65,58,62,61,56,59,60,58,53,61,51,54,55,64,65,61,58,70,76,92,87,85
62,53,58,47,54,49,50,46,42,47,45,40,34,43,41,43,44,48,48,47,42,54,68,70,67,75
56,45,56,46,45,41,41,35,34,39,36,32,32,33,34,42,44,40,34,36,46,44,62,60,70,101
55,43,40,42,39,35,36,33,34,37,35,36,44,37,33,34,38,36,35,42,44,48,61,64,79,72
34,42,25,29,38,32,33,33,34,35,33,37,38,39,39,34,37,38,37,39,46,35,40,38,37,31
27,21,14,15,14,11,11,15,16,14,12,12,22,13,9,5,0,4,8,6,17,8,11,17,15,18
11,10,10,4,4,3,2,4,5,4,3,2,13,6,2,3,4,6,7,6,0,5,3,4,14,13
6,6,8,0,3,3,2,1,2,3,3,1,7,3,0,2,7,6,2,1,5,9,0,0,13,16
14,7,5,1,1,2,2,0,1,4,3,0,3,5,1,1,7,5,0,0,0,1,12,17,14,11
16,7,1,2,0,1,2,1,1,4,3,0,0,4,2,0,4,6,3,1,3,0,2,6,7,10
14,10,4,3,2,3,3,2,3,4,3,2,0,3,2,0,0,4,4,2,5,4,2,7,16,13
18,18,14,6,6,4,2,2,1,1,1,3,6,3,1,1,0,1,2,1,4,7,13,15,7,1
23,22,20,6,13,9,6,5,4,3,4,8,11,0,0,4,2,0,3,3,9,0,16,32,21,18
33,26,23,20,19,22,17,3,6,4,13,25,3,0,0,0,2,4,16,11,21,15,14,7,10,25
28,27,28,28,39,28,26,17,13,14,20,13,8,2,2,4,11,13,23,15,19,21,25,17,10,14
23,24,27,30,30,23,26,22,22,21,20,6,13,8,10,14,19,17,25,17,19,21,25,22,19,14
20,19,18,21,14,23,24,17,26,23,21,20,18,16,21,23,22,15,22,17,18,17,15,14,20,19
17,14,10,13,14,21,20,10,16,16,21,27,26,25,29,31,29,22,27,19,14,14,11,5,9,13
13,13,11,11,14,9,14,10,9,10,19,14,15,11,12,15,20,18,19,5,9,11,12,5,5,8
