68,69,69,69,68,64,61,58,54,53,53,54,55,56,54,57,48,53,62,69,74,67,75,71,90,82
77,76,73,71,66,60,61,59,58,57,58,59,60,60,57,58,55,66,74,77,76,79,84,81,87,88
78,78,75,73,71,66,61,60,59,59,60,61,62,63,56,63,69,78,80,81,76,86,90,85,91,84
83,81,76,73,71,68,64,62,60,58,59,62,66,67,66,76,84,88,91,99,87,91,96,100,95,96
77,81,83,76,71,76,56,63,63,68,64,66,64,70,76,84,103,96,88,98,98,96,85,103,91,90
83,78,76,77,79,66,74,66,61,58,69,70,78,84,86,89,112,105,94,100,101,91,84,98,94,90
90,82,78,72,79,67,77,72,71,71,81,80,87,93,95,120,101,107,111,95,123,104,100,100,96,89
81,76,86,74,70,80,78,78,73,78,81,90,93,100,110,107,112,110,105,102,114,93,103,96,99,87
90,98,78,85,94,82,81,87,89,101,110,120,110,104,118,120,115,106,116,113,105,101,99,87,98,94
81,86,83,83,80,96,88,89,92,92,108,114,120,118,129,117,117,113,109,118,115,107,105,87,96,97
88,93,97,93,94,118,98,101,109,110,119,116,121,124,114,133,106,117,114,101,103,91,104,99,101,89
109,104,108,105,106,112,120,117,114,124,125,124,120,127,130,127,127,123,110,120,103,111,101,107,105,88
117,129,111,116,106,124,128,124,130,124,131,123,132,135,131,130,125,123,118,107,113,96,103,100,109,92
121,117,115,121,120,120,126,134,134,135,130,135,132,129,129,132,121,112,113,106,111,98,95,91,99,91
124,134,138,127,129,132,127,132,136,126,129,129,131,124,127,129,110,97,101,99,102,95,94,92,87,99
129,136,132,132,134,130,133,130,136,125,133,124,130,126,128,120,101,90,90,90,93,86,86,84,83,97
129,137,137,139,138,130,130,131,130,132,127,126,121,119,125,106,96,96,86,85,86,76,72,73,96,99
132,139,144,136,138,140,131,132,131,123,122,120,117,110,111,93,93,101,84,80,80,71,67,83,107,119
135,126,123,132,135,135,136,131,134,118,126,114,118,110,97,88,91,95,76,73,73,73,72,97,107,127
125,138,131,145,131,138,130,124,123,127,124,114,106,106,91,90,90,87,68,67,69,79,84,102,113,120
123,123,139,132,136,130,125,129,127,111,113,114,101,107,93,86,91,84,67,67,82,95,104,108,110,118
125,134,130,139,124,141,134,136,112,121,118,110,95,94,93,99,84,71,73,83,91,97,102,113,112,114
130,130,132,129,132,128,129,127,123,116,111,116,83,87,82,88,87,77,82,93,113,104,113,91,100,102
123,132,130,133,134,119,108,121,122,113,108,98,88,83,91,72,79,77,99,108,125,108,103,99,111,94
130,124,138,130,130,128,108,112,114,115,109,91,83,85,75,76,90,93,112,113,110,116,116,106,106,84
122,132,118,129,121,127,120,112,114,112,103,107,78,82,70,75,82,106,113,130,114,111,108,108,99,74
123,120,117,112,120,113,115,121,103,107,98,98,88,76,71,80,83,112,100,113,122,115,104,80,82,79
123,117,120,115,107,113,108,100,104,97,90,84,76,83,72,91,86,114,121,100,106,93,83,72,67,65
113,117,125,121,120,110,106,102,100,82,88,88,76,69,71,80,103,113,102,98,94,77,62,57,54,46
116,113,119,120,117,119,99,100,101,87,90,79,83,77,77,77,94,108,98,84,74,64,55,36,18,3
