65,57,54,52,54,46,48,52,50,39,46,41,51,50,48,34,41,42,21,12,17,9,16,9,33,30
50,51,45,52,33,54,37,37,43,39,34,22,22,30,52,47,25,1,11,26,11,0,35,26,2,7
49,48,43,28,51,53,47,42,44,43,31,37,40,47,60,27,12,13,24,27,20,30,13,12,28,57
37,55,56,48,60,45,41,44,33,33,39,37,32,56,13,26,24,17,32,31,24,48,26,35,58,77
60,51,51,51,54,51,58,44,34,39,46,16,22,64,19,18,26,30,29,30,35,44,55,69,93,114
50,50,51,53,47,51,48,23,41,52,60,52,57,18,24,24,25,20,15,29,53,65,88,111,133,145
17,39,32,36,24,35,31,32,47,64,54,41,68,30,44,25,19,29,45,63,80,86,111,128,138,131
9,17,28,43,37,41,29,33,52,47,41,71,34,18,29,37,39,60,75,90,99,123,109,116,113,113
33,37,42,33,30,41,58,48,54,37,27,67,49,26,41,36,57,86,86,101,119,125,111,111,116,124
44,36,45,48,54,47,45,45,40,13,38,32,56,60,65,68,87,97,109,107,117,120,122,121,120,132
56,58,54,39,32,15,37,18,25,21,78,64,72,75,76,92,112,112,111,103,109,112,119,127,120,144
41,51,30,5,15,32,18,21,43,64,75,73,83,93,98,109,119,126,102,110,114,119,133,132,122,139
25,16,5,7,16,29,23,59,60,82,85,86,98,116,107,121,101,108,104,112,102,126,134,126,136,142
20,6,6,14,12,24,34,56,77,94,93,101,123,126,118,116,104,113,112,116,113,129,142,132,146,142
2,9,8,12,25,38,58,80,86,92,107,130,142,129,125,104,97,113,116,116,113,130,146,151,147,149
16,3,3,14,28,66,76,84,99,101,131,135,135,108,101,99,105,112,112,117,125,142,145,139,130,135
11,9,5,28,64,93,101,100,116,131,135,119,107,108,107,110,113,100,97,109,130,148,137,131,118,112
23,2,15,66,86,104,104,112,125,124,116,117,110,116,110,106,107,98,108,118,125,125,115,113,104,98
41,9,55,84,102,109,118,108,116,104,119,119,118,111,118,102,96,93,110,116,113,105,106,103,108,117
50,43,83,98,99,125,129,112,113,117,126,114,110,113,107,103,106,104,106,105,100,100,121,126,140,149
42,82,92,93,110,126,120,127,124,124,115,114,114,116,103,107,107,98,95,110,122,134,135,146,161,160
71,95,96,107,114,128,135,131,126,116,116,99,110,108,106,108,102,98,107,137,143,141,142,146,160,164
84,89,99,101,110,131,130,126,122,109,108,92,90,101,99,97,98,115,113,138,152,160,162,155,167,169
89,99,123,104,121,132,129,123,112,104,95,82,71,77,84,87,95,118,123,145,153,156,156,166,173,182
98,96,119,119,125,129,134,127,114,114,100,92,77,77,81,91,105,124,123,140,150,158,154,163,174,175
96,106,122,95,122,128,127,123,117,124,114,109,101,98,96,106,117,128,123,134,145,156,156,164,168,160
118,109,123,96,117,134,117,119,120,131,128,123,124,122,115,119,123,130,131,138,143,148,149,162,152,152
110,117,112,98,117,121,121,128,128,140,141,137,141,140,133,134,133,132,131,136,141,147,142,142,136,147
105,119,109,99,96,116,125,135,127,145,147,148,148,149,146,149,147,140,135,134,139,147,139,130,131,139
112,104,123,103,121,121,126,138,122,147,151,159,153,155,150,153,153,149,148,143,140,140,126,134,125,126
