212,200,177,159,136,132,136,151,173,183,188,194,189,170,155,145,140,138,126,123,132,129,124,131,128,128
213,214,211,214,206,205,204,209,210,213,211,210,202,185,169,153,148,144,132,119,126,126,126,127,128,128
216,215,212,213,211,214,215,217,217,215,212,212,207,198,184,161,144,148,145,129,128,129,132,126,128,128
221,221,219,217,216,219,218,216,216,214,213,214,209,205,192,164,137,148,153,142,126,127,129,126,128,128
216,219,221,220,222,224,224,221,219,219,219,218,212,210,199,172,155,160,157,153,126,126,127,130,128,128
222,222,224,221,224,225,228,227,221,223,220,217,212,211,204,183,173,168,161,161,137,131,126,130,128,128
220,221,227,226,233,231,232,229,229,233,226,220,216,212,205,189,174,168,168,164,148,129,124,126,128,128
225,222,225,224,232,230,234,231,226,232,225,220,220,216,208,196,180,176,183,169,156,127,127,131,128,128
218,222,222,228,233,231,234,236,234,233,226,219,216,216,208,197,187,192,175,173,161,128,126,129,128,128
219,222,220,227,234,233,235,236,237,235,229,223,221,221,216,209,203,188,189,185,161,156,134,124,128,128
214,219,219,225,230,231,236,239,235,232,228,223,222,220,216,212,210,196,199,189,175,166,125,129,128,128
207,211,211,217,224,226,232,235,233,230,228,226,226,223,218,214,208,208,203,187,188,169,126,131,128,128
198,203,203,209,218,221,225,225,228,226,225,226,226,225,222,219,210,210,204,195,190,184,135,124,128,128
173,191,202,206,203,201,209,217,219,221,222,221,220,221,221,220,214,211,205,207,194,185,121,128,128,128
126,157,179,184,173,165,177,190,199,209,217,217,215,217,220,221,217,214,208,210,200,177,130,132,128,128
85,115,139,149,144,137,144,151,170,188,204,208,207,210,215,218,221,214,213,206,199,181,177,125,128,128
69,70,82,111,127,110,104,126,135,150,172,188,182,196,208,209,219,222,220,208,205,200,179,132,128,128
61,61,71,85,95,103,106,101,109,116,134,158,172,184,195,209,217,222,227,222,214,219,203,124,128,128
60,59,52,56,74,84,83,84,84,91,101,116,137,143,159,182,202,219,220,223,219,211,199,128,128,128
50,51,40,44,64,69,66,75,70,78,85,85,102,111,128,142,156,204,217,224,227,222,209,128,128,128
38,43,46,44,49,66,75,69,64,61,62,61,81,103,128,137,140,167,193,221,222,217,210,130,128,128
43,50,44,30,34,51,62,63,71,62,61,62,65,70,85,95,117,122,151,202,228,226,228,197,128,128
55,58,41,30,40,43,44,60,71,76,81,91,88,76,74,89,93,102,123,156,205,227,226,214,128,128
66,62,59,62,66,68,67,64,86,88,74,76,79,74,71,95,114,89,100,126,178,221,229,217,128,128
94,84,78,80,86,89,81,68,88,95,86,79,89,83,95,103,88,91,86,110,139,209,227,219,129,126
102,99,98,97,96,98,96,90,94,96,91,107,109,112,93,80,79,85,87,87,110,171,211,228,129,128
104,110,121,126,125,125,124,120,99,107,128,132,126,119,111,102,101,74,86,94,88,123,173,215,129,130
129,129,131,131,128,129,130,128,117,124,144,135,132,126,126,127,109,85,75,94,104,111,119,188,126,129
131,130,132,132,131,135,138,138,133,145,147,141,132,136,122,130,111,93,81,95,118,133,124,165,126,127
131,135,141,141,138,138,140,139,161,177,175,159,151,143,131,136,115,82,84,87,102,123,132,131,133,127
