238,241,245,246,245,244,244,244,238,238,234,244,231,130,128,129,128,128,128,128,128,128,128,128,128,128
240,240,241,242,243,243,242,241,242,242,244,234,231,131,127,127,128,128,128,128,128,128,128,128,128,128
244,241,240,240,242,243,242,240,243,232,239,239,131,127,128,130,128,128,128,128,128,128,128,128,128,128
243,241,239,240,243,244,242,240,239,245,237,234,126,131,125,125,128,128,128,128,128,128,128,128,128,128
239,239,239,240,242,242,241,240,242,229,234,125,128,125,133,131,128,128,128,128,128,128,128,128,128,128
237,239,241,242,242,242,241,241,235,238,241,134,127,126,127,125,128,128,128,128,128,128,128,128,128,128
240,241,242,243,243,242,240,240,241,239,121,128,126,132,129,130,128,128,128,128,128,128,128,128,128,128
242,241,241,241,241,240,238,236,234,231,134,127,127,130,127,129,128,128,128,128,128,128,128,128,128,128
239,243,246,244,239,244,234,242,227,227,130,125,129,130,126,128,128,128,128,128,128,128,128,128,128,128
245,243,240,242,241,242,239,237,229,127,126,127,129,129,131,127,128,128,128,128,128,128,128,128,128,128
240,242,250,241,243,231,231,233,231,127,131,129,124,129,130,128,128,128,128,128,128,128,128,128,128,128
241,248,241,245,235,242,235,232,126,127,127,132,128,128,123,132,128,128,128,128,128,128,128,128,128,128
242,240,236,234,226,218,232,229,129,129,128,121,132,133,128,127,128,128,128,128,128,128,128,128,128,128
227,238,232,237,234,231,222,121,128,128,133,130,127,124,130,128,128,128,128,128,128,128,128,128,128,128
237,241,231,225,225,234,121,132,127,132,121,128,125,130,130,126,128,128,128,128,128,128,128,128,128,128
226,230,230,214,201,185,131,126,130,124,132,129,128,131,123,131,128,128,128,128,128,128,128,128,128,128
230,226,226,224,192,126,127,129,128,128,128,128,128,128,128,128,128,128,128,128,128,128,128,128,128,128
213,212,216,214,193,130,134,123,128,128,128,128,128,128,128,128,128,128,128,128,128,128,128,128,128,128
224,200,182,169,136,126,123,133,128,128,128,128,128,128,128,128,128,128,128,128,128,128,128,128,128,128
227,204,163,159,126,125,126,127,128,128,128,128,128,128,128,128,128,128,128,128,128,128,128,128,128,128
189,154,149,131,129,132,127,131,128,128,128,128,128,128,128,128,128,128,128,128,128,128,128,128,128,128
156,145,129,125,125,121,129,126,128,128,128,128,128,128,128,128,128,128,128,128,128,128,128,128,128,128
104,118,124,132,127,137,124,129,128,128,128,128,128,128,128,128,128,128,128,128,128,128,128,128,128,128
102,128,131,127,126,124,128,129,128,128,128,128,128,128,128,128,128,128,128,128,128,128,128,128,128,128
128,128,128,128,128,128,128,128,128,128,128,128,128,128,128,128,128,128,128,128,128,128,128,128,128,128
128,128,128,128,128,128,128,128,128,128,128,128,128,128,128,128,128,128,128,128,128,128,128,128,128,128
128,128,128,128,128,128,128,128,128,128,128,128,128,128,128,128,128,128,128,128,128,128,128,128,128,128
128,128,128,128,128,128,128,128,128,128,128,128,128,128,128,128,128,128,128,128,128,128,128,128,128,128
128,128,128,128,128,128,128,128,128,128,128,128,128,128,128,128,128,128,128,128,128,128,128,128,128,128
128,128,128,128,128,128,128,128,128,128,128,128,128,128,128,128,128,128,128,128,128,128,128,128,128,128
