169,164,164,168,168,165,170,170,177,183,184,190,194,190,188,186,189,180,185,181,173,168,168,179,191,198
177,173,174,175,175,176,178,182,188,190,190,194,199,201,189,188,189,182,182,177,167,164,169,187,202,203
176,175,179,180,183,192,192,194,194,195,198,198,196,195,194,190,187,185,178,173,168,176,188,192,196,197
183,180,180,175,178,190,194,198,196,196,201,202,200,203,192,184,178,178,168,165,166,187,194,193,192,191
190,180,190,190,191,196,195,202,209,198,196,196,201,194,190,190,182,166,172,174,184,191,195,183,189,183
178,183,189,197,184,179,188,195,204,201,196,192,194,193,187,181,170,168,181,186,188,189,192,183,176,170
180,192,191,194,197,211,201,190,185,194,198,196,189,188,182,180,176,182,187,190,187,189,186,177,159,155
173,169,181,192,200,188,196,194,183,181,179,186,182,181,167,177,183,190,184,184,179,181,174,161,146,146
170,170,180,180,190,186,194,193,183,183,179,179,172,174,166,178,186,192,186,188,177,168,154,141,136,136
166,161,154,163,163,150,149,165,165,162,169,176,164,150,160,168,174,174,166,164,152,136,125,117,117,118
113,118,120,124,129,130,137,131,135,147,142,107,96,115,128,132,140,136,129,123,117,104,88,84,79,87
56,53,63,60,77,83,68,78,80,70,77,70,66,65,67,65,74,75,78,75,76,65,59,54,42,58
39,35,42,33,44,53,45,40,41,40,41,47,48,45,46,53,50,57,42,49,44,31,13,27,8,0
37,43,40,34,28,34,32,46,43,44,39,37,45,26,31,30,18,29,37,30,30,18,23,5,14,10
35,39,19,31,33,37,33,20,17,30,33,30,34,33,26,18,36,43,35,29,24,19,3,2,23,24
37,44,31,42,31,28,13,30,26,30,24,20,32,14,24,40,24,34,30,26,20,18,22,21,39,32
44,37,40,41,26,26,29,23,36,27,27,39,31,41,20,17,30,37,23,34,17,15,10,31,24,29
55,49,42,36,34,14,14,15,12,12,29,39,31,27,25,33,25,27,34,27,31,44,23,18,19,25
37,41,32,28,42,21,36,25,24,21,29,22,9,37,30,21,31,28,29,31,22,26,27,28,19,10
21,25,38,24,25,28,12,36,32,27,41,37,25,26,23,41,40,31,13,15,5,16,8,7,16,2
29,13,19,24,31,26,34,25,30,30,34,37,41,26,10,22,21,20,18,8,4,6,10,11,20,9
13,19,10,5,9,24,16,26,31,26,34,43,34,11,21,13,12,12,11,11,9,12,4,19,10,26
6,11,6,7,5,10,21,15,11,19,20,12,11,27,38,21,26,22,11,9,5,7,2,2,3,14
10,3,8,13,19,14,15,19,22,32,25,19,15,25,31,24,27,26,18,12,10,10,7,6,0,5
18,13,5,0,10,20,11,15,18,20,13,24,21,10,17,22,9,12,17,13,16,10,10,8,8,8
15,18,9,10,4,14,29,18,17,19,10,18,26,22,8,24,7,8,12,2,8,2,3,0,9,4
11,14,19,33,21,24,19,24,30,22,16,17,16,5,0,14,11,14,8,0,4,1,0,5,2,8
23,16,23,23,24,40,31,30,21,4,8,7,5,0,3,2,7,12,4,0,3,0,6,4,18,9
10,12,21,37,30,25,22,2,8,5,12,15,2,1,3,10,14,10,0,5,3,6,0,19,9,14
33,42,20,2,0,3,7,5,0,9,5,10,1,5,19,3,5,5,4,22,11,3,16,28,25,0
