16,11,7,7,8,8,7,8,1,3,2,0,8,38,49,53,55,68,83,127,127,127,127,127,127,127
10,7,7,9,7,4,7,14,13,3,0,3,5,3,0,17,24,18,44,62,126,128,130,127,127,127
12,7,4,6,5,3,6,12,5,3,10,12,0,6,14,23,33,43,52,41,128,130,125,122,127,127
12,7,3,3,3,4,7,10,13,15,8,7,12,20,21,41,73,47,24,29,126,122,130,130,127,127
4,5,4,3,4,8,10,10,17,13,19,25,23,46,60,65,42,32,15,3,129,128,125,128,127,127
8,5,3,5,12,16,11,4,3,20,28,37,57,84,86,93,64,50,21,9,6,125,125,129,127,127
14,8,6,10,14,13,10,9,27,18,26,47,57,67,57,50,22,5,11,11,1,128,129,127,127,127
9,10,15,16,8,1,12,29,22,42,52,45,32,33,21,16,5,8,6,7,5,128,126,128,127,127
26,17,16,20,26,35,50,68,56,41,29,27,24,18,11,5,13,9,14,25,31,127,127,125,127,127
36,49,58,62,68,74,68,53,37,30,26,25,21,18,18,17,7,17,19,25,18,19,127,127,127,127
83,92,97,103,92,74,71,64,44,39,35,30,23,20,20,18,16,21,26,39,28,19,126,127,127,127
103,110,108,113,103,87,83,66,53,45,36,30,26,26,24,18,17,19,24,24,27,23,128,128,127,127
119,121,114,115,104,95,99,84,63,51,39,30,28,29,28,22,21,12,25,18,18,20,124,129,127,127
129,135,141,143,126,111,108,93,78,64,49,37,29,27,27,24,16,4,22,26,29,36,131,121,127,127
151,154,153,141,132,140,135,108,89,72,55,42,31,27,26,25,18,23,29,40,54,32,125,132,127,127
163,155,160,156,142,137,133,123,111,89,66,51,40,31,26,22,20,19,22,50,41,32,40,125,127,127
161,176,177,163,154,149,143,140,130,108,79,62,52,35,24,28,25,27,21,34,37,49,53,128,127,127
168,173,179,175,159,148,148,149,147,127,100,79,60,40,27,25,26,32,21,27,45,62,64,124,127,127
173,182,189,173,152,154,160,151,145,131,113,93,70,52,39,32,19,28,29,31,41,55,51,128,127,127
171,174,177,171,157,150,152,153,152,144,132,112,86,67,52,37,37,21,37,31,51,46,38,126,127,127
161,169,168,167,168,160,151,155,158,155,149,130,103,82,60,38,31,32,23,40,27,47,38,128,127,127
144,158,151,143,153,153,144,145,152,156,156,144,124,102,72,46,33,38,35,36,56,46,39,40,127,127
138,137,132,136,143,138,137,150,150,161,166,162,152,129,92,63,35,42,44,38,48,53,53,38,127,127
101,108,115,118,122,126,129,131,141,156,167,172,172,151,111,82,50,42,50,52,40,61,41,39,127,127
85,82,90,85,97,114,121,121,127,134,154,164,177,173,147,92,64,59,76,55,49,56,46,45,128,128
47,65,62,62,59,80,91,108,95,109,123,148,167,168,163,130,82,66,80,81,59,59,42,49,124,127
31,37,49,48,44,52,70,69,77,88,79,112,149,167,167,145,93,86,89,63,68,62,49,59,132,123
50,48,47,32,49,45,50,57,64,60,67,96,100,148,186,168,133,107,95,61,75,54,46,62,124,131
48,35,48,53,46,53,48,51,56,56,52,64,76,129,160,175,159,119,100,81,69,70,68,69,129,129
31,23,23,13,24,21,19,32,39,41,52,62,63,101,127,158,144,131,130,110,102,97,84,69,123,130
