182,178,180,182,174,178,180,190,191,191,202,204,209,217,224,226,227,230,233,235,240,241,241,242,243,245
177,176,182,183,181,177,191,187,188,199,198,207,216,219,222,224,224,228,234,239,241,243,244,243,243,244
178,178,185,185,187,184,187,195,195,193,200,206,211,217,223,227,228,230,231,232,240,244,247,247,247,246
183,180,186,187,182,178,190,195,197,201,203,210,211,216,220,220,222,229,233,233,238,243,248,250,250,249
185,191,192,186,181,185,188,198,201,205,213,204,208,220,220,215,216,222,228,235,237,241,247,252,252,250
185,197,191,185,182,181,189,214,211,206,201,201,202,207,210,217,227,229,228,232,235,238,245,251,252,250
184,189,184,180,185,185,192,208,201,207,201,204,212,212,209,210,221,224,226,230,232,236,242,249,252,251
181,170,176,176,179,186,204,212,206,214,206,203,206,214,216,209,217,221,225,225,231,234,241,248,252,252
174,161,169,175,184,188,213,218,217,214,211,209,208,215,217,209,215,214,218,221,230,234,240,248,253,254
167,165,166,176,193,197,213,204,208,209,217,209,217,211,211,207,216,206,211,219,227,232,239,246,252,254
164,171,173,183,192,201,210,204,207,211,215,196,200,195,201,205,219,204,208,216,222,228,236,243,249,254
167,173,185,195,200,202,204,215,216,212,211,197,195,192,196,190,202,192,202,213,218,225,233,241,248,253
190,191,194,205,207,187,203,203,199,198,197,195,201,191,193,191,187,194,200,201,207,224,232,240,243,254
205,197,193,199,196,190,201,195,200,202,197,198,193,191,189,189,192,185,181,194,201,215,230,242,247,253
199,190,192,200,195,196,198,190,200,198,189,198,196,189,181,179,182,178,175,189,192,203,224,240,248,249
201,195,198,202,194,190,187,187,194,188,182,197,187,181,186,183,174,177,180,181,197,206,228,238,247,248
179,186,194,195,181,175,176,182,184,184,184,192,180,178,187,182,169,172,182,189,207,220,238,242,249,250
192,196,189,178,173,173,176,180,177,186,187,180,185,178,171,167,171,173,179,200,208,226,240,243,249,249
188,185,177,173,164,168,167,171,170,182,182,174,178,170,163,163,173,177,181,199,211,231,240,244,248,245
179,165,157,163,147,151,146,156,163,175,177,179,173,165,167,161,155,170,192,207,225,244,245,249,249,241
141,148,120,127,131,132,143,140,145,177,173,175,170,168,166,166,159,163,171,196,237,236,251,248,244,235
108,72,59,40,17,60,76,105,138,147,171,169,162,160,151,155,155,162,180,209,229,245,246,238,235,163
69,54,52,28,12,4,39,56,102,131,147,148,145,146,140,151,156,158,172,201,230,245,242,154,68,2
79,56,55,66,60,52,53,71,89,90,141,141,142,139,139,147,153,161,173,210,227,237,137,77,31,55
89,77,81,70,72,69,85,85,92,87,98,134,138,132,138,138,141,157,168,211,235,147,102,108,49,50
82,77,91,100,98,85,89,95,106,105,96,112,132,128,139,136,136,158,174,212,185,111,140,134,108,94
87,101,93,86,97,95,93,98,102,100,104,101,131,133,137,139,137,162,191,216,170,160,149,151,123,115
95,93,99,103,61,95,104,101,115,106,105,113,116,128,130,139,130,142,168,171,186,155,150,142,127,122
101,78,93,104,87,94,90,100,89,86,97,86,106,104,113,122,112,142,154,131,128,112,124,135,138,144
84,92,71,71,75,91,71,81,81,73,70,77,78,93,94,114,106,114,105,112,101,107,126,140,142,148
