157,142,161,182,176,187,191,180,197,205,213,216,225,234,240,238,234,233,231,228,226,216,220,210,202,191
144,176,182,178,178,183,192,186,197,206,214,217,227,237,244,243,240,239,235,229,233,227,215,205,214,211
154,155,175,186,189,178,193,199,198,203,213,219,230,240,247,246,243,243,238,232,221,231,222,220,218,222
153,151,174,186,186,189,196,197,205,210,211,225,228,237,243,242,242,244,242,236,234,226,223,224,217,214
157,165,179,175,188,194,185,195,198,207,215,219,225,232,242,247,245,240,238,240,237,230,224,222,224,223
158,172,172,174,187,185,187,198,206,207,217,224,228,235,244,247,244,241,239,239,233,234,233,230,226,223
169,148,165,182,189,181,191,194,204,202,211,216,225,233,240,241,240,240,239,237,230,234,237,235,229,224
148,144,172,178,188,184,197,194,203,212,220,222,220,226,231,233,236,240,239,236,231,233,235,235,232,228
150,185,157,174,182,181,191,190,197,208,213,217,218,222,225,228,234,241,241,237,235,235,236,237,236,232
165,170,149,179,186,186,192,196,204,205,207,216,219,221,222,225,232,238,239,237,237,238,239,238,236,232
145,155,182,173,176,182,185,186,204,198,206,215,219,221,223,225,229,233,236,238,240,239,238,237,235,233
174,176,150,160,180,192,191,180,205,196,210,212,220,222,225,227,228,230,236,241,244,240,236,235,237,237
164,166,165,169,183,182,181,185,199,199,210,214,216,228,228,233,236,238,248,249,247,242,244,238,235,236
180,172,173,179,181,185,186,191,198,198,207,213,221,227,232,243,248,242,242,245,246,248,244,242,240,235
187,182,172,186,182,186,183,191,196,199,206,213,219,222,232,245,253,250,242,244,241,249,242,244,245,235
181,178,164,176,183,180,170,183,192,201,205,210,214,218,232,238,248,254,244,243,242,250,245,247,250,242
182,174,171,172,181,176,164,178,189,200,202,206,214,218,231,236,245,250,241,243,242,242,243,241,245,245
181,184,184,181,181,178,171,181,191,195,200,205,214,215,227,242,251,248,242,248,238,229,232,231,238,246
179,191,185,186,183,180,175,181,190,189,197,203,209,213,223,243,255,250,249,253,241,228,225,229,237,248
190,192,188,187,184,177,171,174,186,183,194,199,206,216,222,239,253,253,255,251,243,229,217,225,231,240
186,188,183,176,171,168,175,169,167,177,182,198,205,215,222,232,248,255,253,249,249,240,220,219,223,229
187,185,181,156,161,164,151,160,165,184,188,193,194,213,220,222,252,254,253,255,251,240,224,222,220,224
183,192,167,170,163,158,161,168,148,140,182,190,200,209,222,229,242,249,255,254,254,241,233,228,221,222
173,173,169,177,158,171,146,152,130,148,167,170,197,204,214,235,234,254,255,254,254,243,240,233,225,226
175,179,162,167,137,143,149,151,119,139,169,171,191,207,209,229,243,255,251,255,254,245,241,233,228,233
165,163,167,129,155,144,150,136,144,124,140,159,196,206,217,229,249,255,255,253,254,246,239,234,234,241
140,162,133,157,141,140,130,128,122,139,156,178,195,201,221,230,245,247,255,252,249,244,235,238,240,245
143,151,149,147,143,150,122,114,108,124,151,196,194,215,221,225,239,237,232,244,241,238,231,241,243,243
138,152,145,128,127,125,108,113,127,158,170,198,215,214,220,226,229,229,222,227,229,231,229,236,242,252
137,139,132,117,120,123,110,120,125,177,190,202,204,224,231,231,237,215,213,220,224,222,224,238,243,254
