169,175,207,214,185,156,138,138,133,120,103,108,117,117,124,125,133,137,141,146,144,146,153,165,180,183
131,167,188,202,174,152,139,138,141,136,127,115,116,120,124,121,128,130,143,149,150,153,159,168,179,182
82,144,159,171,150,140,132,131,139,143,142,128,127,122,120,119,134,141,139,147,150,154,159,166,178,181
56,94,144,143,128,135,141,145,146,145,141,138,139,127,122,126,140,139,135,145,151,158,163,166,173,174
52,85,112,112,114,132,142,149,145,143,146,147,147,132,128,129,134,127,136,145,151,162,168,170,174,171
66,86,82,98,123,141,139,144,146,155,146,146,145,133,130,129,138,141,141,145,147,157,167,174,181,180
61,76,83,108,131,139,143,152,158,157,154,148,146,148,145,138,135,138,146,139,142,157,167,167,171,178
71,73,97,117,134,136,135,142,152,156,157,151,148,148,146,140,137,138,140,142,146,154,165,174,178,178
113,113,127,137,144,141,138,142,149,154,150,146,143,142,141,138,135,134,131,135,138,141,149,158,160,157
238,239,237,238,240,240,241,242,241,241,245,244,242,240,239,239,239,238,234,231,232,237,241,241,240,242
236,237,236,236,239,243,246,246,243,241,240,242,241,239,237,239,240,240,243,238,238,245,247,244,243,248
236,236,235,237,241,244,244,243,242,243,242,244,244,242,240,240,241,242,237,237,238,240,241,242,243,243
237,238,238,241,243,243,243,242,242,242,245,244,243,243,243,242,241,241,241,243,243,241,242,245,246,245
240,239,238,239,240,241,244,246,245,242,250,245,243,246,248,247,244,243,242,242,242,242,243,244,246,248
233,234,232,233,232,232,232,234,238,241,241,240,238,237,237,238,239,240,239,237,237,238,238,238,239,240
241,242,243,244,245,245,244,244,245,247,245,246,247,248,248,247,246,246,243,242,242,243,244,244,245,247
240,241,239,241,243,244,245,245,246,248,248,249,251,252,252,251,250,249,249,248,248,249,250,250,251,252
235,234,241,242,244,245,246,248,250,252,251,251,251,251,251,251,251,251,253,252,252,253,253,252,252,253
252,250,252,252,252,252,252,252,253,254,255,254,253,252,251,252,252,252,252,251,251,251,251,251,251,252
248,246,250,251,251,252,251,250,249,248,250,250,250,250,249,248,247,246,246,245,245,247,248,247,248,249
237,237,240,241,242,243,244,244,244,244,242,243,243,244,243,242,240,239,240,239,240,241,242,242,242,243
229,231,233,232,232,232,233,235,236,237,239,240,240,240,239,239,238,237,236,235,236,237,237,237,237,238
237,234,235,235,238,242,243,242,242,244,250,247,243,242,243,244,244,243,247,247,246,247,249,251,252,252
238,237,240,241,243,246,246,245,245,247,247,245,244,244,245,245,244,243,243,244,245,247,250,251,250,249
233,232,236,236,237,237,236,234,233,233,234,234,235,236,236,235,235,234,236,236,237,240,243,244,243,242
242,246,245,245,246,246,245,243,242,242,236,238,239,239,239,238,238,239,234,234,234,234,235,237,238,239
213,211,221,223,225,227,228,229,229,230,233,234,235,234,233,233,234,235,238,239,240,239,237,237,240,242
219,221,222,224,227,228,229,231,232,232,237,237,237,236,235,235,237,238,239,242,244,243,241,239,240,242
223,225,228,230,231,231,231,232,232,231,236,236,235,235,235,235,236,237,237,238,240,240,240,239,239,240
226,229,228,230,231,230,230,231,231,230,234,234,234,234,235,235,236,236,239,237,236,236,238,241,241,241
