129,124,146,158,162,144,99,77,74,79,85,84,118,121,120,96,127,125,144,167,159,170,148,153,150,138
128,127,160,157,168,112,92,68,71,88,100,118,128,125,116,111,119,136,135,153,155,149,152,146,141,143
131,125,156,169,158,101,95,83,75,103,115,124,126,136,133,126,144,157,148,151,156,152,152,142,139,143
124,131,156,164,134,103,101,96,98,108,117,129,141,142,145,144,144,150,150,150,148,145,146,148,142,139
130,129,157,143,122,95,108,100,96,109,126,136,146,140,153,161,149,143,148,150,148,150,151,159,152,157
124,127,152,152,120,106,103,98,105,121,135,146,159,159,162,157,158,147,147,154,157,161,161,159,160,157
131,131,153,141,111,111,116,122,124,142,149,159,164,166,159,150,144,153,159,167,162,159,170,165,174,169
125,127,162,137,131,128,130,123,139,153,156,165,159,155,151,154,154,163,159,168,171,166,167,148,148,133
129,131,155,141,137,150,141,142,155,157,156,165,167,160,158,159,160,177,179,170,156,145,149,150,154,149
127,125,163,144,156,153,154,165,152,162,170,170,170,157,162,165,166,166,161,151,153,155,152,156,158,156
128,128,156,156,165,145,149,160,174,177,182,164,162,156,156,157,174,156,150,163,167,157,166,155,164,165
125,129,159,164,156,146,158,162,174,173,168,163,161,166,160,161,158,157,145,153,154,169,164,156,157,169
130,124,172,170,153,165,166,170,173,167,167,159,167,164,162,162,162,161,160,159,167,165,162,167,160,154
130,130,168,175,165,168,176,168,160,164,159,169,156,165,153,164,165,159,165,170,178,160,157,157,147,132
129,122,175,169,171,172,162,167,169,169,175,168,166,157,156,164,171,167,155,160,151,156,142,118,98,69
125,133,171,174,180,163,167,168,170,170,164,167,156,162,153,162,166,161,157,146,128,121,95,58,78,66
128,131,173,175,180,175,173,177,173,167,170,161,170,167,168,169,162,134,129,92,79,71,62,63,94,113
126,130,160,175,177,180,185,177,176,171,168,158,159,154,147,146,126,99,94,64,56,76,60,89,129,132
129,128,179,186,183,185,182,174,168,176,166,156,144,144,118,103,69,76,57,54,65,68,78,120,119,133
127,131,186,181,182,183,180,160,171,172,150,144,141,113,94,83,69,47,55,79,70,74,81,77,94,87
128,127,190,185,186,178,177,165,156,159,140,150,137,122,82,94,96,79,88,107,92,90,97,97,100,92
127,127,192,189,184,175,176,174,158,162,145,141,140,120,115,119,111,120,126,132,121,112,113,131,114,117
126,133,195,187,176,181,175,168,162,142,154,132,133,136,125,134,126,131,138,143,132,134,135,137,124,132
129,129,189,188,180,187,175,167,171,159,156,163,158,162,155,151,150,148,146,146,140,150,151,144,132,140
131,123,187,188,186,188,178,177,182,170,170,164,168,165,160,156,154,160,154,151,149,154,148,147,135,138
127,127,196,181,181,185,184,180,168,190,167,184,171,173,164,158,156,155,150,149,142,149,150,151,149,143
128,129,189,185,181,188,177,181,183,181,183,187,182,171,161,158,155,160,152,144,151,153,147,143,144,143
127,126,191,187,187,186,181,186,186,184,186,179,178,168,169,167,168,157,143,145,146,140,133,139,136,131
128,126,193,187,189,181,179,185,191,189,192,178,181,170,172,165,168,166,155,153,144,146,137,134,128,136
129,128,190,185,186,180,179,184,186,182,184,176,181,174,172,164,157,155,150,157,140,137,132,140,139,147
