60,60,51,40,39,14,3,21,10,19,9,21,28,28,18,21,10,30,38,35,36,32,50,54,53,66
65,56,63,57,55,43,33,24,23,36,31,26,25,34,27,27,30,37,37,40,35,45,48,49,59,53
73,72,63,61,60,56,48,49,43,37,35,40,35,28,37,37,35,38,42,37,35,42,47,54,55,54
73,67,69,64,65,55,56,49,47,44,47,42,43,43,41,42,41,45,51,50,50,57,58,64,64,61
64,66,63,64,61,57,57,51,47,49,48,45,43,46,46,47,47,50,55,57,60,65,64,69,70,68
65,63,58,56,52,48,49,50,45,48,43,49,46,47,50,51,51,52,54,56,58,61,62,67,70,72
54,42,52,45,46,37,34,30,36,24,35,28,39,36,48,48,51,53,53,55,58,58,60,63,68,73
39,41,42,47,41,39,36,36,22,34,16,25,18,29,39,39,45,52,53,55,60,61,59,61,63,69
60,57,53,54,49,51,45,39,47,35,42,27,36,34,34,33,41,50,51,53,59,62,59,60,61,65
43,10,35,13,28,20,15,28,33,38,35,43,40,38,36,33,40,50,50,51,58,61,58,61,63,65
3,1,1,0,2,0,0,0,0,19,24,26,32,45,42,38,35,44,50,51,56,59,62,62,61,65
6,4,4,2,9,12,2,5,0,5,7,0,23,30,33,41,43,45,46,50,56,54,60,61,61,65
31,37,36,30,31,33,27,29,33,7,3,6,17,32,27,43,50,49,43,43,52,54,59,61,62,67
40,48,46,42,37,36,38,40,45,37,20,1,7,64,44,45,45,50,48,42,48,54,59,62,65,69
55,60,56,51,34,25,28,38,13,29,42,11,23,60,69,52,38,46,52,49,50,52,58,63,67,72
62,64,59,49,17,5,1,29,22,12,32,11,35,62,76,65,48,45,46,46,52,52,57,64,69,74
62,60,58,46,10,6,7,0,13,11,31,15,32,69,79,78,65,52,42,42,52,56,58,66,72,77
59,61,64,45,1,1,7,0,5,25,31,20,46,77,89,85,71,60,50,47,54,57,60,68,74,80
65,56,57,46,24,8,12,6,21,34,26,35,67,89,95,84,77,67,65,55,58,62,67,75,73,87
65,61,55,51,19,22,15,16,23,23,26,55,90,103,92,84,80,76,68,55,53,58,67,74,76,91
110,56,44,39,25,32,20,24,26,29,49,81,97,90,83,82,75,69,69,74,66,55,71,75,82,93
173,97,67,41,28,21,22,27,35,53,76,89,84,74,63,58,54,59,49,44,43,55,76,79,87,93
133,116,91,77,62,59,56,59,64,73,75,64,56,57,55,53,54,65,61,61,64,77,74,79,88,92
71,76,77,79,78,73,67,69,70,72,70,64,62,68,71,74,71,68,71,79,72,59,70,79,86,91
65,60,69,71,75,61,72,70,68,68,69,68,66,64,67,65,69,70,70,63,63,66,73,83,85,91
76,81,68,68,62,61,66,64,65,68,67,66,66,64,65,61,62,58,61,58,63,64,80,89,84,91
83,68,69,74,57,68,68,66,64,65,65,63,61,61,60,63,55,57,63,62,70,82,83,87,89,102
85,72,73,75,62,71,68,66,64,64,63,60,58,58,59,62,60,64,67,70,80,84,90,88,93,94
78,70,72,72,66,71,67,66,65,63,61,58,57,58,59,63,64,69,71,77,86,84,91,97,108,100
76,74,75,72,71,72,65,65,64,64,62,60,60,62,66,70,69,74,79,81,88,90,103,105,105,105
