18,24,21,17,13,11,12,14,13,12,9,9,10,11,12,14,17,19,20,22,25,26,25,25,27,28
29,28,29,23,17,15,15,16,14,12,9,8,8,9,11,14,16,17,19,22,26,26,25,26,30,35
34,26,27,21,16,14,14,14,12,12,8,7,8,10,10,8,11,16,18,16,18,22,22,25,28,28
22,23,18,16,15,15,14,11,9,9,6,9,10,8,8,11,11,8,16,18,20,19,19,23,25,23
21,19,11,12,14,14,12,8,7,7,6,6,8,11,16,20,24,26,26,27,27,26,23,21,20,20
17,10,12,12,13,13,10,7,7,8,8,8,9,11,12,11,10,10,16,12,10,15,17,16,22,33
17,15,14,13,13,12,10,8,8,9,11,12,11,7,7,11,13,13,13,13,12,15,15,8,7,16
13,12,13,12,12,12,10,8,9,11,13,10,14,21,21,11,4,4,2,7,5,6,13,18,26,39
19,14,11,11,11,9,7,7,12,18,16,14,15,22,32,39,42,43,56,60,65,73,79,71,69,82
15,12,12,12,10,6,3,5,16,26,34,61,75,75,90,113,104,75,81,62,44,42,35,15,18,47
16,6,4,1,9,37,51,79,90,107,110,72,49,48,24,43,56,51,41,29,24,27,27,17,31,36
10,36,58,89,109,99,71,64,39,19,29,20,25,34,16,40,59,54,40,29,28,18,19,21,48,43
120,120,108,67,31,18,19,26,18,14,13,25,43,47,23,42,58,51,34,24,30,15,15,19,47,36
69,48,33,21,22,24,20,13,12,19,28,41,54,47,21,34,49,45,36,26,29,22,23,20,37,36
43,35,27,22,25,19,15,16,17,19,40,47,54,45,21,28,45,50,34,29,19,16,20,21,26,43
55,36,34,23,19,18,13,18,24,36,44,47,54,47,23,16,28,39,25,26,12,6,11,17,16,38
49,41,27,29,27,22,10,22,29,39,48,49,57,56,38,22,24,32,25,26,18,9,12,16,18,40
103,51,30,25,21,28,20,32,31,41,47,45,52,56,45,27,22,25,31,21,21,11,13,13,26,50
55,96,29,28,23,26,19,18,25,27,24,34,43,49,50,41,28,21,26,25,29,18,12,12,24,64
63,47,32,26,36,31,17,20,23,21,28,26,23,28,39,41,34,29,20,29,32,17,15,23,32,54
52,34,38,84,37,28,21,26,28,28,25,28,31,37,43,43,37,35,35,47,45,32,31,38,43,49
52,10,34,189,45,25,23,23,27,26,25,31,35,34,34,34,37,43,39,44,39,33,32,30,34,36
113,58,18,207,54,27,19,22,24,21,23,24,22,23,28,33,37,43,43,44,39,38,36,33,37,41
101,15,41,123,44,32,22,23,20,26,17,19,20,24,32,35,36,37,38,41,41,36,33,37,42,44
100,34,97,72,48,38,31,25,18,24,19,21,19,18,22,26,31,37,40,41,48,41,38,47,48,51
74,48,120,84,69,42,38,35,30,23,23,22,18,17,20,25,30,36,38,35,47,45,44,53,51,58
98,93,108,109,114,45,44,45,33,34,34,25,23,23,18,18,24,27,34,38,41,43,45,47,50,51
175,132,126,105,112,64,40,43,41,38,38,31,27,26,24,25,29,31,32,35,36,36,37,41,46,50
204,115,126,111,126,101,65,53,51,39,42,40,33,30,31,32,32,34,32,33,33,31,32,37,43,47
198,125,114,123,169,93,71,59,52,47,46,48,41,36,37,37,34,37,35,36,35,35,37,41,44,45
