97,132,147,149,180,186,176,196,218,215,217,225,233,237,244,240,246,252,253,251,242,249,228,201,216,214
98,133,150,154,180,192,186,209,223,218,217,220,223,229,219,229,235,243,239,241,235,234,233,202,202,203
121,146,135,157,212,181,191,222,230,220,224,216,218,204,212,225,208,218,209,205,205,197,176,192,182,219
166,107,163,185,207,208,207,225,238,229,217,221,178,215,202,218,187,135,100,89,72,82,90,105,131,117
154,112,180,177,210,221,230,223,207,182,211,162,164,204,233,213,71,34,18,22,16,31,48,60,96,67
40,55,64,83,108,139,197,93,66,81,88,117,126,194,216,229,142,74,47,57,62,53,45,58,64,70
48,63,74,94,149,193,217,200,202,217,212,231,238,232,255,230,135,80,128,168,197,179,131,66,64,55
132,180,188,205,222,225,235,245,244,235,243,243,255,241,255,228,195,210,223,221,220,204,129,83,62,50
181,197,205,209,232,237,240,237,249,241,249,251,249,242,230,223,227,236,235,237,219,218,168,100,71,59
181,186,190,214,222,227,240,242,251,252,253,251,241,227,226,235,242,241,235,238,228,219,193,135,109,89
199,193,195,219,224,223,249,232,250,244,249,241,233,232,238,244,246,245,244,243,236,226,213,169,144,133
203,194,188,216,215,250,250,246,254,244,236,234,237,245,249,247,245,245,243,243,234,233,218,194,173,187
171,203,203,235,235,255,245,235,237,226,234,242,247,246,248,252,250,244,245,245,237,233,221,206,194,215
143,156,208,235,242,223,235,219,237,238,245,247,248,249,251,253,251,247,248,247,243,228,227,214,208,212
169,186,211,222,225,215,221,229,238,252,252,248,248,254,255,252,248,248,244,242,238,230,233,223,219,214
151,203,216,196,219,226,237,242,246,251,250,253,253,249,250,253,252,247,251,246,236,242,235,226,218,216
179,199,216,211,236,240,238,248,247,252,249,253,253,252,255,249,253,244,249,243,242,240,237,233,221,217
204,214,223,230,234,230,240,243,243,252,244,252,253,253,251,246,252,250,241,245,237,242,239,227,229,220
202,207,213,219,227,232,240,241,250,243,249,253,250,252,250,249,248,245,239,246,239,244,238,225,228,221
204,206,216,213,221,224,231,233,247,241,250,251,246,251,248,249,243,240,242,242,246,242,236,230,222,223
200,199,208,214,218,218,234,233,231,245,242,245,245,247,241,243,240,244,243,241,244,241,236,231,225,226
177,206,195,205,217,223,230,230,225,237,242,240,240,240,239,242,240,244,243,247,238,241,237,226,230,224
157,166,189,205,212,221,211,217,223,225,240,233,236,235,241,243,239,239,243,247,237,239,234,224,231,227
135,150,163,206,204,217,216,217,218,223,225,223,235,233,240,238,237,240,241,238,239,235,230,230,229,235
128,148,206,175,196,207,206,204,216,217,220,219,228,234,234,238,239,242,239,242,237,229,229,234,226,236
137,134,136,154,191,188,189,202,218,221,217,211,227,234,232,235,240,237,244,237,231,230,229,230,233,124
118,112,133,139,161,175,195,201,200,211,213,217,229,229,240,234,233,239,239,230,235,231,232,231,242,128
86,83,109,124,150,163,187,202,205,216,219,213,236,236,235,228,238,236,246,234,226,232,235,240,124,128
86,108,108,131,170,179,189,200,207,212,214,223,236,229,239,225,226,241,237,233,225,236,240,122,127,130
103,98,117,110,148,176,200,198,202,206,216,217,237,236,231,223,232,241,238,229,234,228,125,132,131,123
