128,128,128,128,128,128,128,128,128,131,128,128,131,126,117,114,124,124,129,137,137,164,143,160,157,162
128,128,128,128,128,128,128,128,127,128,126,126,128,125,115,108,120,134,129,130,140,139,165,153,158,166
128,128,128,128,128,128,128,128,129,129,129,129,130,129,122,110,115,118,126,134,142,138,155,154,167,172
128,128,128,128,128,128,128,128,127,126,128,129,127,130,127,115,107,117,134,125,136,156,148,147,161,162
128,128,128,128,128,128,128,128,126,126,129,129,126,129,130,123,115,119,117,117,139,129,136,146,152,143
128,128,128,128,128,128,128,128,129,129,130,129,127,129,130,129,110,128,117,112,120,126,131,139,143,147
128,128,128,128,128,128,128,128,127,127,126,126,127,126,125,127,125,117,119,124,116,131,118,142,128,148
128,128,128,128,128,128,128,128,129,129,126,128,133,130,126,130,132,108,121,110,110,119,117,122,128,125
128,128,128,128,128,128,128,128,128,128,128,128,128,128,128,128,124,119,105,118,112,113,125,117,123,124
128,128,128,128,128,128,128,128,128,128,128,128,128,128,128,128,132,126,113,113,112,112,125,121,119,130
128,128,128,128,128,128,128,128,128,128,128,128,128,128,128,128,128,125,121,110,114,113,121,120,117,128
128,128,128,128,128,128,128,128,128,128,128,128,128,128,128,128,128,130,128,111,112,112,108,111,108,119
128,128,128,128,128,128,128,128,128,128,128,128,128,128,128,128,128,131,127,114,111,115,106,118,115,111
128,128,128,128,128,128,128,128,128,128,128,128,128,128,128,128,124,128,126,122,117,118,107,121,119,116
128,128,128,128,128,128,128,128,128,128,128,128,128,128,128,128,129,129,130,130,125,113,105,115,107,120
128,128,128,128,128,128,128,128,128,128,128,128,128,128,128,128,130,125,127,128,129,114,117,128,113,111
128,128,128,128,128,128,128,128,128,128,128,128,128,128,128,128,127,128,128,128,128,127,119,111,116,113
128,128,128,128,128,128,128,128,128,128,128,128,128,128,128,128,127,128,128,128,128,127,121,113,125,118
128,128,128,128,128,128,128,128,128,128,128,128,128,128,128,128,128,128,128,128,128,128,124,118,111,108
128,128,128,128,128,128,128,128,128,128,128,128,128,128,128,128,128,128,128,128,128,129,126,122,120,115
128,128,128,128,128,128,128,128,128,128,128,128,128,128,128,128,128,128,128,128,128,129,128,126,122,107
128,128,128,128,128,128,128,128,128,128,128,128,128,128,128,128,128,128,128,128,128,128,128,128,130,107
128,128,128,128,128,128,128,128,128,128,128,128,128,128,128,128,128,128,128,128,128,128,128,128,128,114
128,128,128,128,128,128,128,128,128,128,128,128,128,128,128,128,128,128,128,128,128,127,128,128,127,130
128,128,128,128,128,128,128,128,128,128,128,128,128,128,128,128,128,128,128,128,128,128,128,128,126,130
128,128,128,128,128,128,128,128,128,128,128,128,128,128,128,128,128,128,128,128,128,128,128,128,129,125
128,128,128,128,128,128,128,128,128,128,128,128,128,128,128,128,128,128,128,128,128,128,128,128,130,125
128,128,128,128,128,128,128,128,128,128,128,128,128,128,128,128,128,128,128,128,128,128,128,128,127,131
128,128,128,128,128,128,128,128,128,128,128,128,128,128,128,128,128,128,128,128,128,128,128,128,126,132
128,128,128,128,128,128,128,128,128,128,128,128,128,128,128,128,128,128,128,128,128,128,128,128,131,126
