35,33,29,24,19,15,14,12,9,7,6,5,5,5,2,2,2,3,4,5,8,9,9,12,14,14
34,31,28,26,24,22,17,15,12,10,9,8,8,7,6,7,8,9,9,9,10,11,14,19,26,15
34,32,28,25,25,26,24,18,11,8,10,12,11,10,8,10,10,10,11,14,15,14,20,17,28,29
30,29,27,25,22,20,19,20,19,15,11,9,11,13,9,11,12,12,13,15,16,16,21,19,27,29
31,29,27,24,21,18,18,17,15,13,11,9,9,8,9,11,12,12,14,16,17,16,20,19,26,27
29,27,25,23,22,22,22,19,15,13,14,13,11,9,7,8,10,11,12,14,15,15,16,19,23,25
23,21,20,19,17,15,14,14,13,11,8,5,4,4,7,7,8,9,10,12,13,14,15,20,22,24
12,17,26,33,32,29,23,22,21,20,19,17,13,10,8,7,8,9,10,11,13,14,16,22,22,25
26,25,28,29,26,23,26,21,17,16,17,17,13,9,11,9,8,9,10,11,13,16,17,23,22,27
33,29,26,25,25,26,22,20,16,11,7,6,10,14,12,10,8,9,10,11,13,16,17,22,20,29
41,38,28,27,30,25,29,36,36,35,36,26,19,24,22,6,0,8,2,7,9,9,15,18,23,31
44,40,35,31,30,28,32,29,30,41,42,24,10,13,22,25,28,31,21,20,14,9,3,2,3,10
68,43,36,35,33,34,35,30,29,33,33,27,20,17,20,23,15,11,16,35,40,40,39,32,19,4
77,39,34,33,31,37,28,28,31,33,30,27,24,20,35,39,20,5,6,21,21,21,29,32,44,57
76,38,41,40,33,40,30,22,23,31,27,17,15,19,21,39,34,22,13,14,12,21,23,32,36,35
98,46,42,46,41,35,30,22,18,21,22,16,13,15,23,42,41,31,17,12,12,26,29,29,42,48
120,59,37,39,39,29,20,23,22,21,25,21,14,12,33,44,41,35,25,21,15,20,30,27,52,80
124,77,48,35,36,36,28,26,20,21,22,12,11,25,42,48,43,38,31,31,24,23,15,53,63,64
122,118,63,33,34,35,24,24,21,16,14,10,14,36,42,35,33,27,35,27,19,21,33,58,66,63
95,106,86,55,41,22,26,14,11,10,11,17,23,33,24,18,17,15,30,31,24,23,42,60,58,63
62,70,68,57,49,36,28,17,25,32,32,36,34,28,26,25,26,23,37,39,32,29,34,47,36,50
52,54,43,48,44,50,38,33,38,38,35,37,36,34,30,31,35,30,38,34,28,30,34,42,25,38
57,54,43,45,40,50,40,42,40,33,33,34,31,39,27,23,25,23,31,26,23,31,30,31,16,26
59,48,53,47,45,47,34,38,39,37,43,40,31,36,37,24,20,19,31,29,28,37,29,22,7,22
61,52,60,49,46,43,39,34,33,32,36,37,33,36,38,27,22,19,33,34,34,40,52,38,19,37
60,57,54,48,46,50,46,34,36,36,31,33,35,35,26,23,25,23,36,39,41,48,64,48,28,50
58,58,55,49,45,46,46,38,27,24,29,31,31,33,31,27,31,32,42,44,40,65,66,52,33,45
57,58,53,48,47,46,38,30,23,21,24,30,34,37,43,33,35,39,47,43,41,73,77,74,38,48
56,56,50,48,48,46,38,30,29,30,31,37,44,45,45,37,38,42,48,46,47,74,76,74,79,79
57,56,50,48,50,46,43,36,40,45,44,47,52,47,40,43,45,40,46,53,53,64,132,86,65,106
