65,59,70,89,122,142,111,115,141,152,157,128,177,170,178,149,165,179,185,194,209,212,225,223,221,126
58,65,64,118,138,148,82,77,152,151,146,154,156,148,147,169,165,183,195,201,210,208,220,220,225,127
66,72,72,103,101,124,116,111,140,150,150,145,141,164,155,159,169,182,197,204,213,214,226,228,231,129
77,91,78,89,94,108,115,116,147,137,144,144,150,169,165,171,180,183,195,201,213,221,231,232,237,131
95,97,95,99,119,126,129,111,117,145,134,131,147,168,172,179,184,194,203,209,214,224,234,239,240,128
95,88,99,100,114,128,124,129,139,126,126,137,141,176,176,187,190,198,206,212,219,229,237,241,247,126
82,98,105,90,104,124,116,145,134,128,119,139,141,162,183,174,198,204,211,216,225,234,241,244,241,126
97,100,106,108,109,130,132,134,139,136,140,131,156,170,181,186,203,208,215,221,229,238,245,248,255,130
89,96,110,122,118,116,112,132,139,141,149,148,183,185,186,196,204,210,219,226,234,241,248,251,246,128
117,88,109,122,121,138,130,125,135,154,155,167,178,182,196,195,205,212,222,232,239,245,250,253,255,125
109,102,110,104,115,134,135,140,155,163,176,164,158,183,195,209,209,215,226,237,246,250,252,253,249,130
101,107,110,112,118,120,143,150,160,167,172,171,177,174,193,203,212,217,228,240,250,255,254,253,129,132
122,121,128,101,123,115,132,149,149,169,176,185,185,189,192,199,206,218,233,245,251,254,253,252,128,128
114,116,123,136,127,148,136,143,154,170,178,177,178,189,195,200,205,215,232,247,254,253,252,254,128,128
118,121,122,119,144,148,134,143,162,161,180,188,190,189,193,205,209,218,234,250,255,253,252,254,128,128
146,140,114,136,126,154,146,156,159,165,192,190,194,203,204,203,217,226,240,252,255,254,252,253,128,128
163,150,136,140,151,145,169,168,175,164,187,195,200,199,203,216,224,234,245,250,253,255,254,253,128,128
164,167,153,150,167,151,170,175,179,183,196,193,197,208,212,215,226,237,246,248,250,255,255,253,128,128
179,173,173,171,161,168,186,181,189,191,195,204,208,210,213,224,229,237,245,249,250,253,254,254,128,128
180,184,183,169,166,184,187,194,190,201,196,202,206,215,220,227,232,237,245,251,252,251,252,254,128,128
180,177,180,183,173,170,187,208,199,200,201,210,213,214,224,231,231,245,243,247,254,251,251,127,128,128
166,158,172,179,186,172,186,198,200,203,204,211,216,219,227,229,237,244,237,255,247,255,255,133,128,128
181,173,181,178,182,174,188,196,205,209,209,212,217,222,229,227,240,239,253,245,252,253,252,121,128,128
178,190,199,194,185,188,196,199,212,215,214,217,220,223,230,231,243,237,248,255,255,255,254,130,128,128
169,190,205,201,190,193,199,199,212,215,217,224,225,224,231,236,241,249,250,247,249,253,255,127,128,128
181,186,201,194,196,189,202,203,206,211,217,227,229,225,232,237,238,249,249,255,255,247,255,126,128,128
183,185,200,200,207,201,210,208,205,212,217,226,229,228,235,238,247,249,251,248,255,254,126,130,128,128
188,195,203,205,204,210,212,210,212,219,220,225,229,233,241,241,245,249,249,255,253,251,131,125,128,128
197,198,204,200,204,211,220,214,216,218,226,225,230,240,239,241,247,249,254,251,255,255,125,128,128,128
197,198,202,202,203,209,218,220,222,222,230,229,231,240,241,242,249,250,253,249,252,255,127,129,128,128
