25,24,32,27,30,39,46,45,57,70,72,76,85,89,104,100,101,106,106,106,107,108,101,102,101,98
26,30,36,39,42,46,56,55,60,64,66,77,93,101,104,109,116,118,113,112,113,112,112,113,113,113
26,30,36,45,50,49,51,58,68,73,75,85,96,100,102,106,111,112,113,116,115,109,116,116,117,119
32,33,40,45,57,54,54,63,76,84,87,92,96,96,107,106,107,110,115,122,125,121,126,123,121,124
44,43,53,48,65,65,73,76,81,87,92,95,100,106,113,112,116,121,122,125,131,135,133,129,125,126
51,51,62,55,69,72,81,84,88,95,103,105,108,114,116,113,118,126,128,128,128,128,128,125,122,124
57,60,66,67,74,80,82,92,98,103,110,111,111,114,121,117,119,125,131,134,132,127,129,128,128,131
68,71,71,82,84,91,94,104,104,98,102,106,108,112,121,121,123,124,126,134,139,136,136,135,136,137
81,88,89,84,87,97,104,99,95,103,108,107,108,108,116,122,126,136,135,133,139,131,137,142,140,139
91,97,107,114,113,109,109,105,101,105,110,112,116,118,134,131,133,131,131,140,146,144,139,146,141,147
105,109,115,118,114,109,114,115,116,117,118,119,118,118,122,123,140,141,139,142,140,145,136,143,148,154
101,112,117,114,113,118,121,119,115,107,106,113,118,122,133,127,136,146,153,153,148,152,155,149,156,150
101,112,119,114,112,117,116,116,120,114,113,118,118,121,126,140,146,149,145,141,153,162,159,152,158,155
104,109,116,122,126,131,125,119,118,108,107,118,120,128,129,144,139,142,152,159,161,147,153,160,161,163
113,109,111,118,123,125,136,130,135,129,130,137,132,136,141,155,154,149,157,167,170,165,166,172,162,159
107,108,116,125,125,123,135,126,131,126,130,138,133,140,140,150,160,155,155,158,155,166,162,160,156,162
114,117,119,126,133,133,129,137,133,135,139,133,134,141,143,147,152,161,169,165,162,166,164,164,168,169
117,120,122,129,136,137,142,136,132,145,149,136,138,151,155,147,173,152,156,167,176,171,168,173,173,161
120,124,128,134,139,141,137,138,138,148,153,151,152,150,151,166,164,171,179,167,165,168,170,163,168,172
124,128,133,136,138,139,138,145,145,145,146,152,154,143,161,156,156,155,153,174,168,167,172,165,175,165
126,129,134,136,136,139,151,149,148,153,152,150,157,159,156,138,152,160,172,169,167,171,175,170,174,168
124,127,135,138,140,147,140,141,143,151,148,140,144,150,135,156,147,143,154,163,167,164,172,166,160,175
125,128,137,139,140,147,138,153,155,150,146,139,136,133,153,145,154,157,136,159,154,165,157,159,155,151
129,131,138,136,132,138,127,145,144,136,135,132,132,132,137,141,137,133,132,132,138,147,146,136,141,145
129,128,127,133,116,110,116,111,110,107,120,113,119,109,112,121,127,126,128,117,124,132,126,133,132,129
125,124,108,97,93,97,93,86,97,84,86,89,90,100,93,95,103,96,97,107,111,111,111,120,125,122
76,86,86,83,80,85,77,82,76,80,77,61,63,53,60,44,54,61,65,79,80,91,93,96,101,102
97,99,93,92,86,97,101,91,89,89,91,90,80,79,80,78,81,80,78,89,77,76,79,76,76,71
85,88,86,88,88,91,91,87,90,90,87,83,73,72,57,65,55,51,50,55,51,53,47,51,59,58
181,199,194,182,190,184,186,182,159,141,119,88,79,61,68,68,58,59,56,47,44,48,47,50,52,45
