52,45,72,62,100,82,76,93,107,113,110,105,122,104,111,107,95,116,99,78,79,78,58,56,65,53
35,49,55,70,72,82,82,87,84,93,115,102,97,105,95,102,118,122,107,111,86,100,76,76,77,61
35,45,57,59,72,87,94,104,90,88,86,86,107,102,94,104,111,115,128,120,125,121,112,127,78,73
36,45,62,71,92,70,80,101,93,73,77,110,94,117,100,137,98,121,122,149,125,129,109,132,151,117
37,42,60,75,84,95,103,120,96,113,85,91,102,97,97,102,112,104,138,164,160,163,161,148,215,125
43,45,58,74,95,104,112,111,105,123,109,102,92,105,98,97,114,138,153,153,191,197,180,203,218,171
48,53,63,77,108,120,131,134,129,125,115,101,117,116,117,121,136,139,165,189,197,197,211,227,232,194
44,54,63,76,92,100,113,150,140,129,123,133,118,120,124,140,144,155,174,202,207,215,238,232,223,186
37,47,54,67,76,101,132,143,151,159,155,141,132,113,113,135,150,162,186,216,226,234,240,226,208,177
34,42,49,61,75,92,116,148,152,182,161,160,122,125,136,145,156,185,204,211,225,242,241,236,198,166
39,40,44,55,75,85,138,145,158,180,172,165,122,141,148,170,176,195,208,224,234,249,244,209,182,155
40,43,45,52,57,92,102,137,158,183,193,171,175,156,171,169,182,209,207,231,229,241,226,209,192,155
42,48,49,51,65,72,93,123,152,188,174,184,159,148,151,173,197,197,223,226,238,239,216,204,163,164
42,50,53,51,51,73,94,114,149,186,198,195,164,131,165,177,201,216,212,230,238,229,218,188,187,146
41,51,55,52,58,71,84,123,147,161,195,193,191,162,162,183,201,211,219,226,227,227,213,177,131,101
46,55,59,54,62,69,96,109,124,168,180,179,189,174,171,190,197,208,217,227,241,221,207,189,138,91
54,62,64,56,59,63,86,104,131,165,186,196,176,181,191,204,205,210,215,227,224,221,219,205,119,90
59,66,66,56,63,71,96,89,127,152,176,185,165,183,185,199,206,204,218,220,227,227,218,190,174,88
59,63,59,63,51,79,83,101,134,152,170,176,182,185,180,199,207,202,216,217,224,223,218,198,170,101
68,70,62,66,61,77,83,111,139,145,167,191,194,192,187,199,205,202,214,219,227,236,218,198,167,130
74,77,74,61,64,77,85,111,133,137,156,178,197,194,196,205,210,212,219,227,229,225,223,213,188,128
82,78,67,65,70,81,93,116,132,134,145,158,187,186,197,206,213,217,218,227,237,232,232,218,207,157
70,70,70,64,80,88,107,134,147,151,168,186,190,189,202,207,212,219,218,228,227,235,229,221,206,192
77,71,59,71,90,103,122,132,135,149,172,187,202,200,207,208,212,221,226,237,238,237,238,230,212,187
69,71,66,77,90,109,131,134,141,173,201,208,202,202,206,207,211,220,228,238,240,233,240,228,228,209
59,68,66,92,103,111,132,144,154,180,202,208,200,204,208,212,215,221,229,235,247,243,243,238,220,212
67,71,79,99,111,124,133,148,171,181,202,209,207,206,208,212,217,224,232,238,246,247,244,237,231,227
76,87,75,95,107,131,153,151,187,189,203,218,204,205,208,213,219,226,234,241,245,246,247,244,240,237
85,78,84,112,119,135,145,162,170,204,197,206,203,205,208,213,218,225,234,242,249,248,249,248,245,241
93,90,104,120,135,157,166,169,185,202,202,217,207,208,212,215,218,224,234,243,253,250,249,247,244,241
