6,6,5,5,5,6,6,6,6,7,7,4,2,4,8,10,15,7,9,13,25,32,44,36,54,53
14,12,8,5,4,5,3,3,2,3,5,3,2,5,7,2,6,3,10,9,14,18,27,26,44,50
26,27,23,15,8,5,8,8,8,8,5,2,2,3,6,5,4,4,6,9,11,13,16,27,36,49
36,35,33,28,24,22,15,12,10,10,9,8,7,7,5,5,5,6,8,11,13,15,22,26,27,38
35,33,31,27,24,22,23,19,15,14,15,16,15,15,11,12,13,15,17,20,23,25,27,32,33,36
36,33,30,26,23,22,21,16,13,12,14,14,15,15,17,18,21,23,26,29,31,33,33,40,45,43
28,25,22,19,18,18,16,14,12,12,12,12,13,14,15,17,19,22,24,26,29,30,38,39,44,45
27,22,19,18,17,17,13,13,13,12,10,9,10,13,11,13,16,18,20,22,25,27,33,31,39,43
19,17,17,17,14,11,11,10,10,8,6,4,5,8,11,13,16,18,19,22,25,27,26,28,38,38
21,24,28,30,25,19,18,16,14,12,9,7,8,10,9,12,15,17,18,21,24,27,28,28,36,33
33,30,19,19,14,15,9,6,10,14,13,11,11,11,3,4,10,17,19,19,22,28,29,30,44,42
2,5,4,4,1,1,4,1,3,5,5,6,10,13,13,12,11,13,15,19,24,28,29,25,38,43
0,0,0,0,2,2,2,1,1,0,0,0,4,8,12,13,13,12,12,16,21,25,31,27,38,47
5,4,0,3,7,3,3,6,6,4,1,0,1,5,4,7,13,17,16,14,17,21,29,33,42,48
7,8,8,13,11,1,2,7,9,9,7,3,4,11,10,7,10,18,20,17,16,20,28,35,42,48
3,17,22,23,13,7,1,5,6,6,6,1,4,18,28,17,10,13,17,18,18,20,33,38,43,52
3,22,26,25,10,6,1,3,2,4,4,0,3,23,43,34,22,13,12,16,20,22,34,44,46,54
11,22,24,28,8,0,1,3,2,5,7,1,8,31,47,48,39,21,11,14,23,27,27,45,48,49
6,21,32,18,9,1,2,4,2,4,10,2,10,48,54,56,46,28,18,19,25,30,39,45,49,52
36,25,24,28,19,1,0,2,6,5,2,8,31,62,64,58,44,33,28,24,24,27,44,51,56,58
132,26,21,20,7,4,5,4,6,2,0,19,49,62,62,51,39,36,35,30,30,36,42,50,56,57
175,93,25,7,11,3,7,5,4,8,18,42,60,55,40,33,26,25,23,18,20,30,47,54,59,59
160,154,95,40,6,11,5,9,7,17,32,39,39,31,17,19,21,26,29,30,36,46,48,50,53,53
61,60,65,64,49,43,30,40,33,37,43,34,33,36,40,41,41,41,42,39,37,38,55,53,55,56
43,36,37,38,42,36,36,42,33,38,41,31,37,43,37,36,34,34,35,33,32,36,52,48,52,56
45,32,36,33,44,34,34,33,25,37,41,32,34,29,32,30,28,29,30,29,36,48,53,50,56,63
45,48,43,36,37,28,35,34,34,34,32,30,30,32,29,26,29,30,29,37,50,54,49,56,62,65
49,49,46,44,46,37,36,34,33,32,29,27,27,28,25,25,28,31,37,47,57,61,61,64,67,68
51,47,42,42,43,34,37,34,31,30,28,26,25,26,32,34,35,39,47,53,55,58,61,70,66,71
48,46,42,43,43,37,37,33,30,30,30,29,29,30,35,39,42,49,58,58,59,67,81,85,75,83
