127,127,127,127,127,127,127,127,127,132,123,127,125,128,4,2,2,3,1,3,54,91,108,125,136,135
127,127,127,127,127,127,127,127,130,125,122,135,126,129,1,0,3,0,10,0,6,67,95,108,120,129
127,127,127,127,127,127,127,127,126,125,133,126,125,126,129,2,0,1,0,2,6,10,67,97,113,115
127,127,127,127,127,127,127,127,130,125,127,122,129,127,125,1,0,7,0,9,3,0,19,85,98,110
127,127,127,127,127,127,127,127,123,127,129,130,128,133,124,130,2,0,5,0,5,3,10,16,82,102
127,127,127,127,127,127,127,127,129,130,125,121,125,122,127,124,4,4,0,2,4,4,6,23,42,76
127,127,127,127,127,127,127,127,124,129,127,126,129,134,125,131,124,0,9,5,0,9,15,13,29,47
127,127,127,127,127,127,127,127,129,125,128,130,124,123,129,125,131,4,0,0,3,12,16,27,29,40
127,127,127,127,127,127,127,127,127,127,127,127,127,127,127,127,131,0,1,0,0,2,13,21,26,36
127,127,127,127,127,127,127,127,127,127,127,127,127,127,127,127,119,128,2,0,1,5,11,17,25,33
127,127,127,127,127,127,127,127,127,127,127,127,127,127,127,127,138,123,4,0,0,2,12,31,37,41
127,127,127,127,127,127,127,127,127,127,127,127,127,127,127,127,121,125,128,1,4,0,5,30,39,43
127,127,127,127,127,127,127,127,127,127,127,127,127,127,127,127,129,129,127,3,0,5,0,29,34,41
127,127,127,127,127,127,127,127,127,127,127,127,127,127,127,127,127,126,128,128,0,2,8,13,29,38
127,127,127,127,127,127,127,127,127,127,127,127,127,127,127,127,130,119,132,125,128,0,5,10,21,33
127,127,127,127,127,127,127,127,127,127,127,127,127,127,127,127,126,129,125,127,128,0,5,13,25,36
127,127,127,127,127,127,127,127,127,127,127,127,127,127,127,127,126,125,125,127,125,126,10,5,26,40
127,127,127,127,127,127,127,127,127,127,127,127,127,127,127,127,132,126,122,132,126,128,6,10,16,40
127,127,127,127,127,127,127,127,127,127,127,127,127,127,127,127,120,126,130,125,127,126,124,4,18,31
127,127,127,127,127,127,127,127,127,127,127,127,127,127,127,127,132,131,126,124,129,130,125,8,11,23
127,127,127,127,127,127,127,127,127,127,127,127,127,127,127,127,124,125,125,131,121,131,123,130,13,21
127,127,127,127,127,127,127,127,127,127,127,127,127,127,127,127,130,128,127,130,127,125,130,123,128,12
127,127,127,127,127,127,127,127,127,127,127,127,127,127,127,127,127,127,125,123,126,130,125,132,126,21
127,127,127,127,127,127,127,127,127,127,127,127,127,127,127,127,128,126,129,128,130,123,127,126,128,125
127,127,127,127,127,127,127,127,127,127,127,127,127,127,127,127,127,127,127,127,127,127,127,127,125,125
127,127,127,127,127,127,127,127,127,127,127,127,127,127,127,127,127,127,127,127,127,127,127,127,133,129
127,127,127,127,127,127,127,127,127,127,127,127,127,127,127,127,127,127,127,127,127,127,127,127,119,130
127,127,127,127,127,127,127,127,127,127,127,127,127,127,127,127,127,127,127,127,127,127,127,127,132,127
127,127,127,127,127,127,127,127,127,127,127,127,127,127,127,127,127,127,127,127,127,127,127,127,123,127
127,127,127,127,127,127,127,127,127,127,127,127,127,127,127,127,127,127,127,127,127,127,127,127,127,131
