93,89,88,88,92,92,95,97,92,87,89,95,100,98,100,102,101,102,104,104,105,104,102,98,94,90
111,110,109,108,111,110,109,109,108,106,107,110,112,109,110,110,108,108,110,108,110,106,101,101,103,101
122,124,123,121,118,116,113,113,114,115,114,113,112,110,110,110,109,110,112,111,112,110,108,107,106,104
128,130,128,126,123,122,121,121,122,123,120,116,115,114,114,114,113,115,117,116,111,111,111,109,108,107
130,132,129,126,128,129,128,128,128,128,126,124,122,121,121,118,115,117,118,115,112,110,110,112,116,117
129,133,132,129,128,128,126,124,123,122,124,126,122,121,121,118,114,115,116,112,116,118,120,122,121,119
135,137,137,135,132,130,128,127,125,123,126,130,126,126,127,124,122,123,123,119,123,126,128,126,120,116
137,137,134,131,136,134,133,134,132,128,129,134,131,132,133,130,127,129,129,124,128,126,123,120,118,119
146,139,143,136,135,138,136,135,135,139,132,139,141,144,140,135,130,131,134,126,124,125,127,125,116,128
148,152,145,140,146,138,140,134,147,141,140,142,139,144,142,140,136,132,132,128,126,117,127,129,137,131
150,151,142,147,142,146,142,144,137,144,135,142,142,146,141,141,142,135,133,134,131,130,139,130,135,129
150,140,140,154,143,148,154,141,139,139,139,137,143,149,141,141,147,142,137,136,128,136,138,134,133,137
163,159,152,155,156,152,154,144,144,145,145,142,141,154,150,146,149,144,139,136,146,144,138,144,144,139
164,171,158,152,159,152,147,152,140,146,143,152,148,161,157,148,144,142,144,144,139,143,139,140,148,143
155,161,158,155,156,149,159,149,149,143,152,153,158,161,155,149,147,147,152,150,139,154,145,142,142,144
175,165,166,160,159,162,165,160,153,166,160,150,159,155,150,156,159,158,156,146,140,152,136,156,151,155
176,170,160,165,161,168,166,157,159,164,172,148,158,157,157,153,158,157,158,145,136,141,145,144,158,149
178,165,159,171,166,171,173,167,166,159,146,159,149,163,160,162,155,150,150,131,135,147,148,146,150,152
162,171,170,168,168,167,172,172,162,166,158,164,157,162,152,170,161,149,156,154,152,142,155,160,152,157
180,174,176,170,184,168,160,177,166,154,161,165,154,163,158,165,159,156,157,144,146,152,150,161,149,150
171,171,171,168,164,176,165,152,156,151,153,148,169,152,152,153,152,143,147,157,148,145,152,153,149,155
142,166,163,167,167,161,168,160,168,164,156,156,146,147,162,149,148,150,150,148,149,147,137,152,157,145
154,155,151,164,157,151,160,152,149,161,156,141,151,148,152,146,140,138,140,144,141,141,143,136,142,147
146,146,143,140,147,156,145,150,147,145,150,156,148,155,149,148,140,146,144,134,145,139,140,141,144,136
131,132,129,131,136,139,137,145,155,138,139,145,138,141,145,140,130,131,134,131,128,137,136,138,131,140
120,120,122,126,121,131,132,125,134,136,139,133,134,130,133,136,130,126,130,133,131,132,129,128,122,127
103,107,111,111,113,113,117,112,119,123,125,124,127,121,121,125,121,118,120,124,119,116,116,114,111,113
63,62,65,61,66,55,65,66,72,72,72,78,79,78,77,76,76,79,82,83,85,84,86,80,77,78
48,49,59,64,60,55,62,53,56,60,59,56,60,60,57,52,51,51,52,54,59,59,63,53,50,60
34,30,34,38,32,33,35,25,30,35,38,36,35,34,33,35,38,36,36,42,37,37,37,29,24,42
