35,69,73,72,70,51,67,74,62,65,64,65,59,63,57,63,55,56,58,52,69,50,58,47,52,62
39,39,64,80,75,55,68,70,63,66,65,65,60,65,58,68,57,59,63,52,62,54,67,56,55,58
55,28,42,63,83,69,75,74,66,69,66,66,66,67,63,71,63,66,68,58,49,57,65,66,54,51
104,74,30,37,104,77,94,78,72,71,66,65,70,65,64,67,62,64,66,63,61,62,68,57,50,42
163,120,92,39,47,81,73,75,75,74,71,72,78,71,66,67,65,71,70,60,60,57,67,62,50,39
213,189,210,132,37,37,72,76,77,82,78,73,73,76,80,77,67,67,71,61,59,54,54,68,74,54
231,221,227,226,183,36,28,44,87,65,70,82,78,69,70,74,77,77,69,70,63,63,64,62,57,56
234,228,229,233,220,206,112,42,30,29,72,79,63,59,74,84,84,70,80,77,67,66,69,67,60,86
236,231,229,245,226,211,171,138,100,49,34,36,35,55,76,77,75,69,54,42,53,57,53,63,52,63
230,224,240,235,230,228,198,171,140,143,132,97,55,36,33,33,33,28,45,32,45,52,57,58,41,50
234,229,226,237,228,223,183,145,135,127,127,124,128,119,105,100,92,82,69,60,53,53,66,69,81,106
237,235,236,232,230,210,185,152,137,157,147,129,132,129,120,123,125,125,123,131,139,139,136,146,183,185
244,244,235,229,236,213,177,171,161,166,156,161,140,134,134,130,136,139,140,135,161,157,163,185,187,216
250,245,240,241,228,215,172,156,165,172,160,157,137,139,155,157,159,162,155,173,200,184,180,203,207,220
254,254,252,243,229,228,169,152,170,166,174,161,157,150,186,175,178,176,177,188,205,202,202,212,213,220
252,253,254,251,226,219,179,164,158,170,170,171,161,174,184,197,186,197,200,196,200,212,219,218,219,222
255,254,255,248,216,211,175,167,167,171,169,176,167,182,180,202,195,209,208,214,213,218,220,222,227,224
243,247,249,255,205,201,190,169,165,175,175,177,185,185,195,197,206,203,209,218,217,220,222,223,229,225
235,245,247,236,200,208,198,179,176,170,175,179,186,201,198,203,214,209,215,214,214,224,229,227,231,230
228,235,242,214,191,200,206,196,178,177,182,179,189,198,197,191,219,215,217,216,217,223,228,227,231,232
223,219,191,198,208,210,206,204,198,185,176,173,186,200,203,189,220,216,219,220,217,220,229,231,230,234
185,189,204,209,213,212,209,208,203,195,184,186,191,202,205,208,216,215,223,224,222,223,229,230,230,236
208,205,214,219,219,216,215,214,209,205,192,188,187,192,203,214,211,217,221,223,223,224,227,228,232,239
221,216,217,222,221,219,221,218,212,211,201,188,192,196,212,212,214,217,219,221,223,225,227,229,233,238
219,224,219,223,221,220,222,219,213,213,215,201,198,198,199,204,223,221,224,223,225,229,230,231,233,234
224,224,225,224,221,220,221,219,216,216,215,212,201,198,181,205,226,222,224,222,225,230,231,233,235,234
225,231,228,224,222,223,221,220,220,219,207,215,213,206,190,215,220,219,223,220,224,229,230,233,237,235
229,223,228,221,223,226,223,223,224,220,217,215,217,194,191,210,212,224,226,222,226,230,228,231,236,234
228,226,228,225,226,226,222,224,227,223,222,210,217,203,207,209,218,218,223,223,223,229,225,232,233,234
224,224,225,223,226,226,224,226,228,224,224,216,214,216,205,208,207,222,222,224,223,227,223,230,232,232
