187,187,188,169,140,148,165,157,173,164,159,155,147,144,137,137,125,137,133,155,121,124,127,106,106,102
184,180,176,168,159,170,173,171,169,164,151,139,151,157,127,137,151,154,155,162,129,104,95,98,86,99
178,185,185,173,181,185,169,168,163,168,155,140,134,134,124,134,162,159,158,154,137,109,91,87,74,88
186,153,186,178,166,174,179,167,166,163,151,150,133,143,128,132,161,176,174,163,140,111,89,82,76,66
186,163,177,171,177,191,171,176,165,168,160,146,152,153,143,138,152,167,170,168,146,113,85,70,70,61
177,172,165,168,179,180,177,170,165,148,146,144,151,164,179,170,173,163,165,166,155,119,95,76,62,60
173,171,184,169,176,181,169,157,162,170,160,154,146,168,170,176,182,192,182,172,166,134,104,93,61,53
177,170,175,164,173,175,169,166,168,148,163,163,174,183,180,182,176,187,184,178,173,158,131,107,89,82
187,174,174,170,179,169,165,148,154,173,169,180,187,166,172,183,176,186,191,186,174,162,159,121,121,102
187,185,174,158,173,182,159,170,155,172,169,187,173,148,173,185,183,179,186,185,179,163,151,146,107,100
181,166,168,182,188,166,160,175,169,165,177,173,180,168,174,182,196,192,196,186,181,160,147,147,150,133
184,181,171,164,176,184,167,163,168,173,183,170,193,189,190,181,188,187,188,177,182,180,170,163,162,164
177,175,170,164,168,173,171,180,165,164,173,179,182,184,184,177,179,188,189,179,173,184,182,159,168,168
171,173,175,171,169,170,170,162,165,181,169,171,179,174,181,183,174,185,186,186,171,188,186,184,162,170
176,157,171,160,177,167,159,166,169,156,165,174,175,187,180,182,192,192,189,189,185,192,183,179,165,180
171,163,170,178,177,160,165,162,168,161,155,154,155,171,182,182,184,186,191,191,186,188,190,184,184,189
167,160,164,157,160,150,150,161,168,134,151,145,152,163,177,181,180,185,195,192,190,189,190,177,180,177
152,155,169,158,153,138,153,152,155,150,137,145,145,158,160,173,176,182,190,182,185,185,183,168,164,157
159,166,153,154,143,134,148,161,167,152,159,151,147,169,152,172,183,183,182,169,180,186,178,164,159,146
152,153,148,145,140,132,132,153,159,157,132,154,153,170,177,171,171,173,188,185,184,170,173,162,165,157
155,142,138,123,140,148,147,158,163,153,150,145,145,174,164,164,180,174,173,169,179,176,169,167,172,176
153,136,120,119,125,125,143,156,164,154,147,150,143,152,159,154,177,172,172,172,181,176,166,173,169,172
138,142,125,118,112,116,157,166,142,137,139,127,143,143,161,173,172,160,167,159,159,168,172,167,166,164
136,117,125,115,120,117,127,147,159,136,137,138,136,135,155,166,172,165,159,148,145,145,151,161,160,168
156,119,114,103,105,139,152,155,143,126,111,129,133,158,146,143,161,164,163,141,148,154,142,160,124,108
137,138,130,98,103,141,154,137,142,98,100,128,118,135,133,145,166,144,148,125,124,106,105,80,67,63
122,124,147,101,98,129,144,134,104,98,90,117,115,120,116,131,130,101,102,87,76,62,60,60,62,64
103,132,134,100,103,118,125,97,90,79,86,84,82,89,85,88,68,63,62,63,55,70,58,53,59,55
133,123,137,101,110,113,102,97,73,67,60,63,68,59,52,61,49,48,47,61,55,58,61,59,48,57
136,142,110,97,99,116,83,68,61,53,55,46,48,42,37,34,38,40,48,51,59,59,57,56,55,48
