61,59,54,53,52,49,49,41,45,51,49,51,52,45,45,51,50,43,48,59,58,57,59,108,103,115
69,65,64,61,57,55,55,48,48,51,51,53,54,49,50,52,50,50,57,64,65,65,74,66,87,75
76,71,74,70,62,62,61,56,52,53,54,55,56,56,51,51,52,61,69,72,76,79,69,71,96,70
79,73,79,74,65,67,61,59,55,53,55,54,54,57,52,56,61,71,79,81,84,84,76,69,85,71
80,87,78,75,69,65,61,60,61,67,55,54,57,66,57,59,77,82,81,76,82,77,72,100,69,75
80,86,81,78,73,69,66,66,66,62,61,62,63,59,71,73,86,98,90,79,73,73,87,88,51,111
79,80,77,73,69,69,72,57,57,60,65,56,67,80,87,93,86,81,72,78,75,76,127,133,175,189
102,99,93,81,76,78,70,67,69,70,75,74,84,94,88,90,87,92,98,116,149,192,212,216,225,218
87,94,96,86,87,90,88,92,94,100,98,97,98,109,88,102,127,163,207,219,217,218,222,219,214,227
68,70,69,62,70,70,79,81,77,83,72,66,74,104,131,181,220,218,221,217,219,217,223,217,222,207
79,74,71,73,87,80,80,85,78,76,94,129,169,204,214,219,221,221,225,222,217,217,214,223,211,222
92,86,81,87,100,81,77,91,121,160,207,217,218,220,211,218,218,222,218,218,212,216,214,206,208,216
90,84,83,81,87,96,146,197,220,224,217,222,222,216,211,230,212,219,203,213,216,208,217,205,207,213
87,98,96,122,149,196,218,218,211,217,222,220,217,219,219,214,196,216,215,214,215,215,221,212,223,216
101,121,150,203,206,213,214,215,220,219,221,216,214,219,208,216,213,214,215,216,225,222,225,220,228,220
176,196,206,218,217,215,211,213,222,210,215,220,219,216,220,220,222,221,227,222,226,221,223,223,216,219
211,210,213,213,220,209,222,213,216,209,216,221,222,224,229,225,228,221,225,220,218,214,215,216,205,210
212,211,216,218,225,212,214,214,224,225,224,223,225,227,221,221,223,210,205,209,204,204,205,204,204,199
212,208,218,202,213,223,226,227,224,225,219,220,219,209,211,200,198,199,192,200,186,196,197,196,198,197
220,190,223,216,226,222,226,224,215,217,202,197,198,193,180,196,202,191,170,194,184,194,193,194,188,200
216,221,226,224,222,221,221,208,201,190,180,178,189,179,188,176,187,188,190,191,193,194,195,192,201,196
226,223,217,224,210,211,200,186,182,177,171,168,180,174,175,166,184,186,185,190,194,186,193,181,188,197
222,218,210,216,196,183,179,166,164,165,162,157,168,164,178,176,179,173,183,187,189,191,187,179,171,157
208,209,201,190,185,157,164,155,156,160,160,154,162,159,178,166,176,180,180,182,187,174,169,164,148,150
209,201,192,168,178,159,152,149,153,158,160,156,163,159,169,172,164,158,176,180,178,172,165,148,150,148
194,175,171,153,158,151,145,146,151,154,157,152,160,159,164,171,179,177,184,189,183,150,134,141,126,131
185,168,167,157,155,146,142,141,146,151,154,147,157,163,176,190,187,180,191,184,169,146,137,125,139,144
174,166,159,148,150,134,139,136,140,149,154,146,159,172,178,182,183,187,188,167,151,130,130,128,146,162
155,161,155,143,136,129,137,141,145,152,153,168,179,186,191,191,189,183,176,149,139,130,134,145,164,159
162,150,144,131,134,132,138,144,152,163,165,179,191,201,190,189,190,163,148,140,136,135,148,163,160,149
