72,59,48,44,38,32,22,27,30,37,41,41,50,49,62,65,50,64,60,68,68,76,69,70,70,60
61,63,50,42,30,31,35,41,41,54,50,57,66,63,66,62,50,62,69,71,62,72,67,69,63,55
60,65,63,46,39,47,39,43,52,60,60,60,53,52,62,64,59,63,71,66,66,61,72,58,65,62
71,78,73,70,53,55,56,51,49,63,46,57,55,60,65,62,64,66,71,68,59,60,59,52,50,58
96,91,84,71,59,66,60,64,67,58,56,63,56,58,61,58,66,68,76,60,63,49,71,51,57,57
97,80,78,81,60,60,63,63,59,57,56,60,59,71,78,70,66,59,67,60,60,58,63,64,63,69
95,86,79,79,67,69,59,58,62,51,62,65,69,77,76,70,74,81,63,56,67,52,57,52,60,61
93,84,80,83,67,75,75,71,67,58,69,64,65,73,76,72,70,74,63,56,61,53,53,61,63,60
80,91,90,79,80,77,78,78,73,73,83,72,79,75,64,76,70,67,61,65,61,51,60,59,58,58
91,86,89,97,84,84,81,80,69,80,84,78,78,76,70,71,58,66,57,65,62,62,68,56,57,52
112,109,97,103,92,87,96,87,84,82,72,79,76,70,69,67,51,65,62,63,55,60,66,52,57,47
115,103,102,109,91,108,92,99,95,80,79,84,71,64,74,82,63,61,69,65,61,61,63,56,61,52
123,113,104,110,107,108,102,89,101,79,80,89,86,75,65,71,69,73,64,62,71,61,60,59,55,52
129,127,105,119,102,110,104,99,97,88,95,85,75,77,72,77,74,71,66,59,66,52,56,61,50,46
116,108,114,113,105,98,111,97,105,92,96,91,81,85,80,81,79,80,74,67,65,51,57,58,52,54
118,124,120,108,108,102,96,90,107,94,93,97,86,84,82,83,78,77,67,73,70,58,55,44,49,62
115,123,108,102,104,97,106,98,97,87,91,93,98,89,90,87,83,75,60,64,69,69,63,61,63,62
123,117,116,112,108,101,102,100,97,88,91,90,82,94,90,84,77,71,64,61,62,66,67,67,67,65
120,121,114,111,110,111,106,101,92,85,85,86,91,90,85,90,76,76,66,60,60,66,68,67,65,62
120,116,123,111,107,107,102,96,98,99,83,92,88,85,87,79,86,73,63,62,66,70,69,67,64,59
120,116,113,105,110,103,102,94,97,90,96,79,83,77,84,81,70,71,61,64,70,73,72,72,66,56
123,123,125,118,118,95,92,95,108,94,87,87,73,82,80,78,77,72,67,66,67,70,70,69,62,50
133,120,116,111,110,93,85,89,96,79,78,82,85,82,76,83,75,76,73,66,63,65,62,58,54,51
128,122,124,112,106,98,86,90,96,88,80,76,79,81,84,72,71,68,74,64,61,62,56,49,53,61
125,124,123,111,103,106,99,87,87,89,84,75,78,85,82,78,63,67,65,73,56,59,54,64,61,62
128,123,118,107,97,99,94,85,87,87,83,77,81,87,87,81,65,63,62,71,63,54,63,71,65,123
134,130,127,114,101,100,96,88,89,86,81,78,84,86,85,79,68,65,67,73,67,72,52,66,71,127
135,125,129,116,102,99,94,88,87,81,78,78,82,78,76,73,71,71,65,52,50,62,80,51,128,130
138,133,124,112,99,97,95,90,88,80,78,77,72,68,67,69,70,68,57,74,62,64,74,129,126,126
134,127,125,113,100,99,98,93,90,82,81,76,61,63,64,70,66,59,61,64,71,64,131,126,134,128
