201,195,179,160,142,140,131,118,108,98,96,86,74,57,30,9,3,6,2,15,2,26,14,28,20,8
189,170,163,145,133,118,105,111,104,97,101,85,66,41,18,3,4,6,7,20,20,18,19,25,13,10
141,127,133,124,119,115,116,136,135,130,115,90,67,42,34,20,13,1,10,18,36,20,34,25,7,14
122,130,138,142,135,145,163,169,154,144,128,101,85,68,67,46,31,10,9,14,40,38,48,30,4,10
139,147,159,172,170,167,194,189,151,146,131,113,108,96,90,62,48,34,26,22,30,39,30,28,12,10
174,176,196,208,210,170,190,182,137,141,137,125,126,119,110,82,64,50,39,31,24,36,13,26,21,10
205,200,214,222,214,167,181,169,155,160,153,147,145,139,126,103,81,62,46,35,34,45,22,23,17,6
219,229,238,239,208,170,177,146,165,161,169,170,165,150,129,112,93,77,74,45,41,39,22,10,13,21
229,241,240,226,202,185,194,157,179,180,182,179,176,159,152,130,104,84,74,62,38,31,25,18,10,25
237,233,232,216,193,188,194,180,207,206,207,195,188,178,160,145,123,104,82,65,53,49,25,9,24,27
230,220,217,211,198,209,205,202,222,215,217,213,206,196,172,169,148,116,107,80,62,58,40,16,31,22
221,220,221,213,197,210,211,213,228,226,223,224,216,208,192,184,162,131,109,96,74,62,52,25,28,42
216,218,217,208,192,204,222,222,233,237,238,231,220,218,216,186,166,155,118,109,86,69,56,36,24,56
193,198,200,205,205,218,235,223,230,239,240,241,229,224,228,195,176,165,136,114,99,82,58,48,36,60
183,190,202,210,219,228,232,223,235,244,236,249,238,230,228,214,198,176,142,118,110,93,64,51,52,65
203,209,208,210,218,233,233,237,246,243,244,253,239,238,228,226,220,199,163,130,106,88,74,54,49,43
214,216,210,218,222,235,240,239,248,250,253,252,247,244,239,234,230,218,171,141,110,97,88,57,32,39
219,221,222,224,225,236,239,245,250,254,255,254,251,247,246,241,238,224,190,149,118,108,85,54,43,45
218,220,226,223,225,233,236,248,250,254,251,254,255,252,252,243,239,222,190,158,128,115,88,58,55,52
225,229,234,227,237,239,245,253,254,255,253,255,255,247,243,229,224,207,168,169,142,118,89,58,55,56
234,238,239,229,244,242,250,251,255,252,254,252,251,248,250,245,244,230,172,176,151,122,85,53,54,56
232,234,235,223,236,240,247,246,254,252,255,250,244,249,250,244,234,218,205,174,145,126,90,65,66,57
230,231,235,224,229,247,249,251,255,255,246,246,243,255,251,246,233,223,220,176,147,133,107,88,79,65
229,231,238,229,225,255,249,253,254,250,243,246,243,255,242,240,234,236,208,186,164,143,121,98,79,74
219,231,229,232,235,244,243,255,254,253,248,244,248,249,240,235,231,223,216,208,161,150,133,110,99,79
223,227,235,227,231,240,240,244,242,240,245,244,249,242,226,228,233,224,223,200,159,155,134,129,103,124
226,224,229,216,230,237,236,234,243,248,247,250,238,230,238,238,229,228,231,198,169,148,145,131,111,133
226,226,229,213,232,233,230,227,241,246,248,245,232,236,255,252,232,229,211,187,156,161,153,134,124,128
221,229,225,208,229,229,234,235,244,241,239,229,241,255,251,250,243,222,205,160,146,174,172,125,132,127
199,212,192,185,215,217,226,230,235,235,229,231,248,255,246,249,244,217,169,185,183,189,121,131,130,127
