42,34,35,41,37,35,40,46,57,63,76,80,93,102,101,123,108,118,95,96,95,78,100,92,111,120
50,44,41,44,41,44,58,49,63,66,73,86,92,79,103,120,111,131,131,107,93,102,100,96,99,104
48,40,39,42,48,58,55,66,81,82,92,90,100,128,112,127,128,134,132,140,125,96,103,90,100,88
51,49,53,52,56,63,74,84,95,93,99,104,113,105,117,116,121,145,153,163,148,138,117,114,101,99
55,54,60,56,62,70,78,93,105,116,111,95,119,132,123,122,143,146,138,159,164,138,127,126,113,105
60,54,58,54,66,79,82,116,118,115,124,112,119,124,115,120,129,125,154,153,160,172,165,142,134,106
69,64,69,62,71,80,97,104,130,145,148,136,129,123,126,123,127,136,153,154,161,168,142,160,155,138
66,57,67,64,74,82,98,107,126,124,142,142,121,126,127,142,140,154,141,147,136,132,150,159,150,141
70,65,65,64,73,78,91,99,112,119,160,148,141,137,128,146,151,158,156,137,141,149,147,147,145,139
68,74,72,77,90,91,84,85,106,115,131,135,145,146,125,128,132,141,144,137,139,117,139,135,117,128
85,88,94,88,99,102,106,100,117,127,132,140,139,134,147,141,147,151,138,163,146,148,154,154,134,122
104,98,97,88,81,97,96,105,128,134,141,143,139,143,147,162,159,154,158,138,151,151,140,140,144,129
88,90,89,98,92,109,104,109,129,129,138,139,142,142,148,159,155,149,157,142,152,150,144,146,154,151
91,86,98,94,110,100,120,111,125,131,138,146,158,141,159,153,162,156,143,178,159,161,162,159,147,150
104,104,113,100,125,114,124,127,133,140,135,138,152,138,144,150,161,155,155,163,164,147,163,163,156,142
111,133,104,112,118,137,112,127,117,133,144,154,160,154,135,146,153,151,163,170,167,170,156,146,161,149
110,119,100,113,124,122,130,124,147,131,136,154,152,161,152,162,159,153,149,176,169,161,153,142,161,166
109,117,127,134,117,126,133,131,135,135,119,135,136,157,141,155,147,147,153,159,155,163,161,166,155,166
112,141,121,143,141,134,141,129,136,154,122,136,147,157,154,161,160,154,149,170,169,175,176,184,157,155
130,117,118,133,129,134,142,142,144,142,132,128,129,143,158,168,156,176,175,175,164,179,187,163,173,149
112,126,127,139,138,132,134,130,144,130,125,135,140,144,155,167,159,179,170,174,189,154,174,173,162,155
123,116,138,130,119,124,127,136,130,114,128,147,130,138,169,160,168,167,182,175,176,172,170,174,176,159
119,138,126,134,147,139,136,136,130,132,136,161,158,153,164,159,185,171,175,184,170,171,172,172,179,173
128,126,125,135,133,134,147,151,141,138,131,142,159,164,160,181,170,178,176,169,164,182,175,174,165,166
126,116,127,124,128,137,125,148,145,155,147,144,156,154,160,176,174,167,172,164,158,178,179,171,167,173
129,123,122,130,144,145,132,146,153,151,158,156,159,168,165,178,169,167,174,171,169,170,167,178,174,167
132,132,123,125,131,134,141,147,156,161,153,150,154,157,168,166,175,159,164,184,171,170,178,164,180,172
124,129,128,123,124,148,136,164,146,163,156,150,151,169,169,151,168,165,164,176,170,184,176,180,175,156
122,129,131,126,124,145,144,155,139,161,147,149,160,168,150,170,168,165,161,174,195,174,178,172,176,166
129,132,127,127,124,119,140,147,137,139,154,147,136,151,155,163,158,177,177,168,185,177,175,173,176,166
