32,31,37,29,33,33,28,25,27,35,29,22,20,31,25,25,21,20,16,20,23,12,12,11,15,11
32,46,34,44,38,38,31,27,37,29,29,32,27,25,22,31,26,15,17,16,20,23,23,14,11,11
38,35,36,39,32,38,34,27,33,25,21,25,22,24,26,29,19,12,23,18,17,25,23,17,12,15
41,42,46,36,36,38,40,42,36,33,33,33,28,30,34,33,27,29,22,23,18,19,15,21,18,17
50,39,43,40,40,33,35,45,42,34,28,35,34,29,31,29,24,22,17,25,23,22,17,24,19,13
52,47,50,54,46,48,44,42,53,46,37,38,40,37,38,31,31,32,23,26,26,25,22,22,18,15
53,57,56,54,46,55,51,40,49,48,53,43,41,37,37,32,41,47,37,33,30,25,26,23,22,19
59,62,64,58,59,57,57,59,53,49,45,47,54,45,43,43,44,31,42,39,36,27,30,27,25,17
66,72,64,72,63,73,54,72,66,56,59,56,47,42,41,55,49,46,42,39,36,31,26,22,36,28
74,64,60,71,77,65,81,71,76,70,75,61,59,56,55,48,50,60,61,46,48,41,35,32,28,31
88,85,73,83,87,85,71,71,82,84,66,65,70,65,55,49,54,69,61,49,48,47,44,44,34,38
82,82,84,72,77,74,81,79,93,77,72,77,76,81,66,71,62,71,55,60,46,50,47,45,41,33
87,86,82,91,89,89,89,80,74,72,84,74,67,79,76,79,62,62,61,69,58,61,55,52,48,42
93,84,76,77,81,82,91,83,81,68,78,71,73,69,79,80,77,71,61,55,59,58,51,48,39,46
89,84,81,87,83,96,66,80,81,78,64,64,73,57,67,70,79,74,71,61,70,66,58,53,50,54
79,84,67,72,70,59,65,62,71,69,81,71,71,66,72,69,71,73,59,61,65,65,62,58,72,63
63,59,65,78,65,65,48,60,71,65,61,79,64,62,60,65,63,58,57,51,60,63,57,61,54,66
55,59,53,55,44,49,61,67,71,67,57,62,66,49,60,59,61,61,51,52,55,59,70,81,61,59
65,51,49,48,45,42,60,49,47,51,52,60,54,47,48,40,44,42,43,38,36,48,60,57,38,53
50,40,41,31,31,32,54,44,35,33,32,23,45,20,33,23,21,27,24,29,32,35,37,42,37,49
49,40,41,32,33,32,32,25,14,6,4,10,4,14,6,9,8,15,14,15,22,31,25,32,31,30
48,28,23,29,33,33,17,14,13,8,8,0,6,1,2,7,2,12,14,4,10,24,14,14,16,15
34,34,27,35,28,28,23,20,17,9,8,11,0,13,4,11,11,12,6,12,12,11,5,20,25,17
35,23,29,47,36,31,29,18,19,20,12,10,4,12,9,8,7,1,8,9,0,4,6,12,10,8
43,39,35,32,38,34,24,20,18,18,14,9,8,7,1,8,1,7,4,3,0,5,5,3,10,7
46,40,49,37,32,32,28,14,13,15,5,14,10,5,0,5,6,2,6,5,2,4,0,5,3,5
50,52,39,45,40,33,37,30,30,16,11,12,0,6,8,9,10,1,0,1,8,11,3,17,7,11
51,62,56,57,44,37,39,21,26,22,11,13,8,10,7,3,8,9,9,8,11,15,15,30,33,40
72,69,64,67,54,49,50,34,36,31,15,17,19,6,6,15,14,10,27,24,27,35,44,45,59,60
80,68,74,79,66,60,55,46,36,18,30,20,21,13,26,40,34,27,40,40,49,61,74,63,74,68
