168,170,166,160,152,149,149,149,145,137,132,128,117,105,110,99,94,95,102,110,123,145,169,184,199,181
170,160,164,156,140,151,165,163,155,145,139,135,126,115,111,96,86,84,94,109,125,147,170,180,191,181
169,161,156,162,158,155,154,154,155,155,151,142,129,120,112,99,84,73,79,99,120,143,165,179,184,138
158,149,164,170,161,164,162,156,150,147,142,136,132,131,112,104,91,73,71,86,108,131,153,169,164,139
150,154,163,168,168,162,163,159,156,153,149,141,133,129,118,108,93,75,68,75,90,111,137,137,147,127
153,161,169,160,156,156,162,159,155,152,151,148,142,137,126,115,102,88,77,65,57,63,81,103,87,79
150,161,153,158,143,153,156,157,158,155,149,145,141,133,126,123,109,101,96,78,51,25,22,27,28,32
142,153,153,146,138,149,147,150,154,151,146,143,138,131,133,128,119,106,104,90,78,55,33,19,24,23
133,141,148,133,131,142,145,149,152,147,140,137,134,127,127,127,128,112,106,93,93,74,56,47,52,51
128,129,135,125,125,132,134,138,140,134,125,124,122,117,119,126,132,120,105,99,106,94,87,71,71,70
127,125,123,126,121,120,125,130,134,131,125,124,124,121,113,120,120,118,103,109,116,110,94,74,87,78
125,126,119,129,120,113,113,116,122,123,118,115,115,113,108,113,106,112,102,111,108,100,83,80,100,97
118,122,115,122,115,110,113,112,115,118,113,108,108,109,105,109,104,111,107,109,103,95,83,80,86,91
108,113,109,110,107,107,110,104,105,106,102,98,101,105,97,103,101,104,106,105,108,108,85,75,79,69
107,105,102,102,105,108,104,104,101,94,101,96,95,95,94,82,88,93,97,94,91,75,69,68,50,29
91,94,103,107,101,92,96,95,95,92,95,86,87,93,89,94,78,74,72,79,63,57,49,49,11,9
94,90,87,89,94,98,94,90,92,88,86,73,75,81,91,75,66,66,64,47,35,30,9,0,13,16
90,85,81,84,89,92,93,91,94,90,88,82,82,77,59,57,45,32,44,26,8,2,2,7,8,21
84,83,86,88,84,78,92,93,99,89,85,82,75,51,44,22,17,28,8,3,1,0,1,13,13,21
84,83,84,86,85,80,90,91,98,82,67,60,48,15,12,24,21,4,0,4,7,1,8,4,16,15
80,79,83,88,85,79,80,78,86,70,44,31,27,5,4,1,11,2,0,0,6,1,0,10,3,25
84,82,80,81,80,76,74,66,72,54,19,0,5,0,0,5,0,0,3,6,0,5,3,1,5,10
77,78,80,75,76,73,60,62,45,22,0,0,0,0,0,1,2,0,4,6,0,1,9,16,19,1
75,76,76,70,74,70,51,28,5,0,0,3,0,0,1,1,1,2,4,4,6,13,18,24,20,12
76,73,66,53,59,55,11,1,0,4,5,0,0,3,1,0,1,6,5,0,7,16,25,25,36,32
74,71,64,48,48,36,4,0,2,0,5,0,2,2,4,2,0,6,4,1,12,21,33,38,47,39
63,60,58,43,34,14,7,2,1,0,2,2,5,0,6,4,1,4,7,10,21,31,46,63,58,51
64,50,37,20,11,0,0,0,3,4,5,0,0,1,3,2,5,8,17,20,17,28,56,61,66,65
65,39,17,5,1,5,5,1,0,3,5,5,3,4,4,3,12,17,31,30,13,29,61,53,70,70
46,19,5,4,2,11,3,7,6,8,2,6,3,4,14,8,17,21,40,39,20,46,63,73,84,86
