153,135,173,199,202,213,209,197,190,180,163,179,188,141,152,152,125,153,116,114,103,114,96,81,87,89
158,181,163,195,198,186,222,182,213,182,161,155,160,161,144,162,130,139,113,107,97,88,75,74,82,77
176,171,176,177,233,213,197,204,220,196,181,169,165,151,139,143,122,136,118,104,90,72,65,41,55,47
163,173,182,187,199,212,246,218,223,189,175,163,154,141,148,133,116,122,98,102,75,61,56,32,31,18
171,171,183,190,187,206,208,228,219,213,174,158,154,148,138,128,127,109,101,91,85,55,33,16,19,14
148,177,175,193,210,215,223,228,214,207,169,171,159,144,146,125,117,99,86,85,55,36,23,17,17,14
135,148,173,187,198,218,211,212,224,204,202,171,173,148,144,127,108,94,80,70,39,29,23,18,11,9
141,143,157,182,197,226,226,224,215,212,198,183,181,158,134,132,113,96,90,62,51,34,20,12,10,11
141,149,168,172,188,217,214,220,216,201,201,187,173,153,150,130,110,97,79,71,41,27,21,14,12,8
144,153,153,172,181,205,215,218,216,216,204,198,174,166,147,131,122,95,82,64,52,32,21,10,10,3
166,154,159,161,182,189,219,212,214,209,219,197,181,161,140,126,114,115,89,71,46,29,16,13,8,3
150,151,145,161,177,192,209,210,221,223,224,215,178,165,149,136,119,111,88,72,50,30,15,11,7,4
148,149,146,154,172,203,211,218,231,231,211,209,186,169,144,132,119,109,95,80,53,32,15,10,8,6
128,139,152,158,173,182,210,226,216,233,234,205,195,176,149,141,129,112,97,77,56,34,17,12,10,8
131,156,139,154,170,186,213,224,234,253,250,217,183,167,144,134,122,103,93,77,61,38,19,13,10,8
143,134,146,159,172,182,213,223,240,254,248,201,192,170,147,133,127,114,105,90,69,44,22,13,9,7
139,139,144,159,181,202,219,222,252,255,246,223,199,175,158,140,134,120,102,83,75,50,27,17,11,8
131,133,156,164,177,197,225,235,248,251,244,223,197,176,164,141,132,122,110,101,77,53,32,22,14,9
136,142,163,170,170,206,230,240,248,253,251,238,209,204,153,144,154,129,112,101,87,74,43,24,13,9
150,155,170,173,185,214,232,240,244,246,249,245,213,192,160,150,138,128,110,102,91,80,41,32,12,18
155,167,171,181,195,215,231,242,246,244,247,247,216,193,166,157,135,132,119,114,92,79,52,35,24,21
161,175,179,195,204,219,230,241,248,247,248,247,231,216,175,162,145,128,124,116,89,79,65,42,34,22
169,178,192,202,217,231,236,240,244,246,251,251,242,218,184,164,151,130,128,114,89,83,66,53,33,30
180,188,201,209,219,237,244,245,245,246,252,254,249,206,196,172,154,140,135,116,92,79,67,50,40,34
197,206,212,225,223,239,246,249,249,249,252,253,255,220,213,188,163,146,131,113,96,78,73,46,48,35
209,210,219,232,241,246,245,247,251,251,253,252,254,240,216,199,177,149,132,118,101,88,77,56,44,40
218,222,235,240,244,246,249,246,247,249,247,252,235,229,233,192,177,156,135,116,109,87,81,75,54,41
224,226,237,238,245,246,248,245,247,249,247,252,255,255,221,204,178,157,139,123,112,91,82,82,73,67
228,231,242,245,248,248,250,247,248,250,248,254,251,249,198,182,195,163,148,135,116,101,85,80,71,74
235,236,245,253,250,249,250,247,248,250,248,254,255,242,224,191,190,154,141,133,118,110,97,91,79,82
