92,104,101,115,123,139,139,143,151,170,157,159,153,130,130,125,128,128,128,128,128,128,128,128,128,128
109,115,102,122,125,126,138,142,151,163,160,161,164,128,127,132,128,128,128,128,128,128,128,128,128,128
134,109,106,131,125,123,141,139,149,157,156,153,125,126,130,124,128,128,128,128,128,128,128,128,128,128
116,116,123,114,117,129,130,142,161,161,164,164,128,131,131,128,128,128,128,128,128,128,128,128,128,128
129,107,115,125,128,126,128,149,161,166,162,128,129,122,126,134,128,128,128,128,128,128,128,128,128,128
116,141,121,116,136,136,132,141,144,159,156,126,131,132,129,123,128,128,128,128,128,128,128,128,128,128
104,137,130,133,127,119,125,134,153,143,130,132,122,127,127,129,128,128,128,128,128,128,128,128,128,128
108,132,128,136,137,133,116,124,151,148,130,124,130,130,129,127,128,128,128,128,128,128,128,128,128,128
104,130,121,134,137,121,133,127,139,135,130,128,127,127,128,130,128,128,128,128,128,128,128,128,128,128
102,122,130,141,141,131,134,135,138,133,128,127,128,128,128,128,128,128,128,128,128,128,128,128,128,128
109,114,129,128,132,143,139,137,136,131,126,127,129,129,128,127,128,128,128,128,128,128,128,128,128,128
126,113,127,135,149,165,149,136,132,128,126,127,129,129,128,127,128,128,128,128,128,128,128,128,128,128
150,118,115,129,146,161,152,143,129,127,127,128,129,128,127,128,128,128,128,128,128,128,128,128,128,128
154,139,139,143,150,161,148,129,127,127,128,129,128,127,127,129,128,128,128,128,128,128,128,128,128,128
152,149,155,142,138,148,136,123,129,128,128,129,129,128,127,128,128,128,128,128,128,128,128,128,128,128
151,143,163,160,152,147,126,131,130,128,127,128,130,129,128,127,128,128,128,128,128,128,128,128,128,128
167,164,153,168,177,127,129,127,128,128,128,128,128,128,128,128,128,128,128,128,128,128,128,128,128,128
199,164,164,163,154,128,125,133,128,128,128,128,128,128,128,128,128,128,128,128,128,128,128,128,128,128
215,192,171,165,125,129,130,122,128,128,128,128,128,128,128,128,128,128,128,128,128,128,128,128,128,128
211,193,157,163,129,125,131,133,128,128,128,128,128,128,128,128,128,128,128,128,128,128,128,128,128,128
220,210,165,132,126,129,124,122,128,128,128,128,128,128,128,128,128,128,128,128,128,128,128,128,128,128
223,205,133,127,128,130,124,136,128,128,128,128,128,128,128,128,128,128,128,128,128,128,128,128,128,128
194,187,124,129,122,130,129,125,128,128,128,128,128,128,128,128,128,128,128,128,128,128,128,128,128,128
154,125,130,126,133,126,129,127,128,128,128,128,128,128,128,128,128,128,128,128,128,128,128,128,128,128
128,128,128,128,128,128,128,128,128,128,128,128,128,128,128,128,128,128,128,128,128,128,128,128,128,128
128,128,128,128,128,128,128,128,128,128,128,128,128,128,128,128,128,128,128,128,128,128,128,128,128,128
128,128,128,128,128,128,128,128,128,128,128,128,128,128,128,128,128,128,128,128,128,128,128,128,128,128
128,128,128,128,128,128,128,128,128,128,128,128,128,128,128,128,128,128,128,128,128,128,128,128,128,128
128,128,128,128,128,128,128,128,128,128,128,128,128,128,128,128,128,128,128,128,128,128,128,128,128,128
128,128,128,128,128,128,128,128,128,128,128,128,128,128,128,128,128,128,128,128,128,128,128,128,128,128
