0,36,100,156,167,151,163,168,183,194,188,199,195,198,200,200,212,215,216,216,219,223,228,226,237,239
22,83,104,164,167,168,181,180,188,196,196,213,209,208,213,213,222,216,216,215,218,220,228,236,229,242
54,94,139,150,169,194,184,187,202,203,202,201,209,211,214,214,213,211,217,224,225,227,233,230,246,242
74,104,152,161,167,179,191,203,202,206,209,213,213,217,218,225,219,220,218,221,222,231,231,232,243,244
93,120,144,158,163,173,203,202,202,210,205,225,217,216,215,218,221,220,220,226,226,230,232,234,238,244
98,128,148,147,164,173,195,195,202,213,209,218,217,218,219,221,223,221,220,223,225,229,232,234,239,246
107,123,142,153,180,189,198,197,203,215,215,218,218,221,221,221,222,221,221,223,225,229,233,236,241,247
117,118,136,170,192,204,209,210,211,214,218,221,219,222,219,217,218,220,221,225,226,230,233,237,242,248
120,127,145,182,193,205,212,220,221,215,217,219,219,221,218,214,214,216,218,222,224,228,232,237,243,249
126,141,162,198,205,209,211,219,222,218,218,221,219,220,217,213,212,211,211,215,220,225,232,239,246,251
148,163,186,211,217,217,216,216,219,219,218,222,220,219,215,212,210,206,207,213,219,225,235,245,251,254
176,190,207,211,212,217,221,218,218,219,215,217,221,218,213,209,207,204,207,216,221,229,240,251,255,255
193,213,217,211,213,213,222,208,214,214,214,216,218,215,209,211,202,204,196,217,220,245,240,250,255,249
215,215,216,216,209,207,197,216,216,206,207,210,212,209,208,187,191,194,205,218,228,240,251,251,250,247
223,219,218,217,207,203,202,197,196,182,211,200,210,204,194,187,195,209,211,214,225,245,255,253,248,243
218,221,217,212,218,193,184,179,162,167,191,199,206,203,197,203,201,206,207,218,228,239,255,251,251,231
219,218,215,209,206,199,183,151,124,124,155,192,211,198,196,193,200,194,207,214,224,254,254,242,82,16
218,214,221,211,210,192,124,33,8,14,103,183,197,191,180,184,187,200,211,212,232,251,243,99,67,14
213,212,218,209,191,104,28,22,36,52,70,97,156,179,176,189,167,193,210,225,243,245,184,196,185,69
213,211,204,203,117,31,48,73,80,90,101,104,136,163,173,181,162,179,208,226,245,227,208,236,240,206
195,199,188,127,59,51,66,89,101,101,122,115,124,146,170,167,162,162,210,231,246,249,249,252,252,241
160,154,135,96,70,66,76,90,91,121,129,137,125,118,143,138,135,177,218,235,249,250,252,254,250,250
115,119,98,87,75,71,84,95,100,115,122,136,141,126,139,133,138,161,189,219,233,236,242,245,239,244
131,122,113,105,88,97,85,115,111,130,138,155,140,128,122,118,137,134,183,212,219,227,233,237,240,251
162,146,122,117,109,116,113,107,122,121,135,129,143,127,114,113,121,121,173,172,202,219,223,224,232,248
154,147,130,134,115,115,119,117,124,135,126,126,120,110,104,114,117,122,135,142,171,198,216,225,231,245
150,133,149,148,134,118,124,109,122,114,113,108,104,98,92,96,95,98,90,116,119,142,173,196,203,226
151,140,136,137,126,130,124,118,118,112,108,85,94,85,87,81,75,84,87,90,98,101,127,151,158,198
131,136,140,136,128,121,121,118,114,102,103,95,76,79,85,84,82,85,89,88,91,84,93,119,138,169
136,126,135,109,129,123,119,120,106,111,107,91,93,83,84,84,92,86,87,82,92,82,82,108,125,154
