130,124,5,13,19,39,27,38,35,44,51,54,63,66,75,66,66,53,54,62,73,61,50,59,63,72
124,131,14,22,33,39,31,37,39,55,61,63,73,69,83,92,90,41,53,46,66,54,59,59,70,100
124,132,18,39,39,32,44,43,53,62,74,68,71,74,101,95,101,47,43,68,62,57,64,68,75,99
128,131,34,40,36,41,45,54,60,67,75,70,75,84,102,99,86,25,55,70,52,67,67,67,80,87
126,124,33,36,34,40,42,59,66,73,78,73,84,98,104,104,81,33,64,66,53,64,58,71,99,88
129,126,30,41,43,42,51,66,70,77,81,77,90,105,98,100,75,42,54,62,57,56,69,88,102,89
129,130,40,46,50,52,60,73,75,82,83,79,92,104,93,93,66,38,47,62,56,57,88,93,89,84
124,128,53,45,49,63,64,77,80,85,83,78,94,104,98,94,53,42,55,56,66,71,82,89,81,86
127,129,50,47,58,68,70,79,83,85,81,76,95,99,98,85,39,45,58,53,82,83,75,91,78,87
130,126,31,47,66,62,73,74,85,85,79,73,92,88,88,66,44,43,56,61,83,76,76,85,78,88
128,128,35,59,74,65,68,79,82,83,77,80,80,69,62,48,51,46,58,66,76,77,68,79,84,99
128,130,46,58,60,56,68,76,80,77,73,70,63,56,46,42,33,57,61,64,71,69,73,80,94,101
127,129,54,55,50,55,69,72,80,65,57,53,44,44,27,29,33,62,60,60,73,75,79,86,96,94
128,127,50,47,50,57,62,61,66,52,39,42,33,35,21,25,48,56,60,62,77,86,84,97,92,91
130,128,41,38,49,53,48,49,45,45,34,43,30,27,27,35,52,51,58,68,78,86,90,94,79,80
129,129,33,37,46,50,42,48,42,44,34,44,34,28,32,36,51,57,53,68,76,78,87,66,54,53
127,128,28,42,44,51,46,46,47,42,37,40,37,33,32,34,52,63,52,59,64,59,58,31,36,7
129,126,26,48,42,52,47,35,42,36,41,37,34,34,33,42,51,63,59,51,47,36,22,13,13,1
130,127,29,39,42,52,43,47,44,28,34,35,29,41,39,57,50,56,47,48,37,26,18,24,11,3
127,130,42,40,36,34,34,42,36,35,33,30,34,37,56,57,51,56,52,42,38,24,23,22,16,11
128,127,44,38,38,33,36,39,38,29,22,34,44,33,50,56,45,50,50,43,49,38,33,22,19,12
129,125,41,39,44,42,43,40,34,30,24,34,40,49,44,44,44,48,48,60,67,63,45,24,25,24
128,129,47,46,39,38,39,39,33,32,31,39,42,52,46,41,52,53,57,72,82,75,59,39,21,24
127,130,50,48,36,34,36,36,37,35,36,44,46,37,50,42,51,48,61,65,80,71,78,67,40,30
128,128,53,48,43,38,43,39,29,35,44,39,38,47,58,35,48,47,58,53,66,64,85,81,61,63
128,130,62,52,50,40,52,48,27,18,39,44,40,64,55,44,55,56,58,52,54,61,78,74,82,79
128,128,62,60,44,43,48,49,44,31,28,45,57,65,55,47,63,58,60,58,53,75,81,74,73,74
128,128,56,56,53,52,50,55,43,31,43,51,61,66,58,53,65,55,60,63,71,83,83,74,79,74
128,130,55,54,58,57,49,56,44,38,50,51,55,61,70,65,61,52,59,66,83,83,78,70,82,80
127,130,61,57,57,59,51,56,37,48,57,61,57,63,72,57,58,57,66,73,87,85,78,78,74,81
