83,100,94,122,137,168,206,219,219,224,228,231,237,245,248,247,250,247,252,254,255,247,126,127,128,128
74,78,88,105,129,165,188,212,221,223,226,230,236,243,247,247,248,246,251,251,249,254,132,130,128,128
63,75,79,97,119,135,183,209,223,222,225,231,236,240,244,247,249,252,251,252,255,127,122,128,128,128
71,65,82,81,99,124,169,211,222,221,225,232,236,238,242,247,248,252,250,249,248,133,128,130,128,128
68,67,74,83,98,120,169,196,217,221,226,231,235,238,242,246,248,246,250,253,253,129,125,127,128,128
73,67,76,80,89,124,167,197,213,220,227,230,233,239,243,245,247,245,250,252,250,128,128,130,128,128
64,81,78,84,93,115,156,200,216,223,225,231,232,242,243,244,244,245,250,244,132,129,128,128,128,128
77,84,77,83,99,118,166,203,217,223,225,231,232,241,242,244,245,246,246,250,130,125,128,130,128,128
79,75,91,87,99,125,165,210,218,224,225,231,232,241,241,243,245,246,244,247,129,127,130,125,128,128
72,83,94,102,107,132,179,210,220,225,227,234,234,241,241,242,242,238,249,251,128,127,127,133,128,128
82,85,104,107,111,162,185,215,221,227,230,237,237,242,240,241,241,252,246,123,130,129,131,124,128,128
84,100,96,111,116,165,202,217,224,229,232,239,238,242,240,241,240,245,252,128,128,129,127,131,128,128
87,96,99,110,125,177,205,222,226,230,232,239,237,241,239,241,241,246,251,125,128,131,129,126,128,128
90,98,93,115,147,189,218,220,227,230,231,237,236,240,239,241,244,249,249,132,125,126,129,127,128,128
97,104,112,120,174,211,219,223,225,230,236,237,236,239,243,240,248,244,129,128,130,125,125,130,128,128
89,106,109,136,179,210,218,232,231,235,239,239,237,240,242,240,244,255,126,127,124,133,126,128,128,128
98,112,111,148,189,213,220,228,233,236,240,241,239,242,245,243,245,244,125,129,130,125,133,126,128,128
104,106,117,151,192,214,227,225,234,236,240,241,240,243,246,245,247,251,133,131,128,126,131,125,128,128
117,108,135,171,196,218,228,231,237,237,240,241,240,242,245,244,248,125,126,121,131,132,124,130,128,128
131,121,144,191,203,228,225,235,237,237,239,241,241,243,247,247,250,127,132,138,123,126,127,128,128,128
136,146,155,194,210,232,225,235,236,235,238,240,241,244,248,249,245,128,123,129,129,126,136,123,128,128
156,190,190,199,217,226,226,231,238,236,238,240,239,242,245,245,130,130,128,129,126,129,123,132,128,128
195,195,197,213,219,228,228,231,234,241,239,237,245,246,241,246,128,128,128,128,128,128,128,128,128,128
207,207,209,218,225,231,232,234,227,237,236,240,240,236,246,246,128,128,128,128,128,128,128,128,128,128
216,217,221,222,228,231,235,234,234,239,237,246,237,245,244,129,128,128,128,128,128,128,128,128,128,128
219,222,227,223,229,231,236,233,241,231,239,230,240,242,245,128,128,128,128,128,128,128,128,128,128,128
220,225,232,227,233,234,238,235,233,239,243,241,247,244,242,127,128,128,128,128,128,128,128,128,128,128
224,229,234,232,235,237,239,237,234,236,245,241,236,247,131,130,128,128,128,128,128,128,128,128,128,128
232,236,236,237,235,238,237,237,240,239,242,249,246,240,130,125,128,128,128,128,128,128,128,128,128,128
240,242,239,241,235,238,235,237,240,237,245,238,245,127,128,128,128,128,128,128,128,128,128,128,128,128
