138,123,126,120,118,120,95,98,104,93,91,87,87,82,89,95,101,104,125,128,141,147,157,152,155,165
123,109,125,106,100,92,83,85,85,77,65,78,76,70,76,76,91,87,103,102,118,122,134,153,158,176
105,102,89,91,69,60,26,21,20,21,28,36,51,78,87,70,77,83,84,102,99,112,128,135,149,161
73,71,81,98,102,93,88,82,71,71,64,66,61,77,55,63,87,88,77,84,90,107,109,118,144,141
133,127,101,85,74,37,43,38,33,32,28,25,16,22,45,44,56,62,76,90,92,89,103,106,123,144
78,84,82,73,75,69,45,34,33,16,20,14,22,27,15,21,34,37,51,64,84,93,106,103,122,128
105,97,102,90,72,76,45,35,38,24,26,13,10,5,16,14,21,28,46,58,77,89,90,102,110,121
124,117,104,114,93,71,63,47,34,29,23,26,19,17,12,10,16,17,24,32,48,72,87,89,115,125
135,145,104,99,87,73,54,37,25,28,21,28,18,15,18,13,16,12,14,24,31,57,83,109,113,134
145,113,90,76,49,32,37,20,16,16,16,18,18,17,14,12,18,14,12,24,21,46,72,106,112,159
83,33,14,2,9,0,2,0,7,6,5,11,15,15,15,13,20,20,17,20,20,30,49,115,171,211
7,7,0,6,1,3,3,0,1,4,4,6,4,13,13,20,18,23,29,24,29,28,47,115,184,227
11,5,7,1,9,0,2,7,4,4,6,27,38,55,13,7,20,13,18,30,51,67,32,42,128,132
73,88,5,8,0,4,1,10,9,7,4,44,73,96,61,26,14,12,33,29,49,92,185,82,78,110
236,255,5,10,2,1,5,6,9,9,2,46,79,94,82,46,18,16,8,12,90,113,86,159,110,123
252,126,3,7,3,0,6,10,12,6,10,65,91,84,61,31,21,21,11,30,85,75,73,108,129,142
12,7,11,7,3,6,6,13,11,5,23,66,76,63,35,19,16,7,13,12,18,58,72,90,140,126
12,4,8,9,4,6,8,5,2,8,28,30,19,21,17,9,20,24,30,57,77,90,116,112,140,143
125,44,7,3,0,5,7,14,21,25,36,39,17,32,33,43,48,55,55,68,89,94,115,128,144,138
106,99,77,77,67,70,58,81,61,46,49,38,58,50,51,39,55,44,59,76,86,113,131,128,142,151
158,174,144,87,105,78,83,52,68,50,55,42,40,50,60,57,28,73,51,108,100,117,131,142,140,142
128,148,114,103,88,84,71,61,69,51,72,59,53,62,35,38,65,70,104,103,104,120,130,154,152,151
156,146,140,115,97,86,87,84,79,71,70,67,66,38,69,55,58,105,105,111,111,130,137,146,165,180
151,139,146,118,130,108,94,71,84,82,64,79,63,64,47,102,103,104,122,128,151,138,145,157,173,183
175,150,133,124,114,93,86,99,85,69,59,72,58,95,106,112,119,125,128,139,140,147,160,183,187,181
145,139,137,115,118,100,93,76,70,81,72,101,92,101,120,124,129,140,157,144,152,169,174,186,193,194
141,131,116,104,93,98,87,96,84,115,98,121,124,133,129,133,143,158,154,152,158,181,208,197,190,207
124,109,125,108,104,117,124,124,123,125,126,137,125,140,141,144,141,150,167,163,174,206,198,202,206,219
139,148,173,134,133,139,136,129,152,148,137,139,137,142,138,143,144,147,166,182,204,198,201,208,216,226
165,161,171,140,162,139,150,131,140,154,147,150,153,140,151,146,150,170,185,196,214,198,214,211,217,230
