142,151,163,153,143,149,151,160,159,118,157,169,173,174,175,175,178,180,178,177,171,172,173,178,177,151
153,158,159,159,155,157,151,154,160,136,145,160,169,171,171,170,174,175,174,172,169,168,167,170,169,156
165,163,162,164,160,160,153,152,157,145,135,151,165,167,165,167,171,173,172,168,166,162,162,165,162,160
171,167,167,168,163,161,157,151,151,145,133,145,160,163,162,166,170,173,172,166,164,157,161,166,159,161
171,170,169,171,168,166,160,151,149,148,134,140,157,161,161,166,167,169,169,167,166,157,159,166,160,162
170,169,171,168,167,168,166,161,156,152,141,140,159,166,165,168,164,165,168,170,171,162,158,162,163,165
172,170,172,168,169,172,172,172,168,163,158,151,170,178,175,175,169,172,175,174,172,170,162,162,169,169
173,176,171,172,181,181,175,175,178,180,175,164,182,189,184,183,178,183,185,177,171,176,169,166,176,172
178,178,181,184,186,179,180,188,188,188,186,185,188,191,191,188,187,189,189,184,184,185,182,182,179,171
185,188,189,190,196,196,197,198,193,192,204,202,202,202,198,192,190,191,193,196,196,191,185,184,181,173
191,195,197,191,194,199,204,207,208,215,212,211,211,211,208,203,201,202,201,211,212,202,194,192,188,183
192,198,204,197,201,207,212,213,210,216,213,211,211,212,213,211,210,210,206,217,216,207,204,201,195,193
195,202,211,206,209,212,217,219,215,216,217,214,212,213,214,213,211,210,209,213,210,207,208,205,198,197
197,207,212,210,212,213,217,222,218,219,216,215,214,215,216,217,217,217,217,214,209,209,212,211,205,200
192,202,206,206,214,218,220,219,210,208,211,213,215,216,216,218,221,224,223,219,214,211,212,216,212,204
182,192,202,199,205,210,215,217,215,219,212,216,219,217,212,212,216,221,221,219,216,210,208,215,215,203
180,190,190,183,192,206,201,200,220,199,206,199,205,205,210,198,214,218,213,212,208,202,208,215,209,205
176,180,173,171,181,196,195,205,175,186,207,206,208,206,199,201,205,206,212,205,201,202,206,206,207,215
162,157,148,165,177,180,210,142,184,214,212,198,194,193,192,212,218,203,201,197,192,196,207,211,207,203
143,136,159,155,154,165,155,174,199,180,170,185,186,179,186,178,183,183,186,190,186,183,185,190,198,202
130,134,147,138,135,115,127,178,163,149,140,138,138,153,154,147,167,157,149,142,137,154,169,170,177,184
125,141,132,106,96,113,145,144,125,119,95,91,92,127,111,104,111,98,113,122,127,144,147,138,147,156
128,141,114,103,115,125,155,122,93,94,81,82,64,83,99,100,81,89,86,95,96,111,122,123,136,139
132,135,125,105,123,137,117,106,107,91,85,74,94,94,77,80,80,79,95,100,101,120,121,108,119,131
133,122,118,127,139,128,120,125,85,102,94,104,98,80,65,101,96,86,106,90,105,114,88,98,103,102
142,138,129,139,142,111,143,108,111,98,91,88,78,76,93,85,96,72,82,100,92,78,63,79,86,106
140,149,129,160,146,148,137,130,99,95,95,93,74,85,88,65,71,59,81,91,69,76,73,85,104,94
160,147,143,157,157,149,139,132,112,107,97,93,92,79,78,61,62,70,75,54,63,53,68,72,102,68
172,154,161,161,148,154,136,132,126,113,109,103,89,85,69,85,61,77,63,58,62,52,56,99,74,64
192,159,167,155,168,161,149,140,133,122,133,112,102,88,92,80,73,72,67,72,78,68,97,105,105,95
