125,126,129,127,134,195,181,150,131,141,144,142,145,125,131,137,141,136,133,130,129,135,131,132,140,138
131,122,129,131,119,190,143,120,132,135,123,122,131,116,121,122,122,124,122,121,117,123,119,126,132,133
127,129,127,122,133,127,138,95,114,118,109,108,107,96,107,106,109,107,103,107,111,120,113,117,117,123
127,125,128,130,125,128,93,78,91,87,79,81,82,81,90,85,93,85,84,89,96,106,102,103,94,107
129,126,128,128,126,126,61,49,85,80,72,71,76,79,80,78,76,68,74,75,77,79,80,79,68,83
124,128,128,124,126,131,62,57,73,85,87,77,68,62,59,72,69,59,68,67,66,62,61,53,55,63
126,128,129,125,127,128,130,61,73,75,76,61,55,38,63,46,34,51,55,63,59,59,60,60,55,60
126,126,126,131,127,122,126,50,36,51,62,38,50,49,54,46,38,60,33,42,57,52,56,54,49,54
128,130,123,126,125,129,133,43,41,32,45,36,47,55,49,11,34,51,34,36,26,19,38,41,51,49
124,129,127,128,128,128,120,47,28,30,25,28,45,42,47,37,17,31,37,37,29,39,39,29,32,38
130,126,125,127,129,129,135,127,22,27,27,38,47,33,29,29,19,39,32,17,13,16,3,0,0,9
126,126,130,127,128,124,120,130,46,22,23,29,36,50,41,38,41,26,0,13,16,6,4,1,5,7
127,130,128,123,125,131,129,127,16,15,14,12,22,27,8,30,26,6,1,27,13,0,3,7,7,12
125,127,126,130,127,126,131,124,3,8,12,25,14,8,12,31,14,10,5,1,2,10,0,3,9,10
127,127,127,127,127,127,127,127,124,30,15,21,14,22,0,18,2,5,5,1,8,4,2,5,18,29
127,127,127,127,127,127,127,127,134,0,26,7,12,6,9,3,10,10,0,8,3,4,15,18,12,9
127,127,127,127,127,127,127,127,124,14,19,11,3,0,5,18,4,7,7,0,7,11,23,11,8,16
127,127,127,127,127,127,127,127,123,42,31,12,8,9,0,8,8,24,13,2,11,37,11,23,11,14
127,127,127,127,127,127,127,127,127,131,11,14,9,4,8,17,23,7,31,29,22,27,21,13,4,19
127,127,127,127,127,127,127,127,128,126,15,33,23,8,21,9,7,30,24,38,25,22,3,5,10,7
127,127,127,127,127,127,127,127,126,126,26,28,25,28,23,12,24,41,24,16,12,11,13,7,9,7
127,127,127,127,127,127,127,127,129,127,124,19,24,39,33,25,43,35,13,9,0,13,7,8,11,7
127,127,127,127,127,127,127,127,131,124,131,41,41,50,51,44,29,21,7,19,3,26,22,5,2,1
127,127,127,127,127,127,127,127,126,123,127,52,46,45,28,12,4,18,9,0,12,16,0,12,7,2
127,127,127,127,127,127,127,127,128,131,126,122,37,18,25,15,24,21,15,6,17,6,2,28,1,0
127,127,127,127,127,127,127,127,123,129,127,131,19,46,15,19,29,8,5,18,11,2,2,1,2,8
127,127,127,127,127,127,127,127,129,124,127,127,34,34,34,33,22,15,17,3,0,2,6,10,2,10
127,127,127,127,127,127,127,127,130,122,126,130,126,21,11,35,16,3,25,1,3,6,0,4,2,0
127,127,127,127,127,127,127,127,123,133,122,128,127,29,23,37,43,7,6,3,12,11,5,0,7,0
127,127,127,127,127,127,127,127,130,123,128,128,124,126,21,36,22,25,5,17,8,0,2,0,0,0
