24,23,22,17,21,25,28,41,45,21,41,38,43,42,34,46,63,72,45,31,21,48,60,73,69,74
14,20,23,25,19,17,30,43,31,34,46,42,42,35,39,45,56,46,30,11,43,56,69,68,65,73
10,18,21,34,29,29,36,35,23,32,41,41,38,38,34,44,53,44,27,30,65,70,77,69,78,95
16,39,38,29,26,44,45,31,39,33,43,47,43,56,53,54,53,38,30,61,76,84,73,72,100,98
38,29,25,30,35,35,35,29,42,36,44,48,41,52,59,56,49,32,54,78,82,81,69,89,100,76
30,24,25,22,32,41,36,46,41,45,50,52,51,52,52,61,46,57,79,87,78,69,92,88,92,84
30,28,33,39,35,27,35,49,38,39,48,45,53,55,63,69,57,77,81,82,74,77,98,105,94,85
30,30,34,50,37,20,36,45,51,36,55,45,54,63,59,50,71,76,85,76,84,99,104,104,101,115
38,37,37,50,33,36,41,49,40,42,55,61,67,68,62,65,73,79,71,81,101,104,98,91,121,118
35,40,39,46,35,40,38,33,33,47,57,69,80,71,84,67,64,85,87,107,103,108,99,118,125,116
38,41,48,41,46,46,40,38,43,56,62,71,83,79,70,50,71,80,104,104,99,100,117,126,120,126
47,43,58,38,53,45,42,47,44,50,67,73,70,69,64,72,96,102,102,103,102,113,117,126,134,147
53,51,58,42,51,40,38,50,55,57,68,73,66,64,65,70,79,90,101,108,115,116,119,144,156,149
50,58,50,51,45,43,47,51,66,71,70,77,74,65,59,66,87,101,121,119,135,130,144,146,154,151
51,56,47,53,41,48,62,51,59,66,70,76,70,61,68,94,119,133,112,124,130,140,150,139,149,171
57,50,50,46,38,48,56,61,68,64,61,57,58,81,107,107,119,108,106,134,136,125,137,155,153,175
53,40,46,36,45,56,51,67,57,39,52,62,77,101,105,107,101,106,122,128,128,135,155,147,168,178
54,41,35,36,48,56,55,51,35,54,49,75,79,97,108,92,115,125,118,124,130,143,163,152,160,176
39,40,34,32,47,56,56,45,47,49,57,61,68,60,59,87,111,116,133,130,114,137,155,160,162,181
34,46,38,39,57,45,43,49,46,50,50,56,51,53,77,92,109,119,115,120,127,108,130,161,165,181
41,40,33,47,51,25,43,34,29,37,40,42,48,62,61,78,76,85,104,111,116,113,116,154,163,180
36,24,41,43,19,33,51,33,21,40,32,54,56,54,58,73,83,82,95,109,107,105,111,137,155,181
33,25,54,34,15,52,44,32,40,42,60,67,75,55,61,75,87,83,84,99,107,105,106,119,145,172
36,36,42,23,42,44,27,35,33,56,63,72,59,65,61,79,78,90,91,83,101,110,112,119,146,162
41,50,30,34,51,43,48,33,38,53,57,63,59,80,80,83,81,92,103,106,96,111,120,132,156,160
35,30,34,50,30,41,50,38,53,52,64,62,63,72,82,83,80,85,103,113,106,111,114,127,143,155
47,30,46,49,28,52,52,50,66,62,73,68,60,53,93,97,92,83,98,111,107,105,118,128,136,156
49,38,35,42,49,62,50,56,64,74,76,85,68,60,84,94,98,83,94,105,111,112,127,132,138,166
49,50,34,63,73,71,60,66,64,76,69,82,72,75,70,82,93,82,92,103,113,119,125,133,138,180
59,59,61,66,60,63,69,73,74,75,68,66,68,75,75,82,91,89,97,109,114,118,119,134,138,188
