12,10,4,10,10,3,5,1,3,0,2,11,16,15,15,18,5,7,2,129,132,127,124,131,128,128
13,14,8,8,7,3,5,0,0,0,3,13,18,15,11,9,10,10,3,6,123,130,133,123,128,128
12,15,9,6,5,6,9,4,2,1,2,6,11,11,9,8,8,5,18,8,128,127,127,131,128,128
15,14,9,5,6,9,10,6,6,3,0,0,3,8,9,9,7,7,13,28,126,132,129,124,128,128
20,14,10,7,7,7,5,4,2,2,0,1,4,7,7,5,11,7,15,15,132,125,128,128,128,128
20,13,11,8,8,8,3,3,1,1,1,1,3,5,6,6,9,11,18,27,19,128,137,126,128,128
17,15,18,11,9,11,5,5,4,2,0,0,0,1,6,9,11,16,35,31,27,128,122,131,128,128
19,22,26,15,10,13,5,3,3,1,1,1,0,0,4,8,11,14,40,24,31,125,131,126,128,128
20,23,20,11,8,13,13,8,4,0,0,0,1,1,4,17,9,15,43,32,30,131,128,129,128,128
21,24,22,18,16,17,14,9,10,5,4,2,2,0,0,8,9,22,48,42,30,32,125,127,128,128
27,27,26,23,21,18,14,9,9,6,5,2,2,2,0,2,20,24,34,37,37,42,127,132,128,128
33,34,32,26,20,18,14,9,10,8,7,1,1,3,0,3,11,25,50,43,21,29,131,121,128,128
35,39,38,30,23,21,17,13,16,15,12,3,1,2,0,3,5,26,45,39,31,33,133,130,128,128
36,39,40,35,29,26,22,19,17,16,13,5,2,2,0,4,6,22,39,37,31,25,124,130,128,128
47,43,41,41,38,30,26,26,17,15,14,9,7,5,0,4,10,5,30,44,42,22,126,126,128,128
63,51,45,48,45,34,30,34,21,17,17,15,14,10,1,3,4,11,27,38,35,27,27,126,128,128
59,64,57,49,58,47,38,27,27,25,23,20,15,13,10,4,1,8,13,29,31,32,20,129,128,128
54,58,55,53,58,42,39,41,26,26,27,26,18,12,12,12,6,6,5,29,28,32,37,125,128,128
45,46,42,42,48,39,39,41,33,21,16,22,27,26,17,6,5,0,2,23,22,22,32,128,128,128
36,41,36,33,38,38,39,36,25,20,18,18,18,20,20,16,12,8,7,2,17,34,29,124,128,128
23,34,35,34,30,28,30,30,24,20,15,11,12,19,23,20,18,0,0,0,6,7,23,133,128,128
20,26,28,37,31,24,23,24,13,19,25,21,13,13,20,23,22,15,4,1,5,9,8,19,128,128
21,22,21,32,29,26,25,23,21,16,17,21,21,18,16,13,24,19,4,0,0,2,8,0,128,128
7,15,14,18,10,16,21,21,26,18,17,18,11,5,12,23,18,19,14,1,3,1,0,3,128,128
6,0,8,16,12,13,20,27,27,22,24,24,17,16,16,14,21,14,10,2,2,0,2,5,130,124
3,5,18,15,15,21,24,41,30,24,29,27,26,22,22,13,14,10,10,6,7,1,3,4,124,133
18,30,35,32,38,40,37,43,37,54,40,64,48,42,39,19,18,12,10,4,5,0,0,0,128,123
39,56,58,68,77,78,82,78,70,66,75,59,57,44,43,29,32,24,19,12,12,4,4,4,131,132
69,72,81,81,74,73,76,76,74,70,69,57,61,45,57,38,31,23,20,15,15,5,1,0,125,123
81,69,92,87,80,89,80,87,73,61,65,65,62,77,58,54,47,36,29,20,18,8,5,1,131,132
