127,129,31,36,39,42,49,30,36,37,39,42,44,45,44,42,46,48,55,57,61,67,66,68,65,66
127,125,47,54,52,64,53,52,43,42,43,45,48,50,51,50,50,51,55,54,57,63,63,64,61,70
128,124,59,61,62,52,48,55,45,49,54,43,41,51,48,46,44,46,48,51,53,56,59,61,53,55
129,126,61,62,62,53,48,52,49,47,52,50,47,44,37,40,44,43,44,46,49,48,44,40,46,42
130,130,65,64,64,56,50,49,41,47,53,45,38,39,38,39,39,39,38,33,28,27,31,36,40,40
127,127,64,61,60,55,49,43,38,45,47,39,34,37,37,35,29,24,20,21,24,25,22,18,18,19
127,128,65,61,57,54,49,40,43,39,37,40,38,30,23,21,13,17,19,17,13,12,16,20,24,29
129,129,66,59,52,50,47,38,34,35,31,30,23,15,14,13,18,13,9,9,14,19,20,19,25,27
127,124,60,51,40,37,35,27,21,27,22,17,10,8,15,14,9,13,17,19,17,14,14,15,8,4
130,126,61,50,37,32,32,24,23,17,8,16,20,14,14,11,18,17,14,12,11,9,7,5,4,0
127,129,55,47,38,34,24,23,21,14,15,21,16,9,15,26,18,10,6,7,6,4,2,0,0,0
127,129,53,43,34,30,23,23,14,20,20,13,12,22,25,17,10,5,2,1,3,7,7,0,0,0
128,129,48,38,29,26,22,22,18,17,14,10,11,17,16,7,4,4,3,3,8,15,10,0,5,1
128,127,42,32,26,24,23,21,23,12,9,13,11,5,2,2,5,3,2,5,16,28,23,7,5,2
129,126,36,29,25,24,24,19,16,13,12,10,6,4,4,2,4,4,11,25,39,44,30,11,0,11
128,126,35,29,27,24,25,17,13,11,11,8,3,3,5,4,1,4,18,38,54,56,44,27,11,0
127,128,37,32,28,23,24,16,17,11,9,10,7,6,8,9,7,6,10,21,35,48,55,53,11,0
127,130,40,35,29,21,24,16,21,17,14,12,13,18,21,16,16,15,14,13,16,27,35,35,41,18
131,125,39,37,33,25,23,22,21,22,24,20,27,23,26,26,16,13,11,13,17,20,21,20,26,22
128,127,42,37,32,27,26,23,23,23,25,22,28,25,27,27,22,20,18,18,19,21,22,23,26,23
127,129,46,39,33,31,30,27,27,27,27,24,30,27,27,27,25,24,23,22,22,23,25,27,26,22
129,130,47,42,38,35,34,31,32,31,29,27,31,29,26,25,24,24,23,23,24,26,29,30,31,27
130,127,44,44,42,37,34,33,35,35,32,31,32,31,26,26,24,23,22,23,26,30,32,32,33,31
129,125,43,45,45,39,37,36,38,39,35,35,34,34,28,29,26,25,24,25,28,31,32,32,31,33
128,128,48,49,48,45,45,43,43,46,40,41,36,36,29,30,25,25,26,26,28,29,30,30,33,38
128,133,54,53,52,52,53,50,49,51,45,44,37,36,28,30,22,23,25,26,25,25,27,28,27,35
127,128,63,48,50,49,53,50,48,48,56,57,54,48,39,38,34,30,30,33,31,25,24,27,27,24
125,126,61,52,54,56,60,60,53,52,58,59,58,54,47,47,45,36,28,26,26,24,23,25,22,22
128,128,61,57,57,61,62,65,59,57,61,62,62,61,54,53,53,47,41,40,40,37,34,31,25,27
129,129,61,62,60,63,61,65,67,64,67,67,67,66,59,57,53,54,55,53,49,44,40,38,34,36
