211,229,244,243,241,244,243,246,239,245,235,234,235,232,227,239,244,234,232,238,230,225,223,232,234,241
205,224,238,235,241,244,238,236,245,231,240,245,230,233,248,233,241,231,242,240,245,228,228,223,239,240
198,211,220,237,233,240,242,242,250,243,241,241,245,241,242,243,248,238,239,243,244,224,234,216,219,225
201,197,214,238,225,237,232,241,237,244,241,240,248,243,227,245,242,237,247,239,238,239,232,229,227,221
184,205,206,215,219,236,225,243,243,249,243,248,234,242,244,240,238,239,240,241,221,223,224,226,212,221
195,194,210,216,225,228,233,237,233,240,243,239,246,237,244,235,236,231,232,226,224,229,223,228,229,229
187,195,192,211,211,211,233,232,230,238,235,220,247,222,221,222,223,213,215,224,226,231,241,242,241,248
187,195,192,208,202,212,218,227,235,228,218,212,215,211,226,219,223,222,234,238,237,243,241,248,245,246
186,188,190,201,190,208,207,219,215,212,215,220,230,228,225,239,227,230,243,242,241,243,240,248,246,247
158,175,191,191,193,199,204,219,238,222,224,238,230,239,237,247,224,234,230,247,236,233,249,244,243,252
157,182,190,192,193,206,203,219,231,217,237,224,231,228,227,227,235,228,227,232,241,230,239,243,241,250
167,179,192,191,193,193,212,208,227,226,235,236,236,230,225,225,214,219,226,233,234,238,231,232,250,243
159,174,184,195,185,203,201,215,222,230,237,232,232,225,231,241,217,216,227,229,236,236,225,241,238,250
159,180,175,183,195,198,200,210,235,223,219,219,238,222,219,225,230,233,220,225,221,240,221,232,244,245
154,176,170,181,187,190,186,211,242,238,224,242,216,223,231,237,212,220,220,212,221,234,217,231,234,240
143,176,174,187,194,185,199,202,233,239,233,248,224,227,223,213,219,223,215,224,218,225,230,226,222,238
156,161,178,178,177,178,159,190,225,242,231,227,236,228,234,236,216,220,222,219,211,217,216,238,229,225
140,155,174,171,175,173,184,189,224,240,221,214,218,214,215,226,212,216,214,220,227,213,223,227,239,251
119,158,186,175,172,163,178,200,206,237,213,210,209,217,208,203,222,221,224,236,244,239,231,221,205,201
140,152,174,174,177,162,194,191,204,205,205,196,205,204,227,238,232,230,219,227,234,237,213,216,209,214
122,146,166,154,178,157,184,192,193,201,212,218,229,240,201,211,222,217,217,227,236,231,224,216,211,220
162,163,173,178,185,198,203,204,210,214,216,235,241,189,215,223,216,224,222,236,230,225,230,223,212,234
160,181,186,185,200,195,207,207,218,233,230,225,191,216,232,229,214,241,220,232,238,237,230,225,223,245
169,173,169,197,200,213,216,225,229,242,213,208,213,227,237,228,234,222,235,215,241,235,242,232,254,247
166,182,198,192,214,209,228,229,219,214,212,217,223,232,222,239,232,240,230,224,233,238,243,249,251,245
178,193,196,209,214,231,241,212,212,204,217,216,234,231,241,232,231,222,219,227,239,247,249,245,247,128
200,192,206,226,232,240,201,207,216,225,236,237,238,239,241,235,235,229,214,240,245,255,243,251,244,131
210,209,224,231,223,199,207,213,235,240,237,241,243,241,244,231,237,233,241,249,247,243,250,246,128,127
210,223,239,189,211,205,225,227,231,245,243,251,229,239,225,238,237,246,243,245,248,247,252,120,133,125
234,219,199,224,211,213,224,234,242,240,241,243,241,235,249,244,243,235,244,242,248,247,122,130,133,124
