128,128,80,72,82,80,89,98,96,104,103,105,108,107,112,119,122,129,127,103,92,95,103,91,96,108
129,126,81,74,86,86,95,100,110,112,109,111,111,111,119,126,118,120,117,114,127,121,115,117,113,113
130,124,79,80,88,97,99,100,102,103,100,102,103,107,117,118,123,130,124,108,113,114,117,125,124,118
127,126,84,91,87,101,101,107,109,109,106,106,105,113,121,115,112,106,119,127,130,125,126,127,112,122
129,125,95,100,104,100,101,109,115,105,115,117,109,109,108,111,125,112,127,137,127,126,124,112,109,123
129,127,99,99,103,106,110,112,118,109,112,104,108,108,111,106,105,111,115,113,117,118,115,125,115,119
129,127,109,111,114,115,116,112,116,109,105,99,111,105,113,112,108,110,102,96,112,119,112,120,120,123
129,126,118,124,126,123,123,119,119,126,117,109,112,103,110,111,113,107,111,110,106,111,114,115,114,107
128,128,126,127,130,129,131,129,114,133,121,113,107,108,108,109,117,103,114,120,111,112,116,112,119,108
126,132,135,131,137,138,136,130,129,136,123,128,124,125,119,129,127,113,115,123,126,124,119,118,127,119
127,131,137,141,155,150,143,144,146,143,136,138,134,132,122,131,138,136,137,137,137,134,131,140,125,135
131,124,130,146,170,159,155,170,155,165,168,150,147,157,148,141,155,146,147,148,149,153,150,149,150,149
126,130,128,153,172,186,178,171,168,197,165,162,170,168,169,160,163,161,165,159,159,165,169,161,157,159
131,126,128,177,187,203,186,181,187,205,191,189,198,191,173,158,186,177,181,178,179,182,189,168,181,168
128,126,129,203,195,194,202,191,209,213,211,199,203,204,197,195,184,196,195,182,181,188,165,183,176,182
130,129,126,185,214,209,196,206,218,213,215,207,212,215,217,216,215,211,216,198,202,188,197,187,191,175
123,132,129,201,207,202,226,220,209,214,222,221,215,206,217,213,220,204,218,202,188,193,190,190,188,207
130,128,127,203,209,227,223,223,216,228,232,240,232,219,231,223,225,227,233,214,219,194,216,210,212,194
128,125,130,221,211,219,230,224,219,224,223,241,244,238,235,216,236,225,227,234,222,222,223,207,214,210
130,124,133,215,232,228,222,234,226,238,240,248,238,235,239,236,230,245,231,242,243,228,222,215,216,227
127,130,126,128,231,230,222,240,239,236,244,246,248,247,238,238,235,243,234,236,235,242,237,222,230,223
129,124,133,131,231,238,234,241,245,244,249,245,239,233,224,225,242,234,232,242,244,235,238,245,233,224
129,126,129,127,222,232,224,248,244,245,250,249,246,243,238,239,240,237,244,240,245,241,241,239,226,232
127,134,132,120,226,236,231,242,247,245,246,248,249,249,244,241,244,238,243,239,243,240,230,226,232,220
131,123,127,132,222,229,243,252,249,248,246,246,247,246,242,237,244,242,241,235,231,237,225,222,226,226
131,128,129,126,244,244,242,247,245,249,248,249,248,246,248,245,241,250,248,240,229,235,225,219,231,226
121,133,126,135,126,240,249,248,245,250,247,248,247,243,246,241,245,244,243,248,240,225,220,221,206,208
132,126,125,126,128,247,245,246,247,249,243,246,248,246,246,238,238,243,239,232,233,226,228,214,218,220
129,128,126,126,129,240,246,247,247,249,247,241,247,242,245,249,246,243,234,230,226,223,218,220,224,210
127,129,129,128,128,240,244,244,247,251,242,247,240,247,244,248,245,233,232,222,241,227,229,217,210,203
