40,51,51,61,77,57,73,70,49,50,69,56,59,73,67,58,67,50,46,49,42,41,43,36,45,33
57,55,69,64,49,60,50,68,58,57,62,71,49,61,56,60,62,51,54,52,49,48,37,42,30,34
52,60,60,53,51,70,76,72,63,73,74,68,74,70,61,68,67,57,55,41,59,44,39,42,46,40
63,67,70,61,40,70,59,71,74,63,79,76,69,63,65,63,61,53,49,48,55,49,44,52,41,44
66,67,70,60,60,70,71,90,63,67,58,56,80,71,78,63,69,61,51,60,53,46,45,49,50,54
62,62,61,52,70,99,69,71,75,71,74,80,69,65,75,60,65,63,55,71,45,51,68,53,54,41
74,62,74,64,70,67,79,84,89,74,71,71,75,82,85,77,55,53,53,67,64,66,56,55,48,56
62,62,61,62,74,75,81,88,77,81,81,64,88,84,68,82,63,73,69,58,67,66,59,58,61,62
58,81,75,63,78,78,82,83,93,88,84,78,81,72,90,73,80,66,65,67,73,68,53,60,59,71
79,70,51,84,76,80,91,95,102,96,93,87,92,82,90,82,88,86,80,81,83,89,71,87,83,79
77,63,65,61,77,83,99,104,104,98,98,93,86,87,90,86,77,83,75,81,92,89,67,75,75,80
77,71,85,94,81,84,101,104,100,95,101,96,102,100,95,95,90,99,84,80,87,79,80,81,83,90
95,91,92,87,85,86,99,102,100,98,105,100,95,103,107,101,91,92,91,93,94,85,91,85,86,91
100,95,88,92,94,92,101,103,104,102,106,101,105,105,102,97,98,101,100,96,88,88,94,93,92,86
96,96,102,112,102,101,104,103,108,105,106,104,103,107,105,101,95,95,98,100,94,91,98,88,84,76
97,109,110,95,107,105,105,102,110,109,112,112,110,111,104,108,103,105,102,100,88,77,97,76,71,72
102,112,108,109,105,108,109,109,115,122,119,111,118,110,104,109,96,109,104,101,94,90,90,85,70,53
102,106,110,109,118,119,112,111,124,128,122,122,114,113,112,118,107,115,105,96,92,86,89,88,62,42
100,98,110,114,116,120,123,127,133,131,128,130,122,119,112,114,104,114,111,106,88,85,80,67,45,53
101,112,114,110,112,113,124,132,131,129,128,121,116,116,112,118,110,112,109,104,84,81,84,77,44,44
93,106,120,121,125,124,122,125,133,135,127,117,110,112,112,123,117,107,102,99,92,83,79,64,32,39
101,110,125,113,119,129,121,118,132,131,117,116,115,116,110,117,113,101,102,101,86,79,75,55,34,48
101,102,123,117,123,130,135,138,137,132,125,124,110,117,113,117,114,102,103,99,99,80,75,54,32,29
97,106,123,122,128,114,131,143,123,121,127,110,107,119,113,112,111,104,108,101,95,80,75,50,38,38
104,117,122,116,126,121,131,123,136,120,121,110,129,122,123,109,113,106,109,99,91,84,84,46,41,43
104,111,115,119,133,122,119,128,123,112,110,121,102,101,107,101,102,96,100,94,92,84,84,51,32,42
102,124,126,122,131,127,122,133,120,111,101,109,113,103,99,101,106,107,105,99,92,91,91,74,55,55
111,127,132,131,143,137,134,131,128,117,115,115,114,107,102,106,99,99,99,102,86,97,86,66,64,63
119,122,133,138,138,129,131,127,128,113,117,122,125,111,100,112,113,115,104,99,93,106,96,72,79,82
116,127,143,140,136,141,140,136,127,124,125,129,119,113,109,115,106,105,103,107,104,93,94,90,85,82
