19,20,19,18,18,17,18,17,17,18,20,22,26,31,30,31,40,51,49,45,55,65,72,62,71,97
45,45,42,37,33,30,28,23,19,16,16,18,21,24,34,28,37,30,53,44,66,56,66,74,85,80
52,37,31,29,28,22,31,34,24,23,22,24,15,18,25,23,29,39,31,38,46,53,61,69,87,99
41,47,38,42,26,26,22,18,19,26,20,27,29,26,21,18,24,29,29,33,45,51,57,57,80,98
53,45,49,41,34,31,26,29,22,22,23,22,18,27,26,23,28,26,33,33,46,52,60,68,82,72
51,49,40,48,39,42,31,36,25,18,23,17,13,29,24,25,27,24,27,26,34,40,42,63,63,79
48,51,41,45,36,34,34,28,28,25,17,15,20,21,24,31,31,31,27,28,28,34,38,49,43,70
52,53,52,39,38,29,32,28,29,24,20,15,17,13,15,22,24,29,21,26,24,26,27,38,48,68
39,54,42,47,47,40,26,28,27,20,25,21,19,16,16,19,25,29,27,32,35,30,27,35,34,62
35,36,34,36,51,34,37,24,30,24,17,19,28,10,14,11,21,22,27,32,40,30,26,34,31,42
11,10,10,10,12,15,20,22,22,25,19,22,15,18,16,16,13,23,28,32,41,24,31,23,32,40
0,0,1,2,3,3,0,14,11,11,19,26,24,16,16,21,12,12,20,26,35,35,23,32,23,45
3,2,3,4,3,0,3,0,7,9,17,13,20,25,18,15,17,18,15,22,32,32,24,28,32,39
8,4,5,8,7,3,7,0,12,18,9,13,14,12,17,25,20,13,19,16,18,42,24,21,38,32
7,3,4,11,12,9,11,2,3,46,57,29,20,9,14,11,20,25,19,17,22,30,23,27,27,34
9,3,3,9,12,10,2,4,15,53,85,104,33,22,8,12,10,19,36,32,19,17,27,31,28,36
8,1,0,2,3,2,0,0,13,63,125,93,73,35,28,23,14,15,19,31,39,21,30,31,38,36
6,1,0,1,1,0,2,0,26,105,104,120,71,52,29,46,37,19,8,20,43,37,32,44,38,31
6,0,0,0,0,3,2,12,59,131,113,103,72,54,55,38,17,18,9,9,28,53,43,44,34,43
8,2,0,3,3,4,2,35,98,123,131,55,44,74,43,26,13,11,20,19,32,38,38,45,42,41
4,4,1,2,0,4,30,76,109,96,53,33,27,25,20,19,19,19,28,29,37,33,41,36,38,50
7,3,1,8,17,33,53,53,50,45,26,22,23,26,18,31,35,44,40,43,41,39,39,50,54,60
39,26,18,21,25,32,30,24,35,31,42,37,39,23,29,36,38,52,50,48,39,33,40,41,55,73
33,30,31,36,37,29,25,38,37,41,52,37,18,24,31,31,37,45,53,41,40,34,48,49,72,89
32,36,38,40,49,45,41,27,33,34,28,27,36,30,36,37,43,48,53,42,48,49,58,54,75,107
30,40,37,24,36,41,35,25,24,43,33,32,25,26,43,46,43,52,47,45,46,51,51,81,94,113
32,53,35,41,33,29,21,38,32,38,32,29,39,49,43,53,57,53,55,52,59,64,70,73,102,129
51,54,29,36,38,46,45,40,39,26,41,43,49,51,48,53,39,48,52,52,59,68,86,93,103,132
43,46,45,51,47,45,46,36,39,42,45,60,41,50,47,63,64,78,66,58,73,84,95,106,118,135
66,60,60,48,45,45,42,39,58,46,55,62,59,67,63,61,57,65,75,79,89,96,103,115,115,158
