47,44,42,41,51,52,47,61,39,40,43,39,38,34,23,26,39,32,26,27,29,41,40,48,35,118
45,55,59,57,69,69,52,57,54,55,54,44,45,48,40,44,37,31,43,32,33,36,26,47,57,133
52,62,58,57,56,72,63,71,57,60,59,67,79,74,83,74,91,80,63,62,53,50,38,46,58,124
79,77,66,61,57,66,63,71,84,71,77,76,73,61,68,64,67,85,94,85,72,65,69,57,65,132
40,53,80,94,77,73,73,63,80,65,65,55,65,67,78,102,89,92,86,103,124,126,96,92,76,122
57,50,44,40,39,56,82,79,66,62,81,80,59,60,72,87,93,115,127,103,137,154,159,152,156,132
63,69,68,81,77,50,44,43,51,65,68,79,69,64,59,79,92,100,121,153,165,166,193,180,159,124
63,73,74,90,91,101,102,58,36,33,41,68,58,68,76,86,92,95,109,123,104,154,140,145,166,133
86,77,73,98,78,84,121,116,95,64,34,23,39,65,64,67,83,114,103,116,127,149,165,155,148,122
75,116,107,114,102,101,116,119,106,98,94,40,18,37,51,63,72,82,105,124,120,137,152,180,185,130
28,57,80,137,158,152,181,134,114,107,96,93,39,16,32,53,77,76,86,118,130,165,175,174,195,128
14,8,16,40,63,143,161,186,186,155,119,130,79,37,23,36,46,69,98,119,125,151,151,204,199,128
0,0,0,7,12,20,50,84,155,189,181,141,108,93,36,21,38,57,76,77,108,137,163,183,207,129
15,6,0,4,5,8,9,16,39,177,219,146,110,90,65,48,33,39,70,91,131,141,170,175,207,125
10,9,21,40,11,7,5,5,18,31,99,90,58,63,75,79,55,42,57,80,106,134,146,193,210,128
18,26,23,182,101,58,12,8,0,16,18,22,39,73,104,137,97,62,55,72,93,123,149,186,207,130
15,18,44,190,197,209,136,42,9,7,4,12,32,56,76,140,129,90,75,77,90,100,155,189,192,123
7,10,84,186,220,218,190,118,52,11,3,10,8,28,78,113,147,143,121,79,82,113,137,179,193,128
6,9,98,205,234,227,222,126,142,40,8,8,5,13,30,77,142,158,143,117,105,105,142,197,195,127
4,22,154,231,224,234,234,194,143,87,26,18,8,13,17,40,85,101,143,150,142,149,132,170,198,128
15,89,198,212,223,237,224,205,132,34,42,52,75,10,5,10,28,64,96,119,153,173,162,178,204,128
107,149,213,196,201,204,201,138,69,40,44,58,80,99,35,11,39,56,110,116,133,161,186,190,211,130
120,140,158,145,187,148,79,55,68,56,65,84,103,131,121,136,48,51,90,132,144,125,168,204,216,129
68,77,61,65,60,51,63,65,76,80,136,132,132,149,148,143,131,137,102,148,187,169,182,196,217,126
43,57,53,44,64,101,80,120,164,126,136,130,157,175,174,197,165,182,194,178,165,201,208,203,220,125
40,60,50,67,63,70,98,139,180,166,149,183,173,211,218,213,212,191,209,211,198,211,221,229,226,128
38,49,53,73,97,122,87,134,122,190,181,211,201,206,216,213,216,211,218,222,219,226,218,230,233,128
51,71,74,70,115,129,116,139,159,156,190,210,214,222,219,224,222,220,225,220,216,225,224,236,234,128
56,56,48,65,85,104,115,124,179,177,210,216,219,213,221,220,228,226,232,223,223,230,233,240,235,128
53,45,58,74,88,76,88,80,110,156,156,175,215,216,224,231,231,228,235,229,234,234,234,234,236,128
