17,25,27,17,12,15,16,11,13,6,4,4,9,8,0,8,7,6,4,128,129,130,124,130,128,128
18,19,23,23,18,13,12,12,10,12,13,2,3,11,5,3,4,5,7,8,125,129,130,123,128,128
14,10,17,25,21,15,14,12,8,8,11,5,2,7,6,5,1,10,0,11,128,126,128,132,128,128
14,8,13,20,19,19,17,10,10,5,8,9,4,4,7,7,9,2,7,12,127,132,127,128,128,128
20,11,9,13,16,18,16,10,11,11,10,7,3,7,10,3,2,10,7,10,127,123,126,129,128,128
24,13,6,9,16,16,15,18,13,10,5,7,7,6,9,6,5,1,20,8,13,131,132,126,128,128
24,21,11,7,13,14,14,21,17,13,4,9,10,4,7,9,9,13,9,17,11,132,123,130,128,128
25,34,21,5,8,13,12,15,21,29,17,8,8,7,9,3,6,6,11,11,11,126,132,128,128,128
24,13,28,22,4,8,9,16,11,11,29,16,12,8,4,9,4,9,9,9,13,128,129,126,128,128
15,29,15,19,8,8,11,6,14,12,12,9,6,8,16,30,21,4,6,13,3,11,128,130,128,128
77,44,41,21,20,12,6,10,8,17,18,8,25,10,14,15,16,22,19,9,15,19,126,126,128,128
62,57,44,40,64,28,17,19,15,13,17,26,14,21,25,20,38,36,27,11,8,9,130,129,128,128
67,78,64,69,63,59,50,28,29,23,42,30,34,15,17,26,13,25,27,21,10,10,129,125,128,128
81,98,71,67,79,77,77,59,59,39,28,29,49,66,37,24,29,28,15,23,25,17,123,132,128,128
149,102,116,76,74,79,91,117,118,76,82,67,46,56,75,47,30,43,34,28,33,21,129,125,128,128
147,120,139,109,76,59,84,138,135,120,125,130,103,69,68,70,61,67,55,49,40,33,40,129,128,128
157,167,163,152,150,107,93,138,119,141,162,172,169,124,140,119,117,102,103,136,102,142,165,129,128,128
193,156,152,180,174,137,129,130,177,158,178,206,172,179,170,177,152,163,183,133,129,201,166,129,128,128
152,155,143,151,150,166,175,135,199,212,215,218,220,217,205,191,197,205,206,213,208,197,199,129,128,128
153,143,132,144,155,159,160,188,177,207,212,219,214,223,223,229,216,226,241,234,215,201,204,127,128,128
136,112,153,119,93,143,167,168,165,200,211,208,222,220,232,219,230,225,233,237,225,231,229,126,128,128
84,113,91,135,110,133,129,141,183,124,194,230,219,238,233,238,235,236,228,231,241,229,220,225,128,128
78,79,74,67,95,116,108,112,112,93,163,210,237,226,230,231,229,239,240,234,235,235,225,227,128,128
44,53,56,61,52,64,100,95,67,91,91,177,226,232,224,236,238,232,242,240,234,237,226,209,128,128
21,35,36,34,40,38,45,67,57,47,96,133,192,228,233,230,236,250,238,246,233,239,234,227,128,130
13,22,21,18,21,18,20,33,50,37,58,132,157,150,217,225,235,232,240,240,249,236,237,238,126,124
9,13,12,11,14,15,14,16,32,42,30,37,84,97,198,212,220,230,238,242,237,238,235,229,129,134
8,8,9,9,11,15,15,11,10,22,47,28,38,53,76,153,154,187,243,239,238,253,237,235,127,124
10,9,9,9,8,12,13,9,12,11,22,20,34,29,48,47,80,96,155,247,233,240,238,236,128,132
7,6,8,8,8,12,17,16,17,1,3,27,22,35,39,35,56,57,82,154,223,233,248,236,130,119
