190,194,202,204,217,222,213,113,77,78,72,81,72,73,80,87,108,120,116,161,167,173,206,210,224,218
65,110,146,194,208,204,108,66,81,105,81,80,96,75,78,79,97,120,143,139,170,174,192,203,206,223
51,72,107,144,147,97,93,104,91,100,96,90,107,90,80,73,90,116,121,144,145,150,178,200,217,218
112,98,105,99,97,110,134,127,134,120,128,121,105,115,104,93,96,105,136,134,142,157,165,185,211,203
141,119,109,93,131,134,151,154,128,147,156,142,94,110,119,111,97,100,108,131,149,139,150,165,189,195
149,97,117,143,163,161,174,177,167,174,159,149,108,113,139,128,98,106,104,117,134,139,159,156,190,197
118,133,153,179,196,165,198,200,190,168,177,165,155,144,129,126,108,106,114,115,117,129,140,146,200,180
136,162,167,198,181,165,212,198,180,181,184,181,156,158,140,139,124,122,122,105,118,138,136,158,165,189
152,148,164,155,168,183,207,212,193,179,189,179,154,168,156,148,141,141,122,109,132,124,140,144,156,179
131,130,113,155,184,159,164,201,205,185,190,176,163,186,159,135,166,119,158,114,119,123,133,151,149,179
100,105,120,134,135,152,191,177,198,189,201,202,194,173,161,157,175,159,134,129,122,127,135,141,157,164
71,83,97,116,119,178,157,180,181,179,161,184,185,170,173,164,154,172,169,122,118,139,128,133,106,110
65,76,100,120,149,146,139,165,168,173,156,161,148,169,159,139,180,162,172,172,144,122,148,130,122,138
79,93,87,100,105,110,98,133,134,141,155,145,139,124,146,154,183,173,165,156,145,147,106,117,137,131
87,79,95,116,85,104,99,119,99,122,172,129,151,111,155,158,197,192,176,199,138,126,141,117,138,136
133,107,128,116,93,114,114,101,107,136,138,142,187,164,123,120,152,188,196,165,175,146,148,148,164,127
138,129,116,125,127,106,134,100,109,105,118,117,126,147,136,84,115,178,180,156,165,173,137,158,135,154
145,144,132,134,154,139,144,122,123,99,110,120,106,134,150,130,123,112,143,190,155,156,198,159,143,157
186,155,153,170,160,176,160,176,142,156,125,113,125,136,146,91,71,106,123,135,154,112,190,144,165,155
188,205,186,181,201,172,185,185,197,185,184,155,148,179,125,119,101,114,119,142,180,138,191,170,136,175
156,198,194,211,204,191,196,194,199,201,197,170,161,204,176,131,123,135,101,126,146,152,181,180,162,181
107,122,149,196,203,213,212,212,212,191,191,180,170,162,186,194,177,141,107,70,131,173,178,172,160,174
83,92,106,106,155,209,219,217,220,207,204,177,210,205,185,186,180,175,145,131,152,151,138,156,135,174
86,66,84,85,97,155,153,231,232,227,199,210,220,195,194,190,183,161,173,167,160,185,137,152,146,162
96,89,80,82,104,88,120,167,207,219,221,227,226,208,195,191,153,182,177,172,173,155,163,143,176,191
97,88,96,79,89,95,79,98,148,197,208,237,217,207,200,209,176,172,174,167,166,152,149,171,173,201
91,90,85,103,93,84,78,81,96,111,166,189,216,216,193,159,166,181,188,181,189,138,164,173,155,186
91,77,99,97,76,88,68,75,88,91,78,114,183,186,143,108,117,139,166,167,174,159,124,147,133,146
68,71,85,92,82,80,78,71,71,70,71,86,84,105,94,92,111,105,133,141,160,133,143,120,141,143
44,48,58,48,61,72,83,71,66,58,57,60,53,45,52,54,67,71,119,118,99,100,120,133,160,177
