96,73,61,54,48,49,41,31,31,32,22,24,28,46,55,87,84,88,97,81,68,59,65,64,73,66
84,65,68,55,62,50,60,49,55,49,46,40,45,54,67,90,95,119,113,108,109,101,112,107,86,84
75,65,79,77,69,69,63,61,71,67,61,52,54,58,63,101,104,112,135,123,133,120,131,115,109,123
104,78,88,78,90,86,80,80,75,78,66,73,71,76,87,72,106,109,127,132,128,134,158,142,156,162
100,90,94,92,92,99,90,93,90,104,97,102,88,79,87,82,83,105,104,125,131,137,149,162,175,168
106,101,96,84,122,114,114,113,106,107,102,102,105,102,90,106,102,96,100,124,121,126,142,155,160,154
81,97,105,119,126,126,132,131,122,122,112,110,115,114,109,103,102,107,104,91,113,102,125,131,146,155
105,106,94,114,121,147,150,143,119,130,118,126,120,116,133,124,117,112,116,115,109,122,125,135,138,141
105,107,109,109,131,138,139,140,131,136,120,126,141,129,126,130,132,129,127,121,114,114,116,122,134,132
106,97,102,125,126,135,142,149,130,135,123,116,133,110,127,143,126,137,128,116,124,117,123,115,119,122
88,77,100,112,113,133,131,144,147,142,129,122,129,123,130,124,144,134,140,133,119,117,114,117,119,111
111,116,91,112,124,129,134,143,140,137,126,122,126,129,115,116,126,141,146,153,134,126,103,104,108,110
124,88,76,98,120,127,124,139,112,142,147,135,144,128,140,124,136,126,142,135,131,118,119,119,115,111
104,87,124,118,123,130,130,145,134,158,157,141,143,133,139,134,124,126,121,117,121,110,103,112,108,101
65,102,104,112,117,114,124,129,148,145,147,145,151,161,149,130,147,124,122,109,99,91,94,94,90,92
101,99,96,92,104,103,116,117,140,137,158,154,160,150,148,146,141,142,135,110,112,84,90,99,91,80
115,86,108,104,92,106,114,110,123,148,153,151,158,150,147,148,154,138,137,131,114,106,109,94,103,91
103,105,97,105,116,117,104,106,127,131,122,147,145,146,136,137,146,135,145,141,118,116,119,121,114,96
109,108,98,100,102,91,107,102,135,117,135,152,153,142,145,149,138,135,144,132,131,128,131,132,118,98
111,96,101,111,120,126,127,127,113,115,137,136,150,138,131,126,135,130,133,131,130,136,128,112,104,109
101,113,112,119,135,145,129,122,133,102,132,134,137,144,140,136,133,137,130,122,141,131,120,118,127,120
108,119,113,116,133,143,122,124,107,147,140,125,135,157,142,123,134,126,124,136,142,138,147,126,132,116
104,103,107,114,122,121,115,124,130,135,124,128,151,132,139,138,142,137,139,142,141,129,124,121,134,140
86,97,98,116,120,105,107,98,141,146,123,127,145,123,124,130,141,125,136,145,137,139,134,142,114,139
125,102,105,96,127,107,101,115,136,133,113,148,122,130,132,130,139,126,140,138,143,146,142,115,123,128
127,129,103,95,99,114,83,105,103,118,127,123,138,133,135,124,133,124,123,141,147,141,129,128,116,110
127,128,86,110,114,114,107,101,121,132,123,125,127,138,161,137,137,127,133,100,153,122,137,142,96,117
125,131,134,81,97,116,103,117,116,132,137,121,123,138,138,128,122,155,120,120,128,127,127,138,111,123
129,127,125,136,87,92,94,104,101,121,140,117,143,125,131,130,117,114,97,106,107,109,129,121,142,105
130,129,122,126,132,93,97,112,109,109,136,134,120,135,149,125,98,137,141,100,86,122,135,134,112,102
