215,207,215,214,215,219,229,222,230,227,223,225,228,126,129,127,128,128,128,128,128,128,128,128,128,128
204,208,213,219,217,221,226,223,222,230,230,224,223,131,126,133,128,128,128,128,128,128,128,128,128,128
195,211,211,221,221,222,223,226,231,219,224,221,132,127,125,125,128,128,128,128,128,128,128,128,128,128
208,225,217,222,225,221,219,222,220,228,226,216,129,128,128,132,128,128,128,128,128,128,128,128,128,128
198,209,206,210,227,226,228,229,223,220,228,126,132,128,126,126,128,128,128,128,128,128,128,128,128,128
206,206,209,207,221,220,218,215,222,222,226,122,126,129,133,132,128,128,128,128,128,128,128,128,128,128
207,201,212,212,216,225,222,222,219,220,126,129,133,123,128,124,128,128,128,128,128,128,128,128,128,128
201,192,207,209,203,222,220,224,223,218,129,130,125,129,129,128,128,128,128,128,128,128,128,128,128,128
209,197,198,211,212,215,227,216,225,218,131,128,124,130,130,128,128,128,128,128,128,128,128,128,128,128
206,205,207,214,215,213,215,219,214,129,125,125,133,128,128,127,128,128,128,128,128,128,128,128,128,128
205,210,196,189,210,220,213,220,193,127,130,130,131,124,126,129,128,128,128,128,128,128,128,128,128,128
206,205,201,202,215,211,212,212,127,130,121,127,126,128,129,129,128,128,128,128,128,128,128,128,128,128
186,187,196,198,199,203,211,170,130,127,134,129,130,130,129,126,128,128,128,128,128,128,128,128,128,128
189,174,193,206,186,203,204,130,130,122,127,125,126,126,129,132,128,128,128,128,128,128,128,128,128,128
175,197,189,204,209,190,125,128,120,137,126,133,130,127,124,127,128,128,128,128,128,128,128,128,128,128
180,200,191,202,196,208,128,127,128,129,126,126,128,129,128,128,128,128,128,128,128,128,128,128,128,128
188,183,180,181,196,127,129,126,128,128,128,128,128,128,128,128,128,128,128,128,128,128,128,128,128,128
176,184,186,198,185,136,127,130,128,128,128,128,128,128,128,128,128,128,128,128,128,128,128,128,128,128
189,201,183,186,124,131,123,130,128,128,128,128,128,128,128,128,128,128,128,128,128,128,128,128,128,128
194,192,173,191,131,124,133,131,128,128,128,128,128,128,128,128,128,128,128,128,128,128,128,128,128,128
212,190,190,130,129,126,131,123,128,128,128,128,128,128,128,128,128,128,128,128,128,128,128,128,128,128
196,205,128,131,123,130,124,130,128,128,128,128,128,128,128,128,128,128,128,128,128,128,128,128,128,128
202,191,132,123,129,131,132,127,128,128,128,128,128,128,128,128,128,128,128,128,128,128,128,128,128,128
192,132,126,130,127,131,123,131,128,128,128,128,128,128,128,128,128,128,128,128,128,128,128,128,128,128
128,128,128,128,128,128,128,128,128,128,128,128,128,128,128,128,128,128,128,128,128,128,128,128,128,128
128,128,128,128,128,128,128,128,128,128,128,128,128,128,128,128,128,128,128,128,128,128,128,128,128,128
128,128,128,128,128,128,128,128,128,128,128,128,128,128,128,128,128,128,128,128,128,128,128,128,128,128
128,128,128,128,128,128,128,128,128,128,128,128,128,128,128,128,128,128,128,128,128,128,128,128,128,128
128,128,128,128,128,128,128,128,128,128,128,128,128,128,128,128,128,128,128,128,128,128,128,128,128,128
128,128,128,128,128,128,128,128,128,128,128,128,128,128,128,128,128,128,128,128,128,128,128,128,128,128
