3,13,15,12,12,10,9,13,16,23,27,40,34,43,50,64,76,132,198,207,220,210,170,69,15,119
7,10,7,10,19,18,13,17,14,18,21,30,28,44,49,48,62,57,104,155,198,219,186,101,14,132
9,8,9,12,16,23,27,23,22,19,18,26,30,33,37,45,54,57,65,106,151,180,190,143,31,127
15,13,12,12,14,20,24,24,24,26,34,31,31,24,33,40,44,44,60,62,93,123,151,156,58,128
30,29,28,29,28,29,32,34,44,44,38,43,35,39,32,34,37,46,52,55,54,86,118,168,91,129
46,44,40,37,36,37,42,51,54,54,64,59,61,46,50,50,46,47,48,61,52,68,88,136,110,129
39,42,42,44,46,44,46,53,51,60,67,86,79,80,73,79,73,53,74,67,79,84,94,112,121,128
25,31,33,37,44,44,44,49,53,52,65,75,95,96,106,109,100,106,99,106,120,107,140,120,140,127
39,39,29,22,29,33,36,44,43,56,64,73,77,97,117,134,128,125,137,129,133,140,143,161,172,127
63,64,50,39,39,36,29,30,42,54,64,65,76,97,119,128,133,137,141,138,156,141,176,211,198,128
49,66,56,61,66,53,53,29,36,44,50,69,81,93,101,115,134,150,170,188,173,172,190,205,213,125
12,19,41,56,78,101,82,53,32,29,51,65,74,101,106,118,144,157,172,194,206,221,214,215,217,127
17,5,5,28,69,71,119,63,28,22,34,45,57,90,105,123,155,172,187,205,216,226,204,211,222,128
34,37,19,11,16,30,61,36,54,44,33,43,49,74,105,116,153,173,187,212,216,218,205,220,225,128
125,108,64,20,8,12,10,58,50,85,54,33,45,53,77,125,142,161,170,207,219,225,227,226,227,127
202,217,174,87,38,10,13,16,50,69,85,72,45,55,71,85,124,158,174,203,215,221,234,223,229,126
218,239,232,170,94,28,7,11,24,59,119,135,82,59,67,75,107,156,185,203,218,220,233,233,233,126
243,244,241,202,192,64,11,5,20,33,68,123,109,80,86,87,105,148,179,196,227,225,227,235,236,127
255,244,239,227,211,66,26,26,23,22,34,65,87,115,94,115,118,146,164,199,221,232,233,232,237,128
252,244,236,209,138,44,50,52,51,31,29,48,57,85,112,136,136,139,183,211,224,228,233,236,238,129
234,222,164,111,56,47,47,89,105,71,52,64,79,98,131,122,143,160,195,211,229,234,233,238,238,129
131,81,62,55,59,66,121,138,153,146,104,88,109,122,148,151,147,176,185,209,225,235,236,236,238,129
62,60,75,74,126,177,183,195,190,175,157,152,146,169,193,179,195,199,207,232,230,234,243,240,238,129
75,98,137,156,206,197,192,185,186,208,207,210,204,202,198,213,218,217,233,229,231,232,234,238,238,129
100,128,171,185,193,207,201,214,214,219,210,219,216,217,213,216,219,230,239,226,239,244,241,247,238,129
135,146,166,175,199,210,217,224,215,219,219,231,217,218,228,212,233,233,228,241,236,238,241,235,237,128
147,157,155,175,192,200,217,212,219,219,221,225,227,225,223,222,225,233,239,238,242,238,243,244,244,128
144,141,144,175,195,193,206,220,215,220,226,230,228,225,225,227,233,232,235,232,236,237,244,246,244,128
132,151,161,169,187,202,210,216,217,222,229,231,229,226,227,230,234,226,238,238,241,242,242,242,243,128
143,166,188,197,210,213,207,218,222,224,226,228,229,228,228,229,236,222,237,237,239,243,244,246,243,128
