128,128,128,128,128,128,128,128,127,129,126,130,128,130,217,218,231,234,238,207,242,248,239,245,247,245
128,128,128,128,128,128,128,128,126,132,129,130,123,126,225,225,233,230,228,234,247,239,231,250,243,244
128,128,128,128,128,128,128,128,129,123,128,127,134,134,127,227,237,235,241,230,242,246,245,245,248,244
128,128,128,128,128,128,128,128,127,129,129,129,118,130,125,224,223,223,239,234,237,229,241,248,240,249
128,128,128,128,128,128,128,128,130,129,125,131,129,125,132,129,225,249,226,240,230,226,245,241,248,243
128,128,128,128,128,128,128,128,126,128,130,131,132,126,124,130,218,234,234,240,237,231,224,250,243,244
128,128,128,128,128,128,128,128,126,133,121,130,124,130,134,126,129,232,234,236,238,215,240,237,246,244
128,128,128,128,128,128,128,128,126,131,128,126,134,125,128,128,127,233,235,236,235,236,231,248,237,246
128,128,128,128,128,128,128,128,128,128,128,128,128,128,128,128,129,233,227,226,230,215,234,244,246,242
128,128,128,128,128,128,128,128,128,128,128,128,128,128,128,128,127,127,234,235,237,236,241,242,239,228
128,128,128,128,128,128,128,128,128,128,128,128,128,128,128,128,132,124,233,230,228,227,235,235,231,237
128,128,128,128,128,128,128,128,128,128,128,128,128,128,128,128,127,127,128,216,233,242,223,230,224,236
128,128,128,128,128,128,128,128,128,128,128,128,128,128,128,128,131,124,131,219,229,222,220,228,227,234
128,128,128,128,128,128,128,128,128,128,128,128,128,128,128,128,129,133,125,134,212,228,219,216,222,209
128,128,128,128,128,128,128,128,128,128,128,128,128,128,128,128,127,128,124,129,136,214,224,227,208,223
128,128,128,128,128,128,128,128,128,128,128,128,128,128,128,128,130,127,131,124,127,226,212,211,208,216
128,128,128,128,128,128,128,128,128,128,128,128,128,128,128,128,130,125,130,128,128,129,214,215,211,213
128,128,128,128,128,128,128,128,128,128,128,128,128,128,128,128,126,129,126,130,128,124,220,206,209,210
128,128,128,128,128,128,128,128,128,128,128,128,128,128,128,128,129,128,126,126,134,124,128,213,199,202
128,128,128,128,128,128,128,128,128,128,128,128,128,128,128,128,128,131,123,128,126,133,130,207,211,203
128,128,128,128,128,128,128,128,128,128,128,128,128,128,128,128,125,127,130,132,128,122,134,126,189,197
128,128,128,128,128,128,128,128,128,128,128,128,128,128,128,128,133,124,131,123,129,130,125,130,133,177
128,128,128,128,128,128,128,128,128,128,128,128,128,128,128,128,125,128,130,132,123,130,131,126,126,194
128,128,128,128,128,128,128,128,128,128,128,128,128,128,128,128,130,126,129,123,132,124,127,128,128,128
128,128,128,128,128,128,128,128,128,128,128,128,128,128,128,128,128,128,128,128,128,128,128,128,127,130
128,128,128,128,128,128,128,128,128,128,128,128,128,128,128,128,128,128,128,128,128,128,128,128,127,125
128,128,128,128,128,128,128,128,128,128,128,128,128,128,128,128,128,128,128,128,128,128,128,128,129,129
128,128,128,128,128,128,128,128,128,128,128,128,128,128,128,128,128,128,128,128,128,128,128,128,125,131
128,128,128,128,128,128,128,128,128,128,128,128,128,128,128,128,128,128,128,128,128,128,128,128,132,123
128,128,128,128,128,128,128,128,128,128,128,128,128,128,128,128,128,128,128,128,128,128,128,128,124,133
