140,145,145,142,155,193,208,208,202,185,185,155,175,126,129,130,128,128,128,128,128,128,128,128,128,128
136,136,159,147,183,210,202,191,198,192,186,164,156,128,127,126,128,128,128,128,128,128,128,128,128,128
143,155,146,153,182,210,205,195,189,193,175,160,128,129,130,132,128,128,128,128,128,128,128,128,128,128
115,144,153,165,201,197,203,191,179,191,168,158,129,132,126,124,128,128,128,128,128,128,128,128,128,128
157,157,166,174,210,211,193,186,182,183,147,131,125,127,129,130,128,128,128,128,128,128,128,128,128,128
152,150,150,180,200,214,191,183,179,174,137,125,135,127,128,126,128,128,128,128,128,128,128,128,128,128
149,157,172,186,187,184,191,184,192,178,135,128,130,126,131,128,128,128,128,128,128,128,128,128,128,128
160,155,176,190,176,199,176,170,170,160,124,132,124,128,132,126,128,128,128,128,128,128,128,128,128,128
165,156,172,183,183,189,181,181,150,140,130,128,129,128,128,129,128,128,128,128,128,128,128,128,128,128
172,166,176,170,165,184,177,175,137,130,124,125,127,128,129,131,128,128,128,128,128,128,128,128,128,128
158,159,166,180,177,202,167,148,141,135,131,130,129,127,127,128,128,128,128,128,128,128,128,128,128,128
161,149,160,155,171,163,158,140,132,129,128,128,128,127,127,129,128,128,128,128,128,128,128,128,128,128
154,152,141,154,155,149,143,131,125,125,126,127,128,128,129,130,128,128,128,128,128,128,128,128,128,128
161,155,139,136,147,141,147,130,131,131,130,130,129,128,128,128,128,128,128,128,128,128,128,128,128,128
156,160,148,140,129,133,128,127,127,127,127,127,127,128,128,128,128,128,128,128,128,128,128,128,128,128
162,149,153,130,140,135,130,129,129,129,127,127,127,128,128,128,128,128,128,128,128,128,128,128,128,128
150,150,142,131,128,127,127,127,128,128,128,128,128,128,128,128,128,128,128,128,128,128,128,128,128,128
157,147,136,134,135,131,126,128,128,128,128,128,128,128,128,128,128,128,128,128,128,128,128,128,128,128
151,144,140,138,134,127,126,131,128,128,128,128,128,128,128,128,128,128,128,128,128,128,128,128,128,128
144,144,143,136,128,125,127,130,128,128,128,128,128,128,128,128,128,128,128,128,128,128,128,128,128,128
157,143,133,129,127,129,129,124,128,128,128,128,128,128,128,128,128,128,128,128,128,128,128,128,128,128
170,142,125,127,129,128,129,127,128,128,128,128,128,128,128,128,128,128,128,128,128,128,128,128,128,128
162,137,125,130,128,126,129,129,128,128,128,128,128,128,128,128,128,128,128,128,128,128,128,128,128,128
147,131,126,129,128,129,131,124,128,128,128,128,128,128,128,128,128,128,128,128,128,128,128,128,128,128
128,128,128,128,128,128,128,128,128,128,128,128,128,128,128,128,128,128,128,128,128,128,128,128,128,128
128,128,128,128,128,128,128,128,128,128,128,128,128,128,128,128,128,128,128,128,128,128,128,128,128,128
128,128,128,128,128,128,128,128,128,128,128,128,128,128,128,128,128,128,128,128,128,128,128,128,128,128
128,128,128,128,128,128,128,128,128,128,128,128,128,128,128,128,128,128,128,128,128,128,128,128,128,128
128,128,128,128,128,128,128,128,128,128,128,128,128,128,128,128,128,128,128,128,128,128,128,128,128,128
128,128,128,128,128,128,128,128,128,128,128,128,128,128,128,128,128,128,128,128,128,128,128,128,128,128
