145,145,131,144,161,162,160,172,179,192,198,189,179,172,173,165,165,144,191,199,169,161,163,176,194,193
127,141,125,132,152,152,155,165,177,185,181,192,162,161,170,171,149,156,176,185,179,157,158,167,178,188
123,142,135,141,143,157,142,164,165,174,175,161,153,164,146,167,162,153,156,168,163,176,161,166,153,176
105,128,140,134,141,144,140,149,159,157,161,151,153,149,144,160,161,156,146,152,149,164,171,155,150,151
92,97,113,111,115,134,128,144,148,146,143,150,151,132,140,148,147,150,145,150,147,138,149,145,147,130
62,82,86,97,90,135,117,149,137,142,143,146,150,142,126,139,143,134,141,139,147,132,124,133,125,121
38,47,64,72,79,108,116,127,130,130,137,149,141,138,125,127,121,119,118,104,132,121,121,110,108,101
19,42,35,43,52,79,95,105,115,117,119,130,119,118,110,100,93,91,85,81,94,110,102,104,99,78
8,5,39,28,21,51,67,82,100,100,102,102,92,85,86,83,76,85,73,62,85,86,89,82,99,75
8,9,22,24,23,37,31,71,71,97,84,65,61,64,64,68,71,73,58,78,82,79,84,81,91,79
0,15,34,14,7,39,34,70,70,73,73,60,30,62,57,70,77,67,68,77,73,83,80,75,78,89
3,13,37,11,4,26,62,71,66,59,58,45,46,44,66,78,76,79,73,70,78,76,54,71,79,82
26,14,51,3,26,22,52,68,63,36,50,63,59,58,63,78,81,85,78,70,80,76,52,66,85,81
31,63,36,14,25,29,51,55,50,40,46,34,65,40,60,77,80,83,81,73,64,70,72,72,82,77
50,48,21,13,19,48,32,34,55,54,67,60,58,56,63,68,63,65,70,67,57,46,65,86,70,59
61,58,53,36,27,38,23,45,45,44,59,61,57,56,71,59,49,73,72,52,65,46,55,87,52,66
70,64,63,65,65,55,52,53,53,46,60,56,43,57,72,54,46,62,47,65,58,62,61,82,66,65
69,61,68,69,40,58,66,67,56,33,60,68,55,59,62,40,35,42,40,69,55,30,65,73,64,62
39,53,58,39,45,60,24,59,38,47,51,47,35,17,37,48,15,57,53,54,58,19,56,70,61,66
44,53,66,58,55,60,36,12,59,40,53,32,24,29,27,37,27,38,49,52,45,28,43,67,72,67
16,43,47,53,51,51,62,32,58,48,26,12,24,16,27,20,42,47,34,47,51,26,29,82,67,72
31,47,29,44,31,62,61,68,61,49,6,31,29,30,27,43,23,48,40,52,55,48,37,67,79,70
17,37,47,31,37,45,46,66,40,9,26,33,28,24,24,27,49,40,62,50,72,67,50,61,75,75
16,47,47,28,60,40,40,78,23,20,48,46,37,48,22,50,36,47,59,67,73,65,63,59,71,79
59,50,58,63,64,50,18,36,37,8,21,12,46,67,56,47,65,64,67,67,71,77,63,73,74,87
65,65,68,67,65,25,41,37,52,23,25,27,51,64,62,58,66,64,75,82,77,76,74,71,93,126
70,76,61,69,60,62,49,55,60,44,42,56,67,67,73,72,71,65,71,78,96,88,89,81,93,126
79,80,75,64,63,58,58,41,79,80,60,74,81,77,80,83,78,71,72,78,84,91,90,91,126,129
81,76,62,68,53,67,73,57,65,78,66,74,83,85,81,85,84,77,74,74,96,115,115,127,129,128
78,73,62,62,63,59,75,56,71,65,70,73,83,90,80,82,83,79,90,100,92,130,131,124,126,129
