121,112,115,112,112,109,105,106,102,103,103,99,102,105,101,99,101,103,108,114,122,123,128,130,135,137
114,113,113,116,114,119,116,118,112,112,110,103,104,106,106,96,99,100,104,105,113,111,114,129,131,143
124,124,130,127,135,129,127,119,122,124,116,120,109,107,107,109,99,102,102,104,104,119,120,120,129,137
138,138,137,131,134,133,134,128,125,128,121,119,116,110,112,108,107,105,101,97,104,110,108,111,123,132
143,142,138,140,140,147,136,134,128,129,125,114,117,107,109,103,114,115,110,100,106,101,112,110,115,124
142,144,140,145,134,135,134,133,132,129,128,117,118,110,102,99,109,114,116,110,109,103,108,104,106,115
147,144,138,145,133,131,131,129,134,126,126,120,115,113,100,99,94,102,110,114,109,112,104,105,106,110
140,135,129,134,134,137,133,132,137,126,124,121,112,115,103,103,90,97,106,113,106,112,110,111,107,104
139,142,140,131,132,131,121,128,129,127,124,122,114,116,106,102,96,97,101,105,106,108,111,113,105,100
123,127,127,108,107,103,88,106,106,117,117,114,111,110,109,99,100,93,92,94,108,109,113,119,112,100
92,88,79,69,70,70,53,46,64,77,87,98,87,104,99,106,94,96,91,95,103,108,109,120,103,99
37,12,30,12,15,18,13,22,42,5,16,61,73,76,84,90,99,99,96,88,88,97,111,122,112,105
4,9,6,9,24,27,38,34,54,47,2,51,81,75,77,74,91,91,104,101,94,95,101,111,112,106
24,29,50,51,52,34,74,87,71,55,39,66,114,111,92,79,74,67,86,95,98,98,96,100,109,110
56,66,61,78,61,27,79,96,75,53,34,57,128,157,140,120,91,78,78,78,94,106,102,100,105,111
66,70,89,82,63,4,38,79,81,41,18,74,133,166,166,142,113,107,97,74,80,92,106,109,110,113
78,81,89,71,16,1,27,9,40,23,36,90,156,162,173,147,133,129,129,98,85,83,97,120,123,124
95,83,74,73,14,0,1,8,13,10,55,113,158,171,168,143,140,122,131,106,88,78,75,117,128,130
126,75,65,56,0,3,3,5,5,48,94,139,164,160,148,129,124,117,110,93,92,89,101,112,122,131
155,105,64,31,13,7,4,19,47,84,113,141,141,135,123,110,108,108,113,108,111,112,119,121,121,126
178,149,113,69,64,48,64,65,88,96,108,130,118,118,117,110,107,109,121,123,127,130,128,125,122,130
149,135,128,107,101,95,97,100,121,114,105,114,113,129,122,119,113,112,122,126,127,131,139,131,122,129
125,118,111,109,113,114,111,108,121,124,124,123,120,124,122,124,118,118,124,129,130,135,140,134,128,136
117,121,101,103,117,105,109,113,124,128,123,114,121,127,124,126,123,125,127,132,132,135,132,133,135,146
128,126,115,122,130,119,115,114,121,125,131,128,129,121,123,123,122,129,127,133,131,131,137,139,140,148
145,126,132,140,124,129,128,127,136,128,131,133,132,126,124,121,123,135,134,141,140,138,139,145,149,157
142,135,137,137,136,139,135,136,137,138,137,130,127,131,130,126,132,139,144,145,142,146,143,148,158,159
148,142,142,144,145,146,144,140,134,130,131,130,133,139,133,136,144,145,146,148,149,154,154,158,169,178
157,154,150,151,152,149,143,141,134,131,133,136,139,143,145,147,151,149,152,157,156,158,161,164,171,189
160,158,152,152,152,147,144,145,143,142,145,147,148,151,154,155,156,153,157,160,159,165,172,173,175,193
