175,182,187,201,205,207,207,215,214,226,229,230,239,240,242,246,249,250,250,250,253,254,254,253,252,252
176,201,201,208,201,200,208,229,223,221,222,235,238,240,244,248,249,249,250,252,253,254,254,253,253,253
186,196,207,196,202,205,204,218,220,234,230,227,238,242,247,250,249,248,251,255,252,253,254,253,253,254
194,201,215,213,197,200,204,223,221,232,231,236,243,242,243,247,252,252,251,250,252,253,254,253,253,253
195,217,205,193,190,209,211,222,242,236,240,236,240,242,244,246,247,249,251,253,253,253,253,253,253,253
193,198,184,198,193,216,214,229,230,235,237,241,243,243,244,246,248,251,252,253,254,254,254,254,254,254
190,200,190,185,209,222,231,228,236,230,244,239,244,244,244,245,248,251,252,252,254,254,254,254,254,254
191,197,192,198,219,229,231,238,235,241,245,236,244,244,245,247,249,250,251,251,254,254,255,255,255,255
192,187,194,206,221,226,230,237,235,244,247,238,243,246,249,251,251,250,251,252,254,254,254,255,255,254
193,186,201,204,224,224,236,232,237,236,247,241,242,246,250,251,250,249,251,252,253,254,254,255,255,254
185,187,198,220,223,228,232,241,233,242,240,246,243,245,248,249,249,249,251,252,253,254,254,255,255,254
164,189,208,213,218,220,232,236,243,243,244,246,246,246,247,248,249,251,252,254,254,254,255,255,255,255
188,199,193,216,218,226,228,239,227,240,245,243,247,248,249,249,250,251,252,252,253,253,254,255,255,255
179,196,212,224,211,236,238,240,232,244,244,241,246,247,248,249,250,251,252,252,254,254,255,255,255,254
191,205,212,214,233,236,223,234,240,243,240,249,246,246,247,248,250,251,251,252,253,254,255,255,255,255
194,212,213,219,229,241,236,240,240,245,245,248,247,246,247,249,250,250,251,252,252,253,254,255,255,255
212,228,220,218,227,234,237,243,237,240,245,241,248,247,247,249,250,249,250,252,253,254,254,253,253,254
218,215,222,224,230,223,227,241,239,237,243,239,247,245,246,248,249,248,249,251,252,254,254,253,253,254
213,216,223,216,205,224,235,237,237,241,247,241,244,242,243,246,248,247,248,250,250,252,252,251,250,250
212,214,207,211,201,210,209,216,231,235,241,245,241,239,241,245,246,246,247,250,250,252,251,247,243,239
205,196,207,191,185,190,207,219,232,224,227,233,229,242,234,238,238,241,246,250,246,249,245,240,229,219
184,167,169,157,170,179,180,191,196,213,218,228,226,230,230,232,235,238,237,244,239,239,240,218,203,176
149,138,141,141,144,151,153,176,181,198,202,219,227,218,220,217,226,232,231,240,239,229,216,211,166,152
119,113,110,114,109,114,125,148,159,167,174,191,204,205,214,206,208,208,219,231,219,208,208,169,139,117
88,80,69,71,84,96,105,120,131,151,165,179,192,192,192,195,208,209,211,197,207,183,154,124,95,68
66,60,46,37,33,47,57,86,97,124,137,159,164,178,183,185,183,180,189,179,160,163,106,72,37,14
56,48,34,16,2,7,16,46,63,84,100,124,136,142,147,149,143,145,145,138,124,81,63,12,1,4
36,25,23,13,11,6,5,5,28,47,75,92,110,110,122,126,116,119,108,106,80,54,6,0,1,3
21,20,11,14,23,4,11,0,1,12,43,54,76,88,98,96,89,77,68,73,56,19,3,1,3,3
17,21,13,34,9,18,20,5,15,15,1,35,42,52,60,64,55,45,65,57,37,0,7,3,0,13
