20,3,8,26,8,14,27,16,13,6,22,10,4,26,3,29,10,37,20,16,21,7,21,21,36,37
11,26,22,16,21,28,32,18,4,16,30,9,9,0,19,18,24,12,28,29,37,16,32,37,33,48
20,39,22,23,4,34,27,0,29,25,11,3,2,14,26,23,23,17,43,29,35,39,40,38,32,39
22,3,33,5,28,21,9,22,17,31,4,8,10,3,9,19,16,18,33,38,30,44,45,41,42,44
14,28,27,22,30,23,10,15,18,12,8,1,3,5,11,4,0,12,19,34,29,22,32,40,38,44
15,17,7,11,26,16,9,18,17,19,1,16,12,9,16,14,4,7,30,9,25,10,19,44,38,43
0,6,1,5,2,21,0,16,37,6,0,0,6,9,3,3,12,12,38,0,0,13,16,44,38,38
26,5,1,9,7,0,12,9,21,12,9,10,4,5,2,8,3,20,27,19,22,13,36,36,33,40
0,5,15,15,13,11,10,17,18,17,8,13,0,16,4,17,21,21,25,20,13,33,41,22,23,33
11,7,2,10,8,0,24,16,18,29,13,11,13,24,11,12,2,37,27,4,29,11,23,21,16,25
23,7,6,13,7,6,22,16,24,30,17,3,1,19,0,2,21,10,26,32,27,15,19,18,25,34
14,12,13,11,4,14,0,6,16,9,24,8,12,11,20,30,22,15,22,14,33,11,30,8,25,19
16,0,6,11,17,0,18,7,13,11,19,4,9,28,26,7,16,21,11,32,31,30,26,27,38,15
28,29,0,0,18,3,10,11,8,1,9,13,8,8,26,31,24,27,7,33,27,23,19,29,15,43
15,19,0,8,10,8,2,18,15,1,1,19,10,4,8,40,36,23,25,35,36,13,15,14,26,31
0,6,10,15,19,19,4,3,0,0,5,22,4,8,23,23,7,27,25,17,15,27,18,28,5,25
17,2,3,8,19,27,15,9,9,15,0,8,2,3,8,29,28,27,18,25,32,18,37,27,34,14
35,37,42,49,55,56,48,42,36,34,37,19,21,29,14,32,40,20,3,19,22,17,25,9,31,20
59,54,54,61,64,61,60,59,57,53,56,42,39,45,35,33,28,19,20,23,32,35,27,24,26,39
73,71,76,77,77,72,71,63,64,68,59,68,64,54,52,58,54,46,37,38,48,33,39,31,35,19
91,82,92,92,92,88,90,79,78,82,83,80,76,69,61,60,63,61,57,55,48,50,48,39,38,20
98,92,99,101,102,97,103,92,84,79,93,90,84,80,81,76,73,74,73,62,69,61,54,62,50,48
93,98,106,106,103,107,104,88,97,92,92,88,86,86,82,78,78,83,88,72,77,73,72,69,53,60
96,96,98,103,103,102,103,93,98,93,95,95,94,94,91,84,79,80,82,86,84,85,81,74,70,62
84,82,82,88,88,82,90,91,95,95,92,93,86,81,81,78,76,80,77,90,88,92,87,78,81,72
68,69,73,74,72,63,73,73,70,72,73,78,75,73,77,77,73,75,76,79,86,90,87,83,84,90
63,63,70,70,74,76,90,85,78,80,67,69,66,65,69,70,67,68,70,70,76,81,82,82,88,96
100,102,109,106,107,110,117,102,97,98,89,82,75,70,67,65,63,60,56,64,60,67,70,72,87,87
120,124,129,128,128,132,132,117,122,124,112,102,100,100,90,81,72,61,57,58,54,58,61,65,78,85
131,135,137,141,143,148,143,125,135,134,122,108,108,110,100,93,88,77,71,54,60,58,60,67,70,94
