64,57,56,161,229,239,181,236,237,245,243,235,125,86,97,103,103,110,110,117,117,124,124,123,117,125
51,44,45,174,188,132,130,210,214,151,108,115,63,79,87,88,89,101,100,104,114,118,112,121,127,125
68,61,51,52,46,41,72,104,131,142,49,44,60,67,69,78,88,80,96,94,107,101,121,109,114,124
94,93,86,81,77,57,56,71,68,52,46,35,30,46,41,62,63,65,64,74,92,90,99,106,107,90
138,111,117,108,87,93,99,95,98,89,79,50,22,46,54,41,41,43,60,57,57,65,74,85,72,249
155,126,112,110,143,158,137,106,106,113,91,63,82,72,97,91,88,74,53,26,34,49,42,46,217,231
162,130,112,78,135,175,174,150,126,136,100,78,134,133,84,120,126,90,93,66,63,58,45,41,108,126
165,175,175,154,125,92,80,87,74,78,126,181,176,178,162,132,122,156,134,99,108,112,84,72,69,58
195,186,191,185,202,204,197,208,194,202,190,161,194,204,196,190,144,189,164,171,145,149,164,110,117,104
197,199,206,208,217,218,217,220,199,204,216,214,201,194,200,193,182,161,181,169,185,160,189,169,172,174
191,202,198,210,213,213,221,225,214,222,216,225,230,218,215,207,199,176,133,138,164,209,203,199,178,197
196,202,208,222,222,217,217,216,214,217,225,223,218,235,232,224,225,216,202,184,201,216,219,210,213,218
199,204,204,216,223,225,223,220,222,213,223,221,217,226,219,223,231,236,228,200,155,220,225,216,224,209
203,213,215,217,222,220,216,212,211,196,217,205,206,208,217,228,224,224,226,222,204,214,208,226,232,224
201,199,211,210,209,198,198,195,196,194,195,200,188,209,210,209,222,231,227,222,203,205,214,224,234,226
190,194,190,194,193,175,178,174,176,189,180,173,175,198,198,219,195,218,219,230,226,218,220,233,235,237
170,178,161,162,151,160,147,146,152,126,178,185,178,171,186,179,199,211,197,187,210,209,209,214,213,232
139,118,129,119,129,123,124,120,121,106,119,141,168,146,156,171,173,179,172,191,184,177,204,198,205,205
99,117,114,110,83,87,82,76,95,88,95,87,112,102,107,106,97,111,132,127,126,167,165,159,184,176
75,76,85,72,52,51,42,43,39,47,46,46,56,62,72,71,75,66,72,91,84,71,114,128,146,139
45,61,40,27,23,16,24,11,8,10,8,22,24,27,28,33,53,38,36,46,61,72,64,71,83,102
32,37,15,14,0,6,12,3,11,8,10,9,12,19,17,18,35,42,39,31,36,40,55,41,57,61
33,31,32,28,33,35,30,44,29,38,39,41,45,46,44,46,46,43,47,52,47,58,66,57,57,65
33,42,36,37,40,37,40,39,47,44,44,49,45,49,49,49,55,51,55,48,50,43,49,48,54,59
35,35,39,36,44,37,38,39,44,45,48,39,47,43,38,31,38,30,22,26,31,18,24,20,30,25
37,40,47,43,44,35,39,37,28,17,25,42,53,74,69,95,109,116,120,139,138,162,158,144,142,130
41,36,19,22,24,20,43,71,93,107,117,118,106,98,104,114,125,116,142,151,157,162,156,175,168,174
23,22,29,55,81,91,103,106,100,104,103,104,101,94,114,109,125,119,116,137,149,153,158,164,174,169
42,71,91,98,102,103,107,105,96,102,99,105,87,112,103,111,102,117,137,134,137,140,155,149,155,149
75,90,96,96,94,96,98,99,89,94,96,86,96,97,117,99,109,122,125,125,143,135,129,134,130,145
