244,245,248,250,251,250,250,249,244,239,235,228,220,216,160,95,115,67,37,26,5,8,126,130,128,128
245,247,248,250,252,249,247,248,249,237,236,235,229,207,138,125,108,62,35,14,3,10,129,128,128,128
243,245,246,248,250,247,245,246,242,239,230,220,219,199,116,141,122,59,33,14,3,129,123,130,128,128
240,240,242,247,247,246,245,246,246,245,232,222,216,191,106,133,104,58,35,8,9,132,128,128,128,128
240,236,241,247,246,245,248,247,244,227,237,226,212,147,110,131,97,50,28,13,11,127,124,129,128,128
242,236,242,249,245,246,250,248,241,235,231,223,185,158,145,132,79,37,23,16,14,130,131,126,128,128
244,242,243,247,247,242,240,241,244,215,236,214,200,155,146,103,67,39,19,25,126,131,127,127,128,128
243,241,242,245,245,242,241,242,221,206,179,178,155,106,129,97,67,36,22,17,127,129,126,131,128,128
225,232,238,237,228,223,228,237,248,215,207,201,166,102,120,77,47,32,28,12,125,130,129,129,128,128
243,243,244,245,245,243,241,240,233,229,201,187,180,111,119,86,42,28,15,11,133,125,127,126,128,128
246,245,245,246,248,246,241,236,224,233,217,202,170,135,107,77,40,23,24,127,123,131,131,129,128,128
239,246,251,248,242,239,237,237,220,200,217,179,111,118,96,62,40,21,8,129,131,128,127,127,128,128
246,246,245,244,246,246,239,231,217,220,210,175,108,98,89,47,25,20,10,129,127,132,127,127,128,128
245,248,248,245,244,244,240,234,213,217,209,196,110,113,83,39,29,18,10,124,127,131,124,132,128,128
245,244,248,240,246,239,238,215,208,213,210,143,123,123,76,42,25,22,126,130,124,130,127,130,128,128
241,247,238,244,240,239,235,211,215,218,194,133,111,104,69,30,21,14,133,124,135,127,125,128,128,128
246,255,238,246,238,234,228,202,221,190,181,127,106,89,68,27,20,7,125,128,128,127,123,133,128,128
239,245,238,242,243,237,232,212,221,218,148,155,107,91,45,35,31,10,131,129,125,128,132,125,128,128
245,245,245,243,241,236,221,212,221,190,158,131,101,66,31,21,13,131,128,129,126,124,135,126,128,128
238,238,241,245,238,237,218,222,201,203,156,111,97,57,31,29,20,130,125,126,138,127,127,127,128,128
243,242,242,243,233,218,203,210,196,187,168,109,67,55,22,22,11,122,134,130,119,132,128,129,128,128
238,237,239,233,232,199,197,201,187,181,176,106,72,47,23,22,131,130,125,130,130,127,129,129,128,128
238,236,232,233,192,179,195,197,191,173,150,92,61,40,32,16,128,128,128,128,128,128,128,128,128,128
231,235,229,216,148,193,200,200,189,154,111,75,48,35,21,19,128,128,128,128,128,128,128,128,128,128
227,230,216,207,181,203,209,180,161,136,112,68,44,25,18,124,128,128,128,128,128,128,128,128,128,128
222,237,215,183,191,211,196,188,168,116,92,58,31,25,13,131,128,128,128,128,128,128,128,128,128,128
224,205,206,211,210,195,198,178,166,101,91,54,28,27,13,125,128,128,128,128,128,128,128,128,128,128
222,191,217,192,196,206,190,174,130,96,75,49,21,15,134,129,128,128,128,128,128,128,128,128,128,128
198,216,192,190,197,187,157,174,136,87,62,41,17,15,122,127,128,128,128,128,128,128,128,128,128,128
213,203,193,200,195,180,182,136,105,60,51,31,13,130,129,130,128,128,128,128,128,128,128,128,128,128
