215,204,190,182,188,164,159,134,92,68,49,22,21,130,125,129,128,128,128,128,128,128,128,128,128,128
216,210,154,175,174,167,119,110,83,47,37,26,12,125,134,128,128,128,128,128,128,128,128,128,128,128
210,195,166,171,151,126,106,89,69,39,26,19,129,128,121,127,128,128,128,128,128,128,128,128,128,128
205,186,164,176,130,120,108,80,63,29,16,8,128,130,132,131,128,128,128,128,128,128,128,128,128,128
198,187,141,157,124,116,81,65,56,29,7,136,127,127,127,127,128,128,128,128,128,128,128,128,128,128
178,157,122,131,128,100,77,68,33,21,12,129,127,131,131,126,128,128,128,128,128,128,128,128,128,128
188,151,115,135,107,88,67,45,23,13,131,127,130,123,120,134,128,128,128,128,128,128,128,128,128,128
164,138,111,129,82,72,60,39,27,6,127,127,126,133,129,126,128,128,128,128,128,128,128,128,128,128
146,116,104,94,77,51,33,34,9,13,128,129,128,126,128,129,128,128,128,128,128,128,128,128,128,128
130,102,87,76,64,48,31,19,10,125,125,128,128,131,132,125,128,128,128,128,128,128,128,128,128,128
108,95,66,54,46,39,34,20,7,131,127,131,125,124,129,130,128,128,128,128,128,128,128,128,128,128
94,82,59,42,34,25,18,11,127,124,129,125,126,131,129,126,128,128,128,128,128,128,128,128,128,128
81,60,58,25,30,22,15,6,131,124,130,133,126,126,127,130,128,128,128,128,128,128,128,128,128,128
55,56,44,34,20,23,6,123,125,133,127,124,130,127,132,127,128,128,128,128,128,128,128,128,128,128
52,53,28,22,17,14,125,135,130,127,130,124,132,128,131,123,128,128,128,128,128,128,128,128,128,128
57,37,32,25,12,22,127,126,127,130,126,130,126,127,127,129,128,128,128,128,128,128,128,128,128,128
40,34,21,17,17,125,134,127,128,128,128,128,128,128,128,128,128,128,128,128,128,128,128,128,128,128
31,28,26,15,8,124,123,127,128,128,128,128,128,128,128,128,128,128,128,128,128,128,128,128,128,128
32,18,14,15,128,138,124,131,128,128,128,128,128,128,128,128,128,128,128,128,128,128,128,128,128,128
25,20,7,2,121,124,132,125,128,128,128,128,128,128,128,128,128,128,128,128,128,128,128,128,128,128
19,21,10,128,135,131,123,130,128,128,128,128,128,128,128,128,128,128,128,128,128,128,128,128,128,128
24,9,130,129,120,130,128,128,128,128,128,128,128,128,128,128,128,128,128,128,128,128,128,128,128,128
10,11,127,129,127,131,130,124,128,128,128,128,128,128,128,128,128,128,128,128,128,128,128,128,128,128
5,131,126,124,132,128,123,132,128,128,128,128,128,128,128,128,128,128,128,128,128,128,128,128,128,128
128,128,128,128,128,128,128,128,128,128,128,128,128,128,128,128,128,128,128,128,128,128,128,128,128,128
128,128,128,128,128,128,128,128,128,128,128,128,128,128,128,128,128,128,128,128,128,128,128,128,128,128
128,128,128,128,128,128,128,128,128,128,128,128,128,128,128,128,128,128,128,128,128,128,128,128,128,128
128,128,128,128,128,128,128,128,128,128,128,128,128,128,128,128,128,128,128,128,128,128,128,128,128,128
128,128,128,128,128,128,128,128,128,128,128,128,128,128,128,128,128,128,128,128,128,128,128,128,128,128
128,128,128,128,128,128,128,128,128,128,128,128,128,128,128,128,128,128,128,128,128,128,128,128,128,128
