181,201,235,228,225,242,232,232,225,228,225,215,210,202,210,199,191,196,173,165,155,136,94,126,127,116
201,206,217,226,232,239,227,228,226,230,226,215,215,208,207,203,202,202,193,174,183,157,120,127,138,156
186,209,218,225,228,229,228,230,229,231,225,210,213,212,212,212,208,196,204,186,191,178,158,143,155,168
212,182,222,222,221,226,236,234,230,232,224,210,211,213,215,215,207,199,211,198,210,180,162,168,165,187
194,199,212,219,226,232,239,233,228,230,219,216,215,215,216,212,207,217,207,215,208,180,174,175,188,187
189,200,212,224,229,231,229,231,226,224,211,215,215,217,219,217,210,223,212,207,213,181,192,188,195,191
194,211,217,220,217,222,217,224,221,218,207,210,212,213,212,219,215,218,217,219,210,195,202,183,213,212
202,206,208,205,204,219,210,216,213,217,209,211,213,207,194,212,220,223,218,213,197,201,209,199,212,207
183,199,193,195,208,207,207,191,211,194,213,214,213,202,196,218,221,224,223,212,215,208,200,205,221,216
171,185,190,197,199,202,206,200,209,209,207,214,210,211,206,221,221,217,219,214,219,211,203,205,222,223
185,163,179,170,191,188,197,196,175,183,172,200,205,212,206,218,226,221,222,217,218,213,213,212,222,223
167,154,173,173,185,172,181,173,179,169,186,192,199,213,221,216,217,216,224,220,219,216,221,218,221,222
118,156,155,163,192,179,190,178,175,186,176,190,211,203,212,212,218,222,219,223,227,222,224,218,221,226
113,114,129,172,172,170,187,181,185,182,173,182,199,186,207,218,219,215,218,223,227,223,227,224,227,229
88,128,124,131,158,186,196,175,167,180,185,193,203,205,210,199,202,217,221,223,227,222,228,230,235,232
87,102,103,121,169,170,164,169,196,172,168,199,201,203,206,215,218,215,220,225,233,225,224,228,238,238
92,105,104,170,164,165,171,168,176,182,186,206,210,205,213,222,223,222,222,227,230,229,231,236,239,240
91,113,143,149,124,198,182,186,187,197,191,197,205,216,223,219,218,227,221,227,231,233,235,240,242,241
113,113,138,136,152,174,173,182,185,185,194,213,221,215,218,229,228,214,222,228,234,238,240,243,244,242
151,142,148,144,168,183,185,200,193,196,218,211,217,228,227,218,218,223,225,231,237,241,243,244,243,241
160,155,165,154,157,204,195,192,207,207,215,220,225,222,220,223,225,221,229,233,238,242,244,244,243,241
170,165,169,172,180,190,200,191,217,219,218,224,228,228,225,223,224,227,232,235,239,242,244,244,243,242
177,176,170,174,177,191,205,215,211,228,221,231,235,233,229,225,225,233,235,237,241,244,245,244,242,241
177,173,183,185,188,222,211,219,222,223,219,235,238,230,228,227,229,238,239,240,243,246,246,244,240,238
184,181,174,193,194,212,218,220,224,218,229,233,237,235,232,231,235,237,240,242,240,247,242,244,228,238
194,184,190,194,198,206,216,218,226,232,233,236,237,234,232,234,239,242,243,248,247,245,233,237,237,125
174,213,196,198,207,206,216,220,224,230,233,235,235,234,232,236,240,242,247,237,243,245,241,234,240,128
207,204,199,211,218,216,223,232,234,231,230,234,234,237,235,239,238,239,241,244,242,241,234,238,123,130
193,200,196,212,206,217,217,229,234,232,232,237,237,241,237,241,238,238,239,240,228,232,242,128,130,127
181,204,209,218,205,230,227,230,232,237,236,240,237,241,235,241,238,240,241,232,234,223,124,125,128,130
