125,127,134,122,134,156,69,164,180,187,185,190,186,182,178,177,175,166,177,166,166,167,148,146,117,115
129,127,130,128,121,135,73,139,184,195,191,187,184,180,179,179,166,165,169,160,164,162,153,139,115,119
127,125,126,132,130,131,71,125,180,196,196,188,185,181,181,180,177,174,174,170,165,145,141,135,120,101
127,132,131,121,127,125,68,133,180,192,195,190,188,182,183,178,172,177,166,171,167,148,152,139,116,111
127,130,124,133,127,130,191,211,207,200,196,193,192,181,183,177,183,171,179,165,159,164,136,137,129,121
128,127,128,128,128,126,241,231,222,198,186,186,188,179,185,183,180,173,171,175,163,153,139,146,129,118
128,128,128,125,130,128,128,235,223,205,198,192,194,185,184,188,184,175,175,171,167,152,144,136,119,109
130,122,134,130,126,127,130,235,228,211,198,191,192,183,184,183,183,174,171,167,170,163,156,143,131,126
128,127,132,121,129,132,127,234,232,220,200,193,193,185,188,182,183,177,176,170,174,171,164,149,136,121
130,127,128,126,132,123,132,239,231,225,204,197,194,188,193,183,177,174,177,172,173,167,162,150,132,129
126,128,131,127,125,133,125,124,228,229,209,201,192,186,190,181,177,173,175,174,175,169,167,159,151,144
129,127,127,133,128,124,130,129,232,234,217,206,191,185,185,179,186,176,175,172,177,173,172,165,162,141
126,133,125,124,131,129,127,128,237,237,223,210,193,189,184,183,185,178,175,167,170,169,170,163,154,161
129,127,131,129,127,128,128,128,238,235,225,211,194,194,186,188,180,181,182,171,169,169,173,167,168,159
128,128,128,128,128,128,128,128,129,238,230,226,201,188,187,186,179,177,179,175,176,167,165,160,144,160
128,128,128,128,128,128,128,128,128,231,240,223,213,189,182,181,182,177,169,181,173,173,166,173,160,159
128,128,128,128,128,128,128,128,128,245,238,223,215,205,201,185,176,180,181,175,175,173,165,152,157,156
128,128,128,128,128,128,128,128,126,236,238,240,224,206,181,181,183,174,176,174,181,169,167,163,150,159
128,128,128,128,128,128,128,128,130,126,236,240,233,212,198,186,179,172,166,179,174,172,162,165,146,140
128,128,128,128,128,128,128,128,126,134,234,239,233,218,204,184,175,176,173,173,171,167,156,147,147,162
128,128,128,128,128,128,128,128,125,127,243,230,237,226,209,190,186,175,175,170,176,162,162,161,162,161
128,128,128,128,128,128,128,128,130,126,129,237,235,235,222,198,176,183,178,174,168,173,164,153,151,156
128,128,128,128,128,128,128,128,129,131,125,238,238,237,225,211,186,173,169,179,168,164,158,155,150,151
128,128,128,128,128,128,128,128,124,128,129,235,240,236,233,228,198,179,178,167,174,161,164,154,146,153
128,128,128,128,128,128,128,128,131,129,130,127,231,236,238,221,212,193,173,170,170,170,164,161,142,158
128,128,128,128,128,128,128,128,127,123,132,130,234,242,232,236,222,203,169,175,166,175,162,168,154,146
128,128,128,128,128,128,128,128,130,126,129,127,234,232,227,239,233,214,191,172,176,172,171,166,156,152
128,128,128,128,128,128,128,128,127,130,128,128,130,240,237,230,234,225,213,177,176,168,172,156,148,145
128,128,128,128,128,128,128,128,128,129,124,133,121,231,237,232,229,230,218,195,170,168,164,154,167,138
128,128,128,128,128,128,128,128,130,124,133,124,133,128,234,236,237,235,231,218,185,175,171,170,152,153
