172,145,139,145,153,164,165,144,120,135,157,169,195,209,227,218,232,233,221,161,126,114,136,136,134,162
155,134,130,116,134,140,121,123,117,119,158,169,171,206,214,232,234,235,219,203,178,177,176,201,201,187
143,141,128,133,131,124,126,117,118,121,126,156,178,164,190,201,209,229,227,228,221,211,213,213,215,219
132,114,115,119,110,124,125,112,113,109,116,133,151,160,162,182,185,223,205,219,220,205,216,235,224,208
119,120,120,117,104,111,103,101,111,111,124,121,138,148,163,170,169,192,204,205,205,214,215,200,197,196
120,112,118,106,115,99,107,102,107,114,123,134,133,131,153,156,162,195,191,215,196,208,197,203,193,177
117,114,103,125,111,108,106,104,104,106,113,120,138,142,156,170,183,201,180,195,204,201,199,193,194,200
104,109,106,112,111,97,102,105,112,111,115,129,134,135,148,169,163,182,188,199,184,198,178,183,194,202
107,115,115,109,109,110,108,99,102,108,117,116,137,146,140,161,173,172,191,196,191,203,215,190,198,194
113,108,109,105,97,105,97,110,108,110,126,133,135,132,153,148,164,167,176,204,187,203,207,198,200,202
158,151,130,107,111,121,120,145,146,167,175,190,181,161,157,167,170,172,189,184,201,221,201,204,221,203
181,180,175,182,186,184,185,189,186,221,210,224,223,212,203,212,192,197,189,192,207,198,215,205,212,186
187,183,172,181,197,182,178,183,174,176,165,180,218,221,209,234,237,243,231,228,225,201,232,238,221,225
150,156,154,164,142,155,154,165,160,143,149,142,167,154,190,206,219,244,242,245,241,235,233,226,227,219
140,132,125,137,134,131,133,134,123,133,133,126,126,125,146,158,197,219,234,235,242,244,242,245,237,234
128,129,118,126,117,127,127,136,143,137,133,143,141,141,141,139,151,187,195,211,232,246,249,245,245,241
145,140,112,131,129,125,123,122,131,151,163,149,164,150,159,168,167,176,150,179,186,214,227,238,247,244
134,157,133,126,122,118,137,137,141,147,150,147,150,168,159,166,184,178,173,156,157,171,191,217,232,245
129,117,125,117,134,116,155,149,133,147,150,142,161,158,155,142,165,166,156,151,141,145,182,194,207,234
132,151,122,134,130,134,145,118,125,146,133,142,122,130,122,112,124,137,138,133,137,146,129,139,159,176
113,115,109,106,102,107,125,120,111,114,107,115,109,97,97,95,91,92,84,104,106,118,148,135,128,137
160,112,135,115,99,105,104,100,92,107,107,97,98,114,105,98,91,86,92,79,78,79,95,110,109,108
252,244,249,248,231,211,157,226,217,228,218,198,203,208,208,223,188,126,153,135,157,121,95,70,52,69
251,244,251,248,246,246,185,228,230,232,230,236,226,238,232,238,216,165,220,223,244,230,165,111,57,47
250,249,252,251,246,249,227,224,223,233,211,224,232,233,236,244,178,59,229,239,236,213,141,105,21,60
244,240,243,240,231,143,138,171,190,205,199,214,221,214,231,213,116,67,75,120,121,103,67,38,5,4
83,103,111,110,87,83,69,73,104,99,90,93,89,92,74,93,117,104,84,66,47,64,43,35,21,1
81,111,115,103,102,98,81,69,90,100,103,100,103,85,85,94,94,78,90,81,95,94,90,73,70,62
143,132,113,114,110,104,102,100,123,134,118,125,118,124,118,123,127,115,124,114,119,112,106,122,111,121
162,157,159,155,152,152,137,136,138,137,141,151,144,157,157,142,137,146,137,156,166,158,175,196,187,191
