25,26,26,30,36,41,45,52,46,53,59,60,55,70,96,110,103,102,106,111,118,207,208,207,198,133
32,32,32,34,39,40,41,45,61,65,76,92,103,108,108,104,108,116,108,114,127,177,205,208,208,123
30,36,32,37,40,52,51,54,56,71,62,88,116,124,120,147,149,163,161,143,126,116,163,210,208,128
26,30,34,36,41,43,48,55,64,77,101,107,107,116,139,140,173,184,190,178,188,158,157,180,195,125
9,10,19,20,31,28,37,44,59,61,73,111,118,137,153,182,169,159,175,177,181,185,159,148,183,134
3,0,0,0,6,0,4,5,5,11,6,0,16,23,40,73,123,164,179,176,186,191,178,184,151,128
59,56,47,35,31,24,19,15,12,0,6,5,7,0,3,12,5,7,8,5,37,117,187,185,156,127
40,44,42,33,31,30,31,31,41,49,75,99,102,99,52,16,9,7,4,7,10,1,20,199,175,122
49,49,52,42,45,36,40,40,47,33,45,51,101,125,157,193,153,136,139,116,56,31,45,196,163,131
42,38,48,44,64,54,63,63,48,55,56,41,64,104,138,179,157,167,177,180,198,191,157,32,99,127
24,31,34,35,50,61,81,103,113,104,62,85,42,60,111,145,174,137,175,186,191,195,188,28,14,128
13,18,16,27,33,54,65,108,116,131,126,62,74,33,60,118,191,101,171,188,187,199,184,184,179,127
23,18,16,13,18,29,54,75,104,145,141,110,92,54,38,73,186,89,144,192,198,196,186,191,181,130
9,14,21,33,30,19,23,42,79,142,187,147,98,104,51,54,184,57,117,179,203,211,216,208,200,131
12,31,25,68,71,44,32,33,38,52,181,198,157,101,74,76,185,60,108,154,192,213,215,222,202,127
20,43,29,104,141,120,158,56,33,23,53,137,185,180,119,102,162,97,107,143,195,216,217,221,218,129
38,51,41,211,165,183,247,242,110,44,38,55,150,178,159,127,182,121,133,153,193,212,225,222,229,130
29,32,107,185,198,226,253,255,203,126,26,35,61,121,149,159,183,111,135,154,182,198,227,155,8,124
13,48,170,186,189,245,255,244,203,108,83,136,49,63,96,115,187,115,143,143,179,190,217,110,8,130
44,139,174,183,197,255,252,209,232,60,93,146,109,50,89,107,193,123,134,129,155,178,199,118,3,125
121,152,167,184,241,248,255,188,49,68,116,131,98,72,71,115,187,109,137,135,141,149,163,200,15,132
105,116,142,173,200,188,93,60,57,96,170,160,153,133,87,89,186,103,112,139,141,140,136,38,199,124
48,58,50,46,45,51,51,73,103,179,211,192,146,128,110,107,181,85,114,112,109,25,23,64,221,129
27,36,34,41,47,89,57,98,197,219,210,172,131,119,114,142,125,88,39,12,0,8,24,68,216,122
31,30,40,46,46,105,122,162,201,206,195,164,124,166,164,76,4,3,1,0,5,8,103,176,184,135
37,36,52,58,108,115,137,196,190,193,169,103,38,9,0,1,1,2,4,17,71,126,135,171,178,126
42,55,53,76,125,115,138,95,35,9,4,1,0,1,0,2,23,59,96,112,118,132,127,172,180,126
76,63,43,20,12,1,3,0,0,0,0,6,21,57,87,99,97,90,103,111,111,138,149,168,182,127
6,0,3,0,0,4,3,17,35,63,91,99,90,90,96,91,108,98,107,114,113,135,153,160,183,128
11,12,24,35,50,52,63,68,69,73,73,80,79,81,95,95,88,101,108,111,121,132,153,173,183,128
