120,135,166,187,212,220,230,239,244,250,248,248,254,127,126,133,128,128,128,128,128,128,128,128,128,128
135,150,177,199,219,220,230,240,245,245,248,247,251,132,128,126,128,128,128,128,128,128,128,128,128,128
147,164,186,210,225,221,234,244,250,247,249,251,127,125,134,125,128,128,128,128,128,128,128,128,128,128
157,180,196,218,229,225,240,245,243,248,245,253,127,129,125,130,128,128,128,128,128,128,128,128,128,128
175,200,210,225,230,231,243,243,251,245,252,128,125,132,128,123,128,128,128,128,128,128,128,128,128,128
190,213,220,229,231,237,243,243,245,244,245,131,129,127,123,135,128,128,128,128,128,128,128,128,128,128
203,219,225,231,232,241,243,245,245,255,130,129,126,131,127,125,128,128,128,128,128,128,128,128,128,128
214,223,228,234,234,243,240,246,248,248,126,130,127,127,132,126,128,128,128,128,128,128,128,128,128,128
224,236,233,233,241,245,243,246,250,246,130,128,128,130,128,128,128,128,128,128,128,128,128,128,128,128
230,226,238,241,246,247,250,248,248,132,131,127,127,124,125,132,128,128,128,128,128,128,128,128,128,128
237,236,236,239,241,241,243,252,249,125,128,124,130,132,128,127,128,128,128,128,128,128,128,128,128,128
235,242,246,241,249,248,245,249,129,131,126,130,130,125,127,131,128,128,128,128,128,128,128,128,128,128
248,238,251,247,243,249,247,246,125,132,125,123,130,129,129,126,128,128,128,128,128,128,128,128,128,128
245,242,244,248,250,246,253,126,131,124,129,132,126,128,124,129,128,128,128,128,128,128,128,128,128,128
241,254,241,255,241,248,131,127,126,129,126,132,124,128,125,133,128,128,128,128,128,128,128,128,128,128
247,244,253,245,251,247,126,127,128,125,130,125,130,129,129,127,128,128,128,128,128,128,128,128,128,128
248,247,255,249,250,132,123,127,128,128,128,128,128,128,128,128,128,128,128,128,128,128,128,128,128,128
252,252,244,250,246,130,129,131,128,128,128,128,128,128,128,128,128,128,128,128,128,128,128,128,128,128
247,255,252,252,132,123,131,123,128,128,128,128,128,128,128,128,128,128,128,128,128,128,128,128,128,128
255,246,250,246,133,129,125,131,128,128,128,128,128,128,128,128,128,128,128,128,128,128,128,128,128,128
253,246,255,132,128,125,135,126,128,128,128,128,128,128,128,128,128,128,128,128,128,128,128,128,128,128
248,255,124,125,129,124,125,129,128,128,128,128,128,128,128,128,128,128,128,128,128,128,128,128,128,128
255,250,127,130,131,131,125,129,128,128,128,128,128,128,128,128,128,128,128,128,128,128,128,128,128,128
253,124,130,128,124,124,134,126,128,128,128,128,128,128,128,128,128,128,128,128,128,128,128,128,128,128
128,128,128,128,128,128,128,128,128,128,128,128,128,128,128,128,128,128,128,128,128,128,128,128,128,128
128,128,128,128,128,128,128,128,128,128,128,128,128,128,128,128,128,128,128,128,128,128,128,128,128,128
128,128,128,128,128,128,128,128,128,128,128,128,128,128,128,128,128,128,128,128,128,128,128,128,128,128
128,128,128,128,128,128,128,128,128,128,128,128,128,128,128,128,128,128,128,128,128,128,128,128,128,128
128,128,128,128,128,128,128,128,128,128,128,128,128,128,128,128,128,128,128,128,128,128,128,128,128,128
128,128,128,128,128,128,128,128,128,128,128,128,128,128,128,128,128,128,128,128,128,128,128,128,128,128
