51,49,53,51,60,60,62,63,74,75,74,85,79,81,78,79,84,84,81,79,75,78,73,79,62,71
48,53,51,55,65,65,63,73,66,74,90,75,95,75,83,83,81,88,83,80,77,80,86,82,71,75
49,61,55,64,68,68,64,70,70,80,88,93,85,85,86,89,87,91,92,84,87,82,79,80,84,84
56,64,60,72,71,73,68,75,84,82,100,90,90,90,87,93,92,84,92,82,97,85,91,89,86,85
69,65,67,77,75,80,82,88,92,87,99,91,91,92,89,94,90,84,87,79,95,90,86,91,83,88
80,73,80,81,80,80,90,96,86,91,89,100,93,97,95,98,95,105,97,89,91,95,95,105,97,97
79,78,87,83,90,82,86,100,85,92,98,92,113,99,103,105,111,112,111,102,103,103,105,105,101,102
71,74,83,80,101,91,88,97,101,104,91,113,104,110,112,110,121,96,110,105,119,112,114,113,121,114
82,84,77,90,88,92,89,94,104,104,108,100,119,121,120,120,120,126,115,112,117,126,119,128,122,125
82,75,89,80,91,94,100,99,100,132,116,121,118,126,123,116,137,122,140,130,132,118,135,128,129,125
87,74,86,93,102,94,106,122,110,121,110,150,131,120,141,133,127,133,139,129,140,136,133,132,121,134
90,89,88,91,105,113,110,117,141,133,150,131,133,145,141,137,152,137,144,149,151,150,145,139,145,143
104,95,89,83,103,113,122,128,135,136,139,157,152,151,148,143,146,160,163,140,150,151,147,156,152,148
96,100,97,117,125,123,126,117,146,151,151,149,160,145,150,151,163,157,149,152,149,154,151,154,152,153
94,121,114,132,127,130,141,135,136,151,147,158,164,157,147,149,161,161,166,151,166,166,160,166,148,165
111,120,122,135,147,146,121,149,137,147,139,154,155,173,153,158,149,155,145,168,159,156,159,148,157,154
116,116,121,123,133,145,139,135,131,156,137,153,158,148,157,155,140,151,152,160,166,155,162,158,154,163
109,121,120,130,133,125,121,125,126,125,138,145,154,151,152,154,139,155,155,159,150,157,162,153,161,152
109,99,100,91,76,102,133,111,124,121,129,126,141,133,124,140,129,137,162,140,153,154,152,143,143,165
57,64,61,77,87,86,86,84,92,96,110,112,113,128,114,121,130,123,132,146,127,144,136,131,145,139
44,52,51,47,50,53,57,76,84,78,79,92,90,101,104,102,111,109,105,130,112,126,128,111,139,138
32,33,31,29,36,36,39,41,52,49,47,59,66,60,67,67,62,77,78,80,96,90,89,96,106,119
39,37,33,36,39,36,37,39,30,31,43,37,32,35,41,36,35,48,36,53,43,49,58,51,51,62
43,36,39,42,33,42,36,41,38,43,31,33,36,28,29,30,35,28,31,32,31,24,28,28,32,28
43,34,37,41,37,39,31,28,22,32,20,30,28,17,22,25,28,24,20,22,28,27,17,19,16,19
116,125,118,99,102,80,72,64,59,44,47,40,27,24,28,22,25,23,22,25,23,23,23,18,7,8
164,157,148,160,160,160,156,148,137,111,82,70,46,55,40,30,28,25,21,24,20,23,22,18,9,12
159,165,153,153,149,152,156,146,143,137,100,93,73,73,67,64,56,50,36,30,27,24,19,20,17,22
141,139,172,164,167,157,157,132,120,115,104,89,82,67,73,80,69,72,58,50,48,35,23,24,19,22
135,162,167,161,151,150,142,132,110,103,90,71,65,72,71,73,58,68,62,64,64,53,38,35,23,21
