81,70,72,72,71,73,72,67,63,65,69,71,72,76,87,100,94,91,107,126,122,134,146,166,157,161
75,66,71,68,63,69,70,66,64,66,67,70,76,74,87,84,79,97,99,122,123,121,149,151,148,147
76,72,67,70,63,69,71,69,69,71,74,77,83,83,88,85,89,105,101,122,140,129,142,141,143,158
69,70,72,73,72,72,72,72,71,73,78,81,79,93,94,108,110,103,117,137,136,145,147,154,149,161
80,76,84,82,82,77,78,81,78,79,85,86,90,109,106,108,110,112,135,130,148,146,150,162,154,149
131,113,106,111,95,88,93,101,98,100,105,105,146,141,140,133,123,123,147,149,156,150,171,170,165,165
134,124,160,126,135,136,144,153,156,144,155,163,164,163,167,176,185,169,186,167,174,169,165,174,174,168
114,129,146,130,143,144,135,133,128,135,138,132,129,152,148,160,171,174,186,190,206,203,210,191,200,191
115,120,107,120,110,109,104,120,107,109,106,106,108,121,112,120,113,151,175,173,178,203,196,211,214,197
94,93,88,97,93,93,91,110,103,107,100,93,100,110,105,118,122,133,133,153,165,182,200,216,209,224
97,100,87,99,91,105,105,96,95,113,123,110,108,122,134,132,138,130,122,143,145,179,173,198,211,218
88,96,96,89,94,96,99,99,110,110,124,128,125,120,136,130,140,153,163,189,185,195,190,196,212,212
99,89,98,105,110,93,91,110,136,120,120,126,159,153,149,154,174,178,163,218,213,201,209,205,213,216
111,87,103,106,97,111,112,109,126,126,135,141,149,165,173,174,170,201,176,206,213,216,211,213,223,220
75,91,88,98,84,101,103,104,115,95,132,122,132,165,195,159,180,167,168,190,186,183,194,211,225,223
146,135,132,124,110,106,106,128,100,114,140,129,144,158,172,170,178,176,145,128,151,194,170,197,206,198
209,224,205,212,206,177,182,136,80,179,172,174,175,178,189,214,214,219,167,103,185,214,221,225,228,221
223,232,229,237,231,232,213,189,155,214,228,218,224,221,226,236,234,239,205,130,216,230,241,242,245,244
244,234,245,239,248,237,238,220,204,229,227,237,237,239,240,241,239,239,227,178,233,249,248,249,246,255
238,244,240,244,243,238,250,240,221,243,240,239,231,237,238,252,251,249,241,224,249,249,255,253,249,255
243,247,244,251,253,248,243,247,226,234,244,239,242,243,237,246,244,246,238,234,253,251,250,254,255,250
244,247,247,245,244,254,243,245,234,233,244,231,240,243,242,239,239,239,228,214,247,253,253,249,251,255
230,240,244,237,240,249,244,240,221,229,234,230,234,237,229,231,235,238,214,92,213,233,242,238,230,190
142,210,226,227,223,224,201,204,142,166,182,202,204,224,213,197,194,197,137,80,115,95,100,125,138,110
81,81,86,112,111,120,110,104,88,80,94,123,114,87,104,94,91,101,104,93,87,86,90,117,148,152
113,93,85,103,110,106,100,108,89,80,86,97,116,118,120,113,113,120,122,112,145,128,146,149,169,184
150,158,137,138,138,129,131,127,123,110,126,131,147,149,147,140,164,136,143,141,158,150,160,203,211,219
171,169,158,167,160,163,155,155,157,147,145,152,152,161,162,170,152,178,179,164,189,213,186,222,226,239
186,173,176,174,186,165,179,177,184,172,190,171,181,174,175,183,173,193,212,215,210,225,228,217,225,234
191,174,182,180,171,168,164,183,174,177,171,169,175,172,169,183,169,189,217,211,218,228,233,225,227,230
