79,82,86,77,84,85,78,86,82,78,79,78,80,89,77,87,86,87,82,89,102,125,125,166,174,174
103,95,82,85,81,87,98,76,96,85,99,78,81,84,88,90,87,97,85,105,133,137,157,164,181,206
100,102,93,83,84,90,80,83,76,84,81,78,79,91,76,85,82,80,86,96,129,144,157,159,173,200
106,97,82,77,86,80,73,76,69,62,62,69,75,75,69,70,74,83,81,97,115,136,138,171,195,174
97,80,86,75,71,69,76,63,63,51,55,53,66,66,62,62,68,75,74,90,104,141,144,170,183,179
94,72,71,68,63,68,65,64,48,55,48,53,59,71,61,64,64,55,64,71,108,89,132,142,169,183
69,66,66,56,67,61,59,59,51,53,51,63,59,61,69,62,64,65,58,76,77,96,118,159,177,178
62,61,51,61,53,48,49,51,48,53,50,60,58,63,58,59,66,61,66,73,110,127,154,169,176,186
59,53,55,56,50,51,49,54,50,54,54,60,61,71,68,73,85,76,79,113,131,117,140,140,169,192
55,53,52,53,51,54,55,62,61,67,69,76,81,76,77,75,68,70,75,73,71,89,111,132,138,176
48,48,42,44,40,41,40,41,38,41,43,48,50,42,50,52,44,56,66,51,68,69,89,129,113,170
44,41,33,37,38,37,33,32,31,33,35,38,36,34,35,36,34,35,38,39,46,58,91,105,125,146
42,39,33,36,32,30,29,27,30,30,31,30,27,31,30,32,37,35,36,47,45,56,56,92,97,128
44,41,38,39,32,30,32,29,32,30,28,23,30,30,31,31,32,34,37,37,42,57,66,68,91,133
50,44,45,42,31,31,34,29,32,30,32,29,28,29,33,35,35,40,44,41,47,54,55,62,86,103
59,47,50,45,41,40,40,30,31,28,34,34,30,36,39,41,43,39,40,48,47,50,66,62,59,77
66,57,54,52,51,51,46,42,38,40,46,41,45,42,38,36,47,49,48,60,54,64,60,59,79,81
61,57,60,63,60,59,57,57,50,57,51,51,52,41,64,52,46,59,56,67,60,74,82,79,84,74
78,81,77,71,72,70,74,71,63,68,58,62,63,61,68,66,72,70,72,85,89,86,94,83,106,93
83,86,91,93,95,89,86,77,73,69,71,77,68,76,72,81,105,104,100,98,125,130,136,125,136,137
98,112,118,109,108,107,90,95,94,83,83,82,104,83,84,86,99,128,133,141,139,159,160,167,150,162
141,118,105,106,121,117,84,103,105,99,96,92,103,118,112,103,104,140,149,147,156,164,169,174,169,168
141,134,129,119,136,121,93,99,113,106,112,115,119,128,104,129,125,122,132,163,156,161,171,164,172,162
154,140,137,132,128,117,122,118,144,116,119,117,110,119,117,131,116,142,137,146,155,167,162,167,168,179
136,123,137,135,127,118,108,122,115,112,115,127,134,116,126,130,124,148,149,154,162,166,168,171,173,181
162,137,142,150,138,129,134,128,114,121,112,116,117,127,125,123,146,115,125,138,128,159,177,165,181,182
145,151,144,148,125,132,130,112,122,125,108,117,109,124,136,152,135,120,150,141,163,162,170,172,178,183
150,137,132,156,141,137,127,98,131,103,105,103,125,134,127,130,103,117,128,138,143,164,154,162,183,193
125,139,144,136,130,118,100,114,98,110,109,107,114,113,110,108,121,120,120,135,147,155,148,190,189,198
152,120,135,128,119,102,109,98,89,97,100,101,116,104,102,96,99,97,130,124,140,125,167,160,174,185
