127,126,133,126,125,126,129,129,0,3,2,0,0,1,6,12,19,30,34,32,37,45,45,42,46,49
126,129,125,127,131,129,127,1,0,2,2,2,4,8,14,21,29,34,37,38,42,46,47,49,54,58
130,132,121,132,123,128,126,0,0,2,3,4,9,15,22,30,40,40,40,44,48,48,50,57,56,63
124,128,134,129,132,126,134,0,0,2,3,5,11,18,25,33,44,43,43,47,52,51,53,60,57,62
131,130,119,134,124,125,130,0,0,3,3,6,13,21,28,35,43,45,46,49,54,55,56,59,60,61
126,130,130,125,125,134,0,4,1,4,5,9,17,25,32,39,44,49,50,52,57,60,60,60,61,64
127,124,130,127,130,129,1,0,3,5,7,12,21,30,36,42,50,54,55,59,64,66,65,66,64,72
132,127,127,130,124,126,4,3,4,7,9,14,24,32,38,43,56,58,59,64,70,69,68,71,71,80
131,128,127,129,124,131,3,4,6,9,7,17,24,38,39,44,53,57,59,62,69,77,78,75,70,85
124,122,128,134,127,9,0,2,4,8,10,15,30,42,49,51,52,61,69,75,78,78,75,71,77,74
134,131,127,127,126,0,3,3,3,7,14,15,34,43,52,51,53,60,68,72,72,73,75,77,78,83
124,127,126,130,128,0,4,1,3,7,15,21,38,44,50,51,62,64,67,68,69,72,80,87,79,83
133,127,127,130,126,2,6,1,3,7,13,29,39,48,52,60,65,66,69,72,73,75,79,83,85,90
123,131,129,126,129,0,0,8,5,12,16,32,39,49,54,65,64,66,70,74,78,81,82,82,82,90
130,132,119,131,125,1,7,1,8,19,27,35,42,50,57,63,72,74,75,76,82,89,92,91,106,100
126,125,135,124,3,0,0,5,7,23,38,39,50,55,63,62,76,78,77,76,80,88,91,89,91,96
129,127,127,130,1,0,2,3,12,31,41,44,53,59,64,73,64,76,78,72,87,90,91,92,97,115
124,132,129,121,5,0,4,11,22,37,45,47,53,61,69,77,77,70,72,79,86,88,94,96,118,98
131,125,131,129,0,0,16,20,36,45,52,53,56,63,70,74,81,70,79,92,84,86,95,96,119,112
131,128,126,128,1,1,11,32,46,48,52,54,56,64,71,71,76,72,76,84,75,89,98,95,105,60
127,123,131,127,5,3,13,44,50,49,51,54,60,68,74,72,78,78,75,80,81,90,80,66,46,42
128,134,127,0,0,5,36,35,51,54,59,65,70,71,67,62,71,72,68,70,72,65,48,39,38,36
126,127,129,7,0,6,31,53,51,58,61,63,65,60,51,48,49,47,46,43,41,35,37,41,41,36
131,122,131,0,0,18,39,43,52,57,51,44,45,42,40,46,41,39,46,42,40,35,38,33,39,37
127,128,128,2,3,15,42,49,49,38,37,44,44,42,39,39,38,42,31,31,32,22,38,36,42,30
129,133,124,0,2,27,39,40,39,42,47,44,31,36,22,28,27,41,47,69,69,109,119,109,115,104
125,128,126,6,4,13,36,38,42,44,25,19,11,34,60,100,149,125,137,170,157,172,170,164,156,160
130,128,125,4,2,38,51,38,28,8,10,44,122,148,153,137,133,111,140,147,143,134,152,146,148,137
128,126,134,0,31,41,35,8,5,35,93,146,131,128,84,102,105,94,114,128,159,151,152,124,119,142
126,129,126,4,46,44,2,3,49,124,120,117,141,108,96,124,118,116,119,144,156,139,125,123,125,132
