153,159,178,187,196,200,207,215,221,226,230,233,238,241,242,245,252,249,253,254,255,250,127,126,128,128
154,167,182,189,196,203,210,217,222,228,231,235,239,241,243,246,250,248,253,252,251,255,133,129,128,128
161,179,188,191,196,205,212,217,222,228,232,236,241,242,244,247,249,254,254,254,255,128,123,127,128,128
161,182,187,191,196,206,213,218,223,228,233,238,242,243,244,249,247,254,254,252,250,133,128,129,128,128
161,181,183,193,199,206,213,221,226,231,236,240,244,244,245,249,251,250,254,255,254,130,126,126,128,128
168,185,185,200,205,206,210,222,229,234,238,242,245,244,245,249,254,251,254,254,252,130,128,129,128,128
174,183,191,196,202,207,214,221,226,234,242,244,243,244,247,250,253,254,255,250,131,129,125,130,128,128
182,189,195,199,204,208,214,220,229,236,243,245,245,246,249,251,250,255,252,255,129,128,129,131,128,128
185,190,195,200,207,213,218,224,233,238,244,246,247,249,250,251,251,255,253,252,128,130,131,123,128,128
187,190,194,200,210,217,222,228,236,240,244,247,249,251,251,251,252,249,255,254,128,128,126,130,128,128
195,197,198,204,214,219,223,228,237,240,243,246,249,251,251,250,251,255,250,125,131,128,131,126,128,128
202,202,203,210,219,223,226,232,238,240,243,245,248,251,251,250,252,250,254,128,130,125,126,133,128,128
204,204,206,213,222,226,229,235,238,240,243,245,248,251,252,251,254,252,255,124,130,128,128,125,128,128
205,205,207,213,222,225,228,234,239,241,244,246,249,252,253,252,251,253,252,130,128,127,132,127,128,128
210,200,205,218,222,227,235,236,236,240,244,247,248,250,252,253,254,250,132,126,127,126,127,130,128,128
213,206,210,223,227,229,231,231,240,244,247,247,248,249,251,251,245,255,123,130,128,132,125,132,128,128
218,214,217,226,232,233,234,236,244,246,248,247,247,249,250,250,251,253,130,126,126,126,133,120,128,128
215,218,223,232,238,237,237,242,244,246,247,246,246,248,250,250,251,251,130,130,128,126,133,131,128,128
213,222,231,239,242,239,238,241,244,246,246,245,245,247,249,249,250,125,126,123,133,130,120,127,128,128
226,231,238,240,239,238,242,246,246,247,246,245,245,246,247,247,244,125,132,134,122,131,133,128,128,128
238,237,240,240,236,239,247,249,247,248,247,246,246,247,247,246,254,130,121,131,130,122,132,124,128,128
234,233,240,243,239,242,248,244,247,248,247,246,247,248,249,248,126,128,128,128,126,131,124,129,128,128
218,232,240,239,240,245,247,248,247,253,246,246,249,247,251,249,128,128,128,128,128,128,128,128,128,128
220,233,240,240,242,245,246,247,247,244,255,248,254,245,252,245,128,128,128,128,128,128,128,128,128,128
221,231,239,241,244,246,246,248,254,246,251,249,245,251,248,131,128,128,128,128,128,128,128,128,128,128
218,227,235,242,246,247,248,251,250,245,249,248,252,249,249,127,128,128,128,128,128,128,128,128,128,128
215,224,234,242,247,248,248,252,251,255,248,250,250,245,245,130,128,128,128,128,128,128,128,128,128,128
213,224,235,242,247,247,247,250,247,242,252,245,245,253,125,126,128,128,128,128,128,128,128,128,128,128
212,225,236,242,246,247,247,249,255,246,247,250,253,249,130,130,128,128,128,128,128,128,128,128,128,128
210,225,237,242,245,247,248,249,248,252,244,249,249,130,125,128,128,128,128,128,128,128,128,128,128,128
