34,34,46,61,87,93,131,140,186,197,204,202,205,210,212,209,217,223,226,231,232,239,240,242,244,128
41,56,50,67,76,71,123,139,154,175,192,200,202,205,207,210,214,221,223,232,231,240,240,243,246,129
54,59,87,111,100,104,119,144,163,176,190,190,198,197,206,215,217,221,226,232,235,240,243,245,247,129
68,77,125,99,105,98,125,132,166,176,180,191,196,202,203,215,220,222,231,232,239,239,245,246,248,129
89,85,99,104,107,143,136,150,162,179,187,192,203,207,207,214,220,225,231,236,240,244,247,248,246,130
138,109,128,145,139,151,148,174,174,189,195,197,204,207,208,214,220,226,233,238,241,245,248,250,254,128
150,156,160,165,145,147,176,170,183,194,198,198,203,207,212,220,220,227,235,239,241,245,248,250,247,126
159,177,171,173,159,150,189,178,190,198,199,198,201,207,215,224,222,230,238,242,243,246,250,252,255,129
181,175,176,173,179,177,187,195,198,203,205,204,205,208,215,221,226,233,242,246,247,249,252,254,247,129
188,186,182,175,187,188,191,195,198,202,206,208,209,211,215,218,227,235,243,247,248,250,252,253,255,127
192,189,181,189,193,183,195,199,198,199,203,207,209,214,219,221,229,236,243,247,249,251,252,252,250,130
187,176,183,187,188,196,198,199,203,201,202,205,207,214,222,224,233,239,246,250,252,254,254,254,129,130
192,189,178,197,183,201,192,195,196,201,200,248,214,219,218,240,235,241,247,250,251,253,254,254,128,128
177,193,191,191,195,196,195,202,197,198,204,216,211,215,229,236,236,242,248,250,251,253,253,253,128,128
175,184,184,193,205,192,193,198,197,202,205,210,210,226,228,233,237,243,248,250,251,252,253,253,128,128
185,181,172,192,189,191,196,197,203,201,215,209,226,223,227,232,239,244,248,250,251,252,253,253,128,128
169,185,184,194,182,197,200,197,206,204,214,209,222,220,224,237,241,245,249,250,251,253,253,253,128,128
157,180,188,189,194,197,193,201,202,211,207,215,211,226,223,238,242,245,249,250,252,253,254,253,128,128
169,170,179,176,191,191,187,203,207,209,210,211,221,223,233,237,243,246,249,250,252,253,254,253,128,128
166,163,183,183,184,193,185,185,217,214,201,216,218,226,234,242,243,246,249,250,252,254,254,253,128,128
147,154,163,180,176,184,194,196,204,204,205,218,221,233,235,238,243,245,255,249,255,255,251,129,128,128
136,147,160,170,179,184,198,201,206,207,211,221,228,235,238,241,242,243,248,255,255,253,255,129,128,128
134,153,159,173,181,196,201,202,201,207,212,218,230,232,235,240,247,251,251,246,253,250,255,125,128,128
152,155,155,172,177,189,198,204,202,210,216,219,233,231,235,243,241,247,240,255,255,255,252,129,128,128
122,138,169,185,188,189,206,203,203,211,218,219,232,230,235,244,240,252,251,247,253,253,254,126,128,128
125,120,132,176,184,191,195,203,205,212,217,220,229,230,235,244,242,252,251,255,254,251,255,130,128,128
106,144,162,177,180,196,198,199,211,216,221,228,230,235,239,246,244,247,248,253,252,255,120,126,128,128
107,110,138,161,215,184,194,210,210,215,219,230,227,234,238,243,251,249,252,255,252,249,136,127,128,128
123,145,150,172,189,200,195,208,212,218,225,231,234,238,242,246,246,251,251,252,255,252,127,128,128,128
128,142,162,174,190,192,206,205,214,219,227,232,236,239,242,245,247,253,253,250,252,254,130,129,128,128
