45,45,46,46,44,48,58,63,71,71,75,78,81,84,90,91,107,102,124,113,113,109,105,108,58,118
49,38,42,47,48,51,50,50,56,69,67,64,67,78,79,94,98,118,117,135,120,107,114,133,169,133
33,35,36,44,39,41,39,39,54,62,46,42,57,58,75,97,112,123,129,139,123,119,117,120,150,126
39,19,30,38,48,31,49,65,51,44,41,48,45,43,68,99,91,133,137,120,170,144,142,154,159,129
43,26,24,36,31,29,36,54,55,49,54,46,54,50,57,85,113,127,62,59,131,151,167,159,171,131
55,23,26,43,46,31,44,66,45,45,52,61,58,57,58,77,103,97,48,39,59,174,171,165,177,131
53,30,27,43,37,26,42,59,43,47,55,57,94,156,78,78,106,110,48,45,55,163,153,152,177,128
13,22,20,38,19,22,40,42,34,52,100,113,181,119,104,89,99,88,56,46,51,161,141,149,178,126
17,20,35,44,44,10,44,31,36,54,92,181,221,189,134,81,63,157,57,40,52,94,164,163,180,126
8,22,31,41,45,26,62,35,32,99,99,196,222,219,84,70,64,97,76,57,66,86,160,148,184,127
12,23,32,49,59,70,84,65,40,120,82,52,81,126,85,174,68,90,108,66,84,90,142,149,179,126
8,21,32,48,67,141,153,140,102,66,64,55,54,80,129,210,154,83,112,74,96,112,156,148,180,126
20,16,50,48,50,106,173,164,134,67,61,61,66,67,149,201,221,137,121,125,144,110,179,155,182,127
22,28,59,55,56,133,158,189,159,69,65,57,73,145,150,196,244,210,153,193,151,112,164,173,186,128
37,36,69,58,128,94,201,218,158,66,68,95,129,148,203,212,240,241,113,200,135,167,176,180,188,130
25,56,78,116,224,87,201,213,87,77,86,132,168,187,192,211,241,243,133,147,149,168,175,183,189,130
37,47,51,197,170,98,184,222,57,54,66,124,218,212,131,215,230,249,97,145,155,166,171,192,187,128
44,54,221,144,59,61,190,222,57,65,70,124,219,217,122,205,234,222,83,159,140,154,154,198,185,127
33,32,28,24,41,79,196,158,73,64,76,198,242,190,66,175,237,65,64,74,75,101,161,186,186,128
10,7,7,17,52,63,200,40,68,85,108,221,226,65,69,212,220,56,69,77,64,89,166,178,180,128
3,6,10,31,38,68,80,63,71,101,196,233,181,109,92,226,67,51,68,80,64,88,181,185,182,127
6,4,22,24,38,77,70,65,59,138,213,203,117,61,156,226,45,57,73,77,60,93,177,181,194,128
2,4,21,34,48,77,61,83,68,65,156,201,120,73,213,109,52,63,66,66,63,100,179,178,193,129
7,15,21,37,50,60,70,62,52,183,213,206,88,71,217,51,59,61,76,60,70,165,168,169,180,124
2,14,24,46,42,49,55,61,81,148,207,175,67,135,158,45,54,52,61,72,79,165,177,185,190,124
6,6,24,39,35,65,61,89,153,182,190,100,69,218,58,56,51,57,55,67,150,185,179,188,222,134
9,12,40,37,37,53,68,74,117,157,141,63,107,210,54,51,48,62,66,140,176,178,147,206,255,124
5,19,44,29,33,46,61,71,86,126,106,48,212,47,42,46,51,62,117,168,194,186,200,207,255,125
16,16,27,17,26,25,33,51,84,161,59,72,121,42,39,44,62,127,163,175,205,214,214,211,230,130
20,10,14,19,23,16,16,30,44,63,41,168,37,35,39,58,119,132,124,204,215,223,185,217,254,128
