223,208,218,218,214,209,212,203,206,205,198,202,197,215,193,187,180,172,173,170,154,173,169,183,197,197
211,216,211,211,206,211,206,206,203,206,201,213,205,205,179,186,189,191,178,176,166,181,167,187,204,199
200,217,208,210,209,214,211,215,208,207,194,208,211,206,197,201,193,199,175,160,169,169,172,174,210,208
207,203,208,213,222,214,216,211,210,213,212,207,206,203,210,208,193,202,204,174,174,182,190,182,204,206
214,210,215,214,217,210,221,217,210,213,213,215,210,201,202,209,202,192,202,175,163,183,190,193,199,206
209,213,215,217,215,216,221,224,211,224,217,218,214,220,207,207,215,211,209,192,183,180,188,188,203,213
209,205,212,215,214,220,218,223,223,226,219,228,223,215,208,201,205,212,179,178,188,179,193,208,201,208
199,214,212,216,217,223,221,226,225,227,226,228,220,218,221,217,213,209,210,198,177,192,204,206,212,213
197,213,212,216,217,223,220,224,221,222,231,232,225,225,227,222,214,205,189,202,183,192,195,199,213,217
217,211,218,221,222,227,225,228,226,228,227,230,227,228,229,225,220,212,192,199,207,177,193,197,216,216
216,223,223,226,225,230,228,233,232,234,235,236,232,232,232,229,225,214,196,190,199,204,172,197,202,219
224,225,227,230,230,234,231,235,232,234,238,242,242,241,234,228,225,213,199,173,197,200,170,167,207,215
207,224,227,232,235,243,241,244,240,240,234,241,245,247,239,231,224,208,199,180,179,185,172,166,197,213
190,215,214,222,231,244,246,250,246,246,248,248,247,250,245,233,214,185,145,160,164,179,184,161,161,211
190,209,202,218,216,231,241,249,252,255,253,254,255,251,243,219,177,135,101,132,154,181,176,154,134,206
202,213,226,224,219,222,225,220,226,228,233,236,244,225,208,73,61,65,66,91,132,150,187,141,135,189
202,213,229,235,222,226,212,220,216,216,215,210,194,98,22,9,9,22,55,78,88,128,168,147,139,200
175,209,205,213,216,209,214,208,212,216,175,157,77,40,20,18,17,16,29,54,74,116,176,146,146,193
114,152,142,191,183,161,162,209,209,207,213,175,106,62,60,64,40,31,29,45,64,80,138,108,141,192
77,100,161,194,211,205,224,231,226,228,227,211,155,149,168,170,104,43,37,54,55,70,88,90,134,198
167,189,207,221,223,226,226,242,229,229,229,211,205,218,224,220,191,73,50,57,58,65,78,99,154,212
209,216,223,221,230,233,236,250,240,226,221,221,229,234,239,238,208,88,60,60,63,76,85,115,157,198
209,212,225,226,238,248,244,235,230,226,223,231,245,250,240,238,213,105,65,79,84,95,95,137,167,213
197,216,232,245,244,235,236,239,231,221,231,242,250,249,242,236,218,147,87,76,114,140,139,164,186,210
209,214,238,246,242,237,238,228,222,233,244,252,251,243,240,230,214,184,124,104,159,173,169,173,192,209
206,228,239,241,231,222,224,226,234,248,250,250,244,236,236,228,210,200,186,171,194,189,203,202,206,214
227,235,238,230,226,229,236,245,251,251,247,242,239,234,231,231,218,211,199,207,212,203,209,203,209,220
229,222,219,215,225,240,245,245,242,236,242,238,239,236,225,229,225,220,218,216,209,216,218,219,222,219
219,221,223,235,240,236,236,242,243,239,238,239,237,236,224,226,226,223,223,220,219,223,211,218,223,227
201,225,233,233,227,229,233,225,222,237,233,238,233,236,228,227,226,225,226,225,224,218,214,227,221,226
