211,197,198,189,191,210,190,178,158,112,80,61,66,58,51,51,48,54,55,60,55,53,53,48,40,30
187,193,187,192,195,194,180,177,160,118,82,75,66,52,55,53,50,59,57,60,57,61,59,58,54,42
183,182,196,199,190,189,185,180,156,117,77,68,61,59,46,54,56,56,55,51,48,53,49,50,35,14
196,188,209,181,178,166,191,177,150,99,76,63,62,55,54,49,53,55,54,51,50,44,46,40,10,19
204,186,199,194,164,168,187,171,134,82,73,63,62,53,49,51,54,47,55,52,52,46,44,29,18,29
189,187,195,202,189,186,182,171,125,81,73,68,59,53,51,46,19,0,37,49,46,44,36,39,22,13
183,183,193,190,196,191,188,179,129,88,76,68,57,52,48,46,30,17,49,47,42,43,42,39,14,14
186,189,182,179,181,190,190,179,130,86,77,61,57,52,49,42,52,50,40,21,31,44,31,16,25,23
180,196,182,175,188,181,186,171,119,85,72,59,55,51,47,36,51,61,40,18,21,24,22,22,48,37
184,173,183,181,186,164,182,169,108,89,65,63,50,48,43,39,42,41,23,11,16,26,24,5,32,51
166,164,175,176,184,176,185,167,130,78,67,59,47,45,41,28,33,24,0,11,35,27,16,26,54,11
157,172,179,169,173,174,160,157,95,80,70,57,56,41,25,3,10,26,14,38,42,21,19,42,31,14
176,184,194,177,164,163,161,153,86,69,53,56,41,29,25,20,7,13,18,52,35,24,28,54,25,21
185,182,175,178,188,171,150,134,73,60,53,52,45,41,31,31,12,11,22,54,30,22,38,46,35,19
193,192,194,185,182,176,153,108,82,57,63,58,29,42,47,37,36,26,9,24,26,17,37,30,35,15
193,200,190,185,177,166,164,134,85,58,66,44,28,10,31,39,41,19,7,23,41,29,23,23,27,25
201,197,185,171,128,134,165,138,89,58,59,55,29,14,31,44,26,8,20,28,28,8,14,20,25,33
201,198,182,178,140,176,169,138,85,76,62,53,22,26,36,30,10,9,5,0,13,14,16,17,25,24
190,189,174,147,171,159,147,143,85,66,66,54,22,17,40,8,10,4,5,2,1,15,8,20,26,30
197,193,191,183,174,161,176,128,90,74,61,60,29,6,6,0,8,0,8,3,13,9,13,19,23,29
183,184,193,186,162,171,159,130,95,71,66,56,23,11,0,4,4,2,3,3,23,13,16,17,26,30
189,181,161,168,180,170,148,127,86,66,65,56,36,4,5,12,0,11,1,11,26,25,13,16,32,35
157,165,185,176,168,169,159,133,87,64,62,56,40,9,5,6,1,15,8,23,23,22,9,13,33,37
170,164,177,183,176,176,165,131,96,73,64,58,31,17,9,6,12,9,12,24,19,7,8,11,31,35
141,149,169,168,152,162,162,116,91,82,61,62,36,9,16,13,16,6,9,21,18,3,10,15,33,32
136,157,162,170,166,137,135,133,89,73,61,49,27,22,12,12,9,12,9,23,22,12,13,21,38,31
159,160,161,157,148,154,148,128,99,74,64,45,24,23,10,16,10,7,10,22,17,10,20,30,29,44
168,163,166,167,153,169,143,138,101,82,64,35,26,15,10,13,7,8,11,19,17,16,16,32,30,49
162,161,170,162,161,140,133,125,90,81,62,30,27,19,16,14,7,12,12,15,13,18,26,26,45,22
171,162,166,163,158,142,144,116,88,85,63,32,19,22,22,18,11,15,15,16,12,18,25,38,42,9
