217,205,199,181,186,158,126,151,153,154,139,150,141,132,131,140,121,91,58,27,28,29,34,32,32,29
212,211,188,184,167,161,148,168,138,146,148,144,157,134,150,157,120,102,77,56,53,51,61,63,65,74
186,201,193,189,178,162,157,159,161,165,147,154,171,169,160,145,137,114,80,77,68,58,60,70,82,96
227,196,177,187,170,160,155,165,164,166,165,194,182,164,166,175,164,124,108,79,64,66,61,61,75,91
181,205,177,174,167,168,153,188,178,184,186,184,176,163,168,165,159,146,136,111,112,91,77,73,76,90
180,191,176,181,148,178,177,186,171,167,180,182,195,167,186,168,179,172,150,141,129,118,113,122,106,103
190,195,182,192,176,189,180,175,158,172,162,166,182,200,200,180,169,175,181,153,136,139,135,121,131,125
201,178,193,181,175,173,183,170,162,184,171,167,190,188,192,175,180,173,169,147,141,135,138,141,125,136
213,201,201,176,166,176,166,165,185,165,162,182,188,192,197,181,183,188,157,147,143,157,136,125,136,108
207,201,168,175,167,155,169,172,197,194,187,184,202,190,190,197,181,167,151,160,144,159,135,129,112,119
206,182,189,191,169,171,156,179,182,175,192,179,192,204,204,165,176,173,164,153,156,134,160,139,150,124
209,195,188,188,178,175,168,170,178,176,195,200,186,177,204,187,170,143,154,150,156,145,144,138,124,126
207,189,183,193,175,170,149,170,169,185,190,178,184,210,181,174,161,163,164,144,140,136,136,135,120,120
189,179,204,199,176,178,170,171,185,187,177,189,168,182,173,165,161,162,175,147,148,124,128,133,114,123
192,174,209,179,167,155,154,167,192,175,188,191,169,168,176,178,165,181,174,158,155,125,132,131,123,130
173,172,172,167,166,151,159,185,175,173,168,160,168,180,177,177,173,174,163,137,150,146,138,131,127,142
190,165,143,160,149,140,171,163,189,171,174,181,167,183,165,169,152,169,163,175,155,144,127,153,135,151
170,169,164,176,164,139,146,161,181,187,160,176,165,168,161,169,177,154,164,162,167,168,176,178,191,176
176,177,149,151,136,145,163,168,167,172,165,159,178,149,161,160,175,158,182,180,188,200,197,175,178,139
159,153,145,151,131,160,163,170,162,160,157,165,150,159,153,164,195,179,202,193,196,199,142,115,75,80
156,154,146,127,128,143,174,145,168,164,148,159,169,138,134,168,192,197,175,160,109,90,73,75,62,55
138,144,125,143,133,160,145,156,173,138,125,134,127,137,166,171,184,157,136,95,71,60,56,61,69,67
144,152,128,133,135,152,151,157,139,127,145,126,117,141,165,169,144,105,62,63,55,56,65,63,66,66
144,140,143,157,135,145,161,151,122,116,107,104,103,131,129,106,80,51,43,44,48,52,54,56,56,55
136,144,139,127,119,143,129,117,110,101,87,75,77,81,70,49,40,29,37,35,40,43,42,48,45,43
144,143,130,131,145,123,140,125,112,76,52,37,42,32,29,30,34,32,33,36,32,31,29,36,32,32
129,147,147,131,140,128,121,118,94,69,36,29,17,12,17,20,24,20,21,28,26,23,24,27,24,26
129,122,132,133,119,119,120,107,77,48,25,8,0,2,8,8,21,19,29,28,31,31,30,23,22,23
140,118,126,137,113,108,112,91,65,33,25,2,0,5,5,12,31,41,51,53,54,56,55,38,37,34
149,140,123,116,110,109,99,82,49,26,10,9,7,13,15,26,35,53,60,83,78,80,93,69,68,62
