125,145,123,128,100,78,83,78,78,73,80,63,70,76,72,80,71,76,79,92,105,81,86,107,99,120
161,142,128,116,94,105,98,82,71,70,75,73,67,57,67,64,75,77,77,83,97,95,100,99,112,103
140,133,125,116,110,126,106,84,73,79,82,71,63,64,64,67,70,70,68,72,82,93,91,100,102,116
139,137,119,129,94,105,90,87,81,77,72,64,61,57,64,62,59,60,64,71,81,89,96,102,100,120
128,126,123,112,103,91,94,89,72,66,64,62,65,58,55,55,55,54,55,62,75,86,86,91,90,106
126,113,115,88,106,89,70,64,54,66,74,66,62,51,46,48,50,50,49,53,64,74,68,88,89,98
105,107,95,89,72,63,60,59,61,75,76,61,53,47,47,45,44,45,46,49,52,55,60,71,80,86
72,80,64,71,60,60,62,61,60,56,52,48,45,45,48,46,44,43,43,44,47,51,67,63,66,87
62,64,52,43,45,40,42,39,44,37,38,48,44,46,38,40,42,42,40,41,47,54,52,53,73,86
23,18,13,22,10,18,9,2,11,4,6,17,14,24,28,28,30,35,41,45,48,50,56,56,70,80
29,15,6,13,1,14,12,14,9,7,3,14,11,4,6,24,27,29,26,40,32,49,40,53,52,62
6,3,1,0,8,0,0,0,6,0,5,2,13,14,15,2,9,26,25,29,31,34,49,51,41,56
52,55,54,54,35,47,42,42,36,34,31,23,16,19,5,11,5,2,16,20,27,33,44,50,59,58
77,63,61,59,57,60,40,43,31,32,27,24,8,10,5,18,24,20,19,33,52,37,35,43,39,48
24,28,33,18,28,13,17,23,22,10,25,26,30,28,16,23,36,58,64,74,84,73,49,12,17,32
33,34,28,11,7,16,13,19,14,9,30,50,50,38,18,19,12,26,39,40,43,57,49,79,93,116
55,50,41,11,16,15,10,15,4,14,38,78,70,49,36,15,16,16,17,27,53,71,81,68,75,83
41,51,46,6,3,3,6,6,6,9,46,83,91,67,49,30,27,18,32,23,37,71,95,61,77,73
39,47,41,12,1,5,3,5,0,30,68,90,96,67,46,36,36,24,23,29,28,50,94,69,76,75
47,35,32,5,7,10,9,4,17,51,89,108,94,71,49,46,48,36,27,26,27,43,68,102,76,67
32,28,17,10,4,24,8,32,71,92,94,85,65,52,26,24,21,16,14,27,49,65,84,95,74,76
132,64,22,16,27,26,50,80,97,96,75,53,42,22,16,16,14,21,28,44,65,67,54,69,86,74
112,96,87,73,74,66,48,52,40,27,19,26,42,40,30,33,32,42,48,55,65,55,57,76,74,85
21,29,28,27,18,12,24,17,28,24,21,27,25,34,31,35,34,42,48,53,62,57,55,70,83,84
29,21,27,16,26,28,27,14,24,25,28,36,29,38,32,39,42,49,56,58,60,59,48,68,80,82
39,39,28,32,27,26,30,30,31,29,24,26,34,38,47,50,51,55,65,67,64,66,66,81,66,56
44,37,32,39,35,46,33,35,31,24,29,42,48,44,58,49,65,67,66,66,65,72,83,58,16,24
54,52,47,41,44,31,34,40,38,49,44,53,48,51,63,78,67,83,68,85,82,77,74,35,50,33
63,53,48,51,50,49,42,46,44,54,48,56,54,62,62,85,76,72,92,110,97,96,91,34,64,23
65,70,68,61,54,53,55,58,60,58,63,71,77,78,77,78,68,102,113,114,120,116,115,99,39,22
