136,146,173,170,187,188,210,210,214,218,227,229,232,238,238,242,247,248,251,253,255,252,128,125,128,128
148,148,162,169,185,186,199,202,214,218,228,230,234,239,239,241,247,247,251,250,249,255,133,128,128,128
160,138,150,158,197,187,205,209,212,217,227,231,236,241,239,240,248,251,252,254,255,126,123,128,128,128
174,174,163,178,180,199,198,208,212,216,227,232,237,243,240,241,246,250,252,251,252,131,128,131,128,128
147,165,177,179,190,202,208,210,213,216,226,231,238,244,243,244,249,246,253,252,255,128,127,127,128,128
153,155,167,176,197,195,202,211,214,217,226,231,238,246,245,247,250,248,254,248,251,129,131,128,128,128
158,167,187,185,184,192,207,212,216,219,231,232,241,244,247,248,249,249,250,249,132,129,125,128,128,128
153,161,177,186,185,200,207,213,219,216,228,234,243,240,243,251,247,250,247,252,129,128,129,132,128,128
160,162,185,184,197,197,211,214,219,216,228,233,241,239,243,251,248,252,247,248,127,129,131,125,128,128
173,175,196,187,200,195,211,216,218,220,231,231,238,242,245,248,250,244,252,251,126,127,127,131,128,128
178,187,192,195,191,204,207,218,217,220,232,231,238,241,244,246,248,254,246,124,131,127,130,126,128,128
177,190,196,193,195,209,209,213,219,217,230,235,241,237,239,247,247,245,252,128,131,125,125,132,128,128
166,188,210,193,205,208,216,212,219,218,232,238,243,238,238,245,247,246,252,124,131,128,128,125,128,128
149,186,214,202,204,212,217,218,218,223,237,238,243,242,242,242,243,246,248,129,128,127,132,128,128,128
152,188,209,193,211,217,223,220,222,226,235,237,240,237,242,245,244,245,126,130,132,123,128,131,128,128
127,185,199,206,215,217,219,226,227,229,237,237,241,237,242,244,245,246,127,132,122,137,128,122,128,128
106,185,216,216,217,226,220,220,233,234,240,239,242,238,242,243,242,239,129,129,127,124,130,129,128,128
96,141,214,219,217,220,222,222,238,237,242,241,245,241,244,245,248,255,124,125,132,127,132,125,128,128
89,159,214,197,226,233,223,232,238,237,242,241,246,242,246,246,243,124,129,128,129,126,129,130,128,128
114,156,193,213,215,216,225,228,237,236,241,241,245,242,246,247,252,123,132,134,124,132,125,126,128,128
109,160,186,215,214,227,235,234,237,238,243,243,246,242,246,247,241,132,125,122,130,128,129,130,128,128
98,142,177,210,217,226,222,238,239,240,246,245,248,243,246,248,126,131,126,131,129,129,127,128,128,128
100,174,186,204,220,222,233,239,242,245,247,245,242,250,241,249,128,128,128,128,128,128,128,128,128,128
113,171,190,210,214,220,236,231,240,239,244,247,253,247,253,242,128,128,128,128,128,128,128,128,128,128
116,172,187,203,219,224,236,240,242,242,240,248,242,246,250,128,128,128,128,128,128,128,128,128,128,128
132,179,191,201,218,221,229,239,240,240,247,247,248,246,248,129,128,128,128,128,128,128,128,128,128,128
135,162,190,207,215,225,241,242,239,247,240,243,246,244,244,128,128,128,128,128,128,128,128,128,128,128
151,170,197,210,219,223,231,233,239,242,250,245,248,251,133,127,128,128,128,128,128,128,128,128,128,128
162,177,197,206,227,230,231,240,242,241,246,245,247,237,128,127,128,128,128,128,128,128,128,128,128,128
186,181,202,211,221,229,237,236,242,242,249,242,247,134,124,132,128,128,128,128,128,128,128,128,128,128
