146,137,131,111,107,99,94,90,91,93,97,105,93,102,109,117,99,98,104,93,66,58,35,34,36,30
141,134,117,106,96,92,100,102,105,98,106,96,95,101,109,98,113,106,115,96,89,83,58,42,30,26
128,124,113,120,104,104,93,109,112,111,109,88,90,93,111,112,92,114,118,108,116,83,90,63,65,46
137,102,123,113,119,116,107,112,96,105,99,103,107,118,103,127,137,117,124,105,112,92,96,85,67,72
124,111,128,113,99,91,100,98,93,112,108,123,108,115,118,140,131,158,122,123,112,101,89,88,92,83
139,140,126,105,90,100,97,87,97,104,102,123,114,131,118,139,137,127,131,132,109,110,95,92,97,77
116,137,105,95,98,105,92,84,104,108,121,118,121,140,141,136,131,133,138,114,119,104,86,85,89,78
131,112,111,112,100,108,98,101,97,102,120,126,138,112,131,132,134,138,128,124,111,118,120,92,86,83
118,117,121,113,108,95,89,99,95,93,109,134,135,139,114,130,113,138,134,119,111,106,99,93,112,92
98,126,102,119,117,95,95,93,112,101,115,99,135,124,127,138,125,110,119,120,110,95,116,98,97,92
122,108,99,111,108,118,88,92,92,93,112,114,120,130,122,114,112,113,122,104,112,125,101,98,94,102
119,109,104,99,107,94,102,76,97,94,98,105,108,126,107,125,117,117,108,102,120,105,101,119,85,81
99,91,96,100,87,94,77,93,87,111,101,97,100,116,110,110,120,115,99,119,127,116,125,118,93,84
103,101,92,90,91,100,76,90,98,97,99,106,110,99,94,104,113,117,101,114,137,108,111,94,104,103
97,95,77,81,83,76,84,75,90,100,96,94,84,106,106,96,109,111,104,101,131,123,123,109,101,114
89,90,75,93,88,74,71,94,102,103,101,104,99,107,87,88,105,108,110,104,120,118,137,133,115,129
85,79,86,74,79,62,77,87,85,103,98,90,97,101,88,93,94,96,130,129,120,124,137,130,150,145
83,88,80,71,71,70,93,81,79,99,83,81,93,77,96,95,100,101,129,139,137,143,147,149,107,102
78,77,66,70,74,76,94,78,83,96,74,69,72,63,86,82,110,124,128,132,124,105,76,68,46,41
81,76,79,71,79,79,78,75,79,78,62,53,50,69,75,86,103,111,114,98,66,44,38,29,32,32
70,79,73,68,65,72,67,80,73,53,42,48,44,53,56,79,73,60,58,39,23,27,22,20,26,29
82,65,73,61,75,72,75,68,53,47,36,32,25,24,27,33,30,28,17,15,22,13,22,22,22,23
77,77,63,73,68,62,58,61,50,35,28,18,9,11,9,14,11,14,11,15,12,18,16,20,20,22
73,65,62,66,59,67,56,53,39,24,16,9,2,2,2,5,8,9,13,12,13,15,17,17,12,17
76,72,60,63,57,55,47,40,27,15,8,4,2,1,7,10,15,13,20,15,17,17,15,18,11,16
80,79,63,64,55,42,38,30,21,13,7,6,7,7,7,12,19,22,30,30,34,38,24,32,23,21
78,68,65,63,48,43,33,25,18,12,6,6,13,17,11,17,19,25,28,35,39,47,45,49,41,38
75,66,59,58,48,40,30,24,17,11,8,11,22,34,24,27,21,24,23,31,32,40,53,54,56,61
73,73,60,56,50,36,30,26,18,13,15,18,30,47,38,34,26,23,27,32,34,37,45,48,57,65
69,70,70,57,44,44,32,30,21,17,21,22,29,47,57,46,35,26,33,32,32,30,40,45,51,47
