126,121,111,103,111,108,97,97,77,77,74,67,38,42,54,42,37,35,31,33,33,29,27,30,30,27
128,123,103,115,115,96,102,90,109,84,75,72,61,64,57,46,53,33,43,37,36,34,28,34,40,34
126,124,127,118,118,106,97,109,91,90,85,65,76,54,57,63,46,51,49,47,37,32,36,37,35,38
133,134,129,121,117,122,108,103,93,98,88,76,82,66,69,56,51,58,52,37,37,40,33,36,40,31
134,126,131,126,122,123,114,118,106,102,91,70,77,72,69,62,68,58,47,45,38,36,44,42,35,37
126,137,140,140,126,129,120,119,117,109,108,92,98,77,73,74,65,61,61,50,50,49,41,43,46,36
151,135,144,127,154,131,131,117,112,124,78,101,99,89,85,70,70,76,66,66,59,51,49,47,42,41
165,155,151,142,133,143,139,128,114,101,124,110,114,102,94,93,75,80,65,63,62,56,48,48,47,40
164,161,152,152,143,151,153,138,126,137,128,118,118,114,104,104,97,80,81,82,75,68,62,56,48,48
176,149,162,152,168,166,151,143,143,139,133,126,124,125,124,119,116,101,102,91,78,84,67,72,68,60
191,177,170,165,150,161,162,145,147,158,157,142,149,132,132,130,111,105,102,104,102,88,82,62,65,56
198,167,173,183,178,183,167,168,153,195,182,175,166,156,153,135,135,138,125,121,107,103,80,85,90,71
197,197,174,197,187,200,152,182,189,176,188,178,181,165,175,176,152,147,140,152,125,117,104,97,77,76
191,190,208,202,188,134,184,198,201,186,189,186,172,183,185,167,159,155,152,141,137,121,104,90,95,97
205,200,202,196,187,203,214,223,215,196,203,204,180,172,181,204,187,158,164,154,154,144,127,120,101,94
192,204,186,180,180,206,211,211,201,213,187,197,193,221,201,174,170,176,161,146,180,150,134,124,125,96
187,194,203,178,200,208,218,206,200,203,213,197,217,203,185,182,197,186,184,168,181,161,136,149,124,117
195,216,181,183,220,195,199,212,196,219,208,217,221,206,198,171,170,175,182,183,177,152,159,150,134,136
195,190,170,198,195,205,204,204,213,199,200,207,212,191,198,177,155,176,179,203,165,157,143,156,139,130
179,194,171,197,193,177,210,190,196,193,197,209,204,196,199,177,168,162,156,155,150,136,157,124,136,119
158,155,150,151,162,141,152,160,148,147,143,161,183,160,157,165,146,130,107,126,123,118,134,127,114,103
145,135,131,137,117,110,118,111,103,113,124,121,115,122,120,99,95,102,91,82,86,96,97,95,85,94
111,128,117,99,105,87,86,66,81,88,79,78,78,65,66,75,68,74,63,52,58,55,50,71,74,78
114,105,85,91,80,99,83,93,67,54,52,47,59,69,54,42,43,50,52,53,49,41,51,61,57,78
87,90,84,89,101,72,102,68,53,52,48,48,41,36,35,41,47,40,53,48,45,47,55,52,69,78
103,95,95,92,92,75,65,58,56,50,48,44,34,30,31,35,40,32,38,45,61,58,74,70,67,75
104,86,89,85,72,81,68,81,66,43,34,37,37,37,33,32,37,35,48,73,74,84,90,98,86,96
95,89,82,84,77,59,69,52,53,38,40,43,44,44,39,41,58,67,77,93,88,84,103,89,110,103
100,107,93,99,80,64,61,43,39,43,53,54,55,60,61,65,78,83,81,86,84,87,99,87,114,102
106,102,101,90,69,75,65,63,49,47,51,59,68,77,75,73,78,76,79,76,79,93,82,95,97,100
