121,102,81,67,91,71,57,60,56,52,51,48,38,39,36,31,30,30,33,38,46,42,51,50,63,73
99,86,85,78,72,69,66,62,50,58,49,40,39,39,33,34,36,25,36,36,33,45,40,53,58,75
98,81,71,81,74,71,50,61,44,43,48,35,32,32,31,32,30,26,25,29,31,30,31,48,57,63
97,84,65,60,63,61,64,65,41,32,33,28,35,39,31,27,25,25,25,23,25,30,29,37,42,53
70,71,61,52,58,45,24,30,25,29,34,31,35,34,28,24,22,23,22,20,21,26,25,30,36,45
51,52,43,33,41,31,24,27,26,30,29,25,27,22,22,24,24,20,19,21,22,20,22,27,32,37
18,16,11,9,9,6,11,8,6,7,6,10,17,17,14,18,20,18,18,20,21,19,23,24,25,26
9,7,9,13,6,6,5,4,6,7,5,5,6,4,8,7,10,15,17,15,17,21,21,24,28,26
15,9,4,1,0,6,0,1,3,3,3,3,2,4,5,3,4,9,11,10,13,18,18,21,28,27
0,0,3,3,0,0,0,1,2,0,0,1,0,2,3,5,5,2,3,9,13,13,17,12,16,19
5,0,0,2,2,3,4,3,5,3,3,4,0,1,1,1,4,4,5,3,3,13,11,17,19,22
0,4,12,1,8,1,4,3,7,7,7,3,0,7,9,5,2,1,5,5,3,6,12,13,14,20
10,4,11,5,19,6,0,3,5,4,8,6,0,8,17,15,7,1,3,4,3,2,7,11,15,20
1,8,13,19,13,2,0,4,3,0,7,9,2,8,26,30,21,9,3,2,4,3,5,11,16,19
16,19,15,21,13,3,0,3,2,0,5,4,2,18,43,49,36,18,7,3,6,3,7,9,15,20
17,11,14,14,17,9,1,0,1,3,2,0,5,36,62,64,43,24,14,10,11,2,4,7,19,27
43,8,15,14,8,2,1,0,1,2,1,3,22,54,71,69,43,25,17,13,16,6,4,4,18,29
179,37,9,9,10,3,2,1,3,0,3,21,43,66,69,68,41,23,15,12,19,13,11,1,9,23
188,159,55,19,9,4,5,1,1,12,30,48,58,62,59,37,19,16,16,13,8,3,2,2,14,23
162,150,140,107,47,24,16,30,47,57,55,46,39,36,25,13,6,4,2,1,3,4,15,12,20,28
59,79,88,98,94,55,50,43,34,29,26,20,10,2,9,6,7,7,5,6,12,15,21,33,36,24
12,9,13,10,19,15,13,11,9,7,8,9,10,10,10,10,11,11,10,13,18,17,28,34,33,26
15,11,9,9,13,6,3,9,14,13,9,6,7,10,10,10,12,11,10,14,18,17,27,29,27,26
22,18,21,18,9,9,14,10,6,5,8,12,13,12,8,10,15,16,14,17,24,26,30,34,33,29
17,17,20,13,10,14,10,12,14,15,14,12,9,8,12,13,18,21,20,23,29,32,42,33,38,49
18,13,19,19,23,20,17,15,13,11,12,13,14,14,22,19,22,27,29,31,34,34,37,37,49,58
24,26,20,21,21,14,12,13,15,15,13,16,20,19,23,25,27,31,42,43,43,38,49,54,59,63
26,23,27,23,24,22,22,18,19,22,23,25,28,29,28,29,34,45,42,38,45,67,71,57,73,78
44,42,42,40,43,28,33,25,24,29,32,33,36,38,39,50,49,45,53,40,67,70,81,90,95,103
57,49,50,42,36,41,48,40,38,41,41,42,46,48,42,54,60,47,46,80,86,100,101,108,115,94
