92,105,127,169,183,218,230,250,250,250,251,247,246,132,123,131,128,128,128,128,128,128,128,128,128,128
97,120,144,142,184,215,234,235,250,243,249,252,248,130,122,132,128,128,128,128,128,128,128,128,128,128
122,131,139,169,177,229,239,244,249,251,250,247,124,129,135,123,128,128,128,128,128,128,128,128,128,128
101,149,147,160,202,228,213,245,244,249,238,251,131,130,124,130,128,128,128,128,128,128,128,128,128,128
134,137,161,168,187,206,232,241,245,243,249,127,128,128,126,125,128,128,128,128,128,128,128,128,128,128
149,150,158,183,210,222,218,232,233,240,246,126,128,129,124,133,128,128,128,128,128,128,128,128,128,128
162,145,168,181,204,218,229,209,236,237,125,128,131,130,124,126,128,128,128,128,128,128,128,128,128,128
165,165,182,191,229,208,207,227,229,229,130,128,125,127,132,127,128,128,128,128,128,128,128,128,128,128
170,147,159,191,201,210,212,237,227,224,128,129,129,129,131,127,128,128,128,128,128,128,128,128,128,128
157,169,185,193,196,217,216,209,213,129,131,129,127,121,127,131,128,128,128,128,128,128,128,128,128,128
179,190,161,200,183,195,213,206,224,129,127,124,128,134,130,123,128,128,128,128,128,128,128,128,128,128
176,186,195,203,194,191,200,211,127,127,128,134,125,127,129,129,128,128,128,128,128,128,128,128,128,128
180,187,176,191,185,188,179,200,129,127,129,126,128,126,130,129,128,128,128,128,128,128,128,128,128,128
193,179,178,193,187,190,199,128,128,129,127,129,134,125,127,128,128,128,128,128,128,128,128,128,128,128
187,175,170,185,192,189,132,127,123,135,120,129,130,128,128,129,128,128,128,128,128,128,128,128,128,128
183,169,166,177,190,189,126,128,131,124,132,131,123,127,128,130,128,128,128,128,128,128,128,128,128,128
167,151,160,184,187,128,129,126,128,128,128,128,128,128,128,128,128,128,128,128,128,128,128,128,128,128
165,151,144,186,173,129,126,132,128,128,128,128,128,128,128,128,128,128,128,128,128,128,128,128,128,128
136,149,158,158,125,130,123,126,128,128,128,128,128,128,128,128,128,128,128,128,128,128,128,128,128,128
145,154,151,148,129,128,137,126,128,128,128,128,128,128,128,128,128,128,128,128,128,128,128,128,128,128
150,131,141,132,127,127,122,129,128,128,128,128,128,128,128,128,128,128,128,128,128,128,128,128,128,128
132,138,132,130,125,126,133,128,128,128,128,128,128,128,128,128,128,128,128,128,128,128,128,128,128,128
129,125,123,124,130,134,125,127,128,128,128,128,128,128,128,128,128,128,128,128,128,128,128,128,128,128
114,129,129,125,132,124,129,129,128,128,128,128,128,128,128,128,128,128,128,128,128,128,128,128,128,128
128,128,128,128,128,128,128,128,128,128,128,128,128,128,128,128,128,128,128,128,128,128,128,128,128,128
128,128,128,128,128,128,128,128,128,128,128,128,128,128,128,128,128,128,128,128,128,128,128,128,128,128
128,128,128,128,128,128,128,128,128,128,128,128,128,128,128,128,128,128,128,128,128,128,128,128,128,128
128,128,128,128,128,128,128,128,128,128,128,128,128,128,128,128,128,128,128,128,128,128,128,128,128,128
128,128,128,128,128,128,128,128,128,128,128,128,128,128,128,128,128,128,128,128,128,128,128,128,128,128
128,128,128,128,128,128,128,128,128,128,128,128,128,128,128,128,128,128,128,128,128,128,128,128,128,128
