106,104,104,101,93,96,106,96,94,98,98,101,103,114,110,127,145,140,153,155,148,158,161,150,155,163
118,114,113,108,101,107,101,100,111,106,112,105,116,113,138,138,153,146,153,156,163,153,156,148,152,163
125,118,117,113,106,115,106,115,120,118,120,122,143,137,150,163,163,156,163,156,162,165,154,170,163,162
131,124,127,124,119,128,125,117,130,145,142,161,153,166,157,165,162,166,163,153,157,153,165,161,169,164
138,142,135,138,139,141,124,135,139,158,167,170,170,177,179,173,160,165,150,160,150,163,169,172,165,160
147,152,150,143,145,152,150,160,159,172,169,172,170,174,169,161,165,168,162,165,149,164,166,174,167,171
155,155,160,151,156,162,174,176,173,178,174,176,174,167,172,161,170,155,154,166,154,179,172,174,167,171
175,168,173,174,176,178,178,178,180,177,178,176,180,167,150,170,150,157,157,150,170,169,165,167,174,173
179,175,175,181,177,176,175,180,180,181,173,177,178,169,155,159,141,153,156,160,172,178,177,175,179,171
185,191,188,190,184,186,177,182,168,179,168,180,168,158,157,148,135,164,169,164,166,169,169,169,170,178
188,190,187,188,189,189,177,181,166,173,170,178,165,156,162,130,141,145,147,156,148,166,161,156,154,164
190,178,176,178,187,180,172,180,181,173,177,170,174,172,144,127,150,145,142,145,149,158,154,156,167,166
186,177,175,180,178,171,178,169,181,175,171,180,165,154,124,137,144,141,123,138,154,150,159,165,170,174
188,185,182,182,181,180,182,165,173,175,168,165,149,136,124,129,106,117,115,133,158,160,155,161,160,171
185,185,181,177,177,178,165,164,173,170,160,162,153,126,137,114,108,103,117,152,167,177,179,184,177,184
182,180,178,178,177,176,155,152,161,172,157,146,147,133,117,106,94,94,154,175,191,182,178,181,177,183
180,175,174,177,177,174,164,157,157,164,147,131,137,128,97,109,104,114,185,190,194,199,196,186,182,184
181,174,170,171,171,168,166,162,152,144,131,127,130,115,102,100,117,153,185,194,192,202,187,175,178,174
182,179,174,170,165,162,157,150,139,133,126,117,113,108,99,96,95,167,186,187,202,183,188,181,184,173
172,175,175,168,160,155,146,158,152,131,123,123,113,98,96,116,123,172,199,190,189,195,186,179,176,163
181,170,170,150,158,152,153,146,134,136,112,121,104,111,93,105,117,177,183,183,195,181,185,179,157,152
168,165,158,159,153,143,140,142,142,130,120,112,102,97,99,109,131,178,189,184,176,190,178,176,163,152
165,157,160,164,159,142,142,142,126,119,112,109,105,107,105,101,125,169,174,172,162,165,164,160,157,149
176,170,171,163,150,130,141,127,115,108,126,105,108,105,113,115,118,159,163,156,158,134,129,122,117,115
162,165,150,157,145,145,148,138,106,118,117,118,109,115,108,126,111,139,148,128,123,104,85,79,71,65
156,160,154,154,143,142,139,136,126,124,128,124,119,117,112,114,110,124,126,107,88,72,47,47,44,39
160,150,154,143,138,134,135,133,120,121,110,124,121,130,131,121,129,128,118,109,88,71,58,57,62,61
158,156,149,146,132,129,135,124,125,126,121,124,122,131,128,143,145,125,116,108,90,85,75,69,75,73
162,145,152,139,134,137,128,129,123,122,122,123,133,141,146,141,135,145,135,117,111,83,76,79,74,79
158,141,141,132,131,124,130,121,126,138,131,129,139,136,133,141,149,158,139,145,122,101,83,79,82,74
