7,12,4,8,6,2,0,2,4,3,5,12,10,23,23,32,17,21,20,21,14,6,2,9,6,14
28,22,25,12,5,0,1,4,4,5,6,3,6,12,11,13,7,30,35,23,29,19,9,10,0,7
0,0,3,5,3,0,0,3,2,6,7,1,1,9,4,0,13,23,16,12,16,16,19,27,24,27
6,8,1,13,4,0,0,1,0,5,9,4,10,4,8,12,16,9,3,7,18,17,15,16,19,22
5,2,2,9,3,1,1,0,0,3,6,5,14,1,2,6,8,26,21,8,9,15,16,24,34,33
2,1,2,1,0,0,0,0,0,0,2,2,22,16,6,11,13,26,18,33,17,17,2,4,15,18
1,7,1,4,3,0,2,0,5,0,3,2,3,17,17,23,17,21,37,23,13,21,5,1,6,8
10,2,0,2,0,2,3,4,1,0,0,2,5,30,30,24,9,21,21,12,20,28,26,11,7,2
10,0,3,6,5,4,1,0,0,3,1,0,3,11,25,9,27,20,13,3,13,0,7,10,19,14
10,1,6,0,3,3,12,4,7,0,7,8,2,23,37,21,14,31,28,7,17,4,9,17,12,6
0,2,17,11,18,7,11,15,35,30,30,22,43,36,40,44,13,19,28,12,12,6,0,8,11,24
5,8,17,13,8,12,18,24,24,28,39,51,44,63,43,23,37,28,15,14,14,15,5,8,2,10
0,10,17,17,30,33,33,32,33,44,57,66,59,45,46,59,36,36,31,36,31,17,12,8,13,10
12,26,25,19,42,43,48,36,47,51,63,58,80,50,56,47,53,47,42,47,23,18,34,16,25,19
12,27,38,43,50,42,49,37,52,63,76,68,68,62,53,59,57,56,47,49,44,51,35,22,34,33
18,42,60,42,45,51,54,58,74,78,74,83,91,71,66,56,52,44,49,40,56,64,51,39,35,26
40,39,41,53,56,58,70,70,93,86,84,89,83,66,76,68,58,54,76,68,73,66,52,46,38,29
18,33,46,53,57,59,64,80,82,106,106,108,97,73,66,64,60,72,82,69,52,33,32,40,39,41
10,29,44,42,19,27,57,67,83,87,93,88,101,85,67,58,54,56,45,27,34,15,30,36,29,28
29,29,40,41,48,67,79,89,83,70,46,53,54,59,58,49,57,58,54,46,50,34,46,49,45,46
29,42,65,52,53,60,73,64,77,60,53,55,70,73,66,62,70,81,76,67,75,63,53,55,57,54
49,50,52,67,67,70,89,90,100,100,91,70,77,94,95,107,95,110,93,83,78,78,59,66,72,64
55,60,75,92,95,101,100,106,120,119,120,93,90,114,127,132,122,121,132,117,113,105,84,91,94,94
64,69,91,102,124,106,110,123,128,108,99,99,93,97,109,132,132,121,126,125,121,118,100,90,90,98
66,80,102,102,105,122,131,127,131,133,126,104,107,109,118,131,136,134,136,139,130,131,126,110,108,109
82,94,98,99,117,126,120,142,148,130,135,125,125,108,106,122,137,137,136,147,135,129,132,122,123,116
80,97,108,117,110,122,113,131,139,127,126,111,107,118,129,131,139,148,145,144,140,130,137,135,141,131
89,113,127,122,115,112,113,122,134,137,123,125,125,125,132,142,137,128,136,152,133,131,137,143,153,149
101,106,119,132,125,116,108,101,108,125,116,128,131,135,138,147,145,139,137,123,127,127,122,131,140,145
99,118,113,116,131,127,114,116,118,118,111,122,121,127,125,127,115,113,132,130,137,136,124,136,136,129
