235,225,133,152,211,123,114,82,92,55,44,44,16,49,55,69,39,32,54,126,130,126,127,129,127,127
228,229,196,126,147,162,128,125,69,82,50,52,29,13,60,88,51,42,31,79,123,133,124,128,127,127
226,210,198,179,186,104,90,154,80,68,60,27,40,14,48,89,77,48,44,53,130,120,130,123,127,127
230,216,191,190,215,138,147,142,102,52,65,43,41,23,29,62,92,53,37,43,125,128,132,130,127,127
233,219,214,194,216,177,167,224,172,60,65,54,33,16,30,50,64,60,54,39,122,130,125,124,127,127
233,226,205,211,222,154,198,237,223,100,52,73,45,22,29,38,50,76,55,41,52,127,125,132,127,127
225,233,223,186,222,174,202,234,236,182,48,85,52,23,28,48,45,56,59,50,43,126,135,120,127,127
234,231,222,193,222,193,204,238,241,214,100,65,91,38,16,43,54,63,80,80,66,123,127,129,127,127
234,231,234,221,225,214,209,234,241,249,171,60,95,69,20,19,47,88,56,67,96,123,126,129,127,127
232,233,236,226,229,227,222,240,244,243,226,80,103,84,47,31,25,42,68,59,63,103,129,119,127,127
237,239,242,234,231,236,229,236,243,247,237,175,101,178,79,33,49,74,64,67,72,59,130,131,127,127
232,235,239,239,232,241,237,240,249,251,243,222,89,150,161,41,46,66,95,69,77,58,122,127,127,127
232,233,238,243,235,240,239,242,243,247,245,236,196,75,171,95,11,74,79,97,73,68,124,129,127,127
236,236,240,245,240,238,239,242,250,245,247,241,236,147,128,134,26,56,80,78,83,64,125,131,127,127
233,234,237,241,245,243,247,248,246,244,243,243,240,226,113,134,67,39,85,82,70,82,125,126,127,127
236,238,239,238,246,243,247,244,241,250,238,247,246,246,222,115,91,34,58,72,58,58,75,128,127,127
229,228,234,235,239,235,246,244,245,244,244,240,252,237,243,220,107,38,51,75,82,60,62,127,127,127
222,224,215,228,223,229,242,234,237,250,244,253,239,246,245,242,228,108,54,76,75,66,75,125,127,127
201,198,213,208,221,221,213,237,240,239,242,246,248,242,241,240,237,223,111,81,83,91,74,128,127,127
157,148,168,163,160,172,191,224,233,240,244,244,242,249,248,252,246,235,194,81,93,74,67,127,127,127
130,135,140,143,137,165,132,169,232,238,240,241,243,249,240,239,239,238,219,173,94,72,72,129,127,127
71,88,97,140,122,117,116,123,140,200,242,239,237,243,249,246,243,242,233,209,116,85,42,50,127,127
107,84,78,91,115,121,114,120,122,148,175,234,245,238,232,252,246,245,237,227,151,69,49,33,127,127
107,90,93,80,83,119,110,108,133,128,132,165,230,238,249,237,243,243,241,238,200,85,31,31,127,127
61,79,118,78,92,89,132,143,129,167,126,137,165,231,234,240,238,241,238,240,222,134,46,21,127,125
61,77,62,98,88,122,129,130,147,169,165,155,128,183,237,234,238,243,236,235,235,181,62,18,129,131
39,56,72,74,88,90,101,121,133,178,161,135,166,126,193,244,239,237,242,243,234,213,84,19,126,121
50,49,68,89,103,128,118,113,139,159,143,174,143,185,166,219,234,243,243,239,237,218,87,30,128,131
51,74,82,85,106,102,124,134,145,138,184,178,160,175,183,207,234,231,240,242,232,217,110,28,128,123
64,80,115,136,133,132,148,150,142,138,171,224,223,213,207,209,217,233,239,234,240,223,123,38,126,136
