103,97,92,43,3,9,36,52,53,64,69,64,101,84,65,100,98,82,78,36,47,45,126,131,128,128
59,67,70,82,40,20,8,61,31,75,70,67,74,52,71,92,80,87,101,93,30,42,131,125,128,128
10,26,81,85,77,36,80,45,53,55,91,22,49,54,82,47,43,76,89,33,13,127,128,133,128,128
15,2,33,69,102,48,53,36,33,29,55,73,85,80,59,52,45,73,79,74,6,122,132,124,128,128
35,18,32,29,76,109,73,89,27,35,52,62,55,74,54,72,53,61,56,83,12,139,123,129,128,128
82,34,17,23,48,76,106,97,83,51,27,52,38,59,75,53,11,47,55,89,93,122,131,127,128,128
57,53,67,15,29,44,85,66,67,37,17,36,34,27,53,56,46,33,88,64,129,128,128,128,128,128
27,61,50,63,47,10,54,85,70,59,26,63,27,54,16,33,94,81,85,65,129,126,127,129,128,128
16,52,78,79,19,39,54,52,91,83,70,80,45,42,40,18,33,67,42,60,127,134,127,127,128,128
7,8,13,19,58,15,44,37,30,72,71,71,56,21,32,20,51,50,71,74,126,130,122,132,128,128
8,0,11,21,19,56,32,21,16,3,22,79,49,66,78,39,40,4,28,126,133,129,125,129,128,128
14,11,22,8,29,90,75,49,18,16,24,31,82,50,78,84,46,40,63,128,121,129,129,129,128,128
18,19,21,0,17,28,68,72,63,51,16,25,31,44,60,75,54,52,24,128,133,132,123,128,128,128
44,30,3,19,12,15,30,27,27,12,47,29,50,61,43,27,41,35,42,128,127,123,130,129,128,128
50,56,27,73,22,38,13,9,15,26,33,55,52,44,38,42,3,43,129,123,127,127,130,128,128,128
65,65,43,60,61,59,35,55,40,66,74,51,62,72,67,59,59,33,131,127,133,127,126,129,128,128
64,74,76,75,91,50,53,23,26,45,31,69,81,60,81,69,48,46,131,129,124,129,127,130,128,128
88,77,68,86,62,98,79,60,16,39,35,14,47,43,78,83,69,49,132,125,130,129,128,127,128,128
60,50,89,83,100,84,62,43,28,38,31,12,32,72,80,79,72,130,129,129,126,125,127,133,128,128
101,106,96,107,91,105,86,89,35,19,34,9,21,37,49,96,81,124,128,126,135,127,128,127,128,128
108,90,104,100,97,101,70,42,27,47,6,3,5,12,19,50,65,134,125,126,126,129,128,126,128,128
110,99,90,101,88,75,76,59,49,6,2,33,1,12,33,36,126,127,127,128,129,127,125,130,128,128
113,107,113,76,89,65,39,32,24,8,12,0,3,5,8,36,128,128,128,128,128,128,128,128,128,128
115,102,86,44,59,40,27,37,19,12,0,8,0,0,5,4,128,128,128,128,128,128,128,128,128,128
91,62,81,27,26,26,13,3,7,0,0,3,0,3,7,124,128,128,128,128,128,128,128,128,128,128
99,76,20,14,1,5,0,5,0,17,3,10,4,3,3,129,128,128,128,128,128,128,128,128,128,128
61,82,52,38,7,0,0,15,0,9,5,3,7,6,0,124,128,128,128,128,128,128,128,128,128,128
11,7,61,55,50,12,2,0,8,5,1,2,5,8,125,137,128,128,128,128,128,128,128,128,128,128
20,11,0,21,48,56,43,6,4,3,5,6,3,9,130,122,128,128,128,128,128,128,128,128,128,128
16,5,4,29,4,28,50,26,28,0,18,0,0,128,126,132,128,128,128,128,128,128,128,128,128,128
