227,230,227,229,226,234,237,241,241,242,244,230,243,240,235,230,234,249,238,241,241,236,131,130,128,128
226,229,227,232,230,239,236,236,239,235,234,227,240,236,227,235,235,236,232,246,241,239,124,128,128,128
226,226,224,230,233,240,236,235,237,236,233,231,232,232,217,231,230,236,236,235,235,127,130,131,128,128
228,223,221,224,230,231,233,233,236,238,234,226,218,228,215,230,242,235,239,241,235,130,122,125,128,128
219,216,224,228,235,225,226,225,227,226,229,221,215,226,218,234,232,232,229,223,227,129,131,131,128,128
210,205,216,217,227,214,222,226,226,218,231,228,222,218,207,220,235,244,233,230,238,127,126,128,128,128
175,194,208,213,224,225,216,221,220,212,219,217,219,214,200,219,229,239,237,239,130,127,129,129,128,128
176,189,197,201,212,228,226,227,221,217,226,229,222,220,209,215,223,239,230,238,130,125,126,127,128,128
173,185,194,195,196,224,233,234,229,223,222,223,210,214,217,217,225,245,235,235,131,127,131,129,128,128
194,201,209,207,195,216,225,223,228,227,226,227,220,211,216,210,222,223,228,236,129,127,127,126,128,128
196,194,202,206,202,220,227,224,225,228,227,226,232,212,214,210,207,225,233,130,131,121,133,129,128,128
202,197,201,199,199,208,215,219,228,228,221,218,231,218,224,227,214,203,214,127,129,127,129,125,128,128
197,196,199,189,200,205,219,232,230,229,222,223,225,225,225,223,210,202,208,126,128,131,130,128,128,128
198,194,191,176,198,203,214,224,234,229,219,220,205,215,208,199,188,193,198,132,127,127,123,129,128,128
207,203,185,198,197,207,206,206,225,230,212,221,227,218,189,177,171,177,129,127,128,127,129,128,128,128
200,197,187,189,203,224,221,216,221,216,195,225,227,203,200,187,143,177,129,130,130,128,127,128,128,128
214,201,185,200,229,230,227,218,216,221,200,192,207,181,183,185,184,181,118,129,126,127,132,127,128,128
211,197,181,178,208,228,216,202,208,216,211,208,192,186,146,194,174,181,134,127,127,130,127,124,128,128
229,207,198,173,185,219,202,205,188,192,179,192,206,196,178,149,170,126,119,131,126,126,133,128,128,128
223,218,205,200,192,191,192,192,169,167,169,209,214,190,163,151,148,125,136,128,128,128,127,126,128,128
229,230,203,193,182,179,215,208,185,147,173,153,171,190,148,159,170,127,128,127,126,127,129,127,128,128
225,203,219,215,209,192,193,194,174,152,143,170,165,182,173,142,130,125,130,128,130,129,125,129,128,128
223,219,223,217,210,219,207,188,165,140,130,158,176,160,146,146,128,128,128,128,128,128,128,128,128,128
224,225,219,237,210,216,207,170,158,154,122,158,147,160,164,156,128,128,128,128,128,128,128,128,128,128
219,220,220,198,214,203,200,174,154,163,148,129,157,163,181,127,128,128,128,128,128,128,128,128,128,128
216,230,216,213,196,196,197,156,151,169,178,142,152,167,179,128,128,128,128,128,128,128,128,128,128,128
216,220,218,216,177,200,172,158,146,149,153,161,137,159,156,133,128,128,128,128,128,128,128,128,128,128
209,207,205,191,186,175,181,172,153,144,111,123,126,143,131,122,128,128,128,128,128,128,128,128,128,128
211,189,212,205,187,185,196,168,164,155,116,108,102,132,124,132,128,128,128,128,128,128,128,128,128,128
197,200,208,206,200,195,207,167,163,126,148,134,106,129,133,125,128,128,128,128,128,128,128,128,128,128
