132,126,4,35,42,74,85,197,189,202,206,219,221,215,216,220,218,218,211,215,213,205,202,206,193,184
130,124,15,34,70,98,111,191,226,204,226,220,218,226,223,223,228,222,207,211,214,204,198,198,181,180
124,132,24,50,79,106,113,141,197,205,202,204,213,221,227,225,224,227,220,219,210,208,195,206,198,201
127,130,34,60,94,103,146,160,170,183,190,212,209,216,218,221,219,218,208,203,194,212,192,208,214,194
125,133,40,79,91,141,154,163,177,193,190,203,200,203,198,209,209,218,202,198,200,195,192,209,208,222
130,123,58,94,127,146,167,183,170,198,189,215,214,201,205,189,210,213,205,207,205,210,208,201,205,208
131,134,64,100,152,145,171,195,181,221,200,211,221,203,216,213,199,210,215,222,215,216,212,201,189,192
120,127,72,137,148,179,180,191,211,204,205,211,211,215,226,199,211,224,220,220,210,199,193,200,205,202
133,128,107,128,165,182,172,177,206,190,203,207,213,222,226,201,221,225,219,223,219,217,215,216,215,206
130,122,97,146,156,181,194,183,193,207,204,206,224,218,224,229,227,221,217,216,201,212,220,204,212,213
124,136,111,156,180,176,190,184,205,203,201,215,219,211,222,213,224,217,214,210,190,206,226,216,207,216
129,126,131,153,175,184,178,192,201,197,197,208,207,202,214,222,213,217,217,220,207,206,208,205,208,216
128,126,130,167,181,181,182,187,205,203,196,196,209,215,210,199,219,203,213,224,206,219,211,190,203,210
127,126,131,156,150,165,176,194,161,190,214,207,198,207,203,199,211,199,221,214,219,215,220,219,209,203
132,132,123,151,155,165,189,186,190,223,187,194,212,200,199,209,208,201,205,217,199,221,216,219,212,218
127,119,132,143,166,169,181,182,164,198,197,200,196,194,182,189,192,213,220,227,223,210,204,225,212,217
129,133,127,152,186,168,186,178,180,188,185,188,188,203,194,203,212,207,199,224,217,206,218,227,223,213
130,127,125,155,180,173,167,170,181,189,171,179,191,195,197,213,200,220,221,220,229,205,219,221,213,198
125,133,132,170,175,161,177,176,175,173,176,168,179,213,208,194,206,212,211,216,203,214,216,202,193,201
131,121,127,157,167,161,185,175,182,196,163,158,189,202,207,193,208,196,220,211,218,206,216,214,205,205
128,129,130,123,150,173,155,174,165,176,176,177,166,208,190,188,201,192,217,210,216,203,223,214,212,204
128,126,131,128,132,147,172,144,161,187,188,176,182,190,178,192,176,204,184,217,191,200,220,211,210,200
130,129,126,128,169,131,157,165,168,171,158,161,169,178,207,171,210,194,209,196,211,214,209,201,208,203
126,130,126,128,134,157,168,169,158,160,178,173,177,179,174,181,205,201,201,213,208,216,202,213,202,216
131,130,131,128,154,160,154,176,183,166,172,155,175,191,181,193,203,206,199,208,208,191,200,204,208,201
123,127,124,135,134,159,153,161,177,148,163,172,171,174,210,190,211,193,197,190,211,212,210,211,203,217
135,127,130,126,127,154,173,184,177,143,158,173,174,169,182,202,215,201,198,192,214,201,217,210,198,212
124,131,126,129,131,165,161,205,157,169,151,149,154,174,179,196,209,196,187,201,214,203,220,220,206,209
125,127,133,128,131,158,150,175,165,174,174,138,166,188,195,203,215,202,193,185,213,190,191,221,212,207
133,130,120,129,127,162,188,177,173,151,148,174,169,169,200,204,189,212,180,193,211,190,206,189,194,203
