36,55,35,28,74,37,92,98,68,80,72,62,67,60,78,63,94,91,81,37,31,39,39,33,23,17
81,81,59,10,48,15,37,74,88,96,94,85,39,66,87,80,98,84,53,28,15,16,24,37,2,27
65,59,79,82,53,49,27,52,35,104,88,102,94,97,68,72,105,93,91,45,29,17,13,26,31,26
78,79,89,92,84,98,62,51,53,58,81,93,94,95,87,78,93,95,88,97,115,107,108,81,84,66
167,155,151,140,131,119,107,90,66,18,36,75,89,76,47,78,89,85,47,42,47,81,81,66,33,39
179,176,170,167,159,152,138,126,117,98,100,81,77,37,67,77,98,53,66,50,54,37,60,98,81,87
183,189,183,172,171,161,148,147,136,125,107,100,102,99,97,98,94,97,107,105,84,88,36,62,80,92
186,187,183,178,169,169,159,150,144,145,135,122,110,104,108,121,121,117,126,131,121,130,118,121,105,94
177,176,180,187,167,177,179,163,156,155,152,141,146,133,117,113,112,118,130,132,132,130,133,126,128,130
170,177,177,172,167,166,166,157,158,152,148,140,147,153,146,131,116,113,126,131,136,135,128,110,119,124
161,160,153,143,150,146,146,137,135,127,134,139,138,144,146,145,133,116,116,119,124,122,113,116,122,122
190,190,195,202,188,189,188,177,168,162,166,171,148,145,133,131,134,129,120,110,115,115,124,144,124,119
229,227,224,222,222,215,204,202,200,196,184,175,175,185,179,171,172,172,169,161,146,126,126,153,150,152
238,243,244,240,233,229,223,225,214,207,201,205,185,194,192,192,192,185,181,181,172,151,147,164,175,176
239,248,245,239,240,244,242,236,236,228,215,217,213,212,201,195,208,187,190,198,206,180,153,152,142,185
244,241,241,245,239,244,248,240,243,237,233,232,218,208,188,195,202,196,190,200,205,201,174,155,139,162
228,224,230,237,243,241,238,236,233,232,228,221,226,211,199,178,196,201,206,200,208,207,189,182,167,137
222,227,231,227,224,226,225,234,218,220,222,223,222,206,199,198,198,204,197,201,201,208,202,200,200,177
214,228,232,227,217,211,213,227,222,217,220,214,215,207,204,198,189,194,183,180,187,196,204,207,199,193
208,220,219,223,229,217,221,224,227,206,212,197,194,203,210,192,197,207,204,182,190,184,187,192,181,191
203,215,204,212,217,222,225,219,204,184,200,200,197,207,203,218,204,205,189,185,199,206,206,208,201,212
167,195,191,205,205,211,192,192,172,174,182,182,181,186,180,184,181,177,186,194,192,196,191,206,203,191
130,144,150,159,157,152,139,140,151,149,140,145,143,131,116,115,132,133,151,153,152,162,159,165,156,158
36,74,74,94,84,30,95,79,23,6,19,11,8,0,20,29,37,72,22,44,100,89,94,115,111,104
14,22,7,8,72,101,25,14,2,3,8,4,2,11,23,12,12,20,24,3,2,6,35,29,29,36
21,9,11,15,26,13,5,4,10,0,18,26,19,16,56,75,65,62,45,27,9,21,17,8,32,8
18,34,12,21,20,19,13,20,14,33,29,27,48,20,68,94,69,57,73,30,38,24,27,18,28,71
50,53,34,36,19,0,7,20,17,56,93,97,106,92,101,80,72,73,29,24,54,45,87,70,70,23
56,77,47,57,26,29,19,6,17,14,19,26,88,52,75,79,112,122,113,112,102,107,107,78,78,22
17,34,84,79,55,64,62,34,23,24,30,37,38,24,19,65,19,36,87,60,28,22,36,23,58,92
