44,34,22,39,46,47,19,12,13,13,27,30,34,131,122,129,127,127,127,127,127,127,127,127,127,127
55,34,24,30,32,50,35,32,14,19,18,42,39,125,129,125,127,127,127,127,127,127,127,127,127,127
53,45,19,35,31,40,55,35,25,23,38,23,129,131,125,129,127,127,127,127,127,127,127,127,127,127
53,40,30,35,33,46,47,41,26,26,40,42,129,125,126,126,127,127,127,127,127,127,127,127,127,127
56,40,32,29,33,46,41,51,41,43,32,124,125,129,129,122,127,127,127,127,127,127,127,127,127,127
56,47,28,26,33,36,39,46,64,56,60,129,129,122,125,131,127,127,127,127,127,127,127,127,127,127
60,41,38,27,30,41,34,39,47,57,125,128,121,129,132,124,127,127,127,127,127,127,127,127,127,127
58,49,34,35,34,38,53,36,41,51,130,123,130,123,130,125,127,127,127,127,127,127,127,127,127,127
54,63,46,18,30,12,12,49,34,35,129,130,125,126,130,125,127,127,127,127,127,127,127,127,127,127
45,51,39,22,17,18,4,10,28,129,127,125,127,131,126,125,127,127,127,127,127,127,127,127,127,127
34,42,35,10,10,10,16,16,15,127,128,127,128,123,125,131,127,127,127,127,127,127,127,127,127,127
40,30,30,14,23,19,6,1,125,127,128,123,127,129,133,123,127,127,127,127,127,127,127,127,127,127
22,13,28,19,0,23,7,6,127,127,127,134,124,124,128,126,127,127,127,127,127,127,127,127,127,127
16,7,40,17,12,22,36,126,126,128,124,126,127,128,125,130,127,127,127,127,127,127,127,127,127,127
5,17,26,19,12,7,132,129,132,122,130,124,132,128,126,127,127,127,127,127,127,127,127,127,127,127
16,13,19,18,29,22,123,127,125,132,125,128,127,123,131,126,127,127,127,127,127,127,127,127,127,127
7,9,14,23,18,127,125,130,127,127,127,127,127,127,127,127,127,127,127,127,127,127,127,127,127,127
5,7,19,13,32,125,129,122,127,127,127,127,127,127,127,127,127,127,127,127,127,127,127,127,127,127
7,2,13,20,129,124,125,131,127,127,127,127,127,127,127,127,127,127,127,127,127,127,127,127,127,127
13,5,16,26,121,129,132,121,127,127,127,127,127,127,127,127,127,127,127,127,127,127,127,127,127,127
10,0,8,124,131,128,124,128,127,127,127,127,127,127,127,127,127,127,127,127,127,127,127,127,127,127
3,3,131,126,130,120,126,129,127,127,127,127,127,127,127,127,127,127,127,127,127,127,127,127,127,127
7,15,121,125,129,127,128,125,127,127,127,127,127,127,127,127,127,127,127,127,127,127,127,127,127,127
11,123,131,125,129,128,125,128,127,127,127,127,127,127,127,127,127,127,127,127,127,127,127,127,127,127
127,127,127,127,127,127,127,127,127,127,127,127,127,127,127,127,127,127,127,127,127,127,127,127,127,127
127,127,127,127,127,127,127,127,127,127,127,127,127,127,127,127,127,127,127,127,127,127,127,127,127,127
127,127,127,127,127,127,127,127,127,127,127,127,127,127,127,127,127,127,127,127,127,127,127,127,127,127
127,127,127,127,127,127,127,127,127,127,127,127,127,127,127,127,127,127,127,127,127,127,127,127,127,127
127,127,127,127,127,127,127,127,127,127,127,127,127,127,127,127,127,127,127,127,127,127,127,127,127,127
127,127,127,127,127,127,127,127,127,127,127,127,127,127,127,127,127,127,127,127,127,127,127,127,127,127
