155,165,171,173,194,209,224,222,229,227,228,224,228,228,229,232,239,247,252,254,254,253,247,250,247,251
154,168,160,172,207,215,227,228,234,227,227,227,226,226,227,231,237,245,251,255,255,252,255,248,247,243
158,149,181,200,211,219,227,229,233,229,229,229,223,224,225,228,234,241,248,253,254,255,254,255,244,247
196,180,202,199,213,226,231,227,229,233,231,226,221,222,223,226,230,237,245,250,255,252,254,254,255,248
212,210,208,217,220,218,226,219,227,228,224,225,224,223,227,226,227,232,243,248,251,255,255,255,255,255
199,216,214,215,212,215,209,213,222,216,227,222,222,216,211,220,221,229,238,252,250,249,250,252,254,253
213,212,209,209,206,197,196,199,213,218,217,213,216,215,217,212,226,228,239,241,249,244,249,251,255,253
221,206,201,198,186,172,171,169,186,211,214,217,205,211,203,210,213,235,238,247,240,235,242,236,238,242
194,205,197,182,156,157,145,150,163,185,208,202,200,191,195,198,218,220,236,246,238,222,226,217,219,223
176,184,174,150,136,130,119,123,138,173,195,194,194,189,181,193,200,226,233,234,226,175,160,156,174,184
125,111,99,79,71,51,45,46,65,121,153,176,179,171,167,160,181,212,221,194,143,76,55,52,78,94
24,22,12,2,5,3,0,12,21,62,117,147,155,148,149,156,168,188,168,119,38,0,1,0,7,2
3,0,2,1,0,3,13,18,33,35,68,123,124,132,127,140,162,145,107,40,1,0,0,4,1,0
0,0,3,0,2,11,29,36,42,47,67,95,89,104,116,137,157,138,96,35,7,0,6,0,2,0
3,0,0,3,9,25,58,79,81,90,97,106,104,94,100,135,168,155,111,59,28,17,0,0,4,9
22,18,36,41,61,66,84,104,103,105,97,98,98,97,117,151,173,168,147,122,116,91,43,6,4,37
81,72,96,103,133,124,114,118,119,119,100,96,95,100,126,167,198,207,185,152,148,173,131,65,65,78
134,124,145,158,146,141,130,122,122,121,105,100,91,98,124,167,177,172,164,152,172,213,208,141,110,110
124,136,159,168,143,131,127,119,115,109,101,94,100,99,109,146,143,134,139,138,149,195,214,207,152,116
106,119,129,134,133,98,94,98,103,101,102,93,85,86,83,112,122,133,136,110,131,154,206,213,169,116
101,114,110,105,103,90,88,101,112,96,90,83,79,75,78,88,104,118,115,141,128,151,194,202,194,136
83,84,97,87,97,86,80,88,98,91,87,80,71,73,81,70,91,100,104,91,98,131,200,209,211,219
87,85,77,64,75,75,72,82,87,86,77,65,63,56,62,60,82,84,93,68,106,110,127,167,181,205
82,71,69,60,59,61,55,62,60,62,55,48,41,38,40,47,45,44,49,55,48,64,88,87,111,155
73,55,47,37,33,35,27,32,25,24,22,21,33,36,32,32,29,40,27,40,45,40,46,32,56,56
26,27,22,19,15,16,14,18,13,9,11,14,12,13,14,9,18,28,8,17,19,18,36,40,72,77
30,19,19,12,19,19,17,16,17,15,23,26,13,20,29,25,21,18,17,30,23,27,12,20,29,31
19,25,17,24,10,14,18,17,20,13,16,10,7,12,10,14,8,18,24,22,27,16,34,28,29,19
26,14,11,16,14,22,28,17,16,19,29,29,12,10,15,10,7,7,12,31,31,26,13,22,42,42
26,26,31,22,25,19,20,22,28,34,31,13,14,12,6,6,8,6,7,11,20,26,29,27,28,32
