227,225,207,196,199,199,185,205,192,209,208,212,212,218,213,217,224,216,227,216,227,221,227,233,235,237
211,208,190,199,195,207,202,206,211,211,210,221,222,220,226,228,225,232,224,233,222,235,237,231,237,242
218,209,213,210,214,209,226,225,222,224,233,229,229,235,229,241,235,231,235,235,238,232,237,242,238,239
232,234,228,231,232,234,234,230,234,238,232,235,235,224,233,222,228,232,226,231,234,231,229,235,234,230
240,234,235,242,240,235,231,236,228,233,235,222,222,219,216,208,214,214,217,212,222,211,231,222,213,231
233,235,219,228,219,224,216,221,220,215,223,207,201,206,215,215,214,227,216,216,214,227,215,214,211,210
224,220,224,215,222,223,213,215,218,208,228,207,220,213,192,220,214,215,236,220,222,227,229,224,214,203
230,199,213,218,217,222,218,221,225,214,225,222,226,223,222,225,215,223,203,217,216,220,211,203,213,206
221,229,225,221,223,221,216,226,228,231,216,230,227,229,218,226,226,209,225,205,220,217,176,207,191,205
218,228,212,215,214,225,221,221,233,196,228,223,232,232,224,238,228,231,225,208,207,210,215,212,211,213
213,225,216,220,209,209,210,211,199,191,196,196,213,197,194,169,197,207,195,203,188,203,201,210,186,206
192,185,190,182,169,160,164,171,183,184,193,178,180,200,194,198,194,203,202,217,209,206,203,205,211,199
193,177,205,185,181,174,178,181,181,196,189,198,204,196,199,197,206,218,205,205,191,210,194,215,194,221
187,185,177,189,190,188,178,176,198,190,207,207,191,207,208,203,201,209,185,210,220,203,214,187,200,187
196,192,190,196,195,206,200,185,174,199,186,210,205,205,209,192,208,213,215,211,201,210,197,208,174,189
215,201,196,198,193,192,205,200,208,181,201,188,191,197,197,194,192,192,190,190,191,173,176,166,188,172
222,225,221,204,205,205,194,207,201,202,198,212,191,170,176,172,174,184,178,201,170,190,173,204,178,197
209,216,219,210,207,215,216,206,222,193,197,189,187,184,188,181,184,179,178,173,180,185,186,201,198,176
200,194,192,199,192,187,195,193,175,191,185,187,183,178,204,199,197,193,179,194,175,186,176,202,203,214
195,193,185,187,187,186,184,176,183,160,191,177,185,198,199,218,209,193,186,198,193,185,194,191,207,179
179,180,183,186,172,174,160,166,162,174,172,187,194,212,202,196,190,202,199,213,203,205,179,205,183,210
167,164,171,177,184,161,182,158,174,172,186,176,190,206,199,209,209,185,195,222,210,201,213,205,211,191
168,164,168,183,169,191,156,171,158,184,163,170,164,186,193,193,181,191,193,195,186,205,201,212,206,215
167,161,169,157,177,162,173,156,170,160,178,175,168,178,179,192,180,185,181,189,205,212,207,202,215,190
161,163,154,182,158,181,161,193,162,180,172,174,169,169,178,179,183,174,179,184,181,201,191,211,218,219
178,161,172,162,190,176,186,176,157,173,191,191,169,180,186,200,196,198,179,168,184,170,195,171,209,218
177,186,165,183,170,189,166,190,175,172,166,179,167,163,168,165,186,188,186,168,164,167,163,180,190,189
178,157,164,160,185,173,175,162,166,165,173,178,172,173,165,176,174,186,178,178,183,167,177,172,177,193
154,164,157,164,166,184,168,174,174,178,170,165,166,163,161,166,171,180,191,201,185,173,175,165,168,174
154,156,164,161,170,164,158,162,159,163,164,161,165,164,155,167,165,178,169,168,180,178,170,178,170,153
