143,136,135,142,135,137,135,126,136,143,155,141,131,140,161,148,174,187,193,192,190,213,217,216,220,226
142,143,147,141,149,147,141,142,138,144,141,151,124,142,152,151,166,176,188,200,201,200,203,214,219,213
152,149,144,149,129,136,148,143,153,154,150,152,137,142,168,177,176,189,203,206,209,199,200,209,216,219
149,144,161,143,142,148,150,157,158,146,154,164,140,160,179,171,185,184,189,188,207,212,219,216,217,227
134,135,149,153,152,151,156,156,157,165,163,178,172,198,184,192,193,202,198,200,217,218,223,219,213,213
148,149,162,150,136,146,142,141,155,133,164,160,188,185,172,204,187,207,207,207,214,214,220,224,224,224
150,153,151,157,172,167,157,157,157,167,167,167,176,174,180,190,193,195,212,213,212,221,222,220,219,218
165,154,154,156,157,164,156,155,169,161,168,178,178,197,201,206,201,212,215,222,214,222,221,227,230,227
166,168,163,164,168,175,157,154,159,163,176,178,191,203,195,205,209,216,216,221,224,222,221,223,225,225
177,170,170,165,168,158,170,162,174,173,180,179,185,200,208,214,211,220,221,220,220,222,224,225,225,226
161,166,175,178,169,168,176,181,176,180,182,204,209,203,208,221,216,217,216,213,214,219,222,222,223,226
162,164,177,183,172,181,174,193,187,201,210,220,222,210,202,205,209,222,216,216,218,222,223,223,226,229
158,159,174,172,189,188,184,173,171,171,178,185,206,213,214,216,218,217,223,222,220,218,220,225,228,228
180,201,200,185,201,193,197,192,203,206,201,203,217,215,215,225,229,220,226,221,214,211,217,227,230,227
188,196,192,186,192,190,187,194,190,198,206,202,213,215,218,214,217,222,226,222,217,216,220,226,230,230
204,187,187,193,197,194,194,202,191,203,204,210,212,199,211,218,220,222,221,221,221,222,219,216,218,224
188,187,187,197,191,190,192,193,196,203,199,204,209,205,205,209,213,222,222,218,219,221,221,214,222,225
186,189,193,196,192,190,202,192,184,175,177,183,188,196,196,203,199,208,213,207,204,209,219,225,214,217
184,188,184,193,181,183,176,180,178,185,177,192,191,188,181,197,189,187,197,183,190,197,191,207,203,212
185,185,181,178,174,167,180,170,170,161,158,158,159,165,162,162,160,174,181,179,186,167,193,196,197,199
171,184,176,175,160,170,168,171,154,142,134,132,142,147,153,143,137,141,144,171,174,185,161,191,177,156
161,169,168,163,157,143,144,138,151,151,135,130,126,107,122,131,135,129,131,153,150,139,133,129,131,134
161,146,155,148,132,130,124,130,133,131,116,106,109,110,126,125,124,126,122,114,114,123,114,110,100,98
141,141,134,126,119,120,125,126,126,115,112,107,105,102,102,100,94,98,104,101,96,97,89,107,92,101
117,120,118,114,113,115,113,103,89,79,81,77,80,72,79,76,71,76,77,82,84,101,88,88,78,73
111,105,108,97,85,81,80,76,69,63,60,60,62,58,56,38,61,57,51,52,62,67,63,69,59,77
98,94,84,86,87,83,75,67,64,65,62,51,44,36,44,41,42,46,39,37,40,48,42,44,55,54
81,82,76,78,76,68,57,49,49,53,53,37,40,37,9,22,20,19,15,35,39,33,40,34,40,48
66,70,78,73,68,66,64,58,47,37,19,35,22,27,13,18,21,21,14,1,32,24,32,47,37,43
75,79,71,68,62,55,49,47,45,43,37,24,17,13,8,16,19,0,23,10,16,10,31,30,10,25
