126,131,125,130,127,88,143,141,131,126,138,127,105,91,93,114,129,145,158,168,120,127,157,139,162,180
130,124,128,126,132,107,110,87,117,123,128,133,87,103,110,118,127,149,150,146,149,142,144,170,150,162
127,128,133,126,124,127,99,98,78,111,119,126,115,121,118,99,135,140,156,138,147,135,149,146,142,126
128,131,122,128,128,132,85,88,109,102,113,116,105,115,102,109,143,130,135,128,146,123,157,141,128,144
126,123,135,130,124,131,75,91,111,90,92,117,91,113,89,110,109,126,134,126,150,135,140,98,123,121
128,129,123,128,132,124,86,70,92,102,89,92,128,108,123,99,97,123,146,135,132,113,116,124,113,122
127,127,131,124,131,129,125,84,94,121,94,109,116,128,132,89,99,134,147,141,109,115,123,109,128,130
132,126,128,128,126,128,131,64,83,93,93,98,73,80,102,99,87,102,141,113,121,118,115,113,125,118
126,129,126,129,130,128,125,54,70,85,73,74,86,103,101,98,128,110,108,110,95,112,110,148,121,139
125,125,131,127,122,137,125,30,74,69,58,85,84,110,84,81,97,92,107,82,122,99,149,94,120,139
131,127,128,128,129,125,130,130,74,63,98,59,85,96,85,83,85,74,91,104,99,127,116,114,141,136
130,124,131,127,124,131,131,121,52,63,52,56,84,74,80,98,78,72,71,105,101,100,88,120,120,132
125,129,128,128,130,127,126,131,53,48,67,47,62,80,71,79,65,90,86,82,91,123,109,105,120,120
130,129,125,132,127,124,132,126,61,73,55,40,70,66,59,48,73,86,113,79,101,99,131,126,98,127
128,128,128,128,128,128,128,128,129,69,63,37,52,62,49,71,74,76,80,86,103,117,122,113,92,125
128,128,128,128,128,128,128,128,126,60,62,55,58,50,62,37,57,57,88,76,105,117,104,126,125,124
128,128,128,128,128,128,128,128,129,33,55,64,50,49,46,51,56,69,49,72,78,118,94,107,112,108
128,128,128,128,128,128,128,128,131,49,40,45,55,68,52,75,36,68,58,85,63,71,88,87,121,94
128,128,128,128,128,128,128,128,124,125,42,41,63,55,79,57,56,55,59,70,65,72,88,86,77,108
128,128,128,128,128,128,128,128,130,134,52,46,49,58,58,55,37,53,55,67,54,85,77,74,81,97
128,128,128,128,128,128,128,128,127,125,50,45,51,53,54,52,43,48,48,42,39,61,84,66,88,83
128,128,128,128,128,128,128,128,127,131,129,32,46,44,37,45,75,39,61,52,51,52,95,79,93,119
128,128,128,128,128,128,128,128,130,123,130,51,41,44,42,52,82,35,59,48,50,63,87,81,96,113
128,128,128,128,128,128,128,128,127,133,127,30,54,58,54,51,44,41,58,52,52,57,75,96,83,114
128,128,128,128,128,128,128,128,125,133,124,126,50,49,39,31,48,52,70,44,51,51,60,74,90,96
128,128,128,128,128,128,128,128,129,129,126,128,56,52,47,23,57,37,62,63,28,55,68,78,98,121
128,128,128,128,128,128,128,128,126,128,134,126,62,72,56,48,58,46,47,45,58,48,62,93,91,95
128,128,128,128,128,128,128,128,131,127,128,127,132,61,47,67,60,60,36,57,53,51,68,71,79,88
128,128,128,128,128,128,128,128,129,122,129,131,127,60,60,67,43,53,52,56,59,48,71,65,63,72
128,128,128,128,128,128,128,128,129,129,129,128,128,129,45,38,63,44,55,66,62,53,49,49,86,84
