77,75,49,93,134,111,78,48,87,80,97,114,103,122,149,118,76,36,153,84,1,10,37,71,44,118
84,89,99,80,148,129,59,70,72,136,87,77,133,145,135,171,93,90,125,12,0,6,25,86,104,131
158,83,57,75,88,61,130,82,92,61,68,87,109,195,110,156,117,191,28,10,0,8,19,86,107,127
161,137,129,194,150,92,153,111,150,56,100,51,108,148,66,184,217,69,91,19,13,2,4,32,127,130
115,133,119,150,98,110,98,173,132,169,191,214,235,233,221,250,104,20,16,25,4,94,107,23,90,130
170,177,156,135,111,104,160,138,127,127,137,162,123,164,188,177,153,209,215,93,166,19,2,28,54,128
223,186,202,213,203,194,144,106,153,136,154,148,179,142,153,146,139,170,149,165,32,9,20,35,62,127
182,203,198,204,187,208,193,169,145,139,150,171,190,194,181,191,147,118,67,99,180,178,20,52,47,127
211,230,232,233,227,220,194,166,159,127,128,130,153,180,187,206,196,136,95,96,93,200,37,78,40,128
211,196,218,221,228,194,209,188,133,128,114,143,130,148,210,193,187,102,95,75,62,63,84,71,81,131
209,202,205,220,223,210,202,200,148,155,153,141,102,104,173,208,153,101,92,101,49,67,149,81,85,132
197,232,223,227,238,236,216,208,146,128,131,105,155,77,131,199,166,112,70,91,59,31,169,65,123,125
92,201,182,229,239,242,241,198,246,248,245,235,124,153,161,179,154,95,95,77,56,16,156,74,155,125
43,54,103,114,163,175,204,214,170,165,127,110,151,139,150,158,122,95,93,62,58,27,154,95,127,129
77,83,86,115,89,135,126,139,167,137,138,121,149,157,162,180,95,121,64,54,34,22,155,107,92,128
101,115,150,141,119,97,82,80,55,86,116,109,160,173,176,184,98,112,94,52,19,17,193,122,127,128
105,171,235,212,171,134,92,59,53,72,116,124,171,181,216,244,41,189,68,43,26,11,191,135,160,128
43,124,238,242,238,182,157,101,76,47,153,215,188,53,184,253,38,224,144,28,17,15,151,152,134,125
34,187,239,228,211,197,182,68,54,47,155,222,225,71,48,252,56,83,113,103,13,27,189,102,142,130
89,232,241,221,200,219,179,62,39,78,175,219,226,214,61,114,79,71,145,205,42,21,175,105,98,127
201,244,227,199,182,173,137,51,57,46,57,180,220,197,71,70,98,90,60,112,81,23,193,142,73,128
200,191,215,202,190,104,40,32,21,45,33,95,206,113,77,53,118,67,52,50,37,48,215,175,57,130
72,99,82,76,73,80,98,48,30,36,59,82,202,156,89,73,126,81,67,41,39,61,247,91,38,130
92,80,59,54,42,37,38,46,25,24,50,97,173,178,92,114,71,77,63,42,72,88,209,52,54,133
78,63,61,43,22,29,36,17,27,43,64,117,200,151,86,102,110,100,71,64,80,57,200,39,69,132
46,48,58,52,15,12,26,31,28,38,103,156,174,128,98,86,131,112,110,73,64,124,169,32,49,123
39,48,45,47,74,61,34,90,108,101,109,168,198,210,138,112,110,104,99,63,59,148,149,19,41,127
36,44,74,78,78,82,107,105,105,148,163,163,191,170,111,120,112,63,59,52,73,157,113,14,43,131
43,73,60,70,74,108,112,106,127,127,136,158,154,142,124,104,79,77,56,64,89,204,47,17,37,131
94,149,163,145,169,153,129,143,134,166,157,145,139,96,105,100,85,96,72,81,122,213,31,21,26,127
