128,127,71,48,52,53,34,29,33,78,139,149,141,130,108,123,131,154,166,153,164,179,164,171,161,175
129,127,54,54,40,19,14,76,120,122,129,127,129,111,105,116,111,123,131,146,146,132,119,128,110,120
129,127,53,38,7,28,109,112,122,123,133,133,141,116,106,119,131,121,133,127,127,144,124,125,122,137
124,135,43,5,29,85,109,109,107,125,125,141,137,120,101,141,127,131,134,120,133,132,131,143,153,142
131,123,8,8,67,108,95,115,129,119,136,134,129,106,117,135,140,151,117,136,133,152,137,145,140,141
131,127,0,46,86,106,103,112,117,121,131,121,129,112,117,136,135,136,121,128,136,151,164,155,160,132
126,132,6,78,86,96,109,105,102,109,123,115,124,110,119,140,140,131,129,105,129,134,160,148,157,147
128,126,22,87,90,92,96,106,107,97,116,123,127,107,113,125,126,136,122,111,125,146,147,155,151,151
127,132,61,84,91,100,97,103,93,105,102,127,137,124,94,120,122,142,140,128,129,131,137,151,155,122
125,130,85,88,91,93,95,99,101,99,107,109,123,108,107,125,127,130,131,127,129,125,143,141,134,143
129,130,81,88,78,91,97,97,99,106,106,114,118,115,109,123,131,122,127,134,160,147,129,108,128,135
125,126,77,82,70,81,92,98,100,100,102,112,109,101,87,89,76,119,128,139,162,162,153,138,129,132
128,129,81,85,72,77,89,99,88,98,99,107,115,103,78,85,88,110,123,120,131,167,151,139,144,149
128,128,81,86,76,74,79,86,94,90,97,106,105,104,82,72,79,111,139,122,116,142,128,155,160,178
128,126,78,84,80,74,72,75,73,80,77,80,101,106,75,74,90,102,133,145,131,143,156,150,175,169
131,127,77,81,84,77,74,74,76,75,84,85,83,90,73,72,96,116,140,144,144,146,157,158,168,172
128,126,76,77,81,75,74,74,74,80,87,85,87,88,74,99,106,118,140,144,144,149,156,149,172,170
127,128,80,79,82,75,75,76,93,80,82,84,83,84,72,96,120,144,124,137,150,140,155,148,155,167
126,131,80,81,84,70,74,76,77,85,80,81,87,82,79,80,121,125,139,119,168,138,147,140,151,156
128,130,72,86,89,69,74,71,79,88,79,71,78,88,89,79,97,117,133,135,149,149,164,157,155,131
128,129,76,86,89,69,75,74,70,72,77,85,79,68,73,78,84,129,128,141,151,158,153,159,156,157
128,124,70,77,86,77,77,75,72,66,68,75,71,67,71,67,68,108,126,149,144,150,159,157,151,157
129,125,38,74,87,88,80,73,72,66,66,71,69,71,76,67,76,104,121,139,142,152,160,148,168,153
126,131,12,78,89,88,84,80,69,68,70,74,68,69,77,70,70,95,101,110,129,154,161,160,149,151
125,132,14,61,86,84,88,89,80,80,72,67,72,90,96,78,83,76,93,95,92,117,146,151,156,161
130,124,25,31,82,87,90,88,83,80,83,96,100,100,107,108,105,69,71,71,102,113,134,148,142,150
130,126,37,20,64,79,77,80,90,82,89,82,79,72,79,95,94,70,69,83,102,91,110,129,144,137
127,126,54,10,48,75,87,87,90,86,92,84,79,72,76,90,90,71,81,97,105,78,79,93,115,125
123,138,47,34,16,77,78,85,88,89,96,88,79,67,69,83,109,98,96,76,73,70,77,85,95,113
133,121,71,53,11,37,83,74,85,88,92,90,82,68,69,83,93,101,104,65,57,71,71,64,64,95
