112,125,132,152,138,161,177,183,195,203,212,222,228,230,232,238,236,234,236,240,241,240,242,247,248,128
142,123,139,131,164,176,172,190,200,211,216,222,223,229,230,233,234,233,235,238,239,240,244,248,249,129
152,142,150,160,175,180,192,198,204,221,224,222,221,233,232,230,233,234,235,237,240,243,246,248,249,129
155,170,174,187,191,202,201,215,208,218,221,228,227,232,231,236,233,234,235,238,242,247,248,248,249,129
167,185,184,187,205,207,204,218,214,224,222,231,228,229,228,230,224,235,243,247,250,252,251,252,251,127
175,195,193,189,203,207,204,216,217,215,221,226,223,227,226,230,233,236,240,243,246,250,252,254,255,130
162,171,177,176,178,187,198,204,216,224,216,222,234,217,219,230,230,239,249,249,244,246,252,253,248,129
168,137,146,173,171,171,189,198,188,203,226,193,188,208,221,223,231,237,246,248,250,255,255,247,255,129
246,238,238,237,233,235,218,184,175,171,165,170,203,198,213,228,239,240,244,249,250,250,252,252,245,126
205,211,204,198,197,176,148,138,162,158,173,142,155,197,221,220,212,212,216,227,236,237,242,254,249,126
106,118,108,86,76,70,73,87,111,96,104,108,113,103,114,131,135,144,143,150,176,197,207,216,243,130
86,86,91,86,71,76,99,116,115,111,122,90,68,80,92,92,108,144,145,121,128,158,186,207,129,128
88,80,81,71,91,104,110,89,83,66,66,76,87,116,147,181,181,159,179,197,217,202,195,197,128,128
55,55,60,62,58,60,67,71,81,89,85,102,137,180,185,209,229,214,221,229,220,210,222,224,128,128
48,45,54,73,81,85,89,94,91,129,172,179,186,180,177,192,186,222,222,226,235,232,229,234,128,128
63,69,86,92,101,98,105,106,110,139,132,133,153,184,173,197,208,229,228,228,237,248,252,251,128,128
53,62,75,75,77,74,80,84,97,108,143,151,152,151,153,155,193,203,217,225,242,246,240,246,128,128
54,54,49,63,68,77,74,82,91,102,108,113,104,121,121,144,140,164,181,182,211,228,225,238,128,128
55,56,48,58,54,59,55,69,85,99,119,110,114,142,143,124,157,156,158,155,152,177,183,165,128,128
56,59,57,57,60,59,59,67,88,99,110,115,112,121,118,133,134,119,94,116,135,169,183,183,128,128
45,52,54,56,47,52,56,59,74,80,78,89,94,88,66,61,62,86,82,129,176,203,223,128,128,128
44,42,43,48,49,54,59,62,68,73,65,63,58,56,55,69,82,75,77,79,81,107,137,127,128,128
37,39,53,64,66,60,60,61,62,64,57,55,53,52,54,66,73,74,86,68,73,77,65,128,128,128
43,43,54,56,56,48,54,58,62,59,53,53,56,55,53,57,46,54,52,63,69,66,79,126,128,128
35,32,37,37,43,46,57,60,56,56,58,57,55,47,45,46,47,45,54,59,59,68,80,132,128,128
29,31,39,42,42,42,45,44,49,49,54,53,51,42,42,42,43,43,62,55,59,71,71,125,128,128
15,17,26,37,37,40,44,50,48,41,42,39,42,39,46,47,47,51,43,56,61,76,126,128,128,128
27,21,21,37,36,36,30,31,43,41,49,49,50,44,48,46,50,61,60,54,81,109,130,128,128,128
16,17,22,29,35,36,36,37,48,50,52,50,47,46,48,51,57,59,74,91,116,149,130,125,128,128
21,19,25,35,37,32,33,38,40,41,43,45,46,48,49,49,53,67,70,86,95,133,131,128,128,128
