89,87,109,114,103,108,110,106,106,101,105,95,105,98,87,91,94,76,49,19,23,21,128,127,128,128
76,87,96,88,93,99,92,106,107,100,100,103,81,80,72,75,78,74,43,27,20,21,125,132,128,128
59,67,92,98,92,85,77,90,94,104,90,97,88,77,70,87,75,63,50,18,14,131,131,123,128,128
43,65,77,78,92,90,79,97,91,84,86,92,88,73,88,83,62,51,31,26,15,131,126,130,128,128
29,44,65,75,83,97,98,86,87,89,83,88,78,77,70,72,62,50,32,17,16,126,129,129,128,128
30,36,52,67,68,79,92,87,82,75,92,81,78,76,79,71,54,50,29,19,12,129,128,127,128,128
24,32,38,61,64,72,78,73,76,72,69,81,71,79,70,61,52,48,28,18,129,127,130,128,128,128
27,19,36,48,54,82,82,80,76,74,71,71,71,68,63,61,47,48,44,30,129,126,126,126,128,128
31,24,25,37,46,73,86,75,73,67,82,81,76,67,74,64,64,54,46,33,127,128,127,131,128,128
36,33,20,28,40,57,77,70,79,77,77,76,95,83,71,63,60,65,51,30,131,127,128,124,128,128
40,33,28,18,33,52,59,79,85,81,87,85,73,68,72,68,69,54,43,128,127,130,128,132,128,128
41,41,31,19,30,39,55,79,83,87,73,73,82,84,69,68,51,60,51,129,130,125,127,125,128,128
39,44,32,24,25,26,55,62,71,78,80,83,83,86,77,66,62,60,47,127,126,128,128,130,128,128
36,30,40,24,18,30,46,49,67,82,85,81,85,81,67,59,63,55,49,128,125,131,127,126,128,128
33,36,33,24,21,22,43,47,67,76,85,86,85,79,68,65,64,52,128,127,130,125,126,132,128,128
44,51,41,37,16,35,38,48,59,80,82,85,71,82,66,63,66,45,132,128,128,132,127,123,128,128
42,49,33,36,22,27,46,52,64,73,79,81,80,75,67,63,63,65,125,124,130,125,129,130,128,128
54,39,41,34,29,27,40,63,70,73,86,82,93,72,73,65,62,68,127,131,124,130,127,129,128,128
50,47,32,43,33,24,48,62,68,86,94,88,90,81,78,63,65,124,121,129,132,126,127,127,128,128
43,37,45,36,35,34,48,61,77,88,91,86,95,84,80,59,66,127,134,132,118,131,130,128,128,128
48,49,52,41,46,34,62,61,83,91,88,86,91,79,78,63,60,125,124,129,129,127,129,128,128,128
46,46,44,50,42,49,64,79,72,106,93,95,67,80,76,71,127,134,128,127,128,128,127,128,128,128
47,50,42,42,43,47,70,87,91,100,96,91,81,86,89,69,128,128,128,128,128,128,128,128,128,128
62,57,45,46,52,63,78,91,95,100,95,100,95,81,66,69,128,128,128,128,128,128,128,128,128,128
59,54,45,48,53,71,78,94,103,115,113,101,94,97,82,124,128,128,128,128,128,128,128,128,128,128
58,55,50,56,59,81,84,101,100,96,116,98,97,74,69,132,128,128,128,128,128,128,128,128,128,128
67,60,51,59,66,92,93,107,109,115,111,128,99,85,79,125,128,128,128,128,128,128,128,128,128,128
64,61,52,58,67,91,102,117,117,122,115,104,106,77,126,128,128,128,128,128,128,128,128,128,128,128
65,66,59,63,73,91,110,124,118,112,101,96,100,85,126,128,128,128,128,128,128,128,128,128,128,128
73,72,61,66,81,93,110,114,120,113,102,93,95,130,129,126,128,128,128,128,128,128,128,128,128,128
