0,0,1,3,7,4,7,8,10,19,25,20,20,21,12,11,8,2,12,20,20,18,19,20,28,24
6,8,7,4,8,8,10,9,8,15,21,19,23,24,15,13,8,1,3,4,12,22,28,23,29,28
14,11,12,14,12,13,15,14,12,16,21,21,23,23,13,7,5,1,1,0,5,18,32,31,35,30
11,11,11,11,16,16,17,17,18,21,23,21,16,17,10,3,2,2,2,1,11,22,32,28,34,33
11,10,8,8,17,16,15,16,22,23,19,14,8,11,11,5,2,1,0,1,14,29,31,18,30,46
15,14,17,22,23,22,18,18,23,22,14,9,7,7,7,2,0,0,2,15,25,37,41,30,37,44
18,26,31,35,31,32,27,24,26,20,12,11,11,4,3,0,0,2,13,38,47,49,54,50,49,38
31,33,35,39,36,39,34,29,26,19,13,16,12,2,3,3,4,7,20,49,51,48,50,50,58,53
39,41,46,46,40,41,36,24,21,24,17,20,18,11,6,12,13,31,28,47,53,67,61,55,68,60
46,45,49,50,47,46,29,31,25,36,39,32,23,27,9,18,33,43,57,65,62,62,54,78,67,79
60,57,52,49,34,31,30,17,47,42,37,29,36,28,42,38,39,61,76,82,81,81,79,75,81,81
56,56,48,42,34,35,20,35,39,41,65,53,69,83,72,66,69,81,106,115,116,118,107,90,103,115
52,50,38,31,21,25,26,53,67,68,71,103,96,97,94,102,94,122,147,144,154,149,151,132,125,135
46,40,25,19,23,42,50,70,95,120,146,127,134,136,136,128,127,156,149,170,157,156,161,145,141,142
25,24,19,21,35,45,64,110,139,154,138,147,149,148,144,146,143,163,179,190,182,179,155,157,154,159
16,25,26,32,53,69,104,124,148,150,156,155,166,158,171,164,176,188,171,186,184,172,177,177,186,171
28,27,35,63,72,107,144,153,161,166,156,165,179,186,177,162,186,187,185,191,195,188,171,190,178,169
28,43,67,83,114,119,153,152,165,177,160,197,184,180,177,188,177,191,199,191,197,195,182,179,173,163
51,65,88,111,137,160,152,149,167,163,186,195,189,188,177,168,183,182,196,201,193,194,187,183,177,137
55,90,113,110,149,146,150,164,170,184,160,170,175,184,194,187,182,185,197,208,195,194,174,190,161,135
72,87,90,115,131,150,160,158,156,159,178,167,167,164,184,168,198,198,198,195,208,169,164,177,158,144
67,95,98,99,125,121,143,165,179,165,178,173,172,174,182,187,171,198,198,209,198,191,172,186,159,141
86,93,92,110,142,153,156,170,154,168,153,165,168,173,169,176,172,174,173,181,167,186,186,167,108,142
75,76,90,106,132,147,159,154,171,165,171,183,169,154,159,185,153,150,169,149,166,167,163,153,132,109
59,68,94,116,114,157,161,148,155,168,157,160,174,167,171,169,169,137,141,168,177,185,182,149,114,86
58,57,90,107,116,134,143,163,151,132,160,166,153,156,155,160,170,159,174,166,169,181,195,162,115,86
52,52,95,96,100,146,145,147,158,138,152,149,152,160,152,165,174,158,150,144,153,157,148,146,112,80
58,54,75,88,121,144,155,143,146,156,172,183,173,163,176,163,156,156,160,147,145,143,128,138,105,76
67,67,89,94,120,145,170,161,151,154,147,173,167,177,162,174,150,168,139,154,155,145,147,129,89,76
89,79,93,110,127,146,158,156,155,170,160,161,173,149,140,142,143,131,139,137,127,125,124,106,86,83
