105,82,84,81,74,86,67,67,75,88,147,192,187,163,106,104,107,104,100,104,105,108,124,144,153,150
73,87,68,90,93,69,64,60,48,62,52,82,110,124,104,79,69,71,66,74,82,86,93,108,127,139
68,63,52,74,91,78,73,66,47,39,35,37,55,62,73,52,41,35,33,42,57,69,75,83,101,119
61,65,60,63,66,63,47,52,43,35,31,29,27,25,39,36,30,18,14,19,32,50,62,71,83,95
41,46,50,59,57,51,41,42,37,34,28,31,20,22,12,6,2,2,6,9,18,31,45,58,72,83
70,80,95,71,88,68,61,55,41,45,35,27,13,12,0,0,0,4,0,5,16,24,30,40,58,72
128,176,197,198,178,194,186,136,151,119,111,71,54,26,13,17,8,5,2,8,15,21,23,29,43,57
197,214,232,251,246,239,248,239,227,239,221,145,127,71,56,49,36,40,28,21,18,22,27,33,44,55
235,244,242,245,251,249,248,247,241,240,237,214,204,154,134,111,102,72,78,47,37,36,33,41,57,58
241,240,246,247,242,247,245,245,240,233,230,223,214,192,188,190,185,158,114,82,77,64,54,52,67,76
233,241,236,241,236,240,234,235,238,234,229,228,231,215,223,209,200,174,167,122,115,103,95,71,63,67
230,225,227,223,221,216,220,228,232,224,231,230,226,229,215,210,190,196,202,177,149,115,98,95,87,73
194,192,211,204,214,201,206,215,224,220,231,221,234,221,224,213,204,221,200,207,179,163,120,121,105,104
169,189,192,186,201,199,206,213,226,224,227,224,224,220,216,227,207,219,213,197,202,184,179,128,121,121
132,145,167,161,166,198,209,211,223,216,225,216,212,204,220,225,228,225,225,209,187,174,157,161,132,143
108,118,130,143,151,203,193,180,205,213,215,210,198,208,220,216,221,211,205,192,195,171,162,169,139,158
119,117,127,118,136,145,164,172,203,219,206,214,202,215,209,216,211,212,200,208,200,191,177,175,150,155
115,123,115,121,126,146,159,172,185,187,194,187,173,194,189,197,213,200,194,199,217,192,184,186,168,159
88,103,126,148,133,146,166,182,188,156,151,167,155,178,187,193,198,202,192,201,203,203,184,160,144,159
108,108,100,87,98,124,130,135,126,163,146,131,164,179,188,188,190,208,191,179,192,192,175,188,167,161
85,97,92,115,94,100,92,122,119,117,123,150,133,150,143,174,199,184,181,198,200,196,196,166,162,150
73,76,82,82,84,93,93,89,104,126,106,131,137,166,161,190,174,195,184,191,197,185,182,185,186,160
55,68,70,80,75,75,88,91,120,110,115,112,146,154,160,172,194,201,174,206,194,217,215,187,190,182
68,72,79,82,77,86,67,95,97,114,124,128,127,152,155,170,176,195,202,224,206,199,203,177,188,159
65,68,71,72,84,88,89,101,89,114,132,130,139,136,166,196,180,184,188,188,204,216,216,213,206,196
73,69,77,73,73,88,89,102,106,93,137,130,147,152,171,157,191,204,201,211,202,225,207,215,200,126
70,65,70,90,83,77,100,100,113,101,126,143,135,158,156,175,184,182,195,185,179,201,213,208,199,128
68,79,95,98,96,106,106,132,112,141,145,144,157,152,181,176,181,195,186,208,202,207,217,213,123,127
68,82,96,123,96,86,129,150,140,128,155,149,163,182,190,194,179,209,215,212,216,199,210,127,130,130
81,84,107,99,135,132,115,141,135,159,165,157,178,204,208,219,213,202,219,218,221,218,128,127,129,118
