127,134,227,228,227,222,209,219,216,215,214,205,217,198,188,177,196,171,170,166,165,155,149,151,155,146
128,125,211,216,213,215,210,204,213,206,198,196,208,193,190,192,179,174,173,167,153,161,152,151,156,136
130,127,198,205,204,194,204,216,202,213,211,207,206,202,201,188,180,186,172,177,189,195,191,193,191,199
125,124,203,212,218,216,217,220,213,214,216,209,211,194,197,186,200,199,193,189,197,198,182,176,183,171
129,131,217,220,223,226,217,214,214,211,204,208,197,191,193,197,202,197,194,185,167,160,143,148,144,154
127,129,225,222,220,225,216,218,220,202,207,207,220,203,205,194,183,152,121,130,132,158,163,176,163,164
127,126,226,222,214,217,210,216,207,201,196,197,193,199,180,155,124,143,159,188,181,172,170,160,166,170
132,127,223,220,210,208,197,199,203,186,206,205,187,144,143,152,153,169,168,165,167,165,188,172,183,166
127,125,219,218,207,206,198,195,195,195,196,169,139,146,165,177,177,186,177,171,174,179,187,165,177,165
127,129,223,219,205,204,201,196,188,163,163,157,168,182,190,181,186,191,175,181,170,182,168,159,131,145
129,126,222,211,201,199,195,192,175,186,165,183,191,195,192,191,183,177,157,154,148,133,110,100,90,92
128,124,211,217,217,198,191,196,181,172,191,192,194,195,178,165,167,160,152,94,96,71,77,81,70,78
128,128,217,200,198,193,183,198,190,194,184,191,189,171,184,150,125,103,79,87,89,80,79,71,74,82
129,133,209,209,204,182,188,196,187,189,199,185,174,157,115,99,104,99,98,84,95,87,79,96,102,103
132,120,210,203,200,197,190,189,193,188,161,137,124,111,105,102,106,98,119,129,128,81,97,95,117,112
126,132,206,198,191,188,195,169,165,153,149,131,120,105,106,103,95,141,182,183,161,139,107,105,109,103
128,128,215,209,204,190,182,174,172,153,146,123,111,101,98,116,177,199,218,222,190,158,135,109,97,90
124,134,205,198,206,200,197,186,174,167,132,117,109,109,109,152,200,211,217,216,201,182,139,107,89,84
126,129,221,214,199,208,193,189,177,164,136,148,134,139,134,145,175,192,194,210,209,180,158,101,86,83
127,127,219,216,209,213,194,184,166,173,182,161,160,155,168,150,152,152,174,178,185,164,143,105,95,89
129,126,219,217,218,217,201,192,183,189,177,179,170,171,158,148,150,149,129,127,133,113,119,106,99,103
130,128,221,216,216,209,203,201,194,194,192,167,186,159,158,148,140,125,117,115,107,116,113,119,122,129
126,128,220,218,220,212,210,213,187,187,178,179,165,150,144,149,155,120,119,123,101,107,110,115,110,105
126,129,215,216,219,212,206,206,201,165,149,168,166,171,175,167,129,145,136,111,115,122,132,107,118,101
130,132,207,205,203,198,190,191,170,183,195,190,165,150,150,139,136,126,125,104,116,105,101,117,105,94
126,130,200,199,196,200,201,210,199,202,183,173,168,149,138,148,134,127,136,142,124,107,115,96,95,91
130,130,217,221,213,211,200,212,194,206,184,188,169,170,164,168,133,128,121,106,101,93,77,82,73,77
127,122,220,223,212,218,210,201,202,201,180,192,189,168,165,162,136,137,124,122,111,95,93,81,84,97
133,127,225,219,206,210,211,208,205,203,209,197,196,175,173,176,164,153,135,137,122,105,114,104,110,109
128,129,225,219,216,206,201,211,207,196,191,200,206,168,181,183,178,173,162,145,132,130,127,115,113,102
