221,228,230,235,242,248,250,243,248,245,244,242,254,254,245,230,234,223,212,227,226,221,126,125,128,128
224,223,218,220,224,230,243,248,252,250,246,243,244,249,250,245,233,231,232,227,212,227,129,134,128,128
226,224,216,215,214,216,229,238,241,245,245,250,235,247,251,252,249,237,237,228,238,128,125,124,128,128
222,224,221,219,214,209,216,219,223,250,240,244,247,253,236,251,250,242,249,234,233,131,127,134,128,128
227,217,212,219,216,204,211,225,228,230,228,250,250,247,234,246,253,247,247,238,233,126,124,126,128,128
224,228,223,218,214,212,213,209,219,223,227,236,239,250,246,240,239,255,251,245,228,127,132,128,128,128
229,227,224,215,218,212,210,206,215,224,228,230,238,245,243,239,245,233,246,253,130,127,127,129,128,128
231,228,226,223,222,214,213,217,213,218,222,225,234,241,244,247,246,245,238,245,127,130,131,129,128,128
229,226,223,226,220,211,208,219,220,222,222,224,227,229,233,240,248,249,228,239,131,127,126,127,128,128
226,225,221,226,216,208,202,211,214,218,220,222,225,227,231,237,231,243,239,241,124,128,128,129,128,128
225,227,223,226,219,213,202,204,208,215,218,218,222,228,232,235,230,239,227,127,134,122,129,128,128,128
224,226,224,224,223,219,207,202,214,218,217,214,218,225,228,230,230,232,237,127,127,130,131,128,128,128
226,226,226,225,230,223,214,206,214,214,211,212,219,225,229,232,238,228,232,127,130,129,125,127,128,128
232,230,231,230,238,228,221,214,216,212,209,214,221,224,225,230,230,231,232,128,126,130,125,130,128,128
242,234,233,238,238,233,227,222,220,209,207,215,219,218,218,218,227,225,131,126,128,130,126,127,128,128
247,240,238,239,237,235,233,230,220,211,211,217,218,216,216,216,218,225,119,128,132,124,130,127,128,128
240,240,244,247,244,240,236,230,224,217,216,220,218,215,215,216,214,215,135,133,126,124,129,128,128,128
238,238,240,241,240,241,241,236,230,223,220,221,218,215,214,214,216,213,131,117,135,128,128,127,128,128
235,235,237,238,239,243,243,237,238,230,225,223,219,216,214,211,215,132,129,128,130,128,120,133,128,128
231,233,237,241,242,244,241,235,245,238,233,230,225,222,219,215,205,127,131,124,124,129,132,125,128,128
231,230,231,233,233,237,241,241,244,241,240,237,233,230,228,223,222,124,127,132,128,128,126,131,128,128
221,222,228,232,231,233,236,237,237,238,241,241,236,234,233,229,126,128,129,125,130,129,126,128,128,128
230,223,227,230,224,227,234,233,233,237,239,236,232,234,241,236,128,128,128,128,128,128,128,128,128,128
234,226,227,229,224,225,228,224,221,226,228,239,234,241,242,234,128,128,128,128,128,128,128,128,128,128
237,228,227,228,225,224,223,217,225,223,225,228,223,237,235,129,128,128,128,128,128,128,128,128,128,128
231,226,226,227,224,223,219,213,220,216,228,218,228,223,227,129,128,128,128,128,128,128,128,128,128,128
225,225,227,227,223,220,217,214,216,226,212,221,220,214,222,127,128,128,128,128,128,128,128,128,128,128
225,230,231,228,222,218,217,218,218,222,217,217,215,216,124,129,128,128,128,128,128,128,128,128,128,128
228,233,233,225,218,215,216,220,218,215,208,209,204,206,130,125,128,128,128,128,128,128,128,128,128,128
227,232,229,219,212,210,213,219,213,221,213,223,201,126,130,128,128,128,128,128,128,128,128,128,128,128
