204,197,228,225,211,199,202,200,175,189,174,182,165,180,187,178,170,138,144,142,117,109,125,127,127,127
210,207,199,216,213,206,204,193,186,190,164,194,178,180,177,171,160,147,153,152,126,81,131,128,127,127
204,210,222,215,200,211,192,176,185,181,203,189,187,191,169,182,161,146,155,145,117,129,119,127,127,127
221,216,217,216,206,213,224,190,174,187,201,186,180,180,171,178,158,156,152,139,124,123,133,130,127,127
201,210,223,218,211,201,191,196,206,187,179,190,185,190,169,168,159,145,131,129,110,130,125,125,127,127
205,207,206,212,191,200,206,207,192,192,170,168,166,171,179,136,146,132,141,115,96,126,127,127,127,127
202,195,195,187,198,205,190,199,196,200,187,178,148,167,158,154,142,139,124,110,120,130,128,125,127,127
204,195,217,190,193,187,201,175,172,171,156,169,177,137,139,123,125,131,118,111,132,129,124,128,127,127
207,199,198,196,181,144,145,157,148,163,163,176,185,150,143,144,112,116,115,82,127,127,124,128,127,127
212,210,208,181,158,107,123,156,156,161,167,160,183,168,155,143,131,132,114,90,125,129,129,126,127,127
212,211,198,174,199,142,120,153,157,166,157,175,165,166,151,139,131,133,98,125,128,126,129,126,127,127
207,204,200,168,170,157,159,164,177,157,166,163,173,168,155,130,120,110,107,128,127,127,124,127,127,127
216,210,208,196,203,174,180,187,177,163,171,165,154,161,139,131,125,109,119,124,129,132,126,128,127,127
183,210,199,217,185,179,171,172,177,165,150,168,172,162,151,132,107,108,79,128,126,126,128,126,127,127
219,220,205,214,212,186,169,175,177,159,143,163,170,170,148,115,106,96,126,125,128,126,126,127,127,127
207,211,204,199,198,203,193,186,188,166,153,152,149,142,144,116,116,87,130,128,126,124,130,127,127,127
214,209,212,210,203,211,194,183,189,166,143,153,136,120,123,120,97,77,124,123,132,126,123,129,127,127
216,208,205,207,203,209,199,196,187,168,149,163,154,126,119,122,85,77,125,130,126,126,130,124,127,127
204,217,208,202,199,202,193,179,183,162,170,158,162,131,135,111,85,119,130,125,129,128,123,131,127,127
207,221,201,188,185,195,200,192,178,145,166,154,138,124,134,104,90,127,130,131,122,128,129,126,127,127
218,218,210,205,193,194,190,183,181,148,160,154,125,126,118,105,95,129,125,124,129,130,122,128,127,127
211,203,211,209,194,203,196,187,182,165,171,143,133,131,106,95,122,128,129,127,127,128,125,129,127,127
182,193,188,197,176,203,200,195,193,182,149,136,150,128,97,85,127,127,127,127,127,127,127,127,127,127
199,201,202,206,200,197,203,195,184,178,161,146,137,133,97,85,127,127,127,127,127,127,127,127,127,127
203,197,208,206,207,195,197,191,198,173,160,156,140,127,97,132,127,127,127,127,127,127,127,127,127,127
204,200,212,206,200,205,195,197,183,172,172,133,142,105,91,125,127,127,127,127,127,127,127,127,127,127
197,199,196,198,188,195,191,194,182,176,147,131,114,98,90,131,127,127,127,127,127,127,127,127,127,127
193,199,183,194,192,185,196,192,177,165,155,125,114,101,127,124,127,127,127,127,127,127,127,127,127,127
185,190,179,186,189,186,186,178,188,154,137,129,104,98,125,129,127,127,127,127,127,127,127,127,127,127
191,193,195,188,187,206,177,169,167,158,141,139,110,125,130,124,127,127,127,127,127,127,127,127,127,127
