110,105,96,113,111,126,130,108,120,113,117,116,135,116,109,110,115,118,100,100,108,90,96,86,109,125
111,105,123,131,119,135,123,98,120,145,121,137,115,116,106,108,105,123,94,127,99,95,82,92,95,125
109,127,114,139,124,124,112,108,137,124,126,103,139,116,139,111,105,112,110,94,98,100,97,126,111,114
115,108,119,121,136,129,125,118,165,142,128,138,124,142,138,122,114,154,135,118,107,105,100,128,130,107
108,111,108,115,135,121,124,150,156,132,145,161,164,151,152,134,146,142,130,128,119,108,119,97,126,135
132,122,126,127,118,133,155,175,151,155,169,156,164,155,140,140,142,161,133,133,126,143,128,131,120,122
124,136,109,132,115,154,151,172,156,148,156,159,184,183,190,202,170,194,154,127,108,142,150,149,128,136
111,122,141,127,128,175,150,173,175,182,168,177,188,193,178,202,180,172,168,165,128,151,119,139,160,138
127,126,137,126,132,139,159,156,175,188,191,192,201,188,182,184,193,187,176,173,167,140,154,159,147,137
152,125,143,156,148,171,193,169,182,179,176,193,186,196,174,194,208,200,174,173,172,153,175,187,129,153
182,172,171,195,179,196,194,172,201,191,187,176,204,184,202,202,198,193,173,194,169,177,183,140,180,171
160,170,172,161,184,172,198,187,207,188,210,174,182,202,201,200,213,198,191,180,185,191,153,173,152,155
173,186,192,184,190,185,180,194,195,213,206,203,197,198,168,203,207,198,198,182,148,189,171,171,178,186
184,177,181,175,183,191,188,218,201,230,189,192,202,172,231,202,194,203,202,185,191,197,188,179,182,177
185,205,191,178,189,159,200,187,203,205,169,175,209,200,196,189,161,204,197,168,194,178,187,205,182,191
183,176,185,205,174,139,142,194,194,169,196,191,206,203,172,170,187,160,178,181,195,210,200,192,192,194
162,166,154,150,185,176,176,184,195,199,145,194,162,151,186,195,170,164,191,179,186,177,195,189,205,202
146,160,153,103,91,94,129,158,194,205,192,190,180,157,151,152,166,173,171,172,161,173,195,207,196,203
86,74,89,98,161,119,84,113,122,122,115,137,127,169,120,113,136,117,112,144,135,187,173,183,209,185
52,69,53,32,45,59,70,46,75,90,103,94,109,63,51,75,89,117,101,102,151,134,170,156,197,143
52,44,42,14,25,31,29,37,26,33,43,45,54,59,38,28,51,56,51,76,107,134,86,145,147,134
35,32,16,44,23,10,12,19,21,14,23,34,35,59,31,24,33,37,50,59,50,120,81,100,107,103
14,13,19,15,18,19,10,8,8,15,11,8,26,17,27,22,19,32,32,27,39,68,74,74,94,71
5,2,7,4,7,18,11,0,6,8,9,15,9,12,17,23,21,13,25,22,39,35,47,50,65,80
8,6,4,5,4,2,7,4,3,3,4,4,5,8,6,12,16,18,18,18,22,30,30,43,54,70
1,0,0,2,5,5,5,4,3,4,4,3,4,5,9,10,10,14,20,21,22,26,27,34,44,55
4,4,3,2,0,0,1,1,1,2,2,1,1,2,3,5,7,11,15,16,20,28,19,28,52,72
2,5,4,1,0,1,2,2,3,4,4,4,5,5,2,4,6,9,11,11,16,25,23,46,25,53
5,5,4,1,2,5,0,0,0,0,1,2,4,4,12,10,5,6,11,12,11,13,23,44,25,32
10,12,12,9,7,7,8,8,6,5,5,7,9,9,11,12,9,7,10,12,13,15,28,33,35,20
