249,246,243,221,221,209,204,198,183,175,157,147,148,136,137,122,130,117,113,106,116,97,98,93,92,97
247,245,246,225,222,224,206,197,207,180,175,178,155,148,150,143,131,133,141,134,136,120,116,135,114,128
244,248,249,241,238,222,220,216,208,204,201,202,179,177,154,155,148,152,144,147,142,145,154,142,152,146
241,251,251,254,244,227,228,224,223,217,213,204,184,167,181,169,169,166,149,163,149,169,158,155,169,159
235,249,250,249,250,244,231,226,228,226,220,198,207,203,198,189,164,174,160,181,159,174,164,170,168,174
232,243,248,249,252,253,250,248,246,244,239,232,217,217,210,194,190,184,186,165,162,156,170,180,174,170
231,238,248,246,243,243,247,250,251,253,250,242,241,234,232,226,202,187,183,156,159,173,178,165,165,140
233,237,243,244,240,239,243,241,236,237,240,251,249,247,241,235,241,236,230,232,224,225,230,217,190,175
235,239,240,243,239,234,234,229,225,227,227,221,212,211,217,223,228,227,226,230,237,243,239,187,219,231
237,243,240,240,235,231,230,229,229,232,224,210,216,207,204,209,198,209,191,181,171,148,128,153,160,176
235,242,236,234,236,238,238,237,234,229,227,223,202,211,215,206,210,198,181,184,161,119,123,91,87,96
229,237,237,228,226,228,229,231,230,221,213,214,206,211,208,196,196,190,187,166,134,137,83,75,77,81
234,232,227,230,221,224,231,219,222,217,206,211,216,212,192,205,214,202,167,126,94,74,66,74,79,79
234,226,216,216,223,220,206,204,203,212,213,226,225,218,208,201,183,133,81,67,68,70,71,78,80,79
228,224,217,210,207,199,198,191,186,206,217,207,221,206,162,108,79,66,65,53,52,52,55,62,61,55
238,205,198,188,176,141,142,159,199,189,192,201,144,86,63,40,48,60,51,54,65,64,58,56,52,48
210,198,187,148,115,96,119,111,124,129,86,64,52,46,41,49,48,55,58,50,48,47,54,63,59,52
201,213,208,126,84,69,71,80,68,63,48,48,33,43,38,44,56,49,47,50,58,57,56,56,49,47
213,218,148,90,66,62,58,51,34,55,45,36,44,49,41,48,52,43,46,48,55,60,67,67,57,54
104,81,68,47,43,34,31,35,43,39,35,42,36,36,48,34,38,51,44,49,56,56,57,56,53,59
43,36,29,31,7,9,20,32,32,29,37,33,3,25,34,35,36,40,28,40,48,42,36,44,32,47
13,13,13,15,22,12,21,21,18,25,27,9,16,29,5,22,31,32,23,32,37,35,40,41,43,55
9,4,8,9,13,21,24,25,7,13,10,4,11,20,2,19,13,19,26,30,16,31,32,38,28,29
10,23,3,21,9,4,2,15,20,14,10,16,2,12,14,21,9,17,11,18,26,26,32,27,34,40
0,19,8,0,7,9,21,0,8,13,17,9,3,12,4,12,14,16,6,14,15,16,0,14,9,28
8,4,23,14,19,0,2,3,9,10,17,0,11,14,6,13,12,10,6,0,10,7,17,26,24,31
20,13,18,19,21,20,0,6,1,15,12,7,17,14,22,18,13,7,6,2,6,24,21,29,22,33
21,18,12,10,2,16,12,10,12,10,5,11,11,9,16,3,19,2,22,5,0,18,24,18,15,15
6,22,8,4,4,12,2,14,13,21,7,13,14,6,10,14,36,18,17,16,10,11,14,15,21,26
8,14,4,4,6,12,11,16,12,10,5,15,29,16,12,22,30,19,19,7,9,22,15,24,27,24
