124,119,122,124,121,122,123,118,115,118,111,103,99,99,100,93,89,88,84,127,131,128,123,131,128,128
127,122,123,124,122,123,122,117,117,119,114,112,111,108,109,104,97,83,85,81,126,122,138,124,128,128
127,123,123,124,122,122,121,115,118,118,116,118,116,110,108,105,96,92,75,79,130,136,121,130,128,128
126,125,126,126,125,124,121,117,117,119,116,118,116,110,107,102,116,91,91,92,125,126,124,132,128,128
124,128,130,129,128,127,124,122,118,122,119,119,118,116,115,109,94,92,105,91,128,131,127,131,128,128
125,131,131,129,130,129,126,125,121,125,121,119,118,118,118,112,113,104,99,99,87,127,127,124,128,128
131,135,131,128,131,131,127,126,125,126,120,119,117,113,114,110,99,102,93,99,100,132,127,135,128,128
140,141,134,129,134,136,131,129,128,125,119,121,119,112,113,112,105,112,103,105,100,129,126,127,128,128
138,134,136,137,133,132,134,131,131,127,125,123,118,112,111,114,110,119,110,110,99,126,125,131,128,128
131,136,145,144,135,133,136,134,128,127,127,125,119,113,114,119,113,115,106,110,115,107,127,128,128,128
136,140,146,144,137,136,137,133,129,127,126,125,122,118,119,121,114,118,113,111,122,106,132,124,128,128
135,136,138,138,135,133,132,129,133,127,122,122,124,124,121,119,116,121,120,116,118,119,129,127,128,128
125,128,132,134,132,127,126,130,133,128,122,120,122,124,122,118,119,119,116,122,119,120,124,131,128,128
130,130,128,128,129,127,126,131,126,127,125,121,120,121,122,121,116,122,116,120,121,117,129,127,128,128
122,125,122,118,124,126,123,122,116,121,123,120,119,120,122,121,115,121,121,118,119,121,127,125,128,128
89,108,117,114,117,118,114,110,110,114,117,117,119,123,122,118,121,109,120,123,118,123,110,130,128,128
94,93,91,94,99,94,90,96,101,109,112,114,109,111,118,108,110,109,121,116,130,121,123,128,128,128
44,40,48,55,58,73,87,84,81,92,98,100,90,83,88,82,91,93,101,113,123,122,118,129,128,128
20,26,31,37,47,55,59,61,60,67,73,75,67,63,68,66,70,68,72,90,112,126,122,128,128,128
7,12,13,21,37,42,47,61,49,53,56,60,63,67,69,66,60,55,59,64,96,115,124,128,128,128
10,3,10,17,15,19,29,29,33,39,45,48,56,64,62,58,58,55,57,56,73,87,104,124,128,128
0,5,11,11,12,17,20,17,20,27,34,33,38,46,48,53,52,47,40,50,52,64,73,103,128,128
4,15,8,0,6,10,10,17,18,21,26,24,27,32,37,54,42,35,24,34,36,49,50,72,128,128
8,4,8,9,3,4,10,11,14,12,17,19,22,20,21,40,33,33,29,21,27,37,42,52,128,128
6,8,7,6,4,2,4,10,6,5,9,12,15,14,13,21,21,24,24,28,32,30,33,46,124,131
12,8,5,5,6,5,4,2,5,7,11,6,6,14,17,20,10,16,20,25,31,30,31,38,129,134
18,11,10,13,14,16,16,10,5,5,10,8,9,19,20,14,17,19,18,19,25,30,35,40,129,120
30,24,26,27,19,17,19,14,19,13,20,21,14,15,15,12,11,16,19,23,31,39,41,39,129,129
48,44,49,49,39,36,39,36,32,28,37,34,23,23,28,31,28,27,24,23,29,40,45,42,126,122
47,44,48,50,47,46,49,47,46,45,51,50,47,52,51,47,44,46,50,53,55,57,52,40,128,137
