150,168,134,194,220,225,239,237,231,242,234,227,239,233,224,222,218,199,180,158,144,126,141,128,142,142
185,197,218,233,233,234,233,235,244,231,234,229,237,227,222,225,223,205,188,174,145,122,121,121,138,142
213,225,234,220,226,231,237,241,234,242,241,234,237,232,232,224,220,219,208,187,162,134,137,122,135,131
212,219,230,233,234,233,237,240,237,240,240,240,243,234,234,227,223,224,212,193,151,149,122,121,111,125
207,229,235,236,218,227,240,236,239,237,240,236,239,230,232,235,229,216,210,200,180,139,128,123,126,125
200,212,227,228,234,229,227,235,236,241,235,228,243,241,229,223,228,224,205,189,188,142,144,121,123,117
194,222,229,222,231,231,233,233,238,238,244,220,244,236,237,226,231,227,225,188,183,161,126,129,112,120
197,212,236,228,234,236,238,236,241,241,237,228,239,244,240,231,235,224,220,214,187,175,137,114,115,115
203,220,230,231,234,232,237,238,244,236,235,231,236,240,228,233,231,227,230,223,204,193,181,99,106,110
196,223,230,233,236,238,243,240,245,240,239,227,237,231,218,233,220,232,224,229,214,200,188,135,99,104
215,226,230,228,234,242,248,237,239,244,245,230,236,231,228,235,220,231,224,228,219,202,188,170,111,113
209,207,220,225,235,232,241,245,244,246,242,234,222,223,227,220,219,219,216,213,213,203,190,167,120,102
172,182,188,193,206,197,215,236,236,239,235,242,225,223,218,205,209,210,200,210,210,215,191,187,151,103
127,129,134,123,139,143,170,189,191,212,198,218,215,205,186,174,167,177,185,169,190,201,201,182,173,118
153,152,153,147,133,115,123,136,119,133,145,198,211,179,135,105,124,117,120,142,158,174,187,194,170,145
129,145,140,135,114,131,112,110,118,90,86,103,121,123,112,84,72,60,72,94,106,133,168,164,176,160
116,147,128,127,105,132,133,102,120,84,89,73,68,60,69,69,48,32,50,66,75,109,134,155,153,162
106,114,111,106,93,122,104,87,87,77,77,61,57,48,39,29,20,26,41,50,69,78,108,128,133,146
87,80,85,101,113,103,118,100,98,117,116,103,82,71,65,62,58,54,52,63,62,73,99,111,129,133
121,159,169,181,197,201,191,206,208,199,214,216,181,147,120,118,124,114,94,83,72,92,111,133,125,122
160,197,206,213,225,223,240,245,253,235,251,246,225,223,211,201,194,185,142,111,115,105,129,145,133,121
218,226,233,230,235,238,240,238,242,237,242,240,227,227,224,228,219,209,189,180,161,142,129,146,151,139
227,238,235,234,243,244,244,245,235,236,230,230,230,233,224,223,219,218,214,202,175,176,173,147,165,163
226,235,222,247,234,241,235,236,226,237,220,227,230,232,222,221,218,221,225,210,204,166,182,180,171,147
211,224,211,230,232,229,224,209,220,213,226,235,231,228,222,224,223,230,219,213,204,201,198,187,173,175
200,200,212,211,218,213,192,207,211,223,224,231,222,217,218,223,221,226,218,212,204,201,209,185,176,165
181,178,186,199,162,186,201,204,222,214,213,221,214,213,216,222,216,219,217,213,215,202,214,211,193,178
164,157,154,150,156,167,190,201,205,198,212,218,213,213,212,217,215,219,215,220,214,216,201,198,189,186
136,139,133,146,165,176,154,180,192,199,205,204,199,202,201,209,211,215,208,213,216,206,205,200,213,195
122,125,132,151,160,159,164,178,184,178,191,185,183,194,199,210,210,209,212,201,218,208,190,204,194,202
