46,47,38,51,37,53,57,71,57,59,62,60,35,66,68,62,45,27,33,38,36,41,46,44,61,43
23,19,30,17,15,11,19,12,18,22,16,23,12,11,17,23,26,29,29,29,37,49,52,54,70,67
67,55,52,40,41,45,29,36,42,29,30,31,35,36,44,45,71,42,58,77,98,98,127,144,187,170
108,91,80,80,73,67,79,71,82,74,77,86,76,69,81,99,100,102,93,148,157,215,173,200,232,247
154,145,133,174,138,134,139,129,121,148,159,165,158,135,135,174,163,185,196,210,224,229,240,235,246,253
192,208,190,211,163,178,189,195,192,214,215,184,195,174,204,199,196,213,222,226,245,243,238,242,248,238
189,208,197,213,205,183,210,186,206,207,189,161,173,184,196,200,191,198,209,219,240,212,225,247,246,216
180,176,195,193,189,174,161,191,191,202,168,163,171,147,159,166,179,186,199,198,194,211,228,215,212,206
148,144,147,174,161,149,162,171,174,205,143,138,141,133,139,121,155,131,164,178,199,200,213,203,177,191
127,109,106,124,120,156,142,149,134,154,149,134,127,142,139,119,124,123,141,143,128,170,175,154,152,141
90,97,83,98,106,110,133,143,153,99,109,108,121,112,113,117,125,108,113,116,98,112,126,102,126,126
70,82,83,80,81,88,84,88,76,94,82,93,81,79,77,71,84,98,99,78,94,98,89,98,120,119
69,79,84,72,80,89,83,77,73,71,75,74,72,65,62,87,79,92,84,87,82,93,106,127,109,107
72,80,77,73,61,79,77,68,65,64,68,58,61,58,62,75,70,81,77,79,90,82,83,117,119,119
75,63,65,62,62,61,57,49,46,47,40,41,55,44,47,36,48,57,68,68,66,78,103,88,81,102
67,70,60,61,46,48,36,36,38,41,44,42,38,36,38,35,39,52,52,55,60,81,72,77,84,80
57,60,52,58,49,43,45,44,45,40,47,47,39,40,39,36,42,50,49,52,51,69,58,67,61,65
57,54,46,51,58,40,48,44,42,41,38,52,44,39,42,41,46,43,43,49,55,52,51,63,62,68
49,47,45,51,57,42,47,50,50,52,42,49,48,46,49,50,49,49,46,52,57,56,50,55,67,69
54,52,50,49,46,49,42,49,42,40,36,27,41,47,48,49,40,54,50,52,65,73,58,55,56,63
50,48,48,44,42,50,43,46,35,34,37,31,34,37,42,37,33,46,49,47,59,45,45,72,70,70
46,45,50,50,35,29,30,33,32,35,30,30,32,23,35,26,34,34,45,42,50,58,60,61,68,93
63,60,61,58,50,41,40,38,40,40,37,31,34,27,38,35,41,48,56,51,43,59,68,85,83,85
70,67,64,57,54,62,52,42,39,35,56,46,48,52,55,63,59,86,84,76,67,77,78,102,93,123
72,78,79,71,78,70,71,55,70,67,90,69,64,88,99,98,142,131,103,93,120,120,99,123,123,143
110,110,127,101,106,89,98,92,98,88,113,113,114,136,158,155,157,182,176,158,197,157,182,188,196,149
129,114,106,121,103,92,118,112,163,141,141,136,162,150,162,165,180,197,227,143,202,205,214,190,203,193
145,157,144,122,109,121,161,158,147,146,155,181,173,196,137,194,180,210,205,209,203,221,218,216,217,216
142,159,111,139,93,125,175,162,144,120,116,164,173,190,177,151,191,193,199,197,215,206,226,237,226,235
160,159,139,142,128,138,164,180,137,160,135,152,158,164,192,206,204,195,214,205,191,215,196,226,213,228
