162,175,180,193,189,196,203,199,201,209,192,190,214,197,202,212,206,211,204,204,205,201,188,197,190,183
178,185,182,178,178,190,194,195,208,199,206,214,206,213,201,202,210,208,210,218,208,205,208,205,198,199
185,189,196,192,196,203,203,207,218,211,217,217,209,202,201,211,221,217,206,213,207,213,212,210,206,210
185,186,203,204,206,202,210,208,212,209,208,206,217,207,213,221,210,220,211,214,213,213,216,219,210,209
192,193,200,194,193,191,197,200,214,215,218,210,204,207,207,204,205,209,220,207,216,212,212,219,214,215
185,193,192,188,185,194,213,210,209,217,208,202,211,212,193,196,196,219,203,217,199,214,211,218,218,217
168,178,170,178,169,175,185,186,180,200,190,189,198,189,182,170,181,180,200,200,198,195,215,209,216,213
170,174,150,163,142,136,140,145,144,149,159,172,145,160,135,143,134,149,151,168,178,181,197,180,206,220
134,100,119,101,97,84,99,108,106,87,93,106,119,117,116,109,108,115,141,142,132,168,188,184,196,193
113,102,88,74,65,65,73,74,74,67,74,78,89,96,91,86,77,87,114,120,116,135,158,163,185,179
91,92,68,64,56,56,53,51,53,54,59,56,62,71,70,71,82,75,84,96,94,121,133,125,144,165
64,58,54,54,55,48,44,49,51,50,53,52,53,54,60,64,60,65,73,79,90,94,96,113,127,154
48,41,50,45,48,48,40,46,46,44,45,49,48,48,58,48,59,60,69,84,81,88,79,100,106,133
43,43,50,43,42,48,42,42,37,38,38,39,39,44,38,49,53,60,57,56,75,80,92,95,92,120
34,36,40,38,38,34,40,39,33,37,35,36,34,41,44,47,55,54,54,62,67,73,72,89,87,103
40,34,38,39,48,29,30,35,31,36,35,40,36,38,35,43,42,44,48,55,65,62,76,84,74,108
38,29,32,33,34,31,32,34,26,36,35,36,38,37,38,40,43,47,53,53,55,60,64,75,80,86
38,33,33,35,38,38,42,39,31,36,33,40,44,45,43,42,40,46,49,52,56,64,66,73,77,81
45,46,44,46,46,46,47,40,40,41,37,45,45,44,46,42,37,46,45,53,55,66,63,73,80,78
53,63,63,65,58,53,52,45,50,48,43,49,45,41,45,44,40,52,50,63,64,71,80,74,91,67
75,89,91,91,83,73,67,60,65,59,55,58,54,52,51,53,50,60,58,75,77,79,72,81,72,83
103,113,112,107,103,93,83,82,86,81,81,75,71,72,71,67,63,69,66,81,85,84,94,88,91,95
115,118,119,111,111,98,95,100,100,99,103,89,88,93,92,82,80,86,84,92,99,99,107,101,97,98
119,118,125,119,122,105,104,110,104,101,109,93,100,110,105,91,93,104,108,111,120,123,112,113,117,123
116,128,120,117,122,107,103,102,113,96,89,99,91,91,90,98,94,100,111,110,108,113,121,121,128,125
115,118,112,108,93,98,95,97,84,81,76,75,88,83,90,83,93,103,96,93,115,121,113,121,117,133
91,103,104,103,89,96,84,78,77,77,75,76,78,80,80,86,89,87,96,95,107,110,109,108,124,120
105,110,97,94,91,94,85,70,75,69,68,75,69,77,79,85,83,82,90,96,99,91,99,103,114,116
109,94,92,98,77,83,80,75,73,71,69,72,74,73,71,88,74,74,89,84,79,97,87,103,102,120
101,100,115,103,99,94,91,87,90,83,77,77,70,67,67,69,74,79,73,77,87,85,79,86,91,95
