166,147,144,163,152,170,157,146,134,135,137,132,116,111,101,102,157,194,212,216,208,216,205,203,207,187
189,156,136,148,158,152,150,154,120,133,124,116,124,115,112,111,176,209,223,231,228,215,204,223,205,183
179,134,128,153,147,149,147,160,139,146,120,109,120,122,112,123,157,224,220,226,216,218,219,204,195,186
168,166,130,135,154,139,165,142,147,123,132,110,125,126,109,154,194,215,227,216,225,215,214,190,159,139
179,168,151,136,137,145,150,140,143,143,134,125,117,116,135,135,169,219,230,213,202,204,192,177,128,108
167,159,134,158,149,159,145,142,127,124,118,114,135,129,153,121,165,205,213,218,198,168,161,121,96,72
165,145,146,146,138,149,133,148,145,112,117,133,130,139,123,129,133,183,202,202,189,139,129,80,49,26
146,120,108,139,135,153,145,181,135,125,121,123,138,148,153,130,130,146,165,168,136,121,71,46,22,20
133,118,103,117,134,157,174,162,139,144,139,134,148,137,161,142,120,106,135,144,103,72,45,34,35,47
134,118,128,141,149,137,153,156,150,152,134,147,148,172,163,162,145,113,102,81,66,62,49,59,68,74
141,135,135,137,139,139,145,152,152,145,165,158,172,154,167,155,161,142,127,101,70,61,60,53,70,89
138,129,134,153,168,137,163,163,155,161,159,161,183,178,177,165,160,160,148,125,109,90,68,62,53,75
138,145,147,146,171,163,136,143,152,143,171,162,162,192,191,182,165,177,159,121,107,89,88,70,59,71
141,140,140,141,126,140,144,154,157,153,171,189,180,191,184,191,187,165,143,139,116,107,88,79,72,61
151,144,140,142,150,158,144,161,159,172,170,192,200,189,207,186,178,192,145,168,142,127,125,92,84,78
119,138,157,134,121,161,159,167,168,178,197,202,202,216,205,182,201,184,172,152,163,127,118,108,89,82
129,139,122,133,137,132,144,146,161,175,192,184,195,206,199,195,210,172,168,141,129,115,123,98,101,86
124,120,128,132,133,136,143,155,166,174,182,175,200,200,166,185,160,165,163,163,142,130,124,118,114,88
115,120,121,119,134,138,140,165,170,172,185,186,190,195,174,172,173,173,150,166,142,136,127,131,127,104
102,103,106,146,132,131,141,145,158,169,176,189,181,186,174,182,175,173,145,142,130,131,144,136,138,123
115,114,96,136,137,159,157,146,150,172,168,174,189,181,179,178,164,155,140,151,108,134,125,113,153,109
114,116,113,129,154,142,140,155,142,174,172,146,167,148,180,178,170,162,137,146,121,154,113,150,144,123
114,130,134,127,126,146,135,138,153,155,164,169,160,164,167,175,168,151,148,152,143,149,162,153,148,131
116,128,120,134,142,111,150,169,148,167,168,177,150,150,149,162,166,161,155,126,145,139,142,162,139,141
119,114,108,118,135,126,137,128,148,135,169,176,173,142,126,170,174,147,161,162,175,158,164,160,141,152
97,114,115,105,116,130,148,155,147,145,174,178,145,134,166,159,170,143,150,179,161,196,174,170,152,156
116,114,107,106,115,133,139,160,140,157,200,162,156,148,135,149,187,159,170,157,199,180,164,150,151,140
120,95,101,133,138,130,154,173,148,162,162,146,141,135,145,140,175,164,195,179,192,169,180,160,127,115
105,101,98,124,143,130,147,165,149,142,140,148,135,155,114,152,154,185,180,182,157,168,155,136,113,89
95,89,106,118,129,132,147,134,141,141,130,117,137,143,140,157,163,158,167,147,135,127,109,122,92,70
