117,119,129,136,153,168,137,188,172,194,183,183,181,171,161,161,167,179,153,128,117,104,103,101,89,82
142,130,127,157,152,148,154,160,169,183,188,160,166,170,184,167,181,165,160,135,120,103,106,88,80,75
129,137,152,154,148,156,171,182,197,180,179,166,168,183,181,177,160,159,159,154,119,125,95,93,73,62
124,138,139,148,148,152,172,196,171,172,179,177,179,204,170,188,184,179,178,162,146,111,99,88,88,81
131,139,131,151,161,179,191,194,167,192,193,185,182,181,177,160,186,180,164,160,130,110,96,93,58,80
124,146,129,137,139,172,184,180,208,205,187,203,183,204,228,205,216,182,188,189,138,109,94,92,79,59
145,131,138,140,145,147,181,179,198,200,220,223,221,213,206,214,219,222,202,182,128,112,96,66,82,51
125,118,117,134,136,155,183,189,209,213,219,220,220,223,209,242,229,229,204,162,130,112,89,81,73,55
94,100,124,125,133,140,156,191,206,211,213,220,217,212,226,227,216,214,191,164,126,108,89,70,62,64
105,118,118,137,123,145,156,191,205,218,217,218,223,225,212,221,227,213,213,167,124,102,87,74,60,54
105,113,119,120,140,130,149,175,197,215,221,229,237,219,222,231,219,218,210,174,123,96,76,64,59,52
102,119,123,115,138,145,135,166,197,205,232,227,223,233,222,222,227,216,214,154,126,102,80,61,61,66
114,131,105,124,126,126,135,145,172,210,210,226,223,229,233,223,227,224,206,185,145,104,81,72,70,59
127,125,119,129,119,143,135,163,174,207,225,226,221,222,241,239,226,229,187,194,148,107,85,74,75,69
121,120,107,109,135,132,148,150,162,208,219,232,236,243,235,241,229,234,219,199,153,108,84,72,80,78
147,121,113,109,132,124,152,152,184,210,222,223,226,238,235,243,244,234,233,191,174,127,105,89,93,87
123,127,128,125,141,139,138,144,186,200,229,236,242,243,248,245,247,237,235,216,175,137,115,85,85,89
120,128,125,141,141,156,145,164,201,208,220,237,235,244,246,246,249,247,241,231,205,144,115,95,97,87
113,115,123,146,131,151,157,169,193,225,232,231,245,243,240,241,231,230,245,244,212,161,122,111,94,92
125,148,146,129,141,133,136,157,197,214,220,245,242,248,250,251,246,247,247,228,211,185,131,121,97,101
131,147,158,145,150,141,166,181,205,219,222,231,243,240,240,246,247,250,253,244,239,208,149,138,121,120
134,156,172,172,145,144,149,162,199,215,221,241,233,232,238,247,249,250,253,253,231,217,177,147,131,109
164,161,163,148,144,155,169,193,201,219,236,233,234,242,251,251,250,254,252,246,253,231,176,165,137,121
160,175,168,166,155,185,183,194,202,215,226,227,243,244,248,247,250,253,250,250,245,234,186,155,171,139
187,180,176,172,171,169,176,201,210,216,230,228,238,234,242,249,254,253,246,253,246,240,207,178,123,150
191,189,202,163,169,187,208,205,204,207,223,231,236,240,248,244,248,254,250,255,251,242,213,169,166,144
190,212,210,186,187,197,195,192,217,221,222,230,232,238,249,247,251,249,253,252,248,248,229,189,144,130
196,202,202,181,188,194,216,214,223,222,213,224,234,240,247,246,248,249,253,254,255,245,229,214,192,171
202,194,197,188,208,207,209,215,217,214,225,227,238,245,249,250,248,251,252,253,251,248,242,228,193,163
155,199,193,212,206,214,214,214,208,205,224,235,236,245,248,253,249,254,252,252,251,252,250,235,199,171
