116,135,137,128,127,131,127,114,122,103,133,105,107,114,101,95,91,90,105,106,98,106,89,86,32,60
130,134,145,134,138,117,136,131,116,112,129,117,112,128,120,121,122,107,104,108,103,99,105,84,81,43
135,134,147,140,135,136,134,120,126,131,113,121,134,123,104,107,99,111,124,119,101,105,101,99,93,65
140,142,148,146,146,138,122,130,133,119,109,114,108,104,134,133,112,89,117,114,105,107,114,113,105,96
130,141,145,138,137,154,137,127,133,126,125,117,120,104,109,130,131,112,111,118,105,98,120,115,113,102
106,118,139,142,145,134,135,130,130,123,122,120,125,107,100,115,118,120,120,124,121,120,126,122,120,114
118,126,118,106,107,114,116,103,127,140,129,139,138,115,130,112,127,106,123,113,131,128,132,116,129,111
128,137,128,140,137,125,132,130,117,124,127,126,138,130,128,137,141,114,99,120,131,124,135,132,137,114
133,130,144,119,139,138,126,117,125,122,130,121,124,138,131,126,126,111,116,123,111,118,132,130,131,123
135,121,127,126,123,137,130,113,128,143,132,137,127,137,128,124,121,142,111,134,126,127,130,134,132,116
113,121,118,135,127,128,125,121,119,132,123,129,132,138,139,123,140,132,125,112,130,127,119,111,132,132
105,111,119,118,114,127,119,116,110,131,141,129,142,132,129,132,106,136,117,110,121,124,122,113,123,129
99,120,115,113,109,118,111,121,128,120,121,130,126,114,122,130,121,132,126,109,137,124,131,112,132,132
96,89,86,89,111,111,111,99,99,113,114,121,127,132,107,127,130,134,134,126,123,114,125,118,130,141
70,73,67,79,80,76,93,109,100,114,112,115,127,128,123,131,129,144,112,123,141,125,109,130,122,133
60,65,68,66,65,84,75,90,86,103,104,106,120,122,121,126,115,124,109,112,116,118,130,116,127,117
58,44,39,36,44,55,51,77,95,103,100,117,112,125,115,115,105,107,115,112,127,115,110,128,103,102
38,28,34,40,49,61,80,76,76,86,84,113,111,112,114,108,108,112,101,128,118,108,122,120,100,75
25,20,37,55,45,54,66,73,84,89,94,100,108,121,115,108,107,110,104,104,125,98,107,102,117,106
29,27,29,31,36,40,46,64,69,68,77,81,116,119,119,99,88,108,114,98,98,118,86,113,101,102
26,28,34,39,38,36,54,65,58,69,61,77,93,101,94,98,90,88,112,97,90,91,92,82,103,93
26,27,22,17,20,20,20,27,26,54,60,73,83,82,97,89,99,100,79,85,87,94,88,90,87,76
18,15,13,14,8,25,29,43,43,52,64,69,86,98,97,85,97,95,84,79,74,67,79,77,76,76
15,16,15,16,26,21,29,28,35,45,51,70,67,86,95,87,85,79,88,82,81,85,74,76,63,56
12,14,15,17,20,24,24,28,41,52,59,67,81,78,89,91,93,102,83,75,75,77,70,66,65,55
18,20,19,19,28,30,30,36,48,56,59,65,69,77,72,93,84,79,88,91,76,65,60,62,58,53
25,25,22,20,24,27,29,36,46,51,57,64,60,73,66,64,81,81,100,70,102,84,48,53,41,39
24,22,19,18,27,30,36,42,46,51,62,73,71,83,90,92,79,80,86,94,93,81,58,55,42,48
21,18,18,21,29,30,35,41,45,50,60,68,81,63,81,83,100,90,93,97,96,102,55,47,39,32
24,23,26,32,37,36,40,48,55,63,70,69,52,61,65,80,86,99,95,84,66,69,50,35,43,42
