123,126,4,17,13,9,17,14,10,18,21,37,50,42,57,96,126,140,150,158,122,124,106,87,124,113
132,126,12,2,15,25,25,22,23,29,31,48,70,93,124,137,138,152,146,147,165,180,161,143,130,122
126,129,7,13,19,26,22,28,37,36,55,69,99,117,140,142,157,154,154,161,154,159,157,131,110,115
129,126,6,17,31,37,36,44,52,71,68,90,125,129,150,131,170,129,167,162,158,169,144,152,116,103
129,129,17,23,28,26,39,60,68,84,101,106,113,135,124,148,145,163,167,156,150,137,129,109,98,59
131,125,12,16,28,29,46,63,79,103,96,106,115,118,135,136,143,159,142,159,119,104,78,43,34,36
128,125,17,23,38,46,65,77,90,100,129,103,112,109,127,124,122,124,119,91,80,42,36,42,56,72
125,131,27,32,36,44,59,69,78,76,97,97,103,104,108,106,121,99,51,43,33,70,95,97,110,115
129,128,16,26,29,38,43,43,64,77,87,105,100,103,99,107,61,54,46,65,78,104,98,105,107,81
126,130,22,34,30,40,49,59,73,86,98,78,95,93,66,44,56,58,66,95,96,93,79,61,47,28
130,126,24,40,48,68,65,79,83,73,83,72,73,61,38,36,45,65,77,61,64,48,26,10,3,2
128,127,31,42,49,65,64,77,82,81,74,56,37,38,31,43,60,48,36,34,15,10,1,4,5,10
127,126,34,40,51,64,66,73,72,78,67,51,34,35,30,30,32,23,16,1,5,7,25,35,28,11
133,128,39,42,60,73,76,75,70,71,58,41,39,31,31,20,16,7,5,9,6,61,121,137,78,34
127,122,37,41,58,68,70,63,58,64,57,47,42,22,17,4,8,5,15,42,89,129,174,188,100,51
129,130,52,57,66,71,72,66,67,67,49,43,29,20,13,10,6,18,34,96,112,171,209,227,160,61
128,129,52,62,68,74,75,71,65,62,46,40,30,24,11,4,10,22,27,66,133,188,229,240,248,132
129,127,47,61,69,80,81,78,67,57,42,20,17,10,8,4,9,19,24,36,92,138,207,233,248,226
129,128,64,67,73,78,84,80,71,56,49,36,30,18,16,20,15,18,22,32,37,47,101,145,190,203
127,123,64,79,78,89,94,89,82,74,56,57,37,33,22,29,39,38,40,27,38,45,58,56,63,72
127,133,63,73,83,94,89,98,85,85,71,68,58,54,55,52,54,60,64,45,46,62,60,54,41,42
126,135,67,71,87,99,94,103,88,95,81,71,66,65,72,59,75,71,66,77,70,76,53,49,59,63
128,123,79,79,83,96,102,86,91,100,81,86,74,79,77,69,93,80,80,108,116,96,86,87,105,122
130,126,85,79,88,98,106,93,96,93,87,97,98,89,88,85,93,97,85,130,109,112,108,133,151,165
127,132,82,77,98,108,109,118,111,98,103,99,113,93,95,89,90,87,106,108,129,116,134,139,181,173
128,126,78,81,90,99,97,106,126,117,117,110,116,112,106,99,106,105,121,114,124,124,130,134,135,146
132,126,75,86,107,101,101,125,109,132,118,133,140,122,121,125,102,103,102,114,104,127,127,117,136,132
126,128,89,87,111,89,107,121,128,121,122,140,156,135,147,129,142,107,111,119,122,117,128,118,123,113
128,131,79,84,101,99,119,124,106,125,150,157,146,145,138,140,148,166,124,136,136,120,112,106,108,109
128,131,79,95,106,125,131,129,147,147,158,148,162,165,167,155,158,149,160,163,140,127,159,139,138,136
