139,144,138,144,145,145,143,145,135,130,121,142,139,130,122,113,134,137,152,148,158,168,152,169,172,178
147,149,156,138,160,151,157,158,167,173,184,176,168,174,171,155,144,157,153,161,164,151,180,183,172,181
137,140,166,164,181,166,173,167,167,190,177,203,203,198,207,183,190,154,146,199,166,188,173,186,182,192
161,154,165,177,186,161,174,168,190,185,160,200,216,218,216,209,201,178,145,185,208,192,205,207,188,204
160,153,167,155,168,163,162,175,194,187,198,224,232,213,217,210,203,205,207,195,199,204,208,190,200,203
149,159,153,166,168,160,163,172,136,173,209,204,210,204,221,235,229,219,228,212,209,212,198,192,218,215
131,153,147,148,144,164,159,141,166,199,196,206,199,214,235,218,236,205,217,210,220,217,213,214,188,204
151,128,144,151,141,161,144,154,152,181,180,181,191,212,212,231,230,235,222,228,226,218,209,226,204,193
134,136,159,144,156,141,125,131,113,141,185,159,171,199,213,223,233,239,229,227,225,232,229,208,223,205
123,121,140,105,146,164,126,141,122,117,149,146,169,184,189,211,208,223,213,235,234,231,229,225,221,212
121,118,103,108,132,138,107,128,140,108,141,166,166,186,191,219,212,222,232,231,225,231,226,218,219,203
109,138,96,124,121,124,121,113,123,124,146,168,182,176,174,194,212,218,202,223,226,222,218,218,207,220
117,77,110,115,107,106,104,111,121,164,151,159,165,177,185,209,198,201,200,190,205,218,227,229,212,218
93,111,96,93,90,105,107,115,115,130,125,153,135,125,160,150,171,211,193,142,222,194,226,210,220,217
91,95,86,101,81,98,99,89,100,105,114,129,123,137,158,148,174,185,149,123,204,198,200,209,193,163
67,76,63,69,87,82,81,86,88,96,98,118,102,117,149,160,114,172,145,143,148,189,187,176,182,151
63,61,52,65,69,66,73,74,66,86,83,90,94,115,112,128,116,141,121,135,133,134,139,140,153,137
52,40,59,59,58,54,62,65,77,66,77,67,91,92,110,124,88,118,91,92,150,138,109,103,155,125
75,49,50,51,59,49,56,62,52,66,57,76,84,84,87,96,76,99,91,134,137,123,86,87,118,105
67,53,60,47,50,54,52,69,58,59,60,71,64,86,74,79,85,79,72,119,101,92,71,88,98,89
69,53,53,46,52,55,43,57,52,59,62,69,61,75,70,62,78,85,91,100,97,70,75,92,79,95
57,62,52,47,42,46,47,52,48,60,50,61,53,53,70,57,68,76,76,75,77,64,48,85,68,81
52,55,34,50,43,50,42,37,48,33,59,58,48,48,61,55,57,56,56,72,73,50,51,48,63,60
49,32,41,41,41,44,36,45,45,48,41,47,54,59,55,55,42,37,43,43,46,35,33,33,52,45
47,39,38,36,42,53,38,57,47,37,43,56,47,46,49,35,37,33,30,37,33,34,53,47,46,45
44,65,50,56,45,64,61,55,43,41,40,57,46,58,64,53,42,39,38,52,53,44,43,38,34,24
40,53,52,55,55,51,68,65,54,58,54,57,54,59,54,50,46,49,35,35,33,32,30,33,32,17
24,26,37,14,53,46,49,37,43,39,22,24,27,36,35,33,32,34,26,25,24,31,28,24,26,22
25,18,21,28,31,24,29,15,13,24,37,23,21,30,32,26,29,24,24,23,27,33,34,26,35,41
28,36,34,32,37,42,30,19,28,28,38,41,39,37,30,25,36,28,24,15,21,26,34,39,54,56
