104,99,119,117,126,118,107,94,98,103,103,106,95,93,95,87,92,77,85,82,90,111,126,129,152,187
111,111,123,120,110,102,95,103,111,112,93,92,103,114,96,83,97,93,90,96,100,110,122,135,155,148
104,124,131,110,118,109,103,102,105,119,116,111,102,96,97,96,92,92,99,86,86,113,120,125,146,158
125,118,132,136,114,108,118,117,108,115,119,111,121,108,107,96,101,81,92,88,107,112,129,136,143,154
132,148,131,137,107,118,105,117,114,124,111,116,113,117,109,117,101,94,102,98,104,106,132,144,168,199
144,140,140,117,125,123,123,121,123,132,120,125,117,113,111,117,104,105,108,100,116,126,135,148,160,177
146,142,126,131,135,128,124,134,133,127,127,130,116,129,110,114,113,103,110,111,104,123,126,138,156,178
158,144,130,144,137,142,155,145,128,155,137,134,136,121,120,114,102,103,108,116,118,125,134,149,167,225
148,150,152,134,150,154,156,166,144,141,143,142,131,127,102,107,119,107,117,130,137,139,150,153,205,204
149,168,141,159,150,148,162,149,135,133,133,132,145,121,126,124,116,112,115,126,143,147,177,179,211,231
166,140,144,141,151,146,140,148,143,120,134,132,123,126,130,131,126,112,124,135,125,144,178,186,221,235
144,133,133,136,144,147,136,144,139,137,141,132,131,126,141,133,119,109,114,116,123,143,163,187,223,220
154,122,131,122,131,137,169,139,142,144,136,129,139,139,132,124,118,128,130,126,131,146,189,219,203,236
120,103,109,120,129,147,140,133,142,140,147,137,132,142,145,136,137,127,124,129,147,168,198,210,231,238
115,101,117,111,122,111,125,135,129,141,134,139,140,139,120,121,134,123,143,149,161,185,194,213,233,240
95,125,110,112,107,130,146,123,156,143,154,146,147,172,146,153,142,155,161,167,181,206,202,198,240,239
103,125,127,128,120,128,132,147,148,150,156,171,188,145,189,189,178,173,183,161,191,208,224,241,242,255
129,119,144,144,139,135,144,175,149,174,201,188,201,198,190,217,200,176,192,212,216,224,248,236,254,248
129,163,160,192,168,160,176,201,182,213,192,224,224,216,216,204,200,209,197,212,226,229,246,255,245,252
147,173,182,197,193,204,219,214,218,215,221,225,228,222,211,222,218,200,215,205,216,225,227,244,239,249
188,194,195,206,217,212,220,206,224,227,225,223,230,224,226,210,192,185,202,210,202,215,225,236,233,252
197,197,213,209,220,215,221,211,217,208,219,209,219,215,216,212,196,191,187,186,197,196,216,229,236,243
207,216,217,207,221,203,212,205,220,207,203,228,218,224,188,184,196,190,196,203,201,176,215,213,226,228
213,203,218,197,200,187,209,209,199,204,191,177,218,209,184,187,179,165,183,158,189,207,203,217,215,229
207,195,196,186,191,203,183,199,188,191,195,170,199,190,189,191,175,175,173,160,194,166,179,214,189,211
209,195,199,190,169,186,138,155,170,171,170,185,162,188,155,171,165,159,168,170,185,185,157,200,187,169
195,183,158,156,146,140,119,127,143,174,179,167,172,154,176,163,138,149,131,133,157,207,189,220,196,203
179,144,131,124,95,65,26,42,82,134,180,171,163,140,158,137,131,130,144,135,137,182,182,187,197,156
163,112,102,60,19,11,14,9,8,38,99,154,146,147,139,130,130,115,138,136,161,173,188,175,130,24
147,112,79,30,20,21,18,18,20,11,34,96,149,127,128,128,128,128,133,140,148,149,159,123,119,35
