222,227,223,221,218,224,217,223,216,225,221,218,217,220,228,224,217,224,221,128,129,128,129,127,128,128
221,225,224,223,221,224,217,222,225,224,218,221,221,219,227,229,233,221,226,225,129,125,131,129,128,128
231,228,223,220,220,226,226,235,228,226,223,229,228,221,221,220,224,233,226,229,123,128,127,127,128,128
232,228,229,229,228,229,227,233,234,231,226,222,222,223,225,224,228,218,226,226,130,130,130,125,128,128
232,228,233,232,230,227,224,227,223,225,230,231,231,231,227,225,224,230,227,229,128,124,128,134,128,128
229,225,233,230,228,227,230,232,233,227,228,229,230,230,230,237,238,228,228,226,234,127,128,124,128,128
219,221,236,234,233,232,235,233,233,228,232,233,235,235,228,230,224,232,229,230,226,127,132,126,128,128
224,224,236,229,228,229,237,237,233,231,233,226,229,239,233,229,235,220,225,225,227,128,128,128,128,128
165,173,196,228,229,223,235,237,216,237,235,228,238,234,221,230,226,229,235,231,228,132,124,129,128,128
130,143,136,140,185,223,229,232,228,223,228,234,221,237,228,230,237,232,227,233,234,239,127,132,128,128
106,114,109,109,137,145,145,185,217,228,232,231,233,225,235,243,229,242,237,235,231,233,126,127,128,128
75,80,89,98,107,105,108,132,128,146,209,221,233,231,233,233,233,238,238,237,234,230,131,128,128,128
62,65,67,77,84,90,99,96,103,122,121,131,162,206,234,234,225,235,236,238,241,234,129,126,128,128
7,24,35,56,68,69,81,88,93,101,105,104,125,126,129,184,217,230,227,236,238,234,124,133,128,128
0,7,2,0,12,34,55,68,75,90,97,88,99,104,113,110,128,157,203,231,225,237,133,126,128,128
3,0,5,3,0,6,6,8,24,53,65,75,81,95,92,120,110,112,134,154,220,235,229,125,128,128
1,0,0,0,1,0,0,0,2,4,12,28,51,73,83,85,96,104,104,103,125,145,199,132,128,128
3,1,1,2,2,1,1,1,2,2,1,1,10,26,43,53,69,72,86,110,110,120,124,124,128,128
2,2,2,2,2,0,0,1,1,9,17,21,20,21,24,27,36,59,67,82,91,101,103,129,128,128
1,1,1,1,0,0,0,3,5,6,8,11,17,25,32,36,26,27,12,31,61,75,87,130,128,128
2,1,1,1,1,1,3,7,13,9,6,6,8,8,7,5,4,5,6,21,26,45,56,125,128,128
3,1,1,2,2,2,4,7,8,6,3,2,3,5,9,14,11,13,11,7,17,21,18,28,128,128
5,4,3,4,4,4,4,4,1,3,6,7,4,2,5,10,9,9,12,7,24,6,15,16,128,128
9,7,7,8,8,6,4,3,2,5,9,12,10,7,8,11,20,13,22,7,6,13,9,42,128,128
25,16,15,17,14,11,11,8,9,10,13,6,9,13,7,15,22,43,57,36,21,26,32,20,133,122
30,23,21,23,23,21,21,20,19,23,14,16,17,12,18,22,29,57,51,54,44,25,19,41,123,132
35,32,29,31,35,36,35,36,28,29,21,23,21,11,16,20,37,54,60,58,70,35,40,39,130,129
30,31,28,29,37,37,35,38,34,29,34,30,28,25,18,24,32,50,60,56,58,60,77,77,124,129
37,40,36,33,35,33,28,29,31,33,42,33,24,26,26,35,36,51,69,58,58,52,51,57,131,125
28,33,36,38,43,47,49,51,59,53,44,55,72,86,97,87,72,73,103,75,61,44,49,52,125,131
