129,132,126,129,131,167,187,179,175,172,175,176,195,205,198,183,187,198,199,189,183,200,211,212,216,205
128,127,132,123,129,158,173,162,176,174,185,186,190,203,193,189,193,185,177,191,193,186,207,199,205,213
124,132,125,129,133,132,174,160,180,181,171,192,194,197,192,180,189,187,204,177,173,199,207,198,195,195
132,124,130,130,127,121,165,180,164,174,177,191,183,182,180,187,186,182,186,199,202,207,200,185,205,214
126,132,127,127,131,129,174,162,165,172,187,178,178,183,179,191,182,184,185,185,183,201,196,200,203,200
128,128,129,128,128,125,168,171,167,176,168,154,172,172,180,168,176,190,183,186,195,200,204,195,197,196
129,127,128,132,123,129,128,162,174,171,152,185,173,177,185,177,193,186,189,189,206,198,207,187,209,195
128,129,125,130,129,131,126,164,165,164,194,183,175,186,180,188,186,193,191,186,180,199,198,195,192,201
126,132,127,128,128,128,129,177,171,167,160,164,182,182,197,185,175,171,186,176,193,179,192,196,190,197
126,132,128,128,126,126,131,168,168,168,165,172,182,189,180,177,175,170,166,188,196,181,177,186,183,161
128,127,127,130,128,130,127,134,163,165,169,149,150,183,174,191,180,181,171,184,176,184,162,168,171,175
128,127,128,129,127,129,127,122,158,165,155,155,174,186,193,184,186,178,200,175,185,182,173,174,169,174
127,130,128,127,127,126,129,131,158,156,158,158,176,174,176,168,175,165,178,172,183,176,176,174,173,160
128,132,125,126,134,128,125,129,156,163,161,154,162,167,175,163,184,178,159,174,186,180,194,171,171,167
128,128,128,128,128,128,128,128,128,162,163,171,169,135,167,164,176,198,182,176,185,186,177,163,174,170
128,128,128,128,128,128,128,128,124,158,156,155,164,160,162,185,186,164,156,175,172,173,175,165,179,174
128,128,128,128,128,128,128,128,132,163,157,167,160,172,174,162,160,175,175,153,176,164,158,165,152,154
128,128,128,128,128,128,128,128,128,150,171,161,152,166,153,167,168,164,158,159,158,171,155,163,167,145
128,128,128,128,128,128,128,128,127,126,172,173,171,171,167,181,182,148,161,165,154,163,161,149,151,144
128,128,128,128,128,128,128,128,130,127,172,186,178,171,187,166,160,170,169,168,138,160,141,142,145,147
128,128,128,128,128,128,128,128,122,133,164,159,160,166,159,172,164,159,157,149,137,146,143,145,147,132
128,128,128,128,128,128,128,128,130,126,127,166,176,180,176,178,170,170,159,153,147,151,141,146,146,145
128,128,128,128,128,128,128,128,128,128,131,186,172,169,164,171,164,163,159,149,154,151,151,151,157,142
128,128,128,128,128,128,128,128,126,131,126,156,178,160,173,159,160,155,145,164,145,127,138,138,153,147
128,128,128,128,128,128,128,128,129,130,128,131,160,156,153,151,151,147,150,146,136,142,142,154,125,126
128,128,128,128,128,128,128,128,128,123,131,125,146,155,152,164,165,157,158,142,128,133,154,120,135,119
128,128,128,128,128,128,128,128,130,124,130,133,161,161,170,148,165,165,152,127,126,125,148,142,118,134
128,128,128,128,128,128,128,128,126,127,131,125,121,144,160,151,159,141,144,138,136,143,132,112,113,132
128,128,128,128,128,128,128,128,131,126,128,136,133,171,160,148,142,165,157,151,149,129,137,138,123,104
128,128,128,128,128,128,128,128,127,132,126,127,123,132,158,158,151,150,153,136,144,119,122,134,111,98
