242,221,240,237,230,235,242,225,219,199,206,200,194,181,174,170,146,125,98,89,91,70,62,40,34,29
224,229,234,239,235,244,239,234,234,224,207,178,185,179,167,147,137,114,124,103,94,76,65,44,30,21
234,236,238,237,232,234,226,223,228,215,204,220,185,180,160,138,125,120,118,95,84,75,62,46,32,24
222,228,235,232,243,239,240,229,235,213,212,174,183,194,165,153,142,121,104,89,81,72,49,37,23,20
244,235,240,237,247,238,230,219,225,209,205,204,184,194,159,137,117,124,102,95,84,68,39,30,18,18
239,239,238,236,234,237,225,231,228,221,217,206,198,156,162,143,118,127,97,91,75,54,32,29,23,29
242,244,236,236,232,242,230,233,213,205,209,205,182,177,156,135,117,118,93,85,64,40,26,23,22,37
243,243,235,235,234,236,228,227,219,220,210,202,174,174,145,150,125,99,86,79,58,35,25,20,23,46
237,237,235,241,239,230,225,226,223,214,200,199,184,165,149,134,119,100,87,71,57,31,25,24,38,63
248,238,227,229,225,218,210,189,214,206,197,182,192,149,146,136,104,81,83,66,48,31,24,21,29,43
232,231,229,230,230,220,198,215,207,200,204,210,166,151,138,114,101,93,80,64,41,31,20,20,30,38
219,227,232,228,218,215,211,202,199,185,184,157,169,145,126,107,83,75,68,58,38,34,18,20,36,45
227,218,221,227,223,214,211,190,177,170,174,163,148,122,114,94,82,61,42,37,24,25,11,13,27,34
214,222,218,221,219,191,178,181,159,164,144,129,126,119,90,86,75,50,33,26,14,13,8,12,22,28
219,213,210,203,211,196,194,153,153,135,132,123,124,92,88,62,42,35,32,23,16,9,13,17,23,32
194,194,205,187,200,169,146,133,128,113,103,112,98,75,72,67,45,30,13,8,10,2,10,10,11,22
172,181,169,154,156,144,135,111,107,98,108,80,70,33,39,24,29,16,19,15,9,6,5,5,5,4
168,182,157,157,147,125,114,116,98,64,56,39,34,15,18,12,12,5,5,3,1,1,2,4,5,5
138,141,131,113,101,108,86,63,39,34,29,20,18,13,8,7,2,0,0,0,0,0,1,2,3,4
147,117,87,82,64,50,25,29,24,19,15,8,8,10,6,9,5,7,4,4,4,2,1,0,2,3
126,98,76,60,45,35,23,19,15,8,9,0,2,2,5,7,6,7,3,3,2,1,0,0,2,4
112,63,70,51,35,20,14,11,12,4,12,3,7,3,8,6,5,1,2,2,1,0,0,0,3,5
100,75,40,26,23,21,17,9,9,5,7,2,6,3,6,8,7,3,3,3,2,1,1,1,1,2
76,57,40,29,23,18,13,15,16,10,7,4,6,4,2,8,5,3,1,1,1,2,2,1,1,0
77,60,37,30,22,21,16,18,13,8,8,6,5,5,4,3,3,4,5,0,2,3,3,1,0,2
64,57,36,27,23,24,23,21,18,12,6,5,5,4,2,0,0,0,4,2,1,0,0,2,2,3
58,59,45,31,35,26,35,19,20,11,13,11,10,8,6,4,5,8,11,15,18,17,17,16,11,4
63,43,48,44,33,48,34,39,26,28,27,22,19,19,19,20,22,26,26,31,29,28,26,24,23,18
66,67,58,49,51,50,50,41,41,40,39,34,32,34,37,38,40,42,39,43,40,42,39,33,34,30
71,61,65,59,54,56,49,46,44,44,48,45,46,52,56,54,53,55,56,59,54,58,55,45,42,35
