57,59,46,48,50,49,39,35,31,31,34,33,26,18,27,27,42,47,51,50,45,63,57,58,71,75
47,48,35,38,41,41,24,24,21,13,8,9,16,21,10,26,33,38,48,52,52,55,66,72,71,72
51,47,48,51,47,50,49,46,35,34,30,34,27,23,27,21,24,30,44,59,65,72,73,76,72,80
66,64,64,66,60,61,62,59,57,54,55,54,50,45,44,45,53,56,59,65,68,75,72,76,74,85
78,73,70,70,64,62,65,61,61,53,56,53,57,54,57,56,60,61,63,66,67,73,72,77,77,86
76,69,65,67,66,64,56,52,50,44,45,45,51,53,57,55,59,60,63,67,68,73,74,79,79,82
57,51,45,44,43,40,36,36,33,33,29,31,31,34,40,46,58,63,63,64,64,70,74,78,77,78
67,69,68,66,66,62,56,54,47,47,37,38,32,34,30,32,43,50,57,63,62,66,73,74,74,77
80,77,69,60,58,52,57,54,50,49,47,45,41,41,38,30,31,38,51,64,65,67,72,71,72,74
41,35,29,21,24,22,23,23,32,38,49,47,47,43,43,35,33,35,44,56,60,65,71,70,71,70
13,4,3,7,4,1,2,1,0,16,33,31,45,46,42,44,37,40,42,47,50,62,70,72,73,68
9,9,13,23,23,14,7,0,10,9,29,22,20,32,35,41,38,41,42,47,48,57,62,64,69,70
37,34,26,27,33,32,29,33,25,5,35,61,63,38,34,39,40,45,42,44,46,57,61,65,74,79
41,41,39,33,36,40,40,45,34,27,33,67,91,82,56,45,36,46,46,45,44,54,56,62,73,80
43,42,42,26,27,43,35,27,46,38,29,67,100,112,85,57,34,40,46,51,47,48,55,61,70,73
54,47,37,10,10,31,20,20,40,24,40,86,140,120,97,72,46,43,41,49,53,57,57,64,75,78
45,44,35,8,4,8,4,13,20,20,54,85,160,140,112,87,66,62,46,42,50,66,56,61,73,82
51,50,31,4,5,4,7,13,21,26,67,104,156,151,139,100,75,79,58,38,40,61,68,64,68,74
55,48,31,23,4,9,18,12,7,43,85,139,182,155,108,83,83,79,60,56,59,60,74,79,69,67
65,67,37,28,17,19,27,30,45,72,101,144,168,140,97,80,74,67,59,56,47,43,62,77,78,80
111,67,44,39,25,8,26,59,80,107,146,140,92,64,53,51,48,42,47,53,52,55,61,76,79,81
188,146,76,59,59,58,77,85,82,74,67,52,47,59,61,66,72,73,74,75,73,73,72,78,74,76
112,95,85,75,76,66,68,64,56,70,80,77,80,78,73,64,61,63,61,66,74,73,79,80,76,79
86,75,81,80,68,77,73,80,66,68,77,70,64,58,60,54,57,68,68,71,83,83,81,80,78,83
73,77,82,82,79,68,65,60,67,67,58,63,67,57,62,62,58,64,68,69,81,88,83,80,79,84
80,83,83,85,75,73,64,63,67,62,66,66,53,61,56,63,57,69,87,87,87,88,84,80,79,88
87,73,90,84,83,77,78,78,74,69,67,62,57,56,60,69,86,78,83,89,91,90,91,83,88,93
96,92,93,88,83,72,68,68,63,58,57,57,58,62,73,80,87,85,85,92,90,88,83,86,102,94
90,90,78,78,76,67,60,62,61,59,64,72,79,85,82,88,85,92,89,95,92,90,91,103,93,102
81,78,67,68,70,70,65,69,69,69,75,81,84,86,86,91,86,95,94,94,95,92,93,107,114,111
