113,115,88,80,83,77,74,70,48,49,50,41,30,45,40,34,36,31,35,32,29,29,40,45,47,46
108,99,91,86,76,67,67,53,54,49,50,41,43,41,22,30,28,22,29,29,32,30,42,42,40,35
116,99,92,93,87,73,63,60,55,48,42,37,35,29,31,23,22,19,25,25,27,31,28,28,40,48
127,108,101,96,85,71,62,58,53,47,36,31,27,24,27,26,29,29,22,18,24,24,21,23,23,29
125,114,100,93,84,77,75,71,64,56,53,48,42,40,36,35,32,31,27,30,26,32,31,28,36,30
131,128,105,96,88,84,83,78,68,61,60,57,49,50,45,47,42,43,54,47,55,50,49,57,51,54
126,105,103,93,81,75,72,68,63,59,51,48,39,40,37,43,45,51,43,49,45,53,55,55,66,60
115,94,88,80,70,63,58,53,48,45,27,25,21,20,17,19,22,26,37,34,46,48,51,59,57,62
108,84,78,71,62,53,46,39,32,26,22,24,29,29,30,28,32,35,40,41,40,47,48,45,51,49
104,84,67,61,50,40,36,35,32,29,27,29,37,36,40,38,46,51,58,52,54,60,62,66,69,73
88,76,61,51,36,33,38,34,28,31,32,37,38,46,53,59,47,37,33,28,21,30,26,26,30,38
95,57,42,43,40,41,44,39,31,30,40,50,51,56,30,24,14,18,7,1,5,0,8,6,3,9
66,53,42,42,42,44,42,33,33,43,50,55,32,27,37,42,15,5,0,2,24,27,32,31,29,25
59,47,50,49,45,39,34,33,40,50,42,33,44,62,71,43,21,10,33,30,35,42,25,34,48,48
46,53,47,49,45,37,36,44,45,37,30,67,92,90,85,45,32,52,66,49,43,48,50,55,37,37
65,50,51,41,38,44,47,45,39,33,57,73,104,131,96,53,41,67,68,53,47,26,47,45,25,59
63,66,56,42,43,52,48,40,44,53,75,100,112,123,90,58,35,53,74,49,19,3,36,38,25,50
66,57,45,51,59,53,40,44,62,74,79,100,130,147,111,62,33,34,48,44,8,10,8,5,28,44
56,57,50,63,60,46,47,53,77,77,90,105,144,152,120,81,43,26,34,34,17,6,0,15,25,27
70,57,69,67,60,56,58,54,69,72,81,104,132,139,120,93,63,31,28,37,21,3,22,33,37,49
75,85,81,67,51,52,58,54,68,72,77,80,93,124,130,109,86,58,33,33,30,27,36,48,52,71
93,91,79,72,56,54,56,51,54,46,36,53,63,74,97,120,113,77,58,42,30,36,25,48,64,114
97,82,81,82,70,69,69,69,73,66,75,60,59,63,64,65,69,82,79,74,57,62,65,90,108,176
107,96,91,89,73,71,63,58,64,65,66,65,78,78,74,68,59,67,60,63,69,72,80,91,103,131
109,108,90,92,81,84,73,63,63,62,59,64,65,62,66,73,73,72,73,69,81,80,73,77,87,81
137,139,108,111,95,92,76,67,63,57,55,57,53,62,66,59,66,70,67,74,74,79,75,78,81,85
166,143,116,114,117,97,83,77,77,62,56,59,60,57,55,57,61,63,65,70,71,72,82,75,81,76
189,181,160,116,107,95,103,90,69,78,73,63,56,55,55,53,60,69,64,70,70,77,79,75,82,87
207,200,198,181,141,105,101,94,92,70,77,73,68,64,62,59,54,51,67,66,67,74,84,79,88,94
216,208,200,212,178,120,105,104,86,88,80,79,74,68,66,66,64,60,57,54,61,63,80,75,85,90
