0,31,13,81,110,82,102,33,33,57,14,30,38,73,33,14,6,12,11,0,0,16,14,33,10,32
23,13,77,83,108,82,43,63,58,48,40,31,28,32,28,6,16,15,8,0,2,3,15,32,39,16
15,83,104,101,81,43,19,69,30,8,11,14,22,23,36,12,16,9,5,2,5,16,34,21,62,68
73,106,137,102,39,36,35,9,0,6,4,17,10,13,17,14,14,21,28,14,6,7,27,42,58,17
106,115,127,37,45,41,8,7,2,0,5,16,9,15,21,24,14,15,33,15,3,11,56,55,31,21
116,99,80,57,49,31,3,0,3,22,8,11,18,18,32,24,17,8,25,14,26,12,34,33,37,39
92,81,94,63,41,8,4,15,17,1,7,12,26,38,32,26,11,2,28,22,13,2,47,47,58,45
109,73,76,41,55,63,85,16,12,19,8,13,12,47,20,41,19,19,23,22,11,25,60,55,69,28
90,94,55,16,40,11,20,47,33,24,12,12,18,43,35,6,6,19,19,22,23,26,51,58,53,34
82,50,31,51,31,43,16,20,33,28,22,10,21,20,18,25,11,25,15,10,21,44,56,38,39,38
83,46,40,59,36,18,3,21,31,32,32,14,23,13,28,4,12,11,24,11,18,36,51,57,44,26
66,66,64,56,33,26,33,29,37,35,39,2,19,2,32,6,7,8,12,15,51,35,21,66,42,40
59,62,58,55,37,42,29,38,42,53,19,17,27,20,24,16,12,8,11,19,24,64,45,51,44,33
56,42,61,70,27,46,49,55,50,12,13,33,37,43,43,27,39,27,32,41,50,54,30,61,57,55
34,27,70,67,50,41,40,24,16,19,48,19,23,10,21,12,5,10,32,40,47,55,38,40,47,43
34,30,57,87,66,66,66,36,42,50,31,11,5,7,6,5,8,27,42,72,62,46,39,46,74,36
40,30,42,81,73,77,51,68,70,75,21,4,0,2,18,7,18,24,32,39,23,55,68,53,99,55
38,31,32,49,69,78,66,57,73,59,12,0,4,0,12,6,16,21,23,30,47,79,60,72,99,70
46,31,37,35,69,70,64,59,60,45,22,0,2,1,4,10,7,28,25,26,50,93,83,69,114,70
43,15,35,45,31,49,57,70,74,44,31,7,19,4,22,15,34,55,28,40,55,50,75,72,121,79
38,8,19,31,31,31,33,58,68,55,44,44,42,27,44,42,66,72,70,55,55,65,78,91,154,80
56,35,7,21,34,27,21,13,57,36,43,70,67,94,103,84,64,47,36,62,55,75,90,66,131,122
91,55,23,10,27,11,16,24,29,11,34,53,63,74,104,48,43,33,44,62,72,67,73,92,119,168
96,62,33,31,22,9,7,31,6,2,27,61,81,66,82,17,28,36,57,64,44,60,30,72,65,144
99,103,79,28,32,8,6,10,26,7,4,22,31,10,33,19,48,47,42,52,31,22,30,25,8,85
140,109,65,79,74,33,65,49,59,38,14,6,1,17,58,38,29,16,17,10,30,5,3,6,15,47
207,169,120,45,44,51,35,18,25,11,20,18,16,11,43,7,6,9,12,1,0,0,7,1,0,40
215,223,204,197,215,140,142,102,79,32,27,16,10,27,3,5,8,5,5,8,11,8,4,10,40,1
133,182,216,245,232,218,165,71,25,60,13,10,8,32,6,6,0,5,2,0,5,4,0,17,0,16
115,113,153,184,184,141,97,75,46,22,14,8,11,7,12,1,4,2,4,6,6,0,22,0,5,7
