119,112,117,107,109,109,116,109,117,107,92,99,96,97,98,93,87,80,80,65,62,66,49,51,53,47
97,95,89,90,85,93,86,91,91,88,96,102,99,94,88,81,83,84,86,80,67,62,63,65,60,59
67,64,71,74,81,80,84,81,93,90,100,98,90,91,95,91,88,84,91,81,76,71,71,78,83,74
55,59,68,78,81,97,95,105,112,119,110,109,102,102,101,94,92,91,97,86,91,87,82,84,95,85
71,78,88,95,93,109,105,109,111,119,120,109,92,94,103,101,96,89,98,99,97,90,96,85,82,85
77,83,92,94,98,102,115,108,115,116,102,106,104,104,102,97,100,102,110,107,106,107,111,104,99,98
93,100,104,112,104,111,111,114,108,107,113,118,116,119,122,118,113,106,111,104,105,110,104,107,108,101
98,102,94,104,109,105,123,124,130,123,113,120,120,123,128,128,126,121,119,127,117,111,108,109,102,108
108,112,111,115,109,105,93,97,106,122,122,127,126,135,132,117,126,135,124,132,121,124,129,114,105,108
114,104,95,103,116,130,126,132,137,140,133,127,126,132,149,157,147,138,134,129,119,118,118,121,122,107
122,119,109,116,116,126,138,141,133,137,137,147,140,150,150,157,151,140,138,135,127,124,122,112,108,106
123,131,137,127,130,136,132,134,132,122,134,129,158,147,157,154,138,132,131,116,118,118,104,93,101,99
148,135,139,138,126,118,126,128,133,146,149,153,150,151,142,140,136,127,112,111,99,93,117,110,90,83
137,132,132,122,126,129,131,133,136,127,132,133,134,122,98,115,110,117,108,110,120,112,108,87,75,71
123,117,127,121,116,113,125,120,113,109,106,108,121,114,123,109,127,108,110,94,87,74,82,60,47,52
88,98,90,88,94,91,92,83,84,79,88,88,87,101,83,77,74,72,68,53,60,44,42,39,46,46
84,90,81,71,57,52,54,50,51,59,66,67,65,74,74,78,72,71,70,50,46,47,47,48,45,52
49,44,35,51,57,62,49,52,56,70,78,81,76,68,61,64,60,54,50,49,40,40,39,43,55,52
39,35,41,40,37,41,44,54,50,42,48,52,54,51,58,65,67,61,65,58,47,50,51,49,57,54
31,18,24,27,40,31,32,27,37,30,39,37,42,43,52,53,60,62,58,55,65,61,50,46,45,56
26,28,33,24,30,25,34,32,41,34,24,28,40,42,49,47,55,59,73,69,69,55,50,61,62,63
20,33,36,26,18,21,21,29,33,36,38,39,39,37,48,63,74,73,59,50,37,48,66,78,83,68
21,41,35,31,21,29,32,41,37,39,40,45,45,46,48,54,47,37,50,53,59,78,78,64,59,51
30,29,33,30,20,15,22,27,32,38,40,44,43,44,37,44,53,66,53,59,77,75,66,63,57,58
36,32,30,30,8,25,30,25,40,43,40,46,50,44,53,57,67,70,66,65,58,67,53,52,47,50
40,38,35,31,17,14,9,12,16,25,28,33,41,41,51,51,50,45,45,46,57,69,62,72,63,127
41,42,43,43,31,19,8,13,17,22,23,28,36,37,42,42,45,44,43,48,41,46,46,42,36,136
41,43,38,46,29,28,19,22,34,29,33,34,36,33,29,29,34,38,38,55,59,57,64,74,132,126
42,45,44,45,32,37,32,36,45,39,39,34,34,38,35,35,34,33,40,39,45,41,45,119,132,123
42,44,47,34,31,28,22,34,30,31,36,33,38,48,44,44,44,45,39,49,49,49,127,130,127,133
