139,155,161,159,158,109,138,153,149,164,157,159,161,172,132,151,134,159,166,154,153,156,176,191,203,210
117,132,144,150,142,163,140,154,147,128,146,128,132,123,124,121,129,120,114,125,128,143,145,178,197,205
109,116,117,118,115,128,120,125,128,127,121,132,135,94,101,123,96,108,89,94,112,111,118,160,202,186
88,92,91,92,118,104,97,103,95,101,92,105,98,92,87,80,121,96,78,86,85,92,100,124,137,159
72,68,65,65,82,81,74,77,62,77,84,83,81,87,73,81,79,75,67,69,84,62,75,87,105,111
58,58,61,64,56,61,64,56,50,67,59,64,66,60,61,67,56,64,70,77,62,65,62,87,95,127
67,66,60,56,55,60,52,55,58,56,54,54,57,48,53,58,58,56,54,55,56,57,61,72,80,83
63,61,58,57,55,54,53,52,50,51,54,51,52,51,44,51,53,49,51,47,45,47,51,60,75,92
42,45,48,51,48,50,48,46,46,44,41,40,45,40,38,39,39,42,43,40,34,34,41,47,34,41
23,22,21,20,16,18,15,13,17,22,21,19,15,11,9,9,10,11,10,7,15,10,10,10,19,19
31,27,20,15,7,11,11,7,7,9,9,6,4,3,3,4,5,6,6,5,6,9,14,9,21,25
38,32,23,17,17,15,13,11,9,9,10,8,5,6,7,8,10,11,13,16,14,12,17,20,23,28
44,39,34,31,30,17,10,10,9,10,11,9,13,17,17,17,18,17,21,29,27,30,36,37,54,50
52,44,39,36,27,20,22,25,21,20,24,24,27,34,36,36,37,36,43,57,57,54,62,78,108,79
65,55,46,41,25,26,35,41,39,45,50,46,41,53,58,59,60,58,67,85,77,96,103,106,117,134
59,54,50,48,57,49,45,46,51,65,66,49,63,76,83,83,83,80,88,108,123,115,127,180,160,183
64,63,69,57,70,57,62,65,61,67,73,67,87,97,103,85,81,104,132,110,105,133,176,155,184,179
78,82,72,80,80,69,63,69,69,89,87,83,102,106,99,77,112,115,119,151,132,150,136,170,187,194
83,110,76,93,95,83,89,79,77,99,96,115,107,107,77,96,110,143,138,144,133,144,173,184,172,200
94,91,105,109,104,100,107,100,105,96,95,100,104,119,105,116,120,128,125,151,162,150,171,173,178,190
99,97,79,87,95,114,104,108,105,84,105,94,115,67,100,117,99,145,143,135,126,142,172,169,178,200
73,67,80,107,98,112,107,97,73,90,104,108,117,104,110,111,111,137,110,124,133,117,146,183,193,186
78,78,105,106,112,95,100,90,65,107,96,100,92,72,96,104,124,107,128,129,100,74,127,162,194,189
63,89,94,114,101,80,79,87,68,95,113,113,104,99,106,89,113,103,102,104,128,127,111,156,213,184
69,91,102,99,72,73,84,89,89,83,104,115,104,104,92,127,111,100,72,96,111,132,93,108,166,174
83,84,93,82,63,57,82,98,72,92,101,102,95,98,104,90,73,82,93,77,108,128,109,90,148,169
88,74,97,85,47,64,75,75,69,92,73,98,106,88,97,78,68,62,83,68,87,133,97,128,121,115
93,101,67,66,64,53,75,66,48,72,80,82,89,76,74,86,84,72,79,102,89,94,85,109,113,128
66,77,63,86,69,68,68,53,53,61,74,85,67,84,70,72,55,59,54,82,71,99,88,105,118,102
74,64,90,87,66,71,60,57,52,60,75,83,65,81,73,74,51,60,56,70,65,70,87,89,97,105
