125,125,104,80,60,30,13,22,21,16,22,25,19,19,25,26,21,21,23,25,24,19,16,14,18,17
129,129,68,46,33,17,24,25,22,15,22,28,21,17,20,20,18,20,24,30,32,28,23,21,18,20
130,123,56,36,32,33,31,27,32,28,31,31,20,29,33,36,31,33,44,49,54,45,47,48,38,35
125,133,43,39,27,29,37,32,32,33,46,32,42,47,51,35,45,50,49,43,38,40,41,41,45,44
130,128,60,29,33,33,43,51,53,54,62,67,59,54,48,54,46,56,56,55,47,54,51,51,47,47
124,128,34,29,39,47,59,59,74,72,79,58,62,55,71,83,64,67,67,68,59,55,49,48,53,52
132,129,37,39,57,66,70,66,65,57,66,59,75,66,73,78,73,68,64,57,54,47,46,44,36,35
127,128,83,68,76,75,80,100,109,87,75,78,72,64,57,66,63,59,57,43,41,31,24,13,27,30
130,126,57,85,102,111,99,93,83,78,85,66,66,60,61,49,46,35,21,11,16,28,43,52,56,55
129,125,94,99,104,99,85,96,81,77,76,70,52,53,46,39,19,18,22,41,48,55,60,71,37,30
126,129,101,120,117,114,100,91,85,60,62,62,56,49,27,16,13,38,54,56,56,44,38,18,8,4
129,130,103,101,107,101,101,85,74,58,58,50,36,27,16,12,46,55,49,35,13,11,8,6,2,3
128,130,116,115,103,104,64,57,55,45,43,35,17,11,22,36,50,34,16,7,0,11,12,11,42,31
125,128,94,97,100,75,78,66,48,41,28,17,11,19,36,41,20,7,3,0,14,41,95,116,90,50
129,131,98,94,96,61,61,47,40,38,21,9,19,39,38,14,5,1,2,12,65,130,193,184,118,35
129,125,108,90,88,81,53,55,37,33,29,27,31,30,15,0,1,2,37,97,138,172,209,209,166,46
126,128,108,89,106,69,67,50,48,40,44,41,29,9,0,8,11,31,99,146,172,202,219,210,195,92
130,127,98,90,98,66,58,53,49,44,46,30,16,12,8,26,41,29,113,165,197,202,215,228,213,158
126,133,100,95,84,71,55,54,57,39,35,35,22,19,30,35,28,14,50,114,191,219,218,232,224,200
128,127,94,82,80,67,61,61,53,57,45,39,30,40,44,25,29,21,25,45,126,213,216,224,230,218
128,129,102,93,84,70,60,61,48,46,56,54,53,55,46,46,40,36,19,30,34,112,189,205,219,216
128,128,96,98,85,87,74,81,70,64,57,61,77,62,60,48,40,46,31,28,29,46,56,118,174,185
130,129,105,109,99,96,72,66,78,70,83,79,77,70,63,91,55,44,37,43,41,43,33,40,45,53
128,125,113,100,98,93,89,87,82,83,80,100,90,80,72,93,54,55,58,55,47,57,63,41,36,44
127,129,129,108,105,96,93,89,95,103,115,103,87,91,68,71,40,73,60,73,65,51,68,28,61,42
130,128,120,107,108,112,105,97,111,98,105,95,108,103,92,83,64,74,74,66,61,73,66,58,57,71
124,132,107,132,127,129,113,113,116,106,100,106,114,96,93,91,68,84,95,64,57,63,73,61,66,66
131,123,120,111,123,102,111,119,116,112,110,107,98,108,88,91,66,82,68,66,65,66,55,58,68,65
130,128,120,115,114,123,108,110,95,101,105,123,128,108,108,99,96,92,90,72,70,61,63,59,57,52
123,130,127,113,118,117,124,120,105,103,120,108,122,114,112,98,97,91,101,94,79,78,70,72,82,58
