69,71,38,40,40,35,29,19,20,25,28,35,41,50,57,74,81,74,73,81,81,68,81,76,91,91
84,54,73,54,53,37,31,28,33,37,39,44,45,48,61,78,75,81,85,80,72,77,74,72,71,80
80,51,71,52,46,35,34,34,39,39,43,50,53,57,56,65,68,77,82,93,113,106,83,87,79,76
80,72,62,56,53,45,41,40,42,42,47,54,59,67,77,66,73,88,87,77,102,88,92,103,87,70
74,67,61,55,59,42,49,48,52,56,61,61,61,71,58,76,71,68,73,81,92,68,78,76,87,78
76,64,64,63,61,49,52,52,55,60,68,67,65,76,81,86,75,87,73,81,82,69,67,66,53,48
73,69,60,61,53,55,54,55,55,57,68,71,70,81,78,82,88,92,70,75,74,49,62,61,53,48
73,74,66,56,53,57,58,61,61,61,71,76,72,80,90,89,99,94,96,77,79,77,73,60,51,46
73,69,58,56,54,55,63,66,57,69,66,76,77,88,93,89,99,95,94,88,90,79,77,73,65,54
70,62,66,62,66,54,60,59,44,62,70,75,79,79,76,85,97,81,99,104,111,93,88,88,69,60
65,67,62,74,72,59,72,64,62,64,69,75,78,93,91,91,104,108,95,92,94,86,93,82,78,84
53,62,56,70,64,63,72,67,51,61,75,70,87,88,76,94,85,90,80,94,90,104,87,88,79,82
65,65,73,61,59,64,52,50,63,62,70,69,77,93,91,90,104,96,100,97,104,87,94,99,94,91
74,74,76,59,57,68,63,62,53,63,79,72,84,79,84,95,89,88,95,99,91,96,88,85,99,99
61,67,62,57,59,64,64,64,65,62,66,69,76,85,75,81,106,83,106,93,106,88,101,101,102,87
70,66,69,55,69,53,51,60,59,63,67,70,82,88,86,84,79,95,100,95,85,98,97,85,101,97
74,64,61,61,56,57,56,64,60,62,74,73,71,85,79,90,83,96,108,85,94,95,84,106,95,90
65,71,78,66,65,66,58,71,70,68,75,63,70,82,71,85,96,98,88,98,91,90,104,110,108,91
68,68,71,70,60,61,67,72,71,73,79,72,65,73,85,87,83,99,80,96,90,76,92,102,113,91
74,55,63,81,72,80,77,75,77,74,65,73,65,86,68,74,80,103,86,91,96,93,105,107,92,76
70,62,77,81,73,68,76,75,76,75,73,77,80,89,93,82,93,85,84,86,80,86,87,105,96,92
67,65,66,80,81,74,72,71,67,73,91,84,103,85,79,83,95,88,81,62,77,102,95,72,86,93
63,66,59,77,69,73,76,75,73,73,81,85,102,88,66,81,81,104,94,68,79,86,73,85,90,83
68,67,74,68,54,77,83,74,81,85,81,104,77,61,72,89,91,102,79,85,81,82,84,85,86,89
131,68,61,81,68,68,69,78,78,88,82,93,79,98,91,88,67,60,71,67,70,110,59,66,59,69
125,125,77,70,75,75,73,81,73,87,81,82,91,79,77,71,98,86,77,62,84,69,69,52,47,71
124,130,71,66,66,71,73,83,73,79,86,87,109,92,112,95,91,87,73,70,83,64,74,43,45,67
133,128,124,73,72,66,70,81,84,77,90,94,92,92,97,103,93,86,76,54,57,54,58,38,43,46
130,130,128,122,73,67,83,78,79,72,81,101,97,110,72,93,80,96,55,54,44,43,46,42,39,38
129,121,132,128,128,71,82,67,72,84,73,86,77,62,97,82,71,73,66,52,56,50,50,49,35,48
