102,107,125,151,157,163,169,186,176,182,188,198,197,201,206,222,228,241,239,235,245,231,199,187,120,111
96,103,131,133,150,170,174,175,176,179,192,183,193,202,214,221,227,238,245,243,242,214,196,176,107,92
106,102,114,115,135,158,161,159,169,177,193,184,198,201,215,219,227,240,241,248,237,221,198,148,113,85
96,103,100,116,134,146,158,161,181,174,191,193,199,211,213,226,233,235,248,245,237,216,175,128,104,85
102,99,96,110,125,137,145,160,177,178,184,202,193,213,217,228,228,224,242,243,233,214,165,120,98,79
102,105,94,99,112,125,147,144,176,171,180,190,206,209,215,225,235,241,240,236,219,202,162,118,94,73
109,96,101,90,104,132,143,155,168,181,173,183,199,210,225,230,231,235,239,244,231,201,161,111,83,59
103,106,93,87,99,119,133,138,160,167,175,182,197,208,213,225,231,233,240,238,225,186,147,101,81,63
118,105,88,82,108,134,129,150,152,180,187,197,193,206,221,226,227,230,238,246,227,197,155,107,81,60
115,104,86,86,110,141,138,153,154,181,191,189,201,198,221,219,226,243,232,244,228,213,169,116,78,55
96,108,92,95,103,119,130,157,178,181,181,200,201,202,216,225,232,230,234,234,235,216,167,126,85,78
94,100,82,88,117,122,122,168,179,197,188,207,206,213,217,233,231,241,236,234,243,224,200,155,98,77
78,87,85,102,98,132,137,168,183,185,196,178,213,216,229,225,235,235,246,242,240,238,204,146,118,82
94,80,78,105,122,125,146,176,185,185,177,205,212,216,219,227,229,240,245,246,236,238,223,183,157,106
85,78,98,112,122,140,169,162,202,207,207,206,209,208,212,227,233,243,245,245,250,247,236,210,181,138
88,80,106,121,135,163,150,179,199,201,213,214,212,209,221,224,236,235,249,252,249,246,239,227,211,182
104,106,107,131,146,151,179,196,211,198,203,209,213,218,220,232,227,238,240,246,255,245,248,240,222,207
108,120,116,129,148,153,187,194,203,199,218,209,213,212,219,225,237,239,233,218,242,255,253,230,232,211
112,121,132,152,167,151,185,203,189,205,204,214,208,215,219,217,229,234,234,225,252,254,250,248,242,229
129,121,150,163,169,176,189,191,204,196,204,192,194,203,214,217,229,234,244,249,251,253,251,251,247,238
132,146,174,170,176,185,180,199,203,196,201,202,205,206,212,216,227,228,238,247,250,253,252,253,251,244
161,158,166,167,170,178,196,193,190,201,207,208,210,207,210,212,224,225,234,243,249,253,251,253,253,249
158,156,167,174,166,180,196,203,180,207,191,205,206,208,213,212,222,225,238,248,248,251,250,253,254,253
152,163,175,165,176,183,195,196,208,199,197,212,212,213,215,212,224,230,240,245,249,251,249,251,252,251
164,161,173,174,178,193,190,201,205,215,209,214,214,211,210,210,225,233,243,247,251,253,249,250,250,249
179,183,170,172,187,180,188,215,204,212,203,207,211,210,212,211,221,225,239,250,251,253,250,250,251,250
172,176,180,170,177,190,214,204,216,206,210,206,201,212,213,215,214,226,234,245,253,253,253,251,255,249
171,164,168,169,181,195,203,214,218,210,211,208,211,213,207,213,219,223,230,234,247,252,254,253,253,249
196,163,170,177,191,211,219,211,208,217,209,200,209,209,203,203,205,204,222,236,246,255,254,255,253,252
158,179,173,196,204,212,224,214,212,209,210,215,210,206,208,205,213,211,216,224,246,255,251,254,253,255
