8,18,14,18,34,47,35,49,32,35,39,60,88,101,107,88,150,208,239,239,234,239,244,239,237,134
7,8,9,19,17,30,56,35,39,38,43,66,43,59,72,91,127,168,223,239,242,239,241,238,241,124
8,9,18,9,22,42,60,64,71,78,73,71,56,73,96,127,103,170,202,238,238,240,240,240,241,128
30,27,18,37,30,38,48,120,84,98,116,100,121,127,101,98,101,87,175,234,235,237,241,237,241,128
46,74,50,54,48,61,62,67,140,158,167,160,111,133,133,138,119,95,178,192,238,239,241,242,241,128
42,61,84,92,98,110,145,144,142,106,180,209,207,195,201,191,182,123,127,184,226,241,234,239,241,128
67,93,91,70,116,146,115,166,171,174,166,189,193,217,234,222,214,201,181,201,212,233,246,239,241,128
35,39,69,118,103,141,122,168,157,181,180,198,202,222,211,224,206,211,197,172,224,227,235,237,241,128
147,160,85,47,66,106,113,135,138,183,193,198,190,199,212,220,230,226,220,199,214,237,233,234,241,128
127,138,188,206,198,53,45,93,117,144,173,179,197,202,202,211,229,233,247,223,203,225,233,238,241,128
10,24,36,179,220,235,191,47,51,90,122,155,155,191,209,223,229,229,227,223,224,229,237,242,242,128
13,0,9,16,50,204,252,213,38,32,66,117,148,185,202,213,225,232,230,227,231,231,232,241,241,127
115,46,28,12,15,37,143,230,212,27,26,47,98,135,189,207,224,222,225,223,217,222,234,239,240,127
236,224,239,66,15,3,17,101,221,188,22,27,52,129,180,192,211,225,227,227,235,232,230,242,239,127
228,249,255,251,66,13,4,30,91,156,151,24,39,75,136,191,208,214,231,241,240,242,245,241,240,127
255,255,255,252,223,58,9,2,6,41,186,211,67,63,107,168,198,217,225,230,242,244,240,245,241,128
254,249,255,254,241,162,200,87,19,34,118,202,191,105,129,160,195,212,232,240,242,247,246,239,243,129
254,255,250,249,253,52,154,249,164,21,50,141,184,185,165,177,199,221,234,235,240,246,246,246,245,130
252,255,248,254,55,59,156,220,231,152,74,127,145,143,178,190,212,229,231,243,243,245,247,246,244,128
254,239,202,49,68,152,228,208,253,247,185,179,210,209,187,191,212,226,231,242,243,246,245,246,244,128
117,56,45,123,192,238,228,224,244,249,235,210,199,208,212,206,216,224,233,242,244,246,241,246,244,128
57,72,143,190,255,250,227,250,232,243,248,235,211,198,221,230,221,223,234,238,242,244,237,244,245,128
96,136,221,240,240,232,242,250,231,244,246,233,229,209,211,223,224,223,232,234,239,240,236,243,245,129
115,190,248,241,215,245,246,249,243,236,243,226,228,227,218,225,226,227,233,233,241,241,241,245,246,129
158,222,217,227,227,245,252,240,237,238,240,228,237,234,218,230,228,232,234,234,243,242,246,245,246,129
174,197,215,229,230,247,237,241,224,231,231,232,233,232,233,223,228,234,234,234,243,239,246,241,246,130
130,168,207,227,227,231,238,233,234,239,229,237,229,237,232,233,224,222,230,237,237,240,245,244,244,128
183,199,214,211,230,226,230,236,236,230,238,233,244,228,234,230,226,224,229,234,234,237,242,243,244,128
150,172,203,205,226,224,224,233,228,228,233,235,238,230,227,224,225,224,229,235,236,240,245,246,244,128
182,188,207,208,213,232,227,221,227,237,235,240,227,237,221,217,220,223,229,235,238,241,243,243,244,128
