88,95,110,117,122,128,139,153,151,186,178,172,181,189,190,203,210,219,228,238,248,249,244,241,238,234
110,119,121,139,121,139,143,183,162,174,176,174,181,193,195,211,216,218,226,242,249,250,246,239,240,239
115,130,127,134,122,138,167,161,173,170,185,181,183,191,193,199,208,222,223,237,241,248,245,241,239,246
144,146,142,147,132,155,157,171,178,176,178,184,188,187,195,200,210,214,187,190,236,249,246,247,239,250
135,147,151,124,127,165,171,170,170,180,177,175,186,182,192,200,206,213,200,209,252,250,249,242,242,247
151,150,151,159,142,166,166,177,175,182,175,178,169,175,187,199,206,226,220,231,251,248,249,245,244,248
134,145,153,166,151,166,165,180,174,183,180,185,186,173,184,188,212,215,224,237,244,242,245,245,245,246
162,161,163,156,164,179,179,183,178,179,166,151,187,178,179,194,204,216,220,239,243,241,247,249,250,251
152,155,156,150,175,179,176,169,181,188,190,173,162,173,195,187,204,205,223,229,232,232,239,243,245,245
169,154,165,165,168,174,181,173,187,176,179,168,172,189,197,204,203,215,222,234,236,236,244,246,248,250
148,140,155,158,180,185,185,176,187,175,180,180,180,180,184,191,203,204,219,232,237,238,244,244,245,249
176,163,160,174,179,180,168,162,181,180,178,173,180,189,186,196,196,208,218,231,241,243,248,245,245,250
172,168,169,181,160,179,181,184,185,178,181,185,181,179,184,193,200,213,223,223,243,242,243,246,248,248
157,147,178,174,181,193,191,186,190,190,179,163,184,181,179,189,199,212,224,237,242,242,244,247,247,246
151,173,183,182,177,179,186,190,191,189,187,193,182,184,180,190,200,214,223,240,241,243,246,247,246,245
149,159,166,177,172,178,193,192,190,193,183,177,178,182,180,188,192,210,221,233,244,245,248,249,248,247
151,151,174,177,166,174,191,191,190,194,188,184,178,173,174,185,186,204,223,236,247,248,249,250,250,250
136,162,184,168,181,182,190,193,190,185,186,195,177,167,171,185,193,203,226,244,248,249,251,251,252,253
142,159,184,169,178,189,188,187,195,197,190,179,171,169,170,170,191,196,216,237,247,250,252,253,253,254
157,171,179,176,183,194,189,191,190,178,177,181,165,174,163,142,172,182,201,221,244,249,253,254,254,254
140,158,182,176,186,183,192,185,193,179,185,167,165,166,146,158,147,171,194,220,242,248,253,255,251,255
145,178,189,182,170,196,189,195,166,172,175,171,161,155,121,131,130,159,195,206,244,255,255,255,253,255
173,184,189,184,190,181,188,176,176,164,165,167,156,148,125,107,131,132,168,191,230,254,252,253,253,255
189,183,184,183,186,188,178,182,166,141,154,173,173,142,123,119,107,121,118,144,219,254,254,255,254,253
177,189,183,185,183,182,174,171,143,141,126,159,155,150,132,121,107,119,118,174,215,249,250,254,253,252
180,180,178,181,179,181,168,150,135,104,108,128,165,146,129,107,106,118,155,174,210,234,237,247,253,255
183,163,164,162,180,167,149,120,113,99,84,105,141,143,122,114,117,141,171,195,205,219,227,239,244,250
164,158,150,143,147,165,152,102,81,74,85,110,127,111,115,115,133,154,169,176,198,207,218,225,220,223
145,137,109,92,104,116,105,98,112,95,106,103,143,123,126,115,131,157,173,194,169,192,208,205,203,203
99,85,81,74,60,82,85,80,91,102,95,105,108,122,115,127,137,173,173,183,202,201,201,201,179,181
