129,128,131,128,128,192,196,197,200,204,195,202,201,195,202,164,200,186,183,192,190,174,152,150,151,142
129,123,127,130,124,206,187,189,199,190,190,189,191,197,202,197,187,206,182,167,177,149,157,128,138,126
124,137,133,121,127,127,196,180,190,179,180,177,191,203,187,193,164,182,172,180,162,151,148,122,125,134
128,124,126,134,130,128,169,164,199,204,194,183,188,193,181,186,170,159,161,161,152,160,125,134,120,144
133,124,125,128,126,127,186,192,185,188,180,186,195,196,172,156,155,168,175,141,165,131,131,121,138,128
127,128,130,130,129,125,185,178,195,182,175,176,173,183,178,185,171,162,158,154,151,119,125,130,143,153
128,129,126,129,127,130,125,178,174,182,175,175,176,176,162,164,156,152,153,153,129,127,123,140,142,153
127,131,128,126,126,132,126,168,185,177,180,165,155,163,165,162,177,153,136,116,120,143,114,141,147,148
129,127,127,130,127,128,131,182,175,172,171,176,176,159,166,160,132,168,136,117,130,132,145,139,144,142
129,126,127,131,128,127,132,174,171,151,172,179,167,163,167,165,160,153,126,151,125,125,133,147,153,131
127,129,129,126,127,133,125,132,156,176,162,162,158,152,161,162,155,155,149,110,127,133,131,155,132,109
128,128,129,127,128,131,124,123,170,167,166,167,155,164,162,156,161,144,138,126,131,133,141,130,123,108
129,125,128,130,128,126,128,135,165,164,151,164,166,160,170,163,147,131,144,126,143,129,140,148,112,86
129,127,129,127,126,127,128,125,135,137,155,163,152,151,171,155,155,152,132,124,144,148,127,130,104,74
128,128,128,128,128,128,128,128,127,156,157,167,167,152,147,152,149,154,133,126,137,136,144,114,96,77
128,128,128,128,128,128,128,128,133,132,140,164,167,163,159,145,152,152,165,139,123,135,131,130,78,60
128,128,128,128,128,128,128,128,124,152,154,153,161,164,155,158,147,139,150,132,126,135,142,107,88,82
128,128,128,128,128,128,128,128,131,141,146,134,170,155,153,169,142,163,139,135,145,132,134,114,92,86
128,128,128,128,128,128,128,128,129,128,132,140,139,170,167,145,155,145,134,149,135,142,130,124,93,87
128,128,128,128,128,128,128,128,127,130,140,130,181,158,157,155,144,146,155,148,143,147,138,127,84,91
128,128,128,128,128,128,128,128,128,125,139,143,172,171,179,148,155,151,152,140,141,145,143,86,103,91
128,128,128,128,128,128,128,128,127,132,127,151,153,160,159,147,161,174,153,151,137,146,124,109,117,109
128,128,128,128,128,128,128,128,126,128,129,141,162,172,166,156,161,157,168,144,136,157,120,111,129,108
128,128,128,128,128,128,128,128,128,128,126,150,153,164,144,154,162,163,172,142,141,140,127,114,115,103
128,128,128,128,128,128,128,128,128,126,127,131,141,131,140,160,148,181,152,158,160,127,127,124,113,112
128,128,128,128,128,128,128,128,130,128,126,123,157,138,151,140,149,163,161,160,143,137,122,113,121,114
128,128,128,128,128,128,128,128,126,132,126,132,147,151,143,135,151,152,158,144,152,139,122,122,110,111
128,128,128,128,128,128,128,128,126,126,132,129,121,142,133,151,146,146,145,155,148,138,142,117,117,115
128,128,128,128,128,128,128,128,131,123,130,126,129,141,139,139,130,145,152,141,137,150,119,117,103,109
128,128,128,128,128,128,128,128,126,133,125,129,127,130,141,120,134,124,138,145,154,134,121,148,114,119
