123,135,74,50,7,11,116,141,182,145,155,185,162,180,176,166,181,185,179,194,191,174,184,184,200,176
132,121,70,36,0,62,118,134,145,126,149,150,185,168,167,175,185,194,181,193,205,168,167,181,187,203
127,125,61,4,1,126,129,124,166,135,162,152,167,170,175,185,179,182,184,194,194,160,180,182,196,197
127,130,50,0,60,122,116,138,138,123,159,151,152,173,174,181,165,191,192,172,207,185,184,204,193,184
128,128,42,0,126,125,121,152,129,111,137,154,153,186,170,174,186,189,180,182,195,184,174,190,200,194
128,128,7,19,105,116,105,128,112,112,150,157,166,171,169,173,185,185,156,164,175,198,210,204,190,170
133,130,12,69,112,113,108,106,108,135,147,140,142,158,171,183,143,104,111,169,185,182,204,208,207,209
121,130,1,110,109,108,93,95,97,126,141,146,156,167,161,157,142,116,124,108,178,163,187,213,201,178
130,129,0,98,103,76,83,92,94,106,154,140,164,155,162,152,146,106,109,179,192,174,153,203,183,189
127,129,0,104,104,75,86,95,92,108,150,145,136,168,159,154,128,114,129,178,191,202,204,188,198,187
131,124,7,98,90,87,89,91,101,108,120,147,157,133,124,115,142,123,167,179,189,184,189,196,205,188
123,132,7,96,71,84,87,93,86,96,125,147,149,139,147,141,161,174,178,203,196,212,185,198,182,152
130,131,13,91,87,87,96,87,86,99,134,146,130,142,156,151,155,191,185,179,182,177,185,191,144,122
125,129,9,106,86,82,87,93,102,88,142,140,153,129,155,159,158,150,129,150,151,177,212,174,138,132
128,128,4,107,88,80,87,96,95,91,128,137,140,128,130,146,149,139,125,150,147,170,189,189,193,164
132,127,7,104,102,87,95,88,94,90,111,110,116,105,108,132,124,123,147,149,186,184,187,216,205,205
121,131,6,115,93,88,88,87,97,81,77,107,98,96,94,135,99,119,147,145,160,171,182,182,197,201
133,128,2,106,101,86,92,86,82,76,77,85,87,97,97,104,85,161,145,123,154,169,183,166,180,198
130,125,14,72,98,99,96,82,84,78,67,100,105,142,134,88,94,128,176,118,173,170,187,177,170,182
130,129,33,41,117,93,89,83,87,101,95,133,136,155,127,104,132,167,130,112,162,167,187,172,149,188
124,132,45,8,87,103,106,105,123,134,102,107,96,138,136,148,173,158,120,73,131,164,163,181,125,171
126,131,64,0,91,98,104,119,129,131,139,111,106,103,121,125,130,126,137,125,161,129,128,130,148,169
134,123,54,22,39,106,113,111,122,133,139,138,105,94,105,145,174,182,115,161,149,164,160,103,127,130
122,133,59,42,27,115,118,105,124,150,146,139,103,77,85,143,173,165,176,141,122,162,146,102,116,116
131,128,66,62,8,59,100,110,104,139,134,142,111,95,100,145,165,176,116,149,97,168,136,119,107,109
126,129,122,60,47,7,104,117,116,116,131,131,136,103,141,166,158,167,173,110,100,150,154,173,130,103
124,131,156,61,65,15,43,122,127,113,127,118,123,96,118,159,164,173,164,104,98,168,155,163,145,120
129,131,175,103,74,54,6,56,117,106,124,95,89,91,79,122,146,164,179,114,113,127,151,147,155,159
127,125,185,165,57,60,40,21,71,122,119,79,86,84,88,95,113,122,146,113,96,102,128,133,135,142
128,132,192,164,176,48,67,29,11,73,127,84,78,90,101,94,88,149,160,114,102,104,110,126,128,155
