118,121,115,106,117,124,107,114,125,124,133,125,136,133,130,136,127,126,108,108,93,88,82,79,73,62
125,127,129,120,111,116,119,126,129,126,122,135,138,135,130,141,143,131,109,104,102,102,88,77,77,68
120,122,121,128,123,120,125,127,115,136,126,120,134,136,132,134,144,144,133,119,112,103,103,87,86,72
124,121,128,123,104,103,109,105,135,136,131,135,119,123,132,134,137,131,129,133,131,114,107,98,94,80
122,124,116,115,119,105,118,104,120,117,118,130,120,130,147,133,124,128,128,128,123,116,109,108,101,100
116,120,126,119,117,113,126,123,105,133,136,129,133,134,131,131,133,141,136,128,120,124,122,116,100,105
117,114,109,109,111,105,120,122,115,115,122,130,126,129,105,141,154,131,128,137,145,144,124,121,104,98
114,113,118,120,106,104,116,122,125,124,138,119,125,133,137,145,141,123,142,142,139,130,116,128,125,105
113,116,105,111,108,115,122,116,123,136,120,115,116,129,140,128,133,136,154,137,143,146,126,118,129,125
129,104,124,140,113,116,111,130,125,132,112,120,126,141,128,117,137,141,127,147,139,135,137,135,127,133
122,131,113,130,124,118,116,120,103,119,129,127,134,141,137,154,130,142,147,136,143,151,158,136,137,140
135,110,126,106,133,120,125,136,115,114,111,125,133,134,110,134,123,142,139,153,136,139,136,144,158,140
123,120,114,131,127,129,110,122,143,131,132,129,139,130,130,132,142,127,143,149,147,129,128,138,130,113
114,108,122,123,127,134,137,128,143,132,131,123,130,124,140,99,116,144,144,137,122,147,138,100,112,136
120,104,108,104,139,116,121,139,134,136,117,132,129,128,141,134,132,139,119,132,161,132,146,107,123,133
112,112,115,110,103,122,130,132,135,118,140,114,138,135,110,125,118,135,118,130,116,134,141,102,119,119
107,107,105,112,119,118,125,135,135,130,127,123,110,108,111,128,122,98,117,90,116,137,125,109,113,115
98,119,99,106,113,116,122,152,129,129,123,131,136,120,127,107,107,111,106,84,112,111,109,106,82,117
103,104,108,103,114,111,110,123,133,137,144,127,123,139,97,118,104,104,97,80,114,113,100,108,110,103
107,109,102,111,105,118,110,132,123,139,116,128,138,105,104,95,102,90,85,87,90,99,119,114,101,113
104,102,101,104,102,108,112,103,97,113,125,94,90,107,103,82,81,73,83,90,94,103,106,94,82,89
98,120,104,119,106,102,94,102,97,104,110,122,93,98,90,77,99,83,91,97,71,89,92,99,80,74
93,105,104,93,95,89,113,78,87,82,113,120,71,102,101,83,68,82,80,76,84,90,96,91,82,84
77,88,93,87,86,91,89,84,84,95,85,92,99,95,95,126,75,73,82,77,70,77,72,72,80,71
129,77,79,85,86,85,67,83,77,84,83,64,89,91,93,76,64,74,82,73,88,77,73,63,68,71
129,126,71,74,79,65,66,66,79,69,80,64,83,82,77,57,58,78,80,79,88,66,80,63,67,69
125,128,67,67,65,66,66,54,76,60,71,70,72,71,63,62,58,66,70,73,70,69,80,75,60,65
130,132,121,66,62,59,64,53,65,60,54,73,60,61,59,69,60,55,57,65,54,70,72,68,63,54
128,125,133,126,45,58,60,57,54,58,42,65,52,50,54,58,58,59,52,68,54,56,54,65,48,53
131,127,128,131,126,54,59,61,52,54,43,53,51,43,42,57,58,58,55,65,48,54,53,49,50,52
