66,40,39,60,59,36,42,38,35,24,30,22,17,21,19,24,20,28,50,58,66,88,108,100,127,139
49,37,52,57,46,41,43,45,42,32,41,50,45,41,50,40,37,47,49,60,68,72,95,83,105,118
48,54,56,53,53,51,47,44,47,53,54,60,66,80,79,63,57,55,54,60,68,63,82,67,86,105
68,71,55,48,51,44,45,53,61,61,53,66,71,78,82,81,72,56,71,62,60,63,77,63,72,84
70,67,62,54,51,54,55,52,54,65,74,89,77,66,74,97,93,81,87,73,65,82,59,61,72,77
78,73,58,47,50,57,55,56,64,69,64,61,59,69,79,82,68,78,83,92,76,76,76,76,71,63
75,77,61,54,64,70,60,66,68,63,76,88,86,83,76,80,80,84,73,78,82,90,74,75,67,64
69,68,73,67,61,68,71,77,84,78,84,76,74,82,77,72,77,70,78,67,70,67,55,60,55,57
68,72,68,62,69,83,78,98,66,75,83,82,92,88,90,81,75,67,78,67,58,53,52,49,45,42
70,73,67,68,69,65,77,84,71,87,92,88,89,94,92,83,75,76,50,61,55,56,47,41,33,27
72,62,61,59,76,73,56,67,89,72,90,96,104,87,100,92,80,72,79,72,68,57,49,44,38,34
68,67,71,72,70,65,78,75,82,81,74,89,93,94,98,95,101,88,92,86,69,76,57,53,47,43
71,77,62,73,59,71,66,61,66,80,74,78,86,92,92,93,92,97,88,68,86,75,65,62,56,50
67,60,67,75,66,62,63,74,88,75,88,81,93,74,88,88,75,85,97,73,91,70,61,63,62,59
82,67,72,61,68,57,63,74,69,75,79,86,84,88,80,81,94,85,87,100,72,89,76,78,78,74
59,68,56,59,67,63,66,73,70,81,88,86,70,83,82,83,104,84,90,81,94,84,75,74,71,66
65,64,51,65,63,75,66,66,71,82,68,77,74,79,91,82,80,79,87,85,93,98,82,84,61,78
63,70,59,59,66,65,77,63,60,70,80,74,65,82,90,91,93,72,88,108,95,82,82,82,89,68
65,49,65,53,60,66,71,66,72,62,82,85,77,80,78,91,82,87,96,90,103,100,105,102,91,85
77,66,68,61,72,63,73,61,78,69,69,71,74,77,84,81,85,90,93,97,108,117,94,95,89,96
60,70,65,73,77,72,80,66,74,71,66,72,79,89,87,76,86,93,85,93,105,109,109,93,112,105
75,71,71,82,73,69,70,67,58,61,67,73,68,78,74,74,81,95,86,93,107,94,102,101,113,77
85,82,73,81,83,62,79,76,66,80,83,69,63,73,76,70,88,82,93,130,105,88,87,112,73,99
82,85,80,66,66,68,69,82,86,86,76,75,87,77,81,72,78,89,102,112,92,98,86,58,74,77
124,69,75,78,88,79,79,73,98,85,82,65,80,82,75,69,78,96,111,76,109,93,82,75,82,65
128,126,78,82,74,78,81,84,86,77,66,80,81,85,107,91,71,79,84,93,93,74,76,86,78,73
123,131,70,76,69,70,84,83,97,63,80,74,82,74,63,76,93,84,67,71,64,70,80,101,62,69
126,128,128,75,90,72,76,87,85,83,77,84,60,71,78,71,79,68,61,58,49,68,74,63,62,62
130,128,128,128,83,82,82,85,93,86,99,92,70,81,87,76,66,76,63,52,36,58,67,58,71,63
131,123,126,133,124,84,87,91,94,94,108,111,76,82,92,72,50,59,62,45,42,51,67,75,55,75
