247,242,248,251,235,205,82,59,77,60,67,57,71,54,93,98,112,101,127,111,136,144,143,149,152,190
224,244,236,237,228,110,104,106,107,95,75,75,55,82,92,89,105,124,116,108,133,107,123,144,144,147
159,189,194,170,106,98,112,135,130,113,96,81,60,64,78,84,106,88,105,103,120,120,132,128,123,138
89,111,109,107,117,122,148,167,137,113,119,84,59,64,69,76,83,113,94,107,103,122,118,123,123,145
72,75,123,133,159,168,150,157,162,160,142,145,84,38,75,63,70,86,97,99,92,87,91,90,111,113
106,137,176,198,172,191,191,195,174,170,166,145,121,83,68,73,79,89,92,97,91,93,86,103,121,110
173,195,199,211,206,196,193,200,192,195,178,153,157,121,85,64,63,82,83,101,90,93,95,94,104,127
186,214,212,224,219,208,210,198,210,206,212,202,148,147,98,71,67,71,80,92,91,94,89,105,110,86
221,197,223,218,230,213,215,207,207,211,190,170,181,166,108,105,59,74,74,88,71,81,104,99,97,118
220,186,230,215,231,223,220,223,206,215,220,201,170,166,132,126,94,60,82,68,65,85,92,97,109,101
223,229,227,222,225,233,231,225,219,217,207,221,179,178,150,138,102,88,66,75,72,80,92,93,106,116
216,215,223,220,230,230,233,226,222,223,222,204,184,176,139,123,120,107,101,80,63,76,92,86,98,108
218,227,225,223,230,226,229,234,221,230,220,219,205,165,166,134,115,141,90,78,72,77,83,86,104,100
206,223,221,232,209,224,221,230,223,224,229,228,223,192,162,141,115,131,99,94,83,80,91,92,103,95
208,220,227,227,231,220,221,221,224,224,225,231,214,201,165,145,118,113,102,107,99,93,81,88,116,107
215,214,218,220,217,218,220,224,228,226,217,220,215,196,177,183,169,136,98,120,93,95,71,111,114,98
216,214,210,219,217,225,219,219,219,219,218,213,212,198,197,195,154,141,118,127,96,97,95,111,106,106
219,228,220,225,226,225,215,213,217,226,220,218,218,185,218,183,157,123,133,103,105,111,108,93,107,106
220,226,215,216,228,226,225,220,213,215,215,218,192,203,199,167,167,137,102,107,106,102,107,93,89,110
240,227,236,223,219,210,220,222,220,216,216,222,195,164,159,159,139,98,101,109,113,100,95,95,98,122
229,232,224,228,219,223,227,221,223,211,192,204,200,171,137,145,115,136,117,107,109,98,97,93,103,140
137,180,183,214,211,230,221,208,219,206,188,172,162,145,120,103,104,103,122,81,94,112,82,93,110,133
59,104,82,99,107,132,141,169,168,187,175,148,120,101,102,77,59,78,81,69,76,90,83,102,110,127
42,45,50,44,42,50,61,52,92,101,82,87,74,78,75,40,34,40,55,59,61,73,79,94,108,128
58,39,41,33,29,23,28,34,27,29,23,20,15,13,11,6,7,24,31,51,57,74,76,110,109,150
41,36,34,27,18,20,17,10,30,7,7,1,6,4,4,9,1,9,18,38,46,59,85,87,114,135
46,33,10,17,24,18,29,37,54,37,8,8,0,1,2,0,9,4,17,13,40,51,82,91,108,129
38,53,78,53,46,51,79,98,92,59,12,5,3,7,21,20,20,11,16,26,31,68,75,87,117,136
92,173,145,84,112,109,127,120,89,39,33,18,33,33,57,51,34,27,27,26,47,52,70,72,107,131
179,204,114,186,158,135,136,121,103,74,60,67,86,97,115,79,64,44,32,35,38,45,74,79,117,134
