7,10,4,7,10,2,4,4,4,2,4,5,11,13,5,17,27,16,41,19,40,45,47,65,55,52
10,5,8,11,9,6,4,6,7,6,8,3,8,6,5,7,10,24,20,28,31,40,49,45,45,61
31,32,23,21,27,18,18,13,10,17,8,7,6,10,10,6,9,15,21,25,28,42,41,49,40,55
49,43,43,39,33,29,28,21,22,17,18,13,18,17,11,9,11,11,16,21,24,34,36,40,36,49
60,48,56,48,31,30,35,28,26,20,22,18,23,21,19,20,22,16,18,23,26,34,40,39,37,42
62,47,57,50,46,46,43,37,29,32,25,27,24,24,28,28,32,25,27,28,31,38,38,42,44,50
64,59,62,52,60,50,47,39,33,38,31,28,22,23,29,27,33,27,32,27,31,39,37,44,45,52
63,63,59,47,56,42,42,34,35,33,34,25,25,21,26,23,31,26,32,25,28,35,34,43,45,52
24,19,16,13,19,19,26,23,26,22,26,25,29,23,23,21,28,19,27,22,25,28,26,38,49,54
3,0,5,6,0,6,1,6,5,6,5,21,22,18,19,18,25,11,20,17,20,19,33,38,45,40
1,1,0,2,3,1,6,0,1,4,3,6,7,14,16,15,18,19,16,15,17,17,20,30,38,41
0,3,2,0,0,1,0,0,4,3,9,5,7,6,8,15,19,15,13,17,18,12,18,26,35,39
2,0,3,6,5,7,5,16,0,16,33,0,5,4,5,5,10,15,14,14,15,16,11,13,22,36
9,4,4,2,0,4,5,4,6,51,113,103,17,4,7,0,4,13,14,11,14,18,16,17,23,32
3,3,3,0,16,47,5,3,33,17,163,141,65,15,9,7,6,7,9,15,17,12,14,17,24,35
3,4,3,0,0,11,0,7,3,10,178,170,116,42,19,11,5,5,8,15,17,14,21,16,14,23
3,0,0,4,2,0,1,0,5,32,167,162,117,81,48,28,11,7,9,13,19,21,14,17,27,38
5,3,0,0,2,2,3,2,3,75,177,177,141,115,78,57,28,7,5,18,25,21,27,20,21,33
5,3,3,0,0,1,5,0,33,162,153,157,111,90,70,61,35,10,5,7,17,33,36,34,23,35
4,0,0,2,1,0,0,13,87,147,136,134,95,60,51,42,24,11,7,4,13,33,29,33,33,46
7,5,5,0,0,5,18,80,129,122,115,76,52,35,19,16,9,6,7,6,14,32,31,34,35,41
57,12,13,14,13,36,52,69,69,56,42,18,17,7,9,13,12,9,11,16,22,29,34,37,41,43
83,80,63,59,42,41,41,26,23,21,17,24,17,24,24,26,24,20,21,25,28,30,37,41,43,42
39,51,30,27,24,28,17,24,25,23,29,30,24,28,25,21,20,25,28,29,33,38,50,57,53,51
50,35,40,42,28,38,34,30,25,27,22,20,32,10,17,15,18,25,30,34,40,45,41,56,51,54
29,38,22,32,29,21,22,21,24,20,23,17,8,18,22,26,31,32,33,41,47,45,51,65,52,52
41,30,28,22,24,18,17,20,14,17,16,10,16,20,23,25,29,36,36,49,51,54,56,56,55,61
36,31,28,25,26,13,12,19,19,18,15,13,23,34,30,25,45,44,47,55,53,64,61,63,50,61
41,40,26,22,30,24,18,20,24,26,30,30,26,28,38,43,38,53,61,60,75,66,64,60,65,62
39,42,34,30,30,23,22,24,31,26,23,25,26,38,38,53,64,70,66,74,82,84,74,75,59,81
