93,95,97,84,97,77,88,98,80,82,86,81,68,73,91,90,88,104,83,84,93,94,92,97,77,80
84,78,101,81,90,90,97,88,89,73,86,84,84,89,83,93,83,86,84,91,89,87,79,92,80,94
82,74,72,80,81,72,82,73,81,101,78,86,86,73,87,79,88,82,86,97,91,90,85,92,81,88
78,83,79,95,83,82,94,85,87,84,93,85,78,62,84,67,87,84,87,91,77,80,85,85,79,75
75,74,82,80,75,86,93,92,88,75,94,90,79,84,82,89,90,82,82,75,77,84,85,92,85,85
82,79,75,80,95,102,89,95,93,93,77,83,93,88,83,81,78,71,76,81,73,84,77,92,73,80
77,79,71,80,78,92,77,84,90,76,86,80,74,67,87,75,87,78,73,68,74,83,77,88,75,77
72,71,80,78,84,81,82,89,69,85,77,77,85,88,76,71,83,90,99,81,86,81,78,78,84,72
76,75,75,69,87,91,76,84,72,80,86,76,82,88,93,90,88,75,80,77,68,87,76,93,73,94
69,78,79,79,65,78,61,80,85,82,83,89,94,88,83,92,89,76,74,77,73,79,80,98,80,80
82,76,68,71,81,80,83,83,76,90,85,90,74,71,83,83,85,99,74,72,89,87,97,94,90,83
78,68,74,79,71,76,75,80,72,85,96,90,84,79,68,78,79,78,78,78,74,82,92,86,87,82
88,74,84,69,68,68,81,79,85,92,74,92,90,88,88,70,70,78,81,82,90,91,75,77,84,88
85,69,81,70,68,74,75,79,80,76,71,68,77,77,75,93,94,67,84,90,75,92,99,85,90,80
81,72,70,73,70,66,79,77,76,91,90,80,78,77,84,83,82,82,84,92,97,88,94,75,100,99
76,90,75,78,71,72,69,75,86,84,82,83,89,88,84,80,76,89,89,96,96,81,89,93,94,93
90,76,79,71,90,72,72,91,69,72,82,95,100,76,101,93,80,81,92,77,90,83,89,100,91,93
86,70,71,82,71,79,79,67,85,70,69,79,69,76,85,78,76,88,83,90,82,82,99,101,100,98
91,81,74,74,81,77,66,73,85,80,74,89,72,81,86,84,74,83,82,98,101,94,97,92,97,102
81,72,81,85,65,88,77,85,71,80,69,91,91,85,85,80,82,91,92,92,90,97,100,103,93,103
86,79,83,85,85,71,78,88,82,90,95,81,85,93,89,77,80,86,84,87,98,95,89,98,94,100
79,84,85,92,89,78,75,75,91,78,75,79,82,84,86,94,78,76,77,87,87,89,94,98,99,97
75,90,85,84,74,71,75,77,88,100,97,75,88,70,71,89,85,84,85,80,79,78,79,85,92,92
84,75,68,70,83,80,90,77,74,71,84,75,77,87,84,66,80,74,76,70,78,81,71,77,74,89
70,70,68,73,81,78,73,77,77,68,67,72,76,78,81,71,67,66,73,70,72,80,63,81,59,74
74,77,76,81,77,73,70,69,70,73,72,70,69,67,72,71,70,66,73,74,67,76,67,66,63,60
67,74,77,85,84,72,73,68,68,76,73,70,65,74,80,68,70,78,83,70,66,74,70,59,69,57
68,70,66,68,83,65,71,70,65,69,64,67,69,68,72,70,72,71,73,69,61,67,61,59,65,60
66,67,61,63,72,60,72,72,65,67,64,68,68,61,64,66,70,65,68,68,61,59,58,61,57,59
60,63,62,66,63,64,75,71,65,70,67,66,66,63,66,62,66,67,70,63,62,56,62,58,52,50
