96,89,96,113,147,162,164,192,178,130,97,68,59,60,76,89,115,158,187,197,207,236,221,225,231,224
114,114,124,141,161,192,196,196,177,136,118,86,71,76,76,107,125,127,165,185,210,220,238,233,227,230
109,93,94,114,131,175,162,155,156,131,112,98,70,89,84,99,141,132,180,192,201,202,233,230,238,231
71,85,107,108,121,140,148,139,160,135,138,118,104,93,90,101,107,132,148,141,198,204,198,220,237,223
70,76,86,100,103,119,133,132,123,120,116,112,95,106,104,128,101,125,153,167,183,189,212,216,221,209
66,77,89,79,98,119,106,124,130,128,123,112,91,96,107,91,126,127,150,152,192,191,204,211,220,216
81,89,83,87,106,96,138,123,120,124,134,127,107,132,106,109,123,127,162,164,173,183,191,199,226,223
89,96,104,106,108,106,104,124,139,148,148,144,113,118,125,123,156,124,149,160,179,203,180,190,208,213
144,147,155,158,133,113,134,137,147,158,151,156,132,127,132,119,133,159,149,174,159,187,188,206,206,199
125,117,155,163,162,166,157,180,168,169,166,165,138,126,138,146,141,144,148,153,208,186,194,173,187,193
194,194,182,187,180,183,186,192,180,178,197,182,172,158,135,155,172,181,162,153,181,185,184,169,186,201
220,230,206,225,189,234,210,218,198,206,205,206,192,188,175,177,169,175,182,153,172,147,199,188,184,194
229,235,230,224,226,231,224,199,227,220,213,210,192,199,190,198,189,164,167,156,175,174,163,183,192,171
235,244,237,236,250,239,234,217,222,217,216,227,199,199,202,199,199,204,188,192,171,169,177,166,194,174
250,236,241,248,240,235,232,238,223,234,229,225,219,222,212,201,199,194,202,190,186,161,158,132,166,168
250,246,245,246,249,251,247,237,240,236,242,237,230,213,205,207,203,195,194,187,172,168,170,147,172,131
245,247,246,251,253,248,242,238,239,242,231,237,229,228,212,202,204,191,195,180,153,141,149,155,156,159
251,253,249,250,249,247,246,243,240,241,244,228,228,222,206,200,195,206,176,189,184,136,185,141,141,137
249,251,249,250,247,247,249,244,239,242,239,234,216,207,204,209,202,175,179,172,150,156,138,135,132,120
249,253,247,251,249,248,248,241,237,243,232,234,226,192,189,170,190,163,162,151,136,140,122,116,130,115
247,242,249,250,249,248,247,240,234,237,231,226,212,200,187,201,174,148,146,143,117,125,116,129,126,91
250,254,252,247,244,244,244,240,233,225,226,229,191,193,153,184,158,146,132,126,134,137,104,106,123,92
242,250,248,241,240,240,236,235,229,214,233,218,190,180,160,134,136,122,109,108,104,112,92,81,73,65
237,241,242,237,239,237,227,228,225,209,213,192,164,140,123,125,112,96,114,113,89,83,78,72,50,48
233,232,232,233,222,233,238,224,213,212,192,181,130,127,104,95,85,83,89,78,80,74,54,52,29,19
223,225,220,228,211,210,207,213,205,196,152,129,109,110,93,83,75,73,78,61,59,44,35,26,13,132
216,224,225,207,206,208,210,180,176,172,140,97,91,80,74,74,69,59,49,51,38,27,21,27,17,134
201,184,187,179,178,187,170,153,135,124,98,69,73,60,61,66,57,37,35,32,22,30,27,25,130,125
172,172,167,157,162,137,129,111,107,82,62,60,63,55,54,52,46,36,31,34,33,32,14,128,122,129
141,125,149,130,114,101,72,63,51,47,54,55,42,39,39,31,32,38,33,38,24,27,135,130,130,129
