126,170,190,187,216,213,190,204,195,197,175,202,171,127,133,125,128,128,128,128,128,128,128,128,128,128
153,156,165,190,194,195,197,177,185,179,175,189,171,127,126,132,128,128,128,128,128,128,128,128,128,128
147,158,197,167,182,183,199,192,179,179,188,186,129,131,126,129,128,128,128,128,128,128,128,128,128,128
148,154,172,178,179,168,189,187,187,161,171,154,124,127,130,126,128,128,128,128,128,128,128,128,128,128
135,147,150,162,173,177,184,170,177,167,155,128,132,128,126,130,128,128,128,128,128,128,128,128,128,128
133,141,155,147,158,170,182,186,157,171,149,130,125,131,127,128,128,128,128,128,128,128,128,128,128,128
134,157,148,148,122,161,194,156,160,145,129,126,132,126,130,126,128,128,128,128,128,128,128,128,128,128
132,144,146,139,143,154,166,152,162,165,130,130,122,135,122,131,128,128,128,128,128,128,128,128,128,128
130,135,142,147,150,158,149,140,177,157,135,126,127,129,128,128,128,128,128,128,128,128,128,128,128,128
156,141,130,148,171,158,120,168,149,137,127,126,129,129,128,128,128,128,128,128,128,128,128,128,128,128
145,118,157,128,143,133,136,150,129,126,126,128,130,128,127,127,128,128,128,128,128,128,128,128,128,128
147,125,147,135,137,141,141,135,128,127,128,130,129,127,127,128,128,128,128,128,128,128,128,128,128,128
149,152,138,137,142,143,140,122,129,128,127,128,128,127,128,130,128,128,128,128,128,128,128,128,128,128
162,154,138,168,119,129,147,128,129,128,128,128,128,128,128,128,128,128,128,128,128,128,128,128,128,128
150,173,144,113,127,123,126,125,129,129,129,129,129,128,128,127,128,128,128,128,128,128,128,128,128,128
188,152,145,145,112,120,130,129,127,128,128,128,128,128,129,129,128,128,128,128,128,128,128,128,128,128
151,136,135,135,103,128,127,128,128,128,128,128,128,128,128,128,128,128,128,128,128,128,128,128,128,128
143,139,126,119,101,124,134,123,128,128,128,128,128,128,128,128,128,128,128,128,128,128,128,128,128,128
127,117,118,106,126,125,128,131,128,128,128,128,128,128,128,128,128,128,128,128,128,128,128,128,128,128
104,113,110,100,132,132,125,125,128,128,128,128,128,128,128,128,128,128,128,128,128,128,128,128,128,128
121,112,98,130,131,124,121,131,128,128,128,128,128,128,128,128,128,128,128,128,128,128,128,128,128,128
119,97,127,130,122,133,132,128,128,128,128,128,128,128,128,128,128,128,128,128,128,128,128,128,128,128
99,86,134,124,129,127,124,129,128,128,128,128,128,128,128,128,128,128,128,128,128,128,128,128,128,128
78,130,125,128,132,127,129,127,128,128,128,128,128,128,128,128,128,128,128,128,128,128,128,128,128,128
128,128,128,128,128,128,128,128,128,128,128,128,128,128,128,128,128,128,128,128,128,128,128,128,128,128
128,128,128,128,128,128,128,128,128,128,128,128,128,128,128,128,128,128,128,128,128,128,128,128,128,128
128,128,128,128,128,128,128,128,128,128,128,128,128,128,128,128,128,128,128,128,128,128,128,128,128,128
128,128,128,128,128,128,128,128,128,128,128,128,128,128,128,128,128,128,128,128,128,128,128,128,128,128
128,128,128,128,128,128,128,128,128,128,128,128,128,128,128,128,128,128,128,128,128,128,128,128,128,128
128,128,128,128,128,128,128,128,128,128,128,128,128,128,128,128,128,128,128,128,128,128,128,128,128,128
