182,184,182,175,175,173,155,132,104,97,83,100,115,129,112,159,157,175,169,126,130,125,127,126,128,128
203,201,198,200,194,187,178,174,164,172,149,128,101,100,110,109,118,131,156,154,125,130,133,128,128,128
201,205,200,199,190,193,186,185,176,178,180,187,168,138,150,139,130,122,126,110,129,127,129,127,128,128
205,213,206,204,196,209,200,193,195,190,192,188,198,186,183,189,177,176,182,177,128,131,128,128,128,128
211,214,205,210,204,214,205,203,191,197,202,190,206,212,199,208,216,202,193,191,130,126,127,128,128,128
216,221,215,212,204,213,210,207,208,204,201,200,202,205,207,211,197,203,216,196,213,132,125,132,128,128
213,218,214,206,201,208,207,203,203,202,200,199,196,199,210,201,211,205,204,192,208,124,127,128,128,128
216,208,207,212,214,209,209,213,204,199,204,199,196,189,199,206,210,210,207,215,199,132,133,124,128,128
218,227,208,216,214,205,208,208,217,212,207,214,206,201,174,186,199,209,210,214,209,131,129,125,128,128
215,212,206,224,232,216,217,218,215,215,209,212,217,204,183,166,172,206,204,211,200,198,131,131,128,128
223,223,213,214,233,220,216,218,214,218,206,216,225,215,211,186,164,140,211,199,208,207,126,127,128,128
226,224,225,225,230,222,214,205,218,220,205,222,217,210,214,207,171,170,128,191,193,192,132,127,128,128
228,214,224,241,223,222,226,216,221,220,215,223,212,203,206,210,176,166,200,147,147,160,126,128,128,128
231,234,228,232,220,222,225,225,220,220,225,213,214,206,208,207,188,186,186,188,161,128,123,130,128,128
234,252,239,229,225,223,224,213,218,222,224,205,212,206,205,196,198,182,182,185,146,114,130,131,128,128
252,240,238,237,218,217,244,217,207,221,218,214,218,214,206,198,185,166,175,138,102,78,36,129,128,128
252,241,237,230,239,216,220,219,221,210,233,219,219,210,198,209,172,150,107,94,66,42,46,128,128,128
233,232,238,241,232,233,241,209,211,230,210,212,207,226,204,173,146,102,69,49,42,62,71,127,128,128
216,251,242,248,235,237,222,217,206,221,209,201,207,166,161,120,89,57,16,31,56,68,68,125,128,128
240,240,232,234,248,223,245,233,215,206,206,170,164,142,100,78,50,29,40,58,51,52,35,132,128,128
242,225,244,241,241,234,213,222,209,191,160,142,114,87,51,42,35,42,45,44,54,58,47,126,128,128
226,229,234,235,228,207,235,209,185,176,133,98,71,39,49,32,55,58,51,46,35,29,65,61,128,128
233,245,219,227,222,205,192,164,147,97,63,53,34,33,32,50,52,34,32,27,29,42,42,30,128,128
245,210,215,212,194,174,157,124,79,56,17,42,34,34,45,33,26,17,15,23,11,38,37,40,128,128
227,205,192,178,159,114,94,65,43,42,27,41,48,34,25,20,9,4,15,28,39,30,29,31,128,125
199,175,157,114,98,60,35,24,28,45,37,38,64,42,17,17,7,14,23,32,34,26,29,28,130,133
137,116,97,59,41,26,24,34,38,47,50,29,51,55,41,11,5,19,27,35,31,24,22,18,123,127
82,53,28,28,18,24,38,30,25,32,46,38,66,64,46,39,8,16,26,39,34,30,18,17,133,135
24,20,19,20,12,16,38,36,31,42,62,43,45,54,50,46,31,20,25,31,27,29,21,38,127,123
23,29,37,12,25,27,34,40,38,24,54,61,52,45,48,49,34,24,33,36,29,22,12,28,128,132
