179,186,185,195,172,167,169,176,178,161,171,159,148,141,141,131,116,102,82,53,56,51,41,34,37,32
139,146,139,149,151,145,142,145,139,122,120,112,99,88,79,68,52,40,47,39,40,62,48,30,19,27
97,108,101,111,103,105,94,95,87,85,55,56,38,29,53,36,19,37,31,31,40,55,28,22,18,20
59,54,56,53,64,57,56,45,44,48,36,42,57,58,44,39,48,39,30,38,64,66,58,77,95,74
51,47,41,35,44,46,33,39,29,38,43,34,50,52,60,81,64,50,53,63,78,83,100,97,105,115
77,54,47,42,64,57,59,55,48,35,36,52,47,56,67,68,61,71,67,67,71,81,91,98,97,90
50,53,62,56,62,54,55,51,59,46,48,39,46,54,62,70,49,59,55,68,72,69,72,81,86,88
64,54,50,54,56,68,54,49,46,43,39,41,38,56,62,59,63,56,45,60,63,56,67,53,63,95
55,52,52,51,61,58,58,47,50,52,41,40,41,50,60,57,55,54,40,39,44,45,49,52,58,54
71,57,57,61,65,64,58,71,57,63,46,44,46,61,55,31,42,31,36,55,51,54,50,51,34,36
63,59,55,53,48,51,45,52,52,55,53,42,52,48,35,40,31,48,42,52,58,54,47,42,39,38
76,63,50,48,49,68,39,53,48,41,33,33,45,41,30,29,51,42,36,26,28,24,54,73,60,72
75,46,59,50,45,39,34,33,37,33,32,20,35,29,23,7,35,40,38,36,35,37,58,61,66,75
77,53,56,50,33,36,32,39,29,27,16,35,28,28,33,21,53,53,37,30,38,56,71,73,90,81
81,71,54,38,35,43,28,36,32,16,17,25,33,34,27,42,38,50,61,40,49,54,65,77,79,75
80,58,56,43,46,39,37,34,43,34,21,15,19,46,27,44,53,52,53,57,50,50,62,71,77,86
100,73,44,46,35,35,26,31,27,34,30,18,34,35,16,43,44,27,30,55,36,47,58,65,76,78
91,84,82,61,54,38,22,17,26,17,33,27,39,47,45,43,47,28,3,24,30,34,25,44,49,55
95,76,80,75,62,39,29,32,24,15,23,39,53,40,45,47,44,49,10,0,10,13,18,27,27,33
94,76,68,70,48,51,43,55,20,10,18,28,47,48,45,27,26,21,9,6,5,2,0,8,2,17
92,80,71,72,67,14,57,48,51,36,45,40,46,48,43,22,32,22,11,17,7,4,1,16,12,37
94,84,80,75,73,45,29,37,37,14,44,44,54,52,54,40,50,43,29,38,36,34,28,30,17,26
93,85,86,75,66,47,47,29,21,25,52,54,63,52,57,50,56,67,43,44,51,55,54,54,48,43
90,87,79,60,52,31,35,19,30,46,58,56,63,61,69,62,50,61,71,64,65,67,70,73,77,72
92,89,75,80,73,44,47,27,26,46,64,58,50,52,57,64,63,67,69,71,71,81,85,87,85,85
93,93,81,75,64,64,34,39,41,61,65,72,65,64,50,61,72,64,70,80,73,86,88,89,80,89
90,86,89,85,67,77,38,40,66,73,69,73,68,73,63,63,58,67,65,65,65,75,86,82,77,80
93,93,94,100,85,75,45,49,73,79,75,70,68,70,69,60,66,80,73,73,81,73,78,85,70,73
111,95,101,102,91,80,66,64,73,75,91,77,77,59,80,71,83,79,86,82,88,85,89,89,77,88
107,104,113,106,102,94,65,54,72,96,89,96,82,77,65,79,77,82,82,83,78,87,92,84,87,94
