129,128,6,6,6,4,9,57,86,113,132,130,71,67,51,36,44,74,88,99,103,98,108,109,117,118
129,128,7,6,6,5,9,49,85,105,123,175,151,76,72,68,42,25,56,83,92,98,103,104,106,126
127,128,8,11,8,5,6,32,72,113,129,174,163,174,100,67,68,62,39,26,49,74,97,96,105,104
127,129,8,12,8,5,7,25,78,93,138,164,183,203,171,149,90,69,65,65,56,25,33,70,80,95
128,127,9,12,8,2,1,13,67,100,136,169,189,186,195,185,178,149,95,67,70,68,59,53,41,34
129,124,28,7,6,8,5,6,65,86,134,163,186,191,194,197,201,190,171,147,103,71,70,65,64,63
128,128,25,14,3,5,8,7,54,83,121,151,173,200,198,203,210,196,199,199,164,148,140,89,85,71
128,126,13,16,14,12,11,9,33,76,119,140,186,182,194,198,207,211,201,210,208,190,191,189,155,132
128,128,20,15,19,7,4,9,25,76,101,150,174,174,167,213,207,215,210,210,209,211,212,191,202,208
128,129,0,17,15,2,9,14,26,66,97,134,164,179,160,210,208,210,204,212,225,224,223,229,212,210
128,124,13,15,17,19,28,14,10,57,89,129,148,191,165,195,214,210,217,217,220,228,218,200,220,229
126,133,122,22,12,17,23,7,7,47,86,112,136,165,183,203,208,211,215,209,219,223,212,221,223,223
130,122,126,13,18,25,8,10,5,31,76,109,141,164,176,190,214,221,208,222,216,217,220,221,220,226
125,133,126,11,19,22,16,3,5,9,60,94,134,138,173,186,198,213,215,215,212,230,223,223,214,228
127,132,128,18,20,2,0,5,14,2,56,91,108,139,172,184,186,205,213,217,217,227,217,223,227,230
128,127,129,11,26,23,7,2,10,13,65,74,120,132,149,169,183,206,199,210,215,216,224,234,233,230
127,127,128,16,28,24,8,1,12,7,44,78,109,115,159,166,164,197,201,214,223,223,226,226,221,230
126,132,126,31,24,3,2,1,13,2,39,67,85,129,141,173,180,191,198,201,209,217,217,227,217,225
125,136,125,30,20,18,17,1,8,14,27,71,84,99,145,139,182,185,193,201,209,212,211,218,223,218
129,127,128,34,15,14,7,9,13,17,14,64,79,107,123,163,168,186,187,196,209,219,230,217,226,221
131,123,130,130,21,24,9,6,9,20,6,55,80,96,132,152,163,163,178,195,206,210,215,213,229,226
123,133,127,123,21,36,23,13,20,16,5,63,84,87,111,142,164,167,171,163,194,196,209,215,224,226
131,123,133,132,10,23,37,14,28,13,0,46,72,87,103,132,150,170,178,185,187,189,196,219,222,225
127,125,125,128,12,24,25,17,38,17,5,36,74,97,101,112,162,162,174,178,186,192,208,212,218,221
127,135,133,122,8,22,30,48,49,23,14,27,72,95,103,112,138,155,168,180,177,196,204,205,212,217
124,130,121,134,18,13,9,42,51,40,34,25,59,91,110,119,134,141,164,161,200,189,205,208,200,204
132,127,132,124,122,12,0,12,33,47,51,43,60,92,106,112,115,139,164,176,193,188,193,206,209,206
125,131,124,133,130,14,4,9,4,21,28,44,55,85,100,122,125,140,145,146,155,190,201,188,203,197
128,130,128,126,133,2,5,6,1,5,8,8,32,77,95,114,125,133,157,155,171,171,180,194,192,201
129,125,126,126,129,1,6,4,5,8,13,1,21,69,97,111,116,136,130,172,180,186,187,179,180,190
