38,50,60,57,69,66,70,63,80,89,88,98,98,108,111,112,112,102,100,69,61,64,58,52,46,47
53,59,70,73,100,95,107,107,110,115,125,124,118,128,108,109,109,107,104,99,77,61,88,96,73,60
180,191,201,208,208,210,220,225,225,222,234,229,239,240,244,255,246,247,250,234,197,113,69,62,70,90
197,197,203,204,206,216,211,214,224,217,226,227,230,237,241,238,247,248,255,252,250,254,252,248,242,227
199,193,189,198,199,209,205,203,219,215,201,215,227,233,238,240,245,249,250,253,244,248,249,247,247,246
190,191,189,192,191,197,200,207,204,207,220,213,217,225,230,234,243,249,246,242,248,252,253,250,249,249
187,187,184,183,182,209,188,192,210,201,210,218,222,230,231,230,238,247,247,242,245,249,250,247,245,247
185,179,172,171,200,178,171,204,199,183,207,210,204,218,229,233,236,238,235,232,242,245,246,244,244,247
194,192,187,184,184,189,183,182,189,200,209,206,209,215,219,221,225,229,235,242,241,241,241,240,242,245
190,198,199,192,205,200,204,204,206,213,217,227,230,232,234,238,241,240,239,242,245,245,243,242,244,246
214,223,225,220,224,218,224,220,217,225,228,230,243,244,242,239,241,242,244,248,253,253,251,250,250,252
215,216,216,214,226,220,216,217,222,220,216,222,220,232,240,240,241,244,246,249,250,250,249,248,248,250
188,182,197,184,193,193,184,183,183,188,193,175,199,197,210,220,211,210,220,215,215,214,221,223,233,225
172,172,182,178,179,180,191,180,180,195,201,199,199,190,202,207,229,221,209,202,208,205,212,209,220,207
170,159,156,164,191,159,152,174,163,149,184,187,173,201,195,187,214,207,208,211,216,217,210,222,219,220
179,177,170,178,175,180,178,177,184,196,195,193,202,190,209,223,215,223,222,228,231,231,234,234,238,228
171,175,178,188,170,168,167,176,165,168,170,183,198,220,225,235,222,224,234,233,227,239,231,241,222,229
164,170,165,152,148,176,156,168,174,165,167,187,207,193,214,229,231,229,230,237,235,235,231,228,231,232
174,175,177,172,166,162,162,155,160,165,163,175,172,198,207,215,225,222,225,232,233,232,218,225,226,238
178,168,158,154,142,149,150,146,157,138,139,128,166,168,167,179,177,194,193,199,204,206,202,199,200,200
129,123,133,132,113,118,125,130,129,133,154,155,167,177,176,179,178,193,192,190,204,199,195,200,190,204
132,128,128,128,133,132,137,133,143,125,145,157,176,179,187,190,202,205,207,202,203,204,215,212,214,213
142,147,142,142,142,134,130,145,138,141,153,164,167,179,198,205,212,202,201,201,202,200,199,219,213,215
141,144,131,123,131,149,153,148,159,151,155,169,199,201,200,206,210,209,200,199,212,213,211,201,208,213
133,148,154,150,145,147,154,150,151,160,167,162,175,186,200,199,217,211,210,204,201,209,212,194,192,192
133,146,159,157,154,162,150,154,156,173,163,175,183,213,209,220,200,218,207,222,212,193,180,186,186,187
138,136,139,137,145,150,171,164,151,147,155,159,184,202,220,214,235,228,228,223,225,217,222,196,194,184
130,130,141,153,158,165,168,165,151,164,160,165,178,201,212,220,235,241,238,243,239,226,223,217,215,215
134,127,128,146,162,164,174,164,170,166,165,171,168,182,204,224,225,237,239,232,229,224,232,219,222,218
142,140,162,170,166,167,148,155,154,146,156,166,182,185,198,213,227,236,234,222,214,209,221,218,224,222
