31,24,41,53,38,54,70,85,75,74,94,97,107,104,100,159,191,181,174,106,89,72,56,46,20,122
17,19,17,20,27,40,58,66,72,83,75,66,84,82,74,108,128,136,159,132,104,80,62,33,16,133
45,52,37,26,29,36,33,47,69,71,55,77,88,92,74,84,81,77,105,121,100,80,54,37,21,127
48,67,61,59,55,67,75,57,65,86,98,82,78,99,102,86,75,78,66,97,90,79,61,30,21,127
46,47,54,55,52,72,84,92,76,91,99,84,109,107,113,151,99,72,62,74,84,101,50,43,21,127
67,87,98,96,93,98,83,77,98,112,98,101,90,107,96,81,96,81,64,72,111,77,61,29,21,127
70,74,50,71,71,64,86,85,85,87,88,94,102,104,156,124,95,82,71,67,83,78,53,44,21,127
79,94,95,103,84,94,116,92,105,97,120,149,157,156,134,176,82,87,77,87,74,89,58,40,21,127
71,65,88,91,69,86,98,101,113,118,102,114,118,112,121,102,114,93,84,78,77,75,72,33,21,127
26,25,39,55,59,82,95,102,94,122,173,194,202,199,224,198,155,108,82,90,69,83,63,30,21,127
100,112,65,29,29,40,56,79,96,113,134,174,158,144,178,178,139,116,118,98,85,57,55,33,17,126
52,72,108,170,120,58,30,41,58,87,136,125,136,161,152,149,135,93,88,77,71,49,40,27,17,126
11,23,48,85,181,192,118,38,28,48,77,101,113,128,115,129,131,106,94,85,82,72,55,22,17,127
5,9,9,21,42,89,136,130,63,29,42,60,98,110,109,112,110,103,92,95,74,48,43,25,18,127
51,72,35,9,18,16,43,99,99,58,26,41,52,75,91,121,122,95,70,62,52,46,42,32,18,127
76,233,228,138,42,7,22,40,62,63,38,16,44,61,74,67,83,74,81,60,44,47,28,23,18,127
81,239,250,255,228,44,10,15,34,36,41,28,28,47,44,75,82,65,65,57,48,39,27,28,19,127
216,253,255,255,210,99,36,12,11,21,35,46,41,38,57,59,70,75,64,59,52,34,38,19,19,127
211,255,254,250,243,201,83,30,14,17,24,35,56,59,53,73,75,77,77,61,66,39,30,27,18,126
247,254,250,255,240,202,58,47,45,23,14,39,50,52,73,87,80,71,73,64,61,48,37,26,19,127
249,245,255,251,245,85,62,62,66,55,26,38,48,67,76,82,90,76,99,77,71,45,42,20,20,127
238,251,250,244,97,63,124,88,63,81,75,63,54,83,81,92,104,99,113,100,72,55,38,23,21,128
218,198,91,74,101,151,127,111,70,78,106,106,105,122,133,130,126,114,122,94,87,58,46,30,21,128
60,79,99,102,103,103,104,77,96,132,175,168,166,140,167,169,147,144,125,113,88,68,41,33,22,128
86,92,105,110,139,128,93,101,147,187,208,202,214,194,198,199,172,164,139,126,103,70,48,32,22,128
56,71,88,114,143,129,113,136,216,220,221,224,218,226,206,205,190,172,130,133,105,85,61,37,22,128
61,76,119,106,113,138,172,210,225,221,221,231,212,217,218,220,207,188,163,118,109,99,68,41,26,129
64,76,87,109,113,147,211,237,236,242,225,238,221,214,223,221,222,211,197,150,137,101,90,60,33,131
65,100,101,107,162,188,228,235,236,234,223,229,224,228,226,230,218,212,183,174,145,138,104,67,39,129
80,92,132,127,199,224,212,241,233,233,240,235,221,228,225,233,223,217,207,185,160,144,118,72,48,129
