74,51,54,129,121,152,135,155,153,161,151,156,135,108,90,85,74,86,108,100,98,91,125,127,128,128
190,81,48,56,102,101,123,127,114,122,121,84,84,79,75,89,112,113,127,119,113,100,122,132,128,128
176,153,113,65,85,92,86,72,66,74,71,74,99,106,131,132,135,141,137,114,106,128,136,125,128,128
157,156,148,158,144,110,81,92,103,98,118,138,140,162,158,152,146,140,132,120,101,124,127,129,128,128
185,152,179,192,187,201,172,139,153,162,178,185,187,173,168,144,142,136,127,110,93,132,132,124,128,128
178,201,180,211,201,213,205,221,193,199,184,184,181,168,136,141,148,131,125,112,90,123,127,129,128,128
205,201,196,202,213,209,211,194,194,209,197,186,167,165,147,145,141,126,113,93,125,134,127,127,128,128
191,192,207,208,217,222,219,212,201,208,201,190,167,160,144,132,129,120,114,99,128,129,128,129,128,128
206,205,212,205,207,210,209,203,197,198,199,184,158,148,145,135,126,115,103,99,127,126,130,128,128,128
194,205,204,208,207,196,207,194,194,180,170,158,156,152,146,131,122,113,95,108,127,127,130,127,128,128
194,199,193,203,207,195,205,189,177,175,170,158,159,146,141,139,112,112,99,126,128,128,128,128,128,128
190,197,204,197,187,177,190,193,167,165,162,159,169,152,135,128,112,110,98,130,126,130,128,128,128,128
180,184,186,185,190,188,190,175,159,157,158,158,155,140,130,127,120,109,100,125,126,129,129,127,128,128
176,203,199,190,173,160,186,176,182,162,154,156,152,146,140,131,121,110,114,130,130,125,129,127,128,128
183,199,184,182,176,165,174,177,173,165,156,144,145,136,126,117,114,105,128,126,131,125,127,129,128,128
177,174,198,172,185,178,176,171,156,159,159,139,137,138,129,119,117,98,128,127,127,127,127,130,128,128
188,188,188,192,175,183,169,172,167,167,151,152,151,131,133,117,115,95,131,132,128,131,127,126,128,128
171,176,188,177,185,161,167,157,160,157,153,141,141,137,128,110,105,100,127,127,127,130,129,128,128,128
189,190,189,186,181,166,150,159,155,163,149,148,141,125,136,113,111,125,130,125,128,125,130,129,128,128
177,189,177,162,169,170,170,159,163,147,148,146,140,126,121,117,108,135,130,128,133,125,128,126,128,128
192,172,164,178,180,151,163,162,161,155,150,147,144,135,136,116,101,122,122,126,132,127,129,128,128,128
192,171,183,170,157,171,175,169,167,148,153,150,139,122,116,113,128,131,129,130,128,126,128,129,128,128
190,176,175,164,165,164,160,156,150,155,143,142,136,131,119,112,128,128,128,128,128,128,128,128,128,128
182,183,164,172,164,172,167,154,161,149,159,147,134,130,123,102,128,128,128,128,128,128,128,128,128,128
174,176,178,175,166,179,163,157,157,136,142,139,141,126,114,129,128,128,128,128,128,128,128,128,128,128
178,172,182,171,163,177,159,161,152,143,139,136,127,126,115,129,128,128,128,128,128,128,128,128,128,128
185,176,160,163,160,164,163,157,147,160,141,133,133,121,108,128,128,128,128,128,128,128,128,128,128,128
182,164,166,156,170,150,159,150,151,136,137,136,123,112,129,128,128,128,128,128,128,128,128,128,128,128
175,161,177,164,175,149,152,145,146,141,138,119,115,119,129,127,128,128,128,128,128,128,128,128,128,128
176,183,159,183,167,158,154,143,149,138,134,128,121,128,120,133,128,128,128,128,128,128,128,128,128,128
