23,24,26,26,27,30,40,39,45,49,55,53,51,43,47,46,60,51,42,44,51,40,35,46,37,58
25,29,36,39,41,46,47,56,53,69,77,77,73,69,64,69,60,57,69,58,54,52,45,59,61,51
40,38,40,43,45,46,61,53,74,78,62,71,81,63,71,65,74,69,70,69,61,59,57,50,52,45
43,47,51,50,55,64,76,75,66,88,80,88,78,68,71,85,79,76,77,73,80,73,54,65,57,62
45,56,59,50,55,76,81,93,83,110,103,74,84,90,101,78,79,77,77,94,85,70,74,72,51,68
60,64,65,66,78,97,95,90,100,98,85,86,87,91,92,108,92,95,98,78,71,89,71,62,84,83
81,72,68,76,88,97,85,98,109,89,70,104,89,119,109,99,92,99,102,93,74,86,90,84,92,62
66,64,67,74,85,96,92,77,106,80,94,78,118,104,88,83,71,75,69,67,69,80,70,87,63,76
75,81,81,83,95,94,125,110,94,90,99,105,73,114,103,101,81,105,96,60,66,92,87,104,72,102
81,101,106,79,102,75,87,93,111,95,88,117,107,104,106,112,111,107,99,96,119,94,108,90,93,104
94,93,123,105,98,110,117,120,108,100,101,115,115,107,111,127,127,142,115,101,118,118,126,142,112,120
101,92,100,101,112,115,118,112,132,122,116,112,134,125,132,126,132,124,118,145,106,104,125,137,139,132
84,100,102,118,115,116,134,127,128,128,89,109,105,139,155,135,141,141,141,138,136,139,131,125,119,121
88,102,89,101,102,134,126,133,132,132,153,136,139,153,151,149,149,137,143,150,145,144,156,126,135,134
140,99,107,125,126,129,108,128,135,148,158,160,172,156,153,174,156,158,160,154,160,154,123,159,153,172
107,112,110,119,96,119,137,133,138,153,151,168,139,169,177,158,176,177,175,157,178,177,176,166,154,144
114,117,139,159,137,135,152,153,158,151,137,157,134,144,176,165,175,172,178,172,191,186,157,166,163,167
120,119,133,136,115,153,137,162,155,153,175,188,152,154,170,162,182,164,180,177,191,199,201,182,171,164
139,144,145,106,121,143,154,131,158,147,167,159,159,173,178,183,187,183,183,194,194,164,184,182,166,185
109,116,102,100,132,149,144,143,137,131,146,169,187,174,184,191,200,169,188,191,188,177,168,173,156,183
114,98,118,119,109,113,81,77,108,101,127,148,168,167,182,176,157,185,182,187,207,190,184,174,182,198
64,60,56,72,64,74,84,86,83,121,134,156,179,184,171,177,188,185,180,163,169,172,172,164,167,173
39,41,39,32,54,50,48,87,85,67,88,119,135,145,138,153,166,177,152,167,172,151,161,168,165,171
14,10,23,19,18,23,34,34,35,64,64,71,87,86,115,126,160,156,138,157,147,132,158,148,152,149
7,12,9,13,17,13,16,18,16,13,14,17,22,29,50,78,104,111,113,117,131,160,149,121,134,152
12,13,9,8,7,2,3,6,5,3,5,6,8,13,22,31,43,55,77,94,105,123,141,153,144,145
6,5,5,7,9,9,1,3,2,2,4,4,5,8,6,13,19,19,26,36,49,70,102,111,107,111
4,1,1,1,2,6,5,5,2,1,3,3,3,5,6,8,10,7,8,12,17,30,43,79,79,87
11,14,15,8,1,2,4,4,2,0,2,2,1,3,4,1,3,4,8,12,11,15,20,25,39,51
17,23,26,20,13,9,3,4,2,2,5,5,5,7,5,3,7,5,3,4,4,10,10,10,27,34
