97,93,92,88,80,77,74,65,64,60,54,46,37,30,20,8,7,12,9,131,128,128,127,128,128,128
118,108,107,109,99,86,80,75,69,65,63,56,45,35,28,22,18,14,10,6,126,129,127,128,128,128
132,129,131,130,121,112,99,83,77,73,70,65,54,44,38,34,13,12,13,22,129,127,125,129,128,128
155,141,147,162,156,132,112,104,91,83,75,69,62,55,48,40,24,23,20,13,128,132,123,131,128,128
170,160,166,179,175,156,135,120,108,98,86,75,68,64,56,45,39,35,14,16,125,121,135,125,128,128
169,178,183,178,175,180,166,138,125,114,101,87,75,68,61,52,36,29,26,23,32,128,131,124,128,128
180,182,189,192,190,190,185,172,145,128,112,102,89,76,65,59,45,38,23,42,25,126,124,133,128,128
191,198,207,206,201,204,202,191,163,137,118,113,104,86,71,63,51,41,35,35,30,128,129,128,128,128
191,180,205,207,205,218,204,193,190,168,141,120,115,99,77,66,59,39,36,31,30,129,127,128,128,128
202,197,215,212,210,223,216,208,196,184,155,150,125,112,85,78,60,51,32,28,35,41,125,130,128,128
209,212,220,217,217,226,226,222,209,194,177,162,144,111,98,84,65,51,36,27,16,35,128,124,128,128
212,218,220,222,225,227,231,231,227,204,178,180,170,139,112,78,70,55,47,44,28,31,128,134,128,128
219,223,220,226,231,229,233,237,231,212,202,182,176,130,125,96,73,66,46,31,31,39,125,119,128,128
225,226,223,228,232,231,234,239,241,227,194,190,166,150,118,94,79,57,48,40,27,28,128,135,128,128
223,226,229,230,232,236,237,238,235,234,221,205,186,161,123,95,86,67,52,36,39,33,125,126,128,128
218,224,235,234,234,242,241,237,238,238,224,203,190,173,135,110,87,67,54,42,28,32,29,130,128,128
226,223,224,228,232,235,237,238,240,236,229,214,194,185,148,119,90,79,63,34,36,32,32,129,128,128
230,234,229,224,230,232,233,240,236,234,230,229,195,176,162,125,95,78,54,49,32,20,41,126,128,128
235,232,227,229,236,237,235,237,236,245,230,229,213,183,154,125,95,84,63,53,46,41,26,123,128,128
235,229,231,237,237,232,232,237,242,234,237,235,217,199,162,119,97,91,70,57,32,26,22,130,128,128
203,194,194,205,217,226,230,228,234,233,238,235,224,212,179,129,101,89,75,55,48,46,16,130,128,128
87,110,113,130,181,209,215,231,227,245,231,229,236,219,195,141,109,92,69,68,50,38,23,33,128,128
67,61,78,83,77,118,179,200,217,227,227,235,231,223,217,151,110,96,83,60,51,46,28,26,128,128
44,61,68,75,88,91,111,150,184,209,227,228,234,230,218,180,137,102,84,61,58,42,29,35,128,128
48,44,55,60,69,77,82,94,110,165,199,233,228,223,225,193,141,99,74,65,47,43,35,38,132,127
48,49,59,39,59,72,81,70,86,108,144,181,215,225,218,218,179,113,80,65,56,41,35,30,123,131
53,52,52,57,52,63,73,94,92,105,120,138,181,212,229,219,188,128,90,68,58,48,43,32,132,124
71,67,68,63,66,63,67,68,84,83,93,105,122,159,203,208,202,159,104,72,51,48,41,40,126,127
115,105,87,71,73,76,76,65,72,77,100,87,80,128,160,186,208,188,132,88,64,50,33,35,131,128
149,136,115,128,115,105,86,84,87,87,98,113,108,103,114,167,184,205,172,104,74,51,39,29,123,135
