72,82,72,85,57,66,67,71,67,74,67,61,68,74,63,75,77,75,77,75,68,80,71,78,82,93
90,85,80,83,67,77,76,73,64,71,74,77,70,74,72,74,78,89,75,73,79,84,87,82,91,83
86,90,85,73,76,83,85,84,79,84,82,81,86,88,82,81,83,99,84,88,92,92,89,92,88,89
90,97,90,93,86,88,85,82,81,86,85,81,80,90,83,99,96,96,87,89,97,98,93,109,93,98
96,100,89,85,93,95,94,88,85,86,86,84,85,88,82,94,92,99,99,103,99,95,98,107,101,102
99,100,100,83,98,98,99,95,99,98,96,89,96,91,108,109,108,126,115,113,107,103,103,108,106,115
108,96,97,95,104,99,97,94,103,105,106,99,105,91,110,98,91,107,109,108,113,114,118,117,119,127
116,125,117,115,104,107,114,111,115,110,109,103,123,111,127,120,102,98,115,113,113,108,125,100,127,124
108,148,120,98,104,109,130,116,112,118,115,112,130,114,136,128,107,97,123,121,123,118,121,124,124,124
124,127,130,133,112,103,110,130,125,120,135,118,118,103,134,126,126,119,134,123,131,143,116,122,121,125
143,151,144,137,135,115,121,125,117,120,116,120,123,133,127,137,117,120,131,124,127,136,138,132,113,132
153,170,128,130,130,122,126,131,114,127,137,125,147,151,155,146,135,138,138,145,155,139,161,135,148,147
139,159,128,142,153,146,131,128,130,126,117,141,131,143,135,150,161,159,162,157,155,160,129,146,152,157
155,168,153,153,168,165,169,144,136,152,144,160,149,145,143,151,167,189,171,182,159,151,139,148,163,153
172,175,167,156,164,170,155,170,170,134,147,171,178,168,167,146,176,177,183,183,180,155,158,156,163,170
171,164,153,171,173,173,161,162,164,155,180,182,184,173,180,155,177,189,176,178,190,193,187,171,181,184
191,184,184,185,159,188,180,173,183,172,181,184,183,184,167,174,184,187,197,183,174,195,194,192,191,199
189,192,188,186,192,193,190,186,166,176,188,171,196,190,196,172,178,192,185,197,209,191,206,190,204,207
187,184,184,180,191,204,197,195,174,180,184,196,195,198,212,200,181,167,182,207,198,194,207,195,207,187
186,179,194,184,178,192,191,198,185,192,191,189,193,198,190,202,200,204,215,186,195,207,199,199,214,193
178,168,191,195,189,198,185,175,171,182,199,192,206,210,204,202,193,207,199,190,195,199,203,196,205,200
148,154,163,165,193,194,196,194,200,191,202,205,204,203,191,186,186,191,182,214,216,209,216,196,187,195
157,147,148,186,201,163,178,185,193,194,197,196,192,204,194,179,178,179,191,202,200,198,210,203,195,199
147,152,147,163,201,186,190,167,189,202,181,202,189,185,202,196,192,191,209,200,187,182,201,185,175,191
162,161,155,170,168,190,187,193,191,191,205,194,205,176,189,195,201,199,198,200,190,184,176,189,185,178
136,156,165,171,182,183,182,190,198,190,204,181,181,195,178,184,181,197,186,186,185,185,181,171,152,160
113,137,154,171,175,171,184,175,162,181,181,178,197,195,181,198,189,197,186,183,184,172,169,164,143,124
95,114,135,166,172,182,171,201,176,170,176,187,188,187,200,179,176,189,187,173,160,155,141,137,154,146
79,105,137,159,140,172,184,182,189,174,172,162,166,186,199,173,184,198,181,162,133,141,126,104,110,107
66,86,123,137,151,157,168,173,182,199,153,169,156,168,167,182,167,176,165,157,140,114,94,90,87,80
