133,161,147,143,146,148,149,163,176,179,184,172,196,199,219,225,236,240,255,251,253,253,252,249,248,248
131,146,134,120,135,143,132,165,159,174,174,168,173,199,213,227,238,245,244,255,251,252,250,247,245,246
135,129,122,117,134,141,141,150,165,176,178,167,172,188,222,227,243,238,252,249,248,250,249,246,244,245
125,122,134,142,127,139,144,158,169,163,159,167,177,195,211,221,233,239,243,248,246,250,252,250,247,246
134,129,150,121,120,150,155,143,141,160,168,143,170,184,189,230,224,234,241,238,244,246,247,247,245,245
132,141,139,118,118,145,142,136,157,166,165,169,175,175,197,206,233,236,234,241,242,244,245,244,244,244
143,118,114,122,125,162,147,149,166,157,157,156,159,173,202,224,227,221,244,242,242,242,243,243,243,244
129,129,125,127,129,160,149,178,154,168,156,164,172,169,208,226,225,237,239,237,243,243,243,243,243,244
117,118,150,130,169,153,163,177,166,167,158,169,197,198,223,221,235,236,239,250,245,244,244,245,244,244
107,121,161,157,154,164,176,177,182,155,186,198,204,208,203,218,227,232,240,238,246,245,245,247,246,244
115,137,170,159,157,181,156,185,184,183,193,188,201,207,222,235,221,239,238,253,247,246,247,250,249,245
143,157,158,165,169,167,180,184,181,178,178,192,198,216,214,220,239,230,241,247,248,247,249,252,252,247
136,163,161,171,174,179,179,186,181,186,180,197,200,214,207,236,233,243,242,242,245,250,251,251,252,251
163,169,179,192,180,195,181,181,170,169,177,207,203,208,220,230,237,236,242,247,246,251,252,251,252,252
171,160,174,188,191,185,185,173,170,189,199,212,216,209,207,225,239,247,244,242,247,252,253,252,254,253
176,189,177,189,177,205,198,180,196,196,212,206,212,213,208,228,234,235,244,248,248,252,254,253,255,254
188,173,175,195,198,198,203,189,192,215,218,201,207,206,224,224,237,227,243,251,248,253,254,254,255,255
174,192,189,191,185,215,200,211,199,203,212,218,213,201,220,221,238,244,239,247,248,253,255,254,255,255
184,192,190,215,201,204,205,227,215,218,206,196,204,205,208,220,222,235,237,247,248,253,254,254,255,255
183,185,209,200,216,211,196,208,220,216,216,198,194,205,192,204,214,208,243,240,248,253,254,254,255,255
162,190,197,190,202,197,203,216,215,213,200,192,187,198,182,200,194,215,221,243,243,242,253,252,251,255
161,175,175,177,178,195,209,218,197,191,176,193,192,163,167,163,162,184,200,216,232,237,245,236,251,243
150,160,151,153,160,175,184,193,191,182,159,169,168,148,167,155,157,161,171,193,221,218,225,238,226,228
132,139,135,139,135,152,165,172,186,171,161,151,150,137,134,136,139,149,159,174,198,199,194,196,211,194
117,117,101,91,101,115,109,130,141,145,142,112,132,114,113,123,113,140,161,164,189,187,156,163,167,148
81,69,62,67,82,90,100,85,108,95,134,109,106,104,123,128,124,144,154,164,178,158,101,119,88,99
45,39,36,48,58,71,60,74,77,97,101,95,91,98,103,112,124,135,138,152,147,115,56,34,30,27
7,2,0,11,12,34,53,62,78,80,70,72,72,85,81,104,94,98,125,135,61,25,9,2,0,1
3,7,7,10,15,29,49,40,68,57,55,68,64,74,85,91,98,97,76,78,64,37,6,6,4,0
13,18,23,33,54,53,43,46,43,33,72,67,67,70,82,90,108,67,70,69,75,70,45,21,12,9
