136,144,138,136,153,141,151,140,117,132,146,149,133,137,139,160,167,182,179,147,134,145,142,151,147,140
140,146,149,154,150,139,143,125,142,143,154,140,143,134,137,147,165,172,172,176,161,133,164,166,140,143
143,140,142,146,137,130,132,140,143,167,154,151,157,137,147,141,144,153,179,182,159,158,128,146,153,132
135,139,145,143,139,125,140,131,141,182,175,165,150,163,137,152,144,135,169,170,147,152,147,134,139,130
132,127,136,142,143,133,125,150,148,182,166,175,173,160,149,158,160,151,150,143,152,150,161,130,132,122
137,131,139,150,143,148,140,148,169,180,147,174,171,167,171,168,157,143,152,166,176,140,141,133,143,116
136,132,132,138,138,159,148,152,178,162,158,167,183,160,164,163,163,161,174,157,158,165,154,149,139,145
121,137,144,140,149,164,151,137,156,168,180,181,163,168,179,171,168,160,183,170,158,170,160,158,152,144
113,116,119,126,138,144,168,152,165,172,178,190,185,173,175,162,160,153,165,166,185,191,153,151,133,133
103,114,127,132,121,141,140,139,153,174,154,189,196,171,185,182,164,176,169,170,184,160,162,155,145,145
110,96,102,116,122,131,134,137,158,163,177,179,176,177,177,174,149,151,161,180,184,187,160,175,164,144
121,107,106,100,126,117,125,161,151,171,172,185,172,183,181,179,161,153,169,174,172,191,175,174,159,177
138,122,109,95,113,111,126,138,147,161,164,149,195,172,166,173,160,168,168,163,180,172,182,176,180,174
141,126,112,111,91,102,116,133,127,150,170,172,167,187,177,188,173,171,162,175,185,175,184,188,166,158
126,138,137,129,97,95,104,112,128,153,149,198,188,187,175,186,187,173,168,185,185,178,183,169,163,143
130,134,121,119,131,108,88,105,117,131,142,149,188,178,189,193,205,198,180,173,200,170,178,155,140,143
128,124,125,117,126,122,97,101,99,113,130,143,153,186,185,194,197,196,174,191,181,163,146,163,158,149
120,126,131,132,129,132,111,107,93,99,122,140,173,177,181,181,187,186,197,194,172,153,149,139,149,147
118,135,132,129,132,128,119,122,96,102,107,112,164,150,144,176,178,190,189,194,168,154,145,146,151,151
132,127,121,132,126,128,133,117,115,106,88,103,119,137,163,154,168,183,183,186,162,163,141,148,156,159
121,135,146,145,144,122,123,120,115,119,109,106,106,116,144,151,150,193,158,165,174,163,149,148,149,156
123,122,134,140,132,128,119,118,126,117,122,115,100,102,132,136,143,152,146,150,195,158,139,146,126,129
114,123,127,129,136,135,128,132,120,113,117,107,112,103,113,107,153,154,141,146,140,153,153,152,136,122
124,124,116,129,126,128,130,124,122,125,122,126,111,106,104,106,112,116,126,123,126,139,145,141,148,135
126,122,114,133,124,132,131,128,126,128,119,117,114,115,105,103,103,102,101,107,119,135,126,108,115,121
127,124,115,129,121,130,139,135,130,132,123,120,112,110,115,112,110,87,103,102,115,107,119,117,108,104
129,127,117,125,119,129,137,137,133,134,126,126,121,121,108,116,118,109,104,81,89,95,89,99,94,95
129,129,121,124,119,127,127,133,132,131,124,128,131,137,123,139,134,127,119,97,90,79,81,76,78,82
128,130,126,126,122,127,122,131,129,127,123,128,130,136,134,127,127,130,146,114,117,109,91,74,69,66
127,130,129,128,126,127,124,133,128,126,128,134,128,128,129,143,143,129,125,121,123,104,113,110,95,73
