161,153,144,165,160,179,191,191,214,209,191,205,218,189,206,222,211,188,190,186,168,147,128,122,114,131
148,136,143,138,163,178,171,189,194,179,208,211,211,228,214,200,205,195,193,186,164,157,146,141,138,138
92,104,94,159,156,181,173,208,152,123,133,201,210,222,214,195,193,198,189,158,160,167,164,164,147,153
128,122,136,148,149,145,168,160,163,133,144,200,216,206,212,200,183,191,195,157,164,179,187,190,160,143
107,126,146,123,131,157,147,150,164,162,189,190,211,191,155,163,180,180,184,194,190,191,180,176,183,148
99,110,117,139,134,162,161,176,188,195,198,213,193,178,173,183,179,180,158,177,185,198,206,206,205,167
86,108,108,135,127,149,163,173,192,186,177,178,184,201,185,173,179,170,192,190,200,201,207,202,197,198
88,106,125,137,145,127,168,180,174,164,162,162,181,197,213,197,203,204,188,195,200,209,221,205,204,205
86,153,134,155,136,163,150,166,159,170,149,152,166,204,222,198,214,217,216,206,203,221,213,216,196,180
87,117,142,142,148,158,143,175,167,178,151,152,178,197,225,222,214,217,224,206,226,226,223,214,190,177
138,129,118,130,146,156,161,170,179,178,162,163,179,201,211,205,207,220,214,225,226,224,212,223,219,191
110,112,137,110,111,169,148,189,195,205,184,192,197,222,172,204,210,212,224,236,226,236,219,218,217,190
86,102,133,160,147,171,151,192,217,212,211,201,214,204,204,197,186,222,224,214,222,220,233,230,221,199
132,134,156,141,195,198,207,210,209,180,214,207,208,211,182,205,201,216,217,229,237,225,217,207,207,203
140,163,179,176,190,190,202,208,221,219,222,218,210,219,200,200,214,230,230,231,218,232,230,206,191,192
207,194,197,189,199,215,219,207,220,222,225,225,232,217,217,216,215,230,232,229,237,215,222,205,191,205
208,205,186,205,185,204,215,226,220,231,229,230,228,225,217,214,225,231,223,235,232,226,206,197,195,194
211,194,178,171,180,210,222,219,228,219,228,227,229,216,229,217,224,222,231,232,214,219,204,194,183,175
201,197,185,169,170,204,193,204,220,218,223,232,231,226,230,226,224,230,224,211,214,210,159,191,171,167
186,206,194,194,201,198,201,200,225,230,222,229,228,230,223,226,223,236,232,219,198,170,158,186,140,143
193,177,185,208,229,224,230,221,232,234,237,226,234,229,229,221,224,228,218,212,200,179,166,138,136,123
204,196,188,203,219,230,222,224,224,224,236,228,232,230,220,214,207,215,191,183,175,175,151,129,126,84
204,192,215,212,229,225,231,225,235,229,229,237,231,230,217,222,201,218,197,181,171,165,122,123,120,66
162,204,191,203,212,218,221,225,214,211,210,219,212,197,213,215,193,205,174,198,150,107,112,68,79,72
153,198,194,187,192,219,211,192,210,227,221,225,224,193,179,204,191,181,157,146,135,111,72,59,57,74
129,161,192,178,164,200,206,193,196,216,218,214,209,195,196,176,180,161,145,121,123,93,79,68,84,132
131,141,168,185,173,166,161,182,174,194,207,198,191,205,162,144,168,116,120,102,74,68,63,83,156,128
115,134,150,162,171,153,144,170,158,189,173,198,178,172,179,138,121,83,60,66,54,67,106,138,126,125
91,110,114,122,145,137,118,113,121,150,138,152,153,153,135,104,74,70,42,55,62,101,107,123,127,129
90,84,97,99,99,106,116,113,140,121,141,107,125,90,115,77,55,42,50,71,111,130,120,129,135,127
