44,42,35,23,44,43,54,5,16,21,2,10,26,56,53,25,22,29,26,22,38,40,66,27,23,59
25,37,28,37,55,37,58,51,16,25,30,16,8,45,21,56,29,10,19,34,35,49,59,72,53,66
22,29,39,28,9,38,42,35,47,27,20,1,15,33,59,47,34,22,21,20,18,45,29,49,41,52
46,31,34,38,24,30,44,49,52,42,20,30,17,4,59,59,56,14,31,25,3,24,30,56,41,45
43,12,18,35,51,30,33,54,38,45,28,32,26,49,43,47,61,49,20,14,43,21,43,42,69,36
21,30,27,19,36,53,26,41,55,41,47,29,22,49,26,44,51,45,48,22,23,41,23,26,53,61
12,13,13,12,25,35,35,44,43,30,57,58,41,60,42,49,35,30,24,61,55,41,38,46,51,62
16,8,6,19,22,18,45,29,32,32,35,55,46,37,41,30,62,57,58,27,31,47,57,33,48,47
13,25,9,17,16,15,28,32,27,27,6,31,40,37,36,41,44,53,53,63,20,31,49,61,53,60
19,9,21,12,18,19,12,26,24,7,35,22,45,38,44,42,52,44,70,56,50,46,23,61,55,53
2,22,21,24,24,15,9,26,17,21,23,32,24,55,54,49,26,40,48,47,46,72,61,74,72,81
9,15,12,8,19,18,4,25,19,26,32,26,18,42,37,41,38,26,58,62,30,50,38,57,11,43
13,18,15,12,19,27,28,41,23,35,16,3,18,64,38,18,34,60,38,56,29,34,43,60,32,26
10,0,3,11,5,9,27,28,8,37,45,11,49,39,24,28,26,27,40,62,27,43,65,50,59,47
1,3,2,0,0,5,3,7,11,25,16,48,35,42,43,29,23,19,42,69,46,68,70,55,26,38
0,0,2,1,0,3,9,7,6,13,19,20,59,18,41,48,39,42,15,60,55,39,63,42,53,26
1,0,3,0,1,3,4,43,15,14,10,22,38,17,19,27,25,27,12,50,56,53,66,62,57,61
1,1,7,3,0,13,18,17,2,7,8,18,57,36,23,33,17,15,14,58,39,59,52,36,49,41
0,0,0,16,9,7,3,2,30,5,0,13,32,10,14,26,30,14,19,16,24,52,42,32,40,47
10,14,13,4,9,1,12,4,7,34,2,0,14,39,2,30,33,28,38,43,34,41,37,42,34,28
5,1,16,9,10,7,5,9,17,6,26,14,37,23,52,55,9,5,19,33,8,21,30,41,15,35
24,13,5,5,9,4,9,12,0,12,17,24,6,23,23,67,20,43,24,35,35,20,25,44,38,35
18,4,5,4,5,7,3,2,14,14,10,11,21,30,71,28,22,25,45,39,39,49,37,30,53,47
19,9,24,12,14,0,4,11,4,6,1,16,53,57,37,21,30,14,36,34,32,51,31,58,33,73
18,19,19,27,18,11,7,1,8,21,27,14,31,80,35,40,41,31,31,50,31,44,33,44,51,72
26,25,30,34,23,2,13,27,17,18,6,12,71,41,49,27,24,17,45,38,54,50,39,56,67,127
45,36,12,7,25,20,13,17,9,8,8,19,69,12,29,23,41,39,44,46,51,60,61,80,65,126
22,26,21,18,8,25,37,18,20,20,19,60,38,10,40,26,35,51,52,49,23,62,72,57,127,130
63,41,40,1,22,19,26,41,27,21,29,72,18,15,64,21,36,44,63,48,59,45,67,136,126,122
36,53,27,27,27,33,48,36,35,23,33,56,7,9,59,25,54,57,17,53,62,68,130,124,128,133
