158,160,178,188,217,226,220,231,244,243,246,250,247,245,234,249,214,254,238,247,250,235,221,240,237,223
154,146,170,176,177,217,207,242,240,237,241,242,247,224,233,221,213,233,227,235,215,205,203,214,218,210
135,150,156,153,180,174,184,215,207,193,204,212,211,189,224,194,197,211,211,226,214,211,203,191,187,198
150,152,161,175,157,203,225,178,202,203,216,208,219,219,189,195,181,200,214,209,211,218,218,211,188,196
171,173,161,185,171,205,177,206,183,189,178,197,187,182,182,170,179,175,207,208,184,189,201,214,199,200
201,190,197,196,214,189,181,196,177,177,183,168,171,168,153,175,177,170,179,176,191,183,184,184,191,199
199,188,197,195,176,177,189,165,162,175,174,157,157,150,152,155,149,150,148,162,171,166,161,150,156,164
204,193,196,165,177,166,159,174,154,148,152,148,141,147,139,141,134,138,139,137,132,137,145,153,147,149
217,199,214,208,203,165,155,164,161,170,157,138,143,163,145,142,136,138,148,152,160,152,158,158,158,182
195,222,207,202,214,172,163,169,169,165,148,154,151,153,168,156,156,136,143,165,153,159,167,191,184,174
191,207,188,190,188,171,159,167,162,173,141,154,143,161,156,138,141,146,153,144,172,159,170,163,164,178
187,185,171,193,179,164,166,151,178,174,166,154,149,151,144,152,153,136,143,147,157,184,163,175,191,167
194,174,171,162,153,151,175,178,191,156,166,152,163,159,175,149,163,161,163,160,169,156,179,176,171,183
222,166,157,147,158,164,166,189,174,163,179,176,162,155,160,148,158,162,168,169,169,155,176,160,168,181
224,187,178,229,165,167,164,174,177,178,183,156,159,170,169,177,164,165,172,176,178,166,174,184,173,164
228,201,188,199,170,191,188,192,170,176,168,158,178,169,178,163,162,168,160,160,158,173,168,189,178,185
231,201,176,171,183,183,175,174,181,201,186,174,177,163,165,164,169,157,177,158,168,168,170,183,176,213
206,186,162,175,169,179,186,196,178,166,171,167,167,172,168,175,183,191,175,196,186,199,225,203,196,199
193,204,178,172,170,181,205,188,191,174,182,186,184,184,185,176,200,211,193,201,213,218,230,209,223,225
217,213,214,197,173,180,182,190,193,183,220,193,195,198,187,187,202,220,217,225,239,236,238,222,230,228
240,221,215,217,218,196,166,192,200,187,195,214,219,222,217,213,243,233,214,215,229,237,228,239,228,234
225,244,234,217,210,193,220,183,177,190,197,215,229,219,228,201,234,240,240,238,242,236,238,247,243,230
219,223,208,218,207,196,213,196,241,220,225,224,213,223,223,220,209,235,234,248,250,244,240,244,243,244
222,201,194,202,213,219,227,209,232,234,237,232,237,245,212,236,244,237,221,244,241,242,249,250,252,252
204,181,196,174,213,219,237,199,217,238,245,244,243,222,209,235,251,245,236,226,239,238,252,249,251,250
191,189,212,217,233,226,237,222,228,246,249,245,237,238,237,243,246,245,244,240,243,245,249,247,243,250
211,217,226,212,228,216,228,242,234,246,247,242,242,247,251,241,241,240,238,237,231,227,236,252,255,252
197,222,226,223,219,219,231,252,240,246,250,247,244,236,239,234,248,250,244,242,243,245,249,237,249,249
218,233,241,231,222,234,240,247,243,245,247,242,245,234,240,228,242,239,237,234,230,227,233,236,248,244
225,196,233,233,216,237,242,239,244,243,232,219,216,225,244,222,225,223,241,239,226,235,221,215,209,240
