76,73,72,68,77,79,77,80,77,81,83,89,100,102,106,124,134,143,146,156,174,176,173,175,164,166
81,70,64,66,75,79,69,79,79,83,91,89,102,98,100,117,133,145,146,146,153,160,173,182,172,161
75,68,62,74,66,69,75,84,83,90,87,87,91,95,109,121,130,133,143,149,156,148,157,159,169,163
71,83,68,70,66,70,74,81,76,84,92,96,94,97,116,129,138,134,142,146,151,154,154,157,153,165
76,65,71,65,64,73,72,88,87,93,101,92,95,112,103,108,131,141,144,143,147,154,150,154,152,168
83,68,64,63,69,83,81,88,85,91,99,92,90,109,104,128,141,136,144,149,149,152,153,150,146,153
77,65,73,71,77,89,83,89,96,103,101,88,104,106,118,124,141,140,143,146,148,148,157,153,151,151
69,60,71,66,73,90,91,93,97,101,106,105,113,118,112,126,136,133,149,141,151,147,152,147,148,153
68,61,71,86,85,86,81,85,101,107,109,109,114,108,115,137,130,140,133,150,146,155,167,171,170,171
53,60,79,91,85,91,98,99,102,100,105,110,111,112,115,128,137,133,146,144,146,156,162,162,162,166
62,77,88,85,97,97,106,106,110,107,104,97,114,111,126,113,133,139,146,142,145,153,162,165,177,172
68,67,73,95,103,104,115,106,103,103,106,99,104,115,117,128,125,138,138,149,147,148,159,162,188,175
77,89,96,98,103,108,117,111,108,109,105,112,124,125,122,123,125,130,141,147,150,150,154,173,180,186
84,90,96,102,104,104,114,119,118,111,104,115,120,117,115,122,129,133,140,145,143,152,162,172,182,196
96,100,101,107,109,112,116,116,118,119,115,119,119,125,125,120,123,134,138,134,146,157,168,177,185,193
104,110,105,110,100,109,115,117,121,122,115,109,127,116,114,119,124,128,136,152,143,149,157,178,189,198
109,113,103,112,116,117,120,129,134,128,122,122,110,105,115,126,131,130,127,136,146,149,148,169,174,190
115,111,101,115,118,121,117,121,125,124,124,122,113,120,123,103,96,111,122,132,131,144,144,156,156,177
112,106,101,108,102,117,119,122,125,124,120,107,104,105,113,100,89,95,105,127,127,141,148,151,148,157
102,99,98,92,94,104,107,117,120,110,106,101,91,91,101,94,92,99,94,99,106,113,128,135,144,145
89,96,95,87,95,94,99,104,115,103,109,88,88,86,89,84,79,90,79,81,98,101,119,128,137,138
86,87,78,66,75,83,72,101,91,95,86,82,73,70,74,65,62,70,65,70,78,88,117,116,125,127
73,71,67,64,63,70,67,83,76,67,66,72,71,68,73,67,66,71,70,77,84,104,104,124,113,110
68,61,55,56,58,55,59,58,77,59,66,64,58,56,58,61,63,72,76,86,104,107,116,105,97,88
50,49,46,48,47,53,58,59,69,62,65,66,62,60,56,64,63,76,77,88,82,105,86,90,59,52
35,28,17,15,24,35,45,49,54,57,59,60,59,59,58,66,65,69,66,69,79,60,52,33,24,10
5,1,0,3,5,3,12,21,41,55,57,49,63,61,62,57,59,51,54,51,50,34,15,18,16,16
3,5,3,6,6,10,16,29,25,46,50,56,55,54,67,65,93,102,134,141,153,176,215,219,235,247
172,173,210,195,191,197,207,203,198,183,157,159,153,167,166,169,175,177,180,197,202,222,226,236,240,245
223,219,220,219,217,218,213,214,210,199,196,209,199,201,207,189,197,202,217,208,213,226,236,241,242,245
