140,134,145,145,161,177,134,140,108,65,42,21,24,18,19,11,20,13,20,11,21,60,13,6,35,88
133,131,142,153,153,152,138,139,131,65,43,38,27,30,29,16,18,36,16,19,68,23,6,30,63,141
149,147,140,145,155,146,145,132,110,59,39,35,29,29,27,27,30,18,27,60,31,3,23,55,90,145
130,139,147,137,130,133,139,132,89,38,38,40,25,39,36,9,3,51,46,28,7,25,52,74,115,151
100,87,81,65,111,138,126,110,76,33,42,37,30,21,9,25,62,35,19,20,50,53,72,96,135,152
88,120,77,71,115,120,134,144,73,32,24,24,16,24,61,45,29,9,33,56,61,77,81,122,159,150
109,75,71,62,83,68,47,23,2,22,33,50,67,57,40,14,32,54,69,66,77,77,104,134,155,163
34,36,40,35,33,39,58,63,63,53,67,57,30,22,38,64,74,73,73,76,107,114,125,138,156,140
64,60,67,59,67,58,54,47,48,35,23,50,65,75,76,81,76,87,90,103,113,121,141,152,148,148
47,48,43,40,41,58,63,62,70,74,75,76,90,85,87,101,116,93,113,123,124,133,116,153,158,137
98,86,82,81,88,86,80,91,99,85,95,100,114,107,128,108,125,125,140,134,136,119,121,137,130,135
152,141,138,132,120,121,127,121,131,137,128,144,128,132,126,157,133,154,150,147,138,132,137,130,135,146
172,179,176,163,184,156,158,147,141,135,150,154,151,159,140,140,165,149,154,157,142,128,128,121,145,154
188,205,196,191,193,180,178,167,170,178,172,169,150,142,145,157,156,140,165,147,141,130,114,126,148,173
204,196,211,215,209,210,175,171,177,186,167,176,161,141,139,138,144,142,154,147,142,110,106,132,157,212
205,214,186,201,197,200,202,190,185,183,165,167,147,117,89,92,139,157,146,160,127,89,109,158,191,206
223,199,187,196,203,177,207,191,185,184,185,167,139,103,70,80,125,144,145,146,106,119,131,187,218,209
212,209,213,207,185,184,197,195,195,175,180,155,137,104,77,111,135,127,146,140,110,109,163,204,222,227
214,207,217,213,212,193,193,194,197,174,171,145,147,128,127,121,125,134,145,121,120,134,184,219,224,217
212,210,210,199,193,195,207,185,188,188,180,137,139,134,125,131,134,135,133,134,143,162,203,223,222,227
218,217,211,205,196,201,187,190,174,161,161,140,145,133,134,129,142,147,133,159,168,191,209,230,219,226
196,201,219,197,211,191,175,185,173,162,143,145,140,125,122,145,140,148,158,145,197,203,211,227,221,228
193,201,211,187,178,182,167,166,158,151,150,148,136,150,143,140,155,148,202,209,213,212,223,218,227,219
225,161,174,172,163,162,179,161,154,146,133,156,151,159,148,159,175,180,211,221,216,220,225,209,212,205
190,180,186,176,155,162,162,151,156,135,151,144,138,152,162,169,153,196,219,224,231,221,215,199,205,195
197,193,203,185,167,160,152,136,152,151,155,140,148,157,184,168,159,200,223,222,224,214,204,171,151,172
211,203,170,186,157,165,155,173,148,155,142,165,162,172,170,163,161,184,218,218,218,195,173,153,132,103
200,202,181,201,159,143,148,155,151,152,166,160,173,159,182,183,195,172,192,205,182,159,133,83,72,61
201,194,175,167,166,157,151,150,153,156,164,181,191,186,187,190,187,171,161,176,152,120,81,77,81,80
169,183,183,162,157,155,160,140,166,162,152,189,179,192,183,189,174,190,177,152,123,108,90,83,72,64
