38,35,34,36,44,44,47,45,39,37,39,39,35,40,45,40,39,43,38,33,35,32,31,32,31,26
43,42,44,49,53,53,54,52,46,44,46,46,44,44,48,44,43,45,42,41,41,39,37,33,35,34
51,50,54,58,56,55,57,56,52,52,54,53,52,50,53,51,49,48,45,47,43,46,51,45,49,46
61,61,60,59,59,57,58,60,59,60,60,57,57,56,61,59,57,54,49,51,58,58,59,48,51,49
71,72,69,64,68,64,64,67,68,68,65,59,61,62,67,64,62,63,59,59,58,62,68,64,63,56
75,77,76,73,72,68,69,72,73,73,70,65,65,65,69,66,64,67,66,68,70,70,67,64,61,62
77,77,78,80,76,74,76,77,76,77,77,74,71,69,73,72,70,69,68,74,72,75,71,74,69,76
80,76,79,84,86,85,86,85,81,80,82,82,79,74,79,81,78,72,69,77,79,83,72,73,68,83
84,83,93,84,88,81,89,86,86,82,85,89,82,78,92,80,92,83,88,79,72,86,89,78,85,83
94,79,78,86,83,84,87,82,87,92,91,88,90,90,92,82,82,81,89,85,92,97,97,90,97,90
89,90,93,83,85,95,94,83,84,96,92,90,87,93,90,99,91,90,94,94,94,97,97,91,92,83
95,90,94,87,93,87,82,91,91,86,79,98,82,102,99,106,99,106,105,88,92,95,94,90,90,87
104,98,94,99,91,90,87,95,99,98,88,101,101,106,98,107,105,101,102,90,93,95,93,93,97,103
101,109,111,107,93,105,111,106,102,103,96,99,110,102,97,107,109,101,105,103,91,99,101,102,102,109
105,104,111,111,110,104,112,115,108,93,90,102,97,104,105,103,103,114,116,106,99,107,109,109,103,110
113,113,111,115,117,110,111,103,110,114,110,99,104,97,100,112,105,103,102,115,109,108,102,103,102,112
119,114,117,119,117,121,118,123,123,119,119,106,110,94,99,102,110,115,121,119,109,117,115,111,114,114
135,134,132,129,118,115,120,121,122,125,122,123,119,113,113,111,116,120,122,128,127,124,128,132,119,113
148,132,130,145,138,126,133,127,126,132,121,130,133,115,121,131,128,129,126,121,137,136,134,139,126,120
141,136,156,146,158,142,140,134,142,149,132,132,135,137,134,137,148,150,132,129,144,146,140,142,135,151
168,152,153,149,129,146,157,154,150,145,143,146,138,143,153,146,144,160,158,139,149,155,153,144,136,158
155,150,162,158,167,170,153,154,168,172,172,160,144,151,155,149,167,166,158,157,151,179,175,156,166,159
176,155,158,170,163,169,158,167,183,180,170,153,167,153,164,169,184,172,170,168,142,172,170,159,189,171
160,152,162,153,157,165,160,167,180,180,180,180,170,169,177,164,182,173,175,177,165,160,166,171,192,191
146,153,139,145,136,141,152,145,152,172,181,157,161,160,172,179,186,191,189,187,185,184,188,178,184,183
125,140,129,129,123,128,134,135,153,177,174,143,163,175,191,182,175,169,163,154,150,174,201,190,173,190
86,102,105,113,110,109,114,128,140,151,147,137,163,161,156,170,155,160,151,165,154,178,166,168,178,163
47,52,47,50,54,54,55,68,67,69,71,82,98,98,112,112,127,121,116,109,120,125,132,129,122,129
44,36,29,33,32,36,33,33,28,35,36,39,36,36,44,36,47,43,45,48,49,49,46,55,57,57
48,46,34,22,19,17,17,19,14,14,15,14,11,15,10,25,16,19,7,24,21,19,29,17,26,22
