69,76,80,72,64,70,67,81,70,76,59,75,80,81,68,63,88,81,74,65,71,69,69,67,67,67
72,74,74,64,69,57,57,69,78,87,79,78,77,75,92,78,83,83,82,85,89,83,86,81,78,72
63,69,73,67,79,68,83,78,77,76,75,81,78,74,92,85,83,90,82,82,80,71,92,83,81,84
66,70,67,74,77,79,83,79,71,70,70,99,93,89,84,84,82,91,86,86,94,90,63,92,90,84
79,83,69,82,82,85,92,88,78,68,60,83,84,87,92,92,95,105,108,101,100,87,88,85,92,96
71,87,77,77,85,84,83,80,89,92,97,97,100,100,101,95,93,95,100,101,106,103,109,101,92,99
66,77,77,65,73,72,86,80,83,90,99,98,109,110,107,109,112,112,103,102,99,104,101,112,112,105
87,74,79,74,78,77,92,98,96,103,97,100,110,112,109,114,119,123,110,117,109,121,117,120,112,89
68,66,77,79,90,88,99,106,94,101,81,86,95,107,114,114,114,117,119,128,134,119,122,119,115,113
80,89,91,77,83,81,85,100,99,102,102,91,96,111,113,108,106,117,122,125,123,130,129,112,110,125
84,75,76,91,91,92,101,94,95,112,94,102,113,114,115,123,118,122,127,132,119,121,121,115,107,119
68,74,74,80,91,92,95,86,92,87,101,97,115,115,112,130,128,125,126,129,127,118,112,126,118,124
76,77,78,85,63,63,65,70,80,93,98,111,113,112,111,116,112,122,122,115,134,127,111,114,117,126
53,50,55,68,71,63,68,56,80,87,105,114,127,109,130,121,108,119,117,108,114,96,117,104,116,119
47,46,52,54,47,58,49,49,48,56,74,84,77,89,92,101,96,104,103,118,109,95,104,96,101,100
40,30,34,34,36,40,46,45,62,67,65,60,65,79,65,93,97,94,73,96,80,94,101,101,92,94
19,19,21,24,26,26,25,25,26,29,31,35,41,47,56,82,84,97,96,83,91,82,85,87,86,87
14,13,12,12,12,12,11,10,10,11,12,14,20,25,32,41,39,47,55,59,70,72,84,87,90,92
14,11,8,6,5,4,6,5,4,4,4,5,9,13,20,22,25,28,34,41,50,61,75,78,75,68
7,6,4,4,3,2,4,3,3,2,2,3,5,7,3,8,11,14,16,15,19,26,33,49,59,58
1,1,2,5,4,3,2,2,2,2,3,3,2,2,6,8,2,9,14,11,15,14,20,29,35,38
2,1,2,4,4,3,3,4,4,4,4,5,3,1,1,6,0,5,9,6,12,12,12,12,18,30
8,5,2,2,2,1,3,3,2,2,4,6,5,3,0,5,7,5,4,3,5,9,8,7,10,19
19,15,10,7,7,7,4,4,4,4,7,11,12,10,8,5,9,1,3,10,3,8,8,13,11,8
31,33,30,26,22,16,16,10,8,5,7,12,11,13,11,10,6,6,9,10,10,13,11,12,11,12
41,42,40,41,39,35,31,24,20,13,11,13,12,15,10,13,13,11,10,10,13,20,20,18,14,13
45,47,48,47,44,38,39,34,32,26,24,26,25,29,24,25,23,21,22,23,23,25,30,26,20,18
50,53,53,51,46,40,39,37,39,37,36,37,33,33,32,33,32,31,34,35,33,33,36,32,28,27
53,55,53,51,49,47,42,39,41,38,38,36,28,26,23,31,36,36,37,38,39,43,41,38,34,34
51,54,51,48,47,45,45,40,40,37,37,37,31,29,24,32,36,37,39,41,42,44,45,44,40,38
