29,29,13,16,10,15,12,19,9,12,25,13,22,21,18,10,8,13,11,3,4,12,9,12,4,3
30,28,19,22,18,22,27,17,20,6,3,19,2,19,0,8,5,16,11,18,7,11,15,14,6,4
23,14,15,25,35,37,23,18,12,11,5,16,19,19,21,12,10,18,2,12,11,3,4,0,3,14
25,26,31,32,31,24,25,13,20,16,19,24,27,19,20,4,5,9,16,10,17,20,4,4,9,6
3,5,10,14,13,23,28,27,20,19,20,10,17,6,2,11,15,3,22,10,4,0,3,1,1,0
5,13,16,19,11,35,24,23,24,14,9,16,4,20,15,8,11,11,14,4,4,3,1,3,4,3
20,23,9,11,14,22,18,12,7,7,3,0,16,3,4,7,24,1,6,0,1,1,5,0,5,0
16,24,10,25,17,7,12,11,13,3,0,5,9,8,25,18,2,0,7,3,6,0,0,0,11,7
10,16,7,11,14,12,15,7,15,7,11,20,4,5,0,6,6,11,11,0,3,5,9,11,20,17
19,13,18,22,8,16,13,4,24,15,11,8,2,9,10,0,8,1,16,11,13,19,22,20,23,20
14,16,19,13,26,12,21,6,21,8,6,0,11,7,12,2,7,0,17,25,34,42,36,35,39,38
19,2,12,15,15,17,20,5,7,0,6,5,16,0,0,9,5,21,34,43,44,37,38,40,45,45
14,11,29,22,9,2,3,2,2,1,5,2,7,13,16,36,39,46,37,34,39,43,47,47,51,55
27,26,13,13,2,2,13,9,1,11,19,15,10,41,50,44,47,39,45,44,37,40,45,44,50,61
26,29,15,7,6,10,10,1,29,22,18,23,39,43,45,49,47,51,46,39,47,50,60,61,62,62
27,16,11,25,5,9,15,26,19,24,25,54,56,62,55,50,43,37,41,52,57,57,55,54,54,53
39,5,18,25,25,34,24,29,30,53,50,54,50,49,33,35,46,44,49,59,55,57,44,45,47,51
12,16,26,30,27,29,35,48,39,33,41,43,35,39,37,36,43,40,34,31,32,42,47,48,53,60
25,20,32,16,41,49,58,42,37,29,10,27,21,13,23,22,17,23,26,29,43,50,56,55,58,64
39,50,48,55,48,49,53,35,33,16,15,11,2,11,22,32,31,38,44,46,54,48,58,57,58,62
52,46,50,50,52,54,42,29,29,0,12,22,43,41,45,54,60,62,63,66,71,71,73,76,80,83
45,55,60,58,54,50,34,35,19,22,47,54,54,60,69,66,74,75,77,82,85,97,95,105,117,126
52,56,58,57,59,48,33,24,36,42,58,53,61,69,68,78,84,84,90,88,96,97,107,117,128,139
53,57,57,55,54,43,46,42,46,52,65,62,72,74,79,84,85,87,98,99,107,105,114,135,153,136
59,60,59,57,55,46,53,54,54,61,69,70,80,79,81,89,95,96,101,105,124,132,142,138,140,148
64,63,61,61,60,56,55,56,60,68,73,77,82,87,95,92,93,96,108,116,132,135,142,150,159,176
69,66,63,63,63,62,63,61,72,78,81,84,84,95,99,94,97,107,121,128,143,143,138,162,154,160
74,70,66,67,66,67,73,71,82,87,89,86,88,98,94,96,109,119,124,125,143,147,130,144,136,155
79,73,69,72,72,76,78,83,85,91,99,88,102,99,109,107,115,121,121,118,133,135,143,154,153,134
79,73,69,75,78,85,81,93,86,95,108,94,119,104,116,121,134,134,122,117,144,158,164,145,155,140
