67,72,69,65,63,66,63,55,52,55,55,53,48,43,47,54,58,63,68,73,75,78,77,93,102,95
60,49,57,52,65,50,44,36,33,32,31,31,36,39,35,44,52,52,64,63,68,73,84,101,92,109
41,32,25,25,21,12,12,11,10,11,11,13,18,22,26,28,32,41,52,58,63,70,75,76,81,89
14,15,9,4,9,16,11,10,9,8,5,3,3,5,16,15,15,26,41,52,58,65,63,77,87,98
18,16,14,19,18,11,12,11,9,8,6,5,6,9,5,3,4,14,30,43,53,62,71,71,79,81
23,23,21,20,20,19,18,16,15,12,9,5,4,5,3,5,6,10,18,26,38,51,62,71,70,84
55,51,38,31,27,22,19,20,22,23,20,15,12,12,4,5,4,5,8,14,27,42,58,61,69,71
52,24,5,6,7,0,1,2,4,6,7,9,12,16,15,13,8,6,7,10,19,30,36,59,67,78
5,3,0,0,0,3,2,1,0,0,0,1,7,12,23,23,20,16,11,6,8,15,28,44,56,62
0,2,1,1,1,0,0,0,1,2,1,0,0,2,2,11,19,21,15,8,9,18,18,41,51,58
7,0,7,3,2,3,0,0,3,0,0,3,0,7,7,0,6,14,20,10,14,14,19,30,37,55
13,10,11,7,8,10,5,5,11,13,6,8,10,15,27,18,5,7,8,24,12,11,22,27,40,45
20,2,27,28,20,14,0,4,11,22,17,24,21,20,71,65,26,0,5,14,21,11,16,24,39,45
17,24,27,23,19,11,2,1,0,5,10,29,18,27,75,85,75,20,7,8,13,26,23,32,37,54
57,24,27,28,24,0,2,0,0,0,5,16,0,37,91,114,79,46,17,6,4,8,24,31,37,51
66,16,24,36,24,19,0,0,4,5,5,5,1,60,98,92,69,41,36,34,13,15,12,21,43,39
51,24,16,16,23,12,4,2,2,1,0,1,16,59,56,61,53,37,40,18,14,11,9,18,41,33
19,11,7,4,11,4,0,4,2,4,4,5,16,15,12,15,9,11,13,13,2,9,11,12,20,30
45,22,13,15,13,12,12,10,11,16,14,12,21,26,26,17,21,22,14,16,23,18,21,30,38,50
78,55,39,37,39,38,27,19,18,21,26,31,36,39,33,38,24,33,29,39,56,47,57,74,72,74
88,67,70,54,58,49,38,28,28,26,29,36,32,31,38,38,34,36,29,45,40,46,50,65,67,71
87,80,88,72,63,59,48,38,41,32,31,39,33,33,34,29,37,38,34,42,28,48,56,54,58,65
97,95,84,82,61,69,53,43,44,32,30,40,36,38,30,32,27,34,40,38,43,55,60,56,55,58
112,89,88,86,77,75,71,62,59,49,44,46,39,35,25,27,26,27,40,46,46,47,46,63,60,63
100,78,93,85,87,71,62,57,54,47,38,33,30,26,26,30,39,41,48,60,49,49,44,67,64,68
57,68,65,67,60,50,38,39,36,31,23,23,36,42,40,56,49,67,58,54,55,52,65,75,68,70
64,57,53,48,41,27,40,30,36,36,51,49,57,52,64,58,62,62,62,69,70,69,91,93,80,83
79,67,74,55,56,59,62,62,67,65,64,62,69,72,64,66,79,68,71,74,76,95,97,106,78,102
90,75,77,39,21,25,60,67,70,72,65,64,64,66,69,71,77,88,85,84,95,97,107,104,105,103
74,71,70,52,36,46,63,72,75,76,72,75,76,80,83,94,100,103,99,102,90,119,108,126,105,96
