81,99,98,111,129,133,141,173,189,198,191,193,177,202,201,206,182,185,133,151,163,133,196,189,179,205
82,89,80,77,98,145,155,171,194,181,184,194,188,193,192,203,179,191,165,163,149,181,172,184,183,175
105,95,92,73,73,90,103,118,135,138,127,120,147,175,176,179,174,145,137,149,166,133,153,144,125,120
119,130,111,100,93,101,78,95,106,108,110,121,143,124,124,135,118,152,125,134,143,122,98,121,122,131
184,167,166,137,128,109,121,111,116,120,121,143,121,139,117,99,113,117,108,119,111,126,126,122,121,99
185,185,187,174,175,157,144,164,130,148,137,121,131,131,123,128,117,123,111,109,126,116,110,151,143,131
178,180,179,176,177,167,169,145,164,154,164,155,161,142,130,139,124,121,140,118,158,147,145,149,152,148
176,161,172,164,171,174,164,158,153,135,157,141,112,132,117,119,125,156,129,129,141,121,126,137,137,147
154,145,142,147,162,158,176,154,137,148,153,139,130,111,118,127,113,115,124,115,116,114,114,104,122,140
121,129,127,148,153,149,149,138,149,148,132,130,124,110,112,100,104,94,104,97,100,101,103,123,106,121
107,124,110,129,136,133,140,118,109,113,108,93,88,79,88,84,94,82,89,83,82,80,82,86,101,87
120,107,114,109,117,112,109,94,92,83,76,76,91,72,74,84,71,71,77,73,68,76,58,65,74,70
130,120,116,101,113,104,106,94,84,76,77,75,72,62,62,77,63,75,80,79,67,69,58,58,57,65
113,122,116,101,107,93,99,81,55,60,77,59,63,70,72,67,70,72,72,69,69,77,58,67,66,92
123,109,135,115,109,96,81,72,78,71,70,70,72,75,78,65,73,68,75,76,67,73,78,70,91,89
135,116,100,91,95,96,94,82,79,76,76,63,71,61,76,77,74,60,70,68,60,64,74,82,59,72
116,119,130,98,111,95,104,97,69,81,66,65,63,68,51,63,66,65,65,66,68,63,78,71,63,71
110,132,103,109,110,91,95,75,73,72,65,68,59,51,56,65,59,52,61,65,53,64,52,77,78,84
134,137,104,99,108,98,87,72,86,66,62,60,67,61,50,61,63,72,62,79,65,67,76,71,62,80
132,136,126,118,112,113,89,91,95,83,89,99,90,97,94,81,99,95,102,116,107,123,139,108,133,132
145,157,156,130,115,119,114,130,113,119,106,126,118,121,113,131,132,146,153,148,153,142,175,157,162,179
153,160,182,160,163,127,158,124,153,135,136,141,150,154,160,160,162,146,170,171,168,174,193,193,217,183
168,155,166,169,180,166,170,169,180,175,163,168,173,176,172,180,186,187,194,200,194,181,177,210,189,209
167,162,178,174,181,197,181,188,193,168,189,193,196,185,199,196,195,200,209,193,214,201,210,217,205,213
185,190,192,193,195,172,183,195,189,191,193,190,181,202,199,191,212,196,194,208,213,217,217,236,223,212
203,205,211,206,202,191,198,209,191,205,191,196,207,198,206,199,209,207,219,197,212,221,227,230,223,218
198,198,202,208,215,203,207,196,192,203,194,202,194,213,204,202,203,203,201,210,211,213,218,207,207,207
196,206,195,201,200,196,200,191,205,204,197,199,200,204,207,212,193,213,221,202,210,201,202,195,198,196
183,198,194,192,216,223,201,203,203,195,187,195,197,185,185,188,213,188,195,206,213,205,207,211,214,207
175,205,202,158,180,203,195,204,209,180,177,181,182,197,199,175,197,189,202,204,197,199,200,205,209,202
