106,110,123,117,117,120,133,126,142,154,167,147,133,136,142,121,106,98,124,98,141,159,118,145,176,204
92,99,119,125,130,131,135,171,164,177,189,175,175,175,200,174,160,123,152,170,164,216,184,173,200,200
106,98,106,99,121,150,134,149,150,171,162,187,166,184,197,167,174,153,159,149,150,192,196,176,179,185
118,103,104,114,97,116,99,121,123,110,126,137,150,175,163,155,154,134,140,125,152,168,167,192,146,143
142,140,113,113,108,101,102,102,119,113,114,117,125,136,129,136,127,111,137,149,128,151,128,145,147,116
163,156,143,129,133,124,108,104,105,115,132,111,129,120,130,123,122,115,124,132,155,146,115,141,132,134
182,163,172,155,156,148,127,119,129,135,114,133,117,107,123,123,124,114,108,123,118,112,121,133,164,135
167,156,167,165,164,151,133,130,132,151,134,131,121,127,122,122,118,122,116,129,127,117,135,126,133,166
140,138,159,136,140,140,130,128,124,124,128,120,120,109,108,115,118,119,120,117,118,121,129,142,132,158
139,133,134,146,134,126,123,129,132,118,111,107,107,96,97,106,107,104,109,120,105,112,114,118,144,141
122,120,116,127,130,129,125,115,119,114,105,99,102,97,96,101,98,88,86,95,99,109,105,115,120,128
114,117,118,108,123,130,120,95,90,99,89,87,81,85,85,87,95,94,89,89,95,91,100,93,104,121
120,118,114,105,107,107,97,93,87,91,79,91,84,85,80,78,85,86,81,79,79,82,87,85,101,96
114,110,108,104,114,105,91,95,89,86,72,80,76,76,77,81,84,82,81,85,80,88,79,83,85,88
103,106,109,103,97,91,82,81,85,85,86,83,75,76,82,86,85,84,84,84,80,79,88,83,84,82
101,106,98,97,100,92,88,80,84,72,83,75,80,81,83,81,80,88,91,83,88,84,79,89,82,95
114,107,103,92,89,93,100,80,78,81,75,79,70,80,78,78,77,79,91,78,82,84,83,81,95,100
120,105,107,103,99,86,83,85,73,80,68,76,64,72,75,80,84,70,73,74,73,80,85,84,96,106
115,124,108,96,97,83,96,84,80,76,82,82,75,75,79,87,70,77,84,85,88,83,94,96,94,117
130,113,105,102,97,100,108,105,93,95,94,99,97,96,105,108,92,101,108,111,118,119,114,120,147,167
142,146,134,120,126,123,113,114,118,117,111,122,123,132,126,126,136,129,123,152,144,153,162,167,172,186
148,159,139,150,128,138,140,131,153,146,135,129,142,147,150,129,168,149,161,172,178,192,181,179,198,205
146,139,145,152,142,169,158,146,146,170,167,161,149,171,155,174,170,195,184,180,198,206,210,213,207,210
174,159,160,158,154,175,181,167,168,177,183,170,178,189,175,175,201,199,202,196,207,211,214,216,208,213
193,174,167,171,172,186,172,181,176,163,187,185,191,184,193,161,203,193,207,215,220,213,217,227,230,229
188,192,191,178,173,175,186,177,175,181,179,185,177,188,185,198,187,196,202,214,222,223,225,220,217,224
188,198,195,187,184,184,191,183,184,181,182,182,180,192,187,190,203,182,195,198,203,206,220,224,224,225
178,180,187,179,195,185,191,185,185,176,176,185,177,187,175,181,203,191,197,201,199,194,207,212,219,224
183,181,184,201,184,189,175,184,181,161,182,181,184,186,181,195,184,196,193,196,205,200,210,199,205,218
165,176,183,190,181,179,188,177,170,176,172,182,170,173,185,192,191,203,195,203,200,195,212,203,205,208
