2,5,4,23,29,25,22,22,30,32,21,17,20,19,21,19,20,13,16,11,10,4,13,9,3,7
7,0,5,16,30,29,32,26,25,31,32,22,17,21,25,19,15,23,17,12,6,12,9,8,7,7
4,2,5,0,16,35,39,36,26,28,39,35,24,22,22,21,18,23,18,18,12,13,7,8,9,5
13,6,0,6,7,14,28,39,38,31,35,40,37,31,24,22,24,19,25,23,22,16,10,8,10,4
12,21,18,11,1,8,15,24,38,40,33,34,42,43,38,25,22,23,30,24,26,27,11,10,12,7
19,10,21,28,26,12,20,6,15,36,38,34,38,43,43,36,23,23,22,30,29,30,13,14,17,14
11,13,25,29,35,32,31,13,5,18,32,37,36,36,38,41,31,24,21,35,33,27,21,19,19,20
12,19,20,35,36,30,32,35,18,1,14,34,39,36,37,36,38,31,36,34,35,30,31,24,17,22
14,12,22,27,48,32,30,36,26,22,6,8,28,41,46,45,30,42,37,34,38,41,33,19,22,23
11,10,21,38,41,45,34,40,40,34,22,17,22,40,41,48,48,39,35,33,30,43,46,29,24,23
14,11,16,38,34,44,35,35,44,37,33,21,11,24,34,51,55,51,42,41,33,27,44,33,27,28
19,12,9,28,41,40,45,38,45,42,43,31,19,14,28,42,46,57,44,51,55,38,35,32,26,27
20,12,6,23,48,48,53,46,49,50,48,39,38,17,20,27,59,53,58,47,56,55,45,45,34,27
17,17,12,21,35,47,51,52,53,56,48,41,46,27,7,42,33,71,63,47,55,57,56,55,44,38
21,23,20,18,26,44,52,58,60,63,58,52,45,39,33,4,43,41,62,59,59,69,59,54,48,52
28,25,24,17,37,54,53,60,62,65,68,62,38,45,49,6,33,56,46,60,65,55,72,61,55,66
23,31,24,26,30,53,51,62,60,67,59,63,51,50,51,28,16,49,50,53,59,65,71,72,54,71
22,14,29,26,23,31,47,53,55,56,58,56,47,42,59,34,33,20,48,48,51,63,64,69,60,60
17,17,25,21,25,24,30,29,32,27,40,39,42,37,38,48,33,26,30,37,42,55,64,63,63,55
12,24,15,13,20,21,20,18,19,11,22,20,27,26,28,35,25,28,31,36,45,38,59,59,65,52
18,19,20,16,11,15,16,20,22,20,22,21,22,25,22,24,37,32,27,34,37,53,44,58,67,49
19,16,25,18,19,18,18,25,24,27,24,26,25,30,28,31,24,30,41,43,36,50,43,54,62,55
24,23,25,24,29,25,32,33,28,29,28,29,25,27,28,35,32,29,49,33,49,48,52,52,58,62
45,35,36,47,32,33,34,34,32,36,41,40,33,29,42,31,30,35,30,55,54,51,53,54,60,60
64,64,64,64,60,54,54,54,45,45,44,46,37,34,41,37,35,32,36,45,53,66,62,58,64,73
99,80,82,87,92,77,76,76,54,64,46,60,48,59,50,44,46,40,48,49,57,67,63,68,76,76
93,98,89,96,92,90,92,82,84,67,75,56,64,67,67,58,60,52,62,57,65,73,70,80,73,84
96,112,100,98,88,93,89,92,84,89,77,75,67,74,79,73,77,75,82,76,75,81,90,86,91,92
98,86,90,82,89,83,82,80,84,72,81,71,77,75,79,82,88,99,99,98,87,92,95,93,93,106
90,77,77,75,83,78,70,70,70,62,70,67,70,67,75,80,84,97,96,104,95,103,116,111,118,103
