214,207,211,209,222,233,209,169,117,113,115,102,89,98,86,99,103,112,105,89,86,78,82,76,68,70
184,178,161,148,122,130,114,85,81,86,98,101,96,114,114,115,112,108,98,95,88,78,82,82,78,81
102,121,100,97,68,72,68,71,72,97,119,136,145,133,144,123,125,93,102,100,77,91,78,97,88,89
98,89,77,82,80,75,85,102,122,133,152,146,139,149,128,108,98,93,104,108,96,104,104,90,85,92
115,127,117,136,129,163,142,161,174,154,161,141,134,130,93,94,93,103,101,121,98,115,119,108,85,106
143,110,141,156,140,177,168,187,175,177,179,112,105,107,114,103,107,115,101,108,121,128,134,113,105,96
159,127,163,160,171,165,183,164,141,143,116,101,102,101,97,104,115,132,127,121,130,135,108,107,109,111
151,150,150,142,144,154,127,122,116,98,88,95,101,94,105,100,114,128,128,121,118,130,144,133,105,112
137,135,142,129,126,125,108,100,87,100,100,102,114,117,127,132,131,132,129,126,125,123,126,110,103,108
121,107,139,119,113,85,92,101,97,88,113,117,132,135,137,146,150,155,139,134,111,116,122,106,143,117
111,99,111,100,89,96,98,100,110,108,143,136,167,182,146,157,147,136,142,132,134,130,138,117,103,111
78,84,81,74,84,107,117,130,129,129,149,160,148,174,157,147,134,125,132,134,131,129,115,123,119,107
66,75,72,77,99,114,128,118,149,158,166,139,141,144,166,152,140,126,116,133,118,119,112,120,122,90
67,84,93,85,95,107,128,124,142,155,160,147,173,184,140,141,143,147,127,133,132,109,126,130,121,124
72,80,83,88,114,104,118,145,135,156,161,171,170,164,169,130,165,150,132,135,140,115,116,114,119,108
76,88,81,105,101,125,160,140,175,168,164,171,178,170,162,161,158,160,129,129,121,117,132,119,111,127
80,93,116,108,127,140,152,162,169,159,177,165,181,178,163,173,157,170,154,126,112,100,128,110,113,121
79,83,89,126,130,143,156,175,175,179,182,172,179,178,165,162,179,158,140,147,125,121,125,128,112,110
88,112,134,163,171,177,181,178,192,190,173,181,168,183,188,170,166,143,136,123,133,123,114,107,108,140
144,170,167,184,189,189,203,193,205,211,182,193,181,184,174,166,146,141,153,136,129,132,117,113,118,114
170,192,192,193,196,200,187,200,201,197,204,199,187,166,201,173,148,150,161,140,144,114,117,117,111,106
195,200,192,203,197,193,206,204,191,209,177,190,195,188,169,170,163,143,163,152,142,120,160,113,111,97
203,211,212,205,205,203,211,196,200,201,205,181,186,188,198,159,162,162,160,165,148,123,122,98,89,93
210,205,223,222,207,211,202,205,209,191,191,185,169,182,174,195,166,162,147,144,131,125,121,100,108,89
218,220,211,221,218,212,204,212,207,213,203,208,190,188,169,172,145,158,157,152,143,120,115,116,99,82
226,221,229,227,205,195,222,219,210,214,203,201,191,185,161,172,174,146,137,136,114,115,113,99,96,127
221,220,226,229,217,224,223,215,210,212,204,196,188,178,175,175,184,170,163,126,111,116,97,93,90,126
207,215,224,224,216,228,222,211,213,208,205,179,196,190,167,152,149,139,145,126,117,104,106,92,122,132
205,212,201,210,217,212,241,208,209,197,186,182,187,183,164,158,150,147,141,117,112,111,89,127,127,126
195,193,203,207,214,203,218,200,212,207,181,200,157,159,154,146,144,154,133,121,96,83,128,127,131,128
