106,78,84,85,76,72,91,92,115,138,146,169,174,130,126,127,128,128,128,128,128,128,128,128,128,128
131,93,80,85,78,75,90,137,118,147,149,161,188,127,128,125,128,128,128,128,128,128,128,128,128,128
126,111,94,93,90,98,111,106,132,138,176,167,123,125,135,130,128,128,128,128,128,128,128,128,128,128
150,109,108,93,90,93,106,121,116,126,153,177,126,129,125,126,128,128,128,128,128,128,128,128,128,128
136,134,111,91,97,102,114,113,124,137,145,131,127,133,128,127,128,128,128,128,128,128,128,128,128,128
166,145,129,126,114,134,119,126,147,130,148,133,126,122,121,132,128,128,128,128,128,128,128,128,128,128
170,159,147,161,120,131,128,122,134,149,126,127,129,129,133,128,128,128,128,128,128,128,128,128,128,128
188,181,165,157,133,151,139,134,129,140,127,128,129,129,125,127,128,128,128,128,128,128,128,128,128,128
197,204,176,165,157,148,134,128,137,119,128,130,127,131,126,128,128,128,128,128,128,128,128,128,128,128
222,207,187,184,181,155,148,148,143,125,129,129,125,129,126,130,128,128,128,128,128,128,128,128,128,128
230,210,207,186,164,182,161,147,143,128,130,129,125,128,126,129,128,128,128,128,128,128,128,128,128,128
228,225,219,200,204,185,176,155,135,125,128,129,128,129,126,128,128,128,128,128,128,128,128,128,128,128
233,213,215,217,190,189,166,156,128,124,127,129,129,129,127,128,128,128,128,128,128,128,128,128,128,128
235,229,223,214,191,175,171,134,128,127,127,127,128,128,128,129,128,128,128,128,128,128,128,128,128,128
229,239,222,213,199,184,122,128,128,130,127,127,128,127,128,129,128,128,128,128,128,128,128,128,128,128
243,229,220,210,184,177,132,126,126,130,128,128,129,127,128,127,128,128,128,128,128,128,128,128,128,128
235,233,213,198,184,128,128,128,128,128,128,128,128,128,128,128,128,128,128,128,128,128,128,128,128,128
228,225,210,188,176,124,134,126,128,128,128,128,128,128,128,128,128,128,128,128,128,128,128,128,128,128
220,214,189,182,126,128,125,127,128,128,128,128,128,128,128,128,128,128,128,128,128,128,128,128,128,128
215,194,197,172,125,133,132,127,128,128,128,128,128,128,128,128,128,128,128,128,128,128,128,128,128,128
200,178,171,133,128,123,130,123,128,128,128,128,128,128,128,128,128,128,128,128,128,128,128,128,128,128
197,191,131,122,126,130,126,133,128,128,128,128,128,128,128,128,128,128,128,128,128,128,128,128,128,128
184,167,125,127,134,130,125,127,128,128,128,128,128,128,128,128,128,128,128,128,128,128,128,128,128,128
172,129,129,132,123,126,128,129,128,128,128,128,128,128,128,128,128,128,128,128,128,128,128,128,128,128
128,128,128,128,128,128,128,128,128,128,128,128,128,128,128,128,128,128,128,128,128,128,128,128,128,128
128,128,128,128,128,128,128,128,128,128,128,128,128,128,128,128,128,128,128,128,128,128,128,128,128,128
128,128,128,128,128,128,128,128,128,128,128,128,128,128,128,128,128,128,128,128,128,128,128,128,128,128
128,128,128,128,128,128,128,128,128,128,128,128,128,128,128,128,128,128,128,128,128,128,128,128,128,128
128,128,128,128,128,128,128,128,128,128,128,128,128,128,128,128,128,128,128,128,128,128,128,128,128,128
128,128,128,128,128,128,128,128,128,128,128,128,128,128,128,128,128,128,128,128,128,128,128,128,128,128
