70,81,84,89,86,81,80,78,77,65,59,52,37,35,37,30,27,26,18,28,8,51,47,14,18,33
66,74,91,88,67,71,78,79,77,64,60,48,37,36,27,34,24,29,26,0,48,42,17,21,42,45
70,67,78,72,49,61,71,75,70,62,62,45,37,34,28,30,32,21,27,50,44,20,30,48,41,52
78,65,58,55,48,62,66,72,65,60,62,42,35,29,26,14,7,36,47,31,21,25,49,50,57,67
74,72,58,59,46,75,66,71,70,65,53,29,14,19,23,46,51,45,29,17,47,53,60,60,72,79
28,38,39,41,40,40,35,28,19,16,22,31,41,49,53,42,33,33,43,49,64,64,71,78,85,90
53,53,53,45,48,53,45,46,51,54,52,50,47,41,25,34,53,51,61,74,82,80,91,108,101,105
36,45,48,47,45,49,47,44,40,37,36,37,43,52,62,56,73,87,98,99,111,126,123,114,126,114
64,65,54,51,59,49,49,56,55,59,75,83,89,99,115,122,134,137,138,130,133,126,131,145,125,107
131,110,112,97,109,107,102,117,123,127,140,148,149,152,158,140,135,150,163,153,155,151,148,137,131,127
166,146,169,151,143,143,145,146,157,168,170,172,176,174,168,164,163,148,146,149,151,146,155,124,145,134
193,179,179,170,169,175,178,150,158,181,179,174,176,170,177,160,160,141,144,152,137,127,143,141,128,140
181,181,190,179,187,181,166,181,174,184,190,180,183,179,164,166,171,172,124,134,128,132,141,137,132,132
203,203,197,188,193,188,166,156,177,186,187,190,179,181,177,173,156,146,126,123,113,122,120,108,127,109
202,196,201,199,190,196,180,173,186,192,187,183,175,171,168,170,170,138,127,102,109,101,117,111,107,90
212,196,208,213,199,199,200,202,185,176,178,173,165,156,152,173,154,141,130,113,99,103,105,92,87,85
213,203,199,204,207,193,204,197,186,176,185,185,163,153,151,138,141,125,113,88,106,96,89,101,102,111
211,209,207,199,208,204,205,196,189,194,187,178,178,166,147,149,142,119,100,84,88,86,96,132,130,135
209,205,211,200,199,202,207,201,187,188,172,159,176,174,147,130,131,105,89,77,84,74,127,142,154,148
209,206,209,211,210,195,194,191,196,183,181,176,153,158,146,128,113,112,84,79,87,131,170,189,187,187
207,212,207,205,201,200,196,188,179,185,170,174,159,143,156,131,102,88,83,83,111,164,200,215,214,195
203,205,202,204,195,209,181,179,183,176,169,157,147,141,144,129,119,107,86,85,145,209,214,219,225,213
211,208,189,201,200,186,188,179,181,166,163,146,131,124,125,133,103,88,101,99,152,208,220,212,206,207
198,201,195,183,188,189,185,157,163,159,144,152,148,127,123,134,105,101,103,86,155,196,218,213,194,178
192,200,192,182,192,182,177,177,160,137,139,137,123,126,135,102,120,103,104,95,111,192,198,180,142,93
191,181,194,189,174,167,167,155,152,135,126,123,130,115,111,109,121,116,120,95,102,170,180,159,110,69
180,181,179,167,165,155,155,144,134,130,122,114,120,102,95,89,99,109,118,118,118,119,142,138,105,83
181,183,176,158,165,138,144,143,119,129,115,106,102,94,81,95,96,106,123,128,128,130,114,116,106,98
173,165,161,143,162,132,132,136,131,115,104,100,92,83,89,93,99,106,110,121,122,118,136,119,97,95
148,148,146,137,129,132,124,117,110,91,86,80,85,85,86,103,97,109,127,128,152,136,142,127,129,113
