119,113,112,126,130,128,134,147,143,149,141,128,134,139,131,147,152,147,146,142,153,148,166,172,143,134
114,103,121,118,112,129,120,146,142,133,147,141,138,138,155,154,149,145,171,149,136,151,162,149,145,134
97,106,117,107,116,123,131,142,142,141,131,147,147,138,151,145,157,135,144,151,159,150,153,140,136,142
102,106,99,112,103,116,120,124,137,122,138,125,135,144,147,143,160,164,166,138,129,141,125,166,143,123
94,96,94,103,104,116,128,127,143,141,150,129,134,148,139,145,144,149,154,154,155,148,155,144,156,152
136,110,97,102,94,104,132,131,130,156,129,138,132,136,141,152,139,151,161,160,150,144,150,162,162,145
131,121,101,95,97,93,112,129,117,134,133,141,134,141,149,148,161,169,155,162,169,153,150,158,156,159
123,124,115,114,92,106,103,119,111,143,124,141,139,136,142,159,173,157,158,165,169,176,166,169,168,150
126,130,115,108,114,92,110,115,113,126,136,147,138,138,142,165,135,148,168,172,171,173,171,177,170,168
131,127,120,111,110,101,89,99,106,121,121,127,124,128,141,149,165,156,165,174,176,184,170,173,170,184
115,113,114,105,107,110,106,95,100,126,110,132,139,133,143,154,158,154,180,183,175,173,180,176,158,178
102,132,116,112,100,102,100,95,107,95,113,111,137,142,149,163,150,153,173,174,177,182,183,168,184,181
103,117,131,108,113,106,93,90,96,96,96,109,128,129,144,141,163,163,176,166,176,170,186,159,162,172
78,109,106,119,105,116,97,103,97,86,112,112,114,123,153,158,144,168,160,171,173,174,173,159,181,169
73,115,111,119,99,105,97,103,98,103,94,98,100,115,132,151,162,154,171,145,173,169,173,183,160,179
61,117,119,115,110,108,104,100,102,101,108,91,93,101,104,115,153,144,136,139,153,156,166,163,174,166
57,112,117,111,115,110,103,102,97,108,102,99,94,90,100,119,129,137,121,144,141,150,166,170,152,146
48,119,112,101,104,99,105,112,98,101,97,104,111,99,89,91,115,118,129,127,142,161,149,158,158,161
66,107,94,113,123,105,108,102,106,99,100,104,103,101,98,95,97,101,109,114,121,139,127,142,128,130
84,126,112,102,98,110,111,122,108,126,109,111,106,100,100,100,82,90,89,105,104,124,124,112,117,115
93,114,105,107,101,101,116,120,132,120,114,123,111,105,102,107,107,101,96,83,95,120,128,104,121,125
101,114,102,104,110,107,103,110,116,114,117,110,116,104,108,102,96,89,105,93,89,77,93,109,103,97
98,106,98,97,104,105,104,103,103,123,107,126,103,113,98,108,106,102,103,104,105,93,79,90,88,93
115,108,104,96,98,109,115,109,114,109,117,122,120,113,121,114,105,102,103,94,99,90,93,85,83,76
131,114,92,109,95,94,99,113,101,114,116,127,113,102,107,111,100,105,101,109,96,96,100,91,85,87
127,127,108,102,115,88,100,107,118,97,121,114,129,117,120,115,113,111,104,107,109,104,97,95,92,89
125,129,101,101,106,107,95,103,113,116,113,109,107,115,120,121,122,111,114,103,103,101,104,105,100,90
129,125,128,96,96,104,118,104,106,110,119,115,104,105,111,101,119,120,113,108,117,103,96,102,103,98
130,129,131,132,88,99,99,106,125,116,116,113,110,106,121,122,124,125,127,119,113,111,108,105,100,94
128,122,131,125,128,96,109,110,96,109,95,122,113,118,100,94,105,123,117,119,116,105,107,104,104,105
