30,31,33,34,36,38,42,45,50,59,71,88,88,99,106,112,101,123,105,126,122,90,72,52,67,122
31,27,28,33,35,34,39,47,51,59,58,64,86,101,116,140,137,154,167,162,174,148,118,90,65,128
15,22,28,19,25,39,35,40,44,48,61,61,73,87,113,137,150,157,175,170,162,137,137,110,96,125
9,11,9,9,14,17,19,23,27,38,39,50,59,68,75,113,123,140,148,151,174,175,163,162,158,131
22,30,28,23,17,13,16,12,18,17,21,41,40,55,61,82,103,106,134,143,178,175,177,188,165,128
32,36,40,38,37,37,33,28,20,11,18,21,19,37,56,64,72,102,139,170,180,200,203,211,206,124
47,42,54,51,56,69,66,80,69,54,32,13,18,27,33,45,69,89,117,149,193,207,223,226,177,127
56,60,84,89,116,143,126,129,117,104,82,59,31,19,16,33,48,73,89,136,152,185,204,210,226,127
12,10,21,35,87,137,152,178,167,174,186,156,94,41,21,23,33,48,73,110,146,190,200,180,218,134
0,1,5,6,8,13,59,143,149,174,203,187,177,111,57,29,28,37,54,102,134,160,171,225,226,127
0,0,0,0,4,2,8,24,48,140,185,195,201,170,124,68,33,29,59,75,112,154,168,219,225,130
4,2,2,5,3,8,5,3,5,15,48,123,189,220,172,120,76,43,58,73,113,126,168,190,217,130
6,8,10,20,28,63,55,13,10,2,10,29,61,159,166,154,98,103,65,78,100,138,163,180,203,125
5,10,16,22,29,90,144,124,65,34,11,5,6,52,135,173,150,110,145,125,140,153,160,182,201,125
8,1,18,31,53,115,231,247,238,213,45,12,9,12,24,80,106,101,115,126,139,159,174,203,210,129
10,13,7,58,53,159,228,243,246,251,169,49,9,9,11,37,61,70,92,127,158,162,182,211,211,126
0,6,24,30,55,178,247,245,255,249,234,105,26,25,15,18,56,115,124,127,159,157,178,187,209,125
3,4,12,6,27,186,242,252,254,250,232,137,66,90,116,48,43,74,150,161,148,168,182,188,212,130
6,9,8,10,31,223,247,254,255,235,190,41,34,76,71,114,119,118,146,167,166,167,184,214,218,126
13,15,12,21,110,226,239,239,225,112,34,38,90,161,182,179,201,196,177,181,216,214,193,214,222,127
3,7,18,75,184,194,185,127,50,39,53,106,163,157,176,204,217,205,212,216,211,217,223,222,227,128
6,17,55,100,131,69,39,41,42,51,118,121,165,169,174,212,224,222,219,221,230,232,228,230,233,129
26,33,40,47,29,29,55,66,123,128,148,183,188,189,211,229,231,225,233,236,221,222,235,233,238,129
28,31,46,45,47,56,47,101,139,152,155,158,166,210,214,221,222,228,227,233,240,238,240,244,241,129
26,33,40,48,51,54,51,71,116,110,130,161,192,210,212,206,207,227,223,228,244,239,235,243,243,129
27,33,35,43,48,53,55,72,106,122,136,150,188,203,200,196,219,229,231,235,235,237,246,242,243,128
29,39,39,40,48,54,71,86,101,140,146,157,164,191,204,221,216,221,228,206,233,235,238,241,239,126
34,33,38,52,54,69,85,81,102,137,154,168,181,218,200,215,203,218,223,218,224,235,231,241,241,128
35,43,45,62,68,86,113,141,135,143,161,166,171,171,193,199,218,227,235,228,229,230,230,234,242,128
52,63,57,73,79,90,96,115,123,143,146,179,194,195,203,214,225,224,229,226,229,230,235,234,242,128
