71,71,86,81,95,93,106,125,147,143,165,171,168,155,142,168,145,137,150,130,130,114,111,103,119,106
79,77,85,86,100,100,109,121,134,143,159,161,152,153,164,165,175,164,157,156,159,142,140,142,139,140
76,76,82,86,93,91,103,118,135,151,157,150,149,174,163,155,182,161,164,162,161,151,156,157,161,152
72,78,84,93,97,99,104,119,118,153,150,162,146,174,171,182,161,171,154,159,156,149,149,150,169,149
83,83,82,93,99,103,103,111,117,131,146,150,142,152,162,150,172,161,154,157,144,142,149,155,159,175
96,85,83,96,97,93,97,106,122,123,140,144,147,147,140,160,158,171,168,152,156,151,168,158,161,146
100,92,94,100,97,92,99,109,107,133,127,160,146,148,153,164,159,148,164,135,152,157,144,155,156,154
102,98,94,83,82,88,98,103,119,125,125,134,141,144,157,149,155,157,150,145,151,152,152,150,157,150
115,104,97,98,102,97,101,104,120,138,124,124,141,151,158,162,155,164,158,163,152,155,161,148,155,146
108,112,104,112,91,111,105,95,97,106,138,122,122,129,145,161,154,168,161,148,157,155,148,151,134,143
109,111,109,100,106,106,111,98,92,131,124,119,138,117,127,150,151,151,154,156,170,158,158,145,141,120
130,116,123,110,114,97,96,101,109,105,120,124,114,129,140,146,157,168,171,162,165,163,167,161,144,138
115,125,124,109,117,105,114,105,111,109,109,130,125,130,132,154,157,164,158,158,168,155,163,159,154,131
152,135,128,157,141,104,120,130,103,117,101,110,120,126,141,125,156,159,158,173,155,172,161,154,155,141
133,139,136,134,138,126,123,128,135,110,113,108,114,134,121,133,137,149,157,159,170,146,164,156,160,152
140,139,135,126,107,130,117,123,134,115,120,128,130,131,132,128,141,134,143,152,170,165,161,160,149,130
127,139,133,137,135,141,119,118,122,136,132,128,128,139,139,126,127,139,137,154,163,157,165,155,153,148
113,144,146,132,149,125,133,142,119,106,135,117,147,144,132,135,123,130,145,158,159,167,172,172,169,150
108,122,130,136,140,139,135,127,127,123,120,152,143,151,136,145,121,127,135,138,149,158,152,160,147,145
87,119,139,132,125,136,129,124,125,135,120,119,154,142,145,131,122,137,111,116,155,147,158,152,159,135
109,105,114,135,143,144,140,114,137,121,132,122,145,142,147,141,130,127,124,124,128,156,140,167,141,151
101,106,113,114,143,136,135,124,143,141,131,133,146,148,159,135,147,136,129,142,127,153,155,147,155,139
109,110,110,119,130,141,151,131,127,130,139,143,146,134,152,143,150,143,138,150,143,158,156,149,148,145
74,102,106,106,119,130,123,139,139,136,143,138,126,164,151,163,153,153,138,138,158,153,144,161,153,145
127,87,100,90,110,136,139,134,147,142,136,148,149,150,157,166,148,158,156,142,154,146,157,153,151,157
131,125,90,101,113,118,134,115,131,127,133,152,160,142,159,160,167,159,163,161,155,147,158,151,153,135
125,129,74,85,97,102,135,119,120,111,119,147,164,161,168,162,165,175,172,186,157,149,150,165,157,139
126,132,130,71,88,94,105,121,121,128,135,152,144,157,147,165,165,180,176,196,185,167,167,177,157,156
127,128,127,126,73,84,98,111,107,121,134,147,139,156,177,158,155,174,200,178,180,166,153,158,157,167
130,123,126,132,126,81,94,96,108,121,136,136,141,146,148,162,181,162,176,175,185,179,166,162,138,164
