209,229,248,249,228,238,235,209,199,226,193,190,218,242,247,234,194,209,193,183,176,122,96,88,74,69
167,181,214,219,180,173,178,187,203,211,224,215,235,231,233,209,202,219,189,209,168,146,123,103,92,76
108,102,121,123,113,141,176,186,217,218,221,227,240,227,237,222,224,208,200,185,190,151,135,126,102,87
107,94,112,125,148,173,217,222,245,224,224,232,235,244,239,221,227,219,225,205,197,178,142,136,117,104
162,156,185,176,189,200,222,217,233,236,240,241,227,243,243,237,237,221,217,218,196,189,166,136,122,113
158,176,193,203,219,231,235,232,220,223,228,248,248,239,237,235,243,231,232,207,209,178,170,146,134,135
182,190,202,203,207,222,232,215,208,227,245,241,242,236,243,229,231,236,223,208,206,196,180,161,136,114
182,206,185,199,194,182,212,204,217,219,236,235,244,241,247,235,226,237,231,220,211,184,204,179,159,136
180,188,178,177,184,181,196,196,219,234,236,243,239,230,237,235,230,227,230,208,211,193,184,175,173,139
170,179,177,172,179,179,193,205,220,241,236,240,244,239,245,236,231,236,226,215,221,207,185,176,193,151
153,166,169,171,180,191,201,227,220,230,235,238,235,246,240,249,227,235,218,226,226,204,206,156,164,191
158,172,186,193,207,191,214,228,240,237,241,235,236,220,229,233,228,227,218,214,224,224,188,189,167,175
148,156,178,202,211,207,213,218,232,228,228,233,233,228,219,225,216,218,211,220,229,200,190,194,184,190
161,174,186,204,203,211,217,220,233,230,222,220,233,228,238,221,223,214,225,223,218,232,232,222,207,195
152,157,173,184,204,198,232,221,235,214,233,229,217,228,229,230,231,224,219,224,228,224,231,215,223,204
135,155,167,194,199,201,204,235,235,230,234,239,225,231,229,228,232,216,220,236,229,221,228,235,224,223
141,144,177,181,200,207,213,219,237,236,232,234,239,232,234,239,225,213,221,215,221,238,238,234,229,212
141,164,183,180,178,221,213,232,216,218,222,233,245,238,231,234,232,234,237,227,228,240,235,226,232,234
140,171,182,210,205,241,229,230,232,214,230,231,236,235,238,242,235,230,227,229,230,234,234,230,229,219
197,202,197,201,227,229,223,217,220,233,230,234,239,240,239,238,233,230,239,228,223,230,238,228,228,227
187,180,211,212,227,233,231,236,232,240,229,236,241,243,240,237,237,237,222,231,232,222,229,232,231,211
207,212,192,218,209,221,222,222,239,224,238,238,233,237,244,245,243,234,235,226,223,219,226,220,222,208
208,213,219,222,227,221,224,225,237,247,240,244,240,241,243,242,244,236,236,235,241,233,235,225,218,187
232,208,220,232,228,225,227,240,236,226,242,248,244,246,247,246,246,236,237,231,240,234,223,200,199,181
226,224,220,226,236,224,243,242,239,240,245,243,245,248,247,246,241,232,232,228,244,233,215,192,201,163
232,225,210,230,242,240,236,250,240,235,245,245,248,248,246,243,238,232,229,236,224,224,199,184,158,133
232,210,236,239,238,241,225,242,243,248,243,246,248,248,246,243,239,235,236,228,212,223,177,177,152,127
234,239,240,237,242,244,245,242,241,239,239,243,246,247,248,246,242,239,228,218,196,180,156,146,129,127
224,236,239,242,240,228,242,241,245,244,238,241,240,242,246,245,238,235,224,203,185,152,142,128,126,131
228,227,232,243,240,241,247,239,237,244,238,240,236,236,242,240,230,226,212,176,169,141,127,127,130,127
