77,66,64,58,53,55,51,52,40,40,30,27,20,22,18,24,23,25,21,21,25,30,32,31,32,34
83,84,79,65,52,52,48,49,34,30,28,23,21,14,17,11,11,7,13,8,8,13,17,17,20,24
79,79,72,64,54,48,43,38,33,30,21,16,14,8,6,8,8,12,12,12,12,13,16,18,18,18
79,59,62,55,47,43,39,34,28,23,21,9,3,3,8,14,15,20,24,25,27,29,31,32,31,30
77,73,64,54,43,36,33,28,23,20,10,4,7,12,16,18,18,26,23,25,27,30,33,35,38,39
71,56,57,47,35,29,26,21,15,13,11,7,11,16,21,23,19,20,30,32,36,39,41,42,44,45
67,59,45,38,32,31,28,21,12,8,5,13,25,24,23,25,24,25,41,46,53,58,59,59,58,58
64,49,46,38,32,30,27,19,13,11,18,23,26,20,21,34,42,49,36,34,31,27,21,16,13,11
54,53,47,37,27,22,18,13,11,13,19,20,27,33,44,47,31,17,7,4,0,0,0,0,0,1
59,54,44,35,27,24,20,15,15,18,23,28,37,34,26,17,5,1,1,0,1,2,3,2,1,0
51,57,43,32,26,24,20,17,19,21,26,27,32,26,9,0,4,0,1,3,3,0,0,2,3,3
59,54,36,28,23,22,20,20,24,26,29,31,15,2,7,21,20,5,12,6,4,6,7,3,2,4
54,57,36,28,22,20,19,23,26,25,31,10,3,14,53,58,15,4,17,22,21,12,7,10,14,15
55,50,41,32,25,22,24,27,26,20,8,10,22,80,119,61,17,16,28,36,32,14,6,13,20,19
69,56,42,32,27,29,31,30,22,13,11,14,52,109,141,73,15,23,36,31,20,8,1,0,1,1
59,57,42,32,31,35,32,22,13,7,5,46,98,169,171,86,25,10,32,33,27,14,4,3,2,0
69,58,48,38,38,41,30,14,12,20,40,59,112,174,171,138,41,8,9,21,22,7,0,0,3,2
62,59,55,45,45,47,30,14,23,44,59,83,130,189,185,194,84,22,9,12,13,9,3,1,6,11
77,66,59,57,59,56,36,30,31,37,59,76,107,166,158,172,108,45,14,3,10,8,2,7,8,8
68,63,67,63,56,49,38,34,23,29,32,54,54,62,71,91,106,75,33,10,5,5,5,5,5,12
69,68,62,79,49,54,49,37,28,30,23,24,20,23,26,25,29,39,38,27,17,9,9,10,9,16
99,73,88,64,69,66,69,68,74,51,51,57,56,53,52,55,38,38,33,37,33,29,34,37,34,38
102,84,74,87,68,73,63,49,62,58,43,45,38,42,48,38,52,44,37,35,30,38,50,44,36,41
126,103,93,83,73,77,70,67,47,39,33,39,34,32,26,35,39,24,29,31,23,26,33,28,25,29
114,108,94,90,88,73,97,62,61,53,49,35,31,43,31,34,19,31,20,30,24,21,24,26,33,34
130,128,121,102,98,95,76,72,68,70,49,55,45,38,41,30,42,41,34,33,24,29,33,28,32,34
160,126,119,127,98,108,100,91,86,80,83,66,54,50,38,52,35,40,38,40,34,32,36,42,40,37
186,149,131,116,100,111,108,121,84,95,88,90,80,69,61,38,35,35,36,33,37,37,44,47,58,51
157,173,129,137,141,124,125,134,127,122,87,72,92,79,71,67,52,39,41,36,45,31,43,47,39,51
203,172,170,153,143,141,122,151,130,101,124,99,89,106,97,88,79,67,65,59,51,53,43,37,48,37
