112,124,115,162,138,150,151,165,175,184,182,191,207,209,215,222,231,243,249,251,251,250,250,248,247,243
121,120,139,144,147,155,157,176,168,181,191,199,213,207,220,230,233,243,249,249,254,251,251,247,247,242
131,115,144,134,144,166,153,163,179,179,195,217,219,212,225,234,235,244,248,248,248,249,254,250,252,246
136,135,142,149,161,152,162,155,176,185,200,218,218,215,226,230,234,245,247,251,251,252,252,242,246,246
128,143,162,158,169,156,160,170,181,182,179,194,219,219,219,226,238,245,247,250,250,251,252,252,250,246
148,145,151,155,157,163,158,163,171,169,202,179,216,221,224,227,235,244,248,250,250,249,249,248,248,246
156,153,155,141,157,152,170,168,168,180,177,211,199,212,220,221,229,241,248,251,251,249,247,246,246,247
152,157,164,165,144,154,145,153,170,181,180,189,205,219,227,227,231,238,244,247,250,249,247,246,245,245
131,167,152,154,156,138,161,162,178,173,183,186,191,204,216,223,231,238,244,249,248,249,249,247,244,243
134,134,146,151,150,146,143,158,179,179,190,169,199,210,220,227,233,237,241,246,249,250,251,249,246,244
135,141,125,131,147,151,138,176,174,173,181,193,191,205,214,219,227,235,241,244,249,249,249,249,248,248
147,132,146,139,156,146,166,172,157,189,191,195,197,212,219,218,222,233,239,239,247,245,244,245,247,248
128,124,137,143,157,164,161,167,169,176,175,196,218,198,217,218,227,228,237,241,248,248,245,240,241,248
140,147,139,143,148,152,165,161,180,186,191,181,194,207,213,218,220,230,238,239,244,247,246,241,241,245
140,131,132,130,141,153,157,167,174,177,185,207,202,213,194,218,225,230,234,239,243,248,250,246,243,246
114,121,124,133,143,145,166,178,181,184,199,191,187,211,203,218,223,229,239,238,244,250,253,250,248,249
98,104,122,120,152,167,163,190,192,201,196,207,200,208,214,215,224,225,242,242,244,249,252,251,250,251
87,105,100,121,136,139,169,191,198,175,197,203,210,200,212,213,227,222,236,241,246,249,251,251,252,252
97,95,90,127,148,169,170,183,200,201,206,207,176,201,217,213,219,226,234,238,248,250,252,252,253,253
115,113,125,127,171,182,180,202,217,213,206,195,199,222,211,214,217,229,231,247,247,250,252,252,252,252
135,128,129,150,169,173,196,199,208,213,211,209,195,204,210,205,218,227,237,239,245,248,252,254,255,255
142,162,142,155,161,175,204,204,209,206,205,208,202,201,210,196,204,217,226,232,239,246,251,253,254,255
165,156,162,160,175,184,197,206,215,219,200,197,202,188,200,193,188,218,225,229,235,245,251,250,252,255
178,160,173,177,179,195,199,204,196,209,197,213,197,193,185,184,180,208,199,213,222,234,244,247,249,252
186,187,180,170,183,183,179,185,199,214,197,197,180,196,171,161,176,178,165,195,209,224,240,248,251,252
183,198,178,166,179,173,177,164,181,188,192,196,173,174,167,154,163,150,161,181,195,211,227,234,237,240
168,189,168,176,154,153,166,158,168,171,172,173,176,154,160,152,146,136,148,158,184,206,225,230,234,236
170,162,171,149,159,139,125,122,132,161,166,171,163,145,137,136,139,137,118,145,155,187,215,223,226,222
115,102,123,132,123,115,133,131,134,147,151,162,155,140,135,109,128,121,120,119,155,174,223,223,224,216
52,44,52,54,72,91,122,131,123,139,139,141,142,136,121,111,130,115,123,107,124,183,203,218,219,180
