231,96,240,207,240,88,240,195,243,137,237,213,241,184,240,142,246,217,196,144,240,223,230,192,246,169
215,168,228,214,205,199,233,210,207,214,228,226,206,167,223,234,198,220,243,223,204,184,255,223,239,221
150,219,152,236,154,240,184,234,172,224,116,226,219,230,200,238,201,240,147,235,211,241,189,237,225,223
190,233,153,238,195,226,177,244,224,237,207,240,193,233,172,233,215,245,133,240,225,252,197,231,216,254
226,222,224,214,225,213,233,199,226,217,210,242,160,249,190,249,160,244,174,255,155,248,208,255,157,249
250,155,242,186,241,182,235,142,244,206,239,182,233,246,228,198,245,243,233,214,198,255,191,237,158,255
241,249,246,253,255,237,236,251,252,249,255,248,241,232,247,255,246,200,241,213,246,99,219,239,227,231
229,255,241,254,223,248,252,243,245,252,217,237,254,238,253,242,231,246,253,231,254,186,239,234,249,210
238,246,250,214,239,246,243,252,231,192,242,251,234,245,239,225,251,251,236,253,236,202,253,230,255,205
237,246,206,218,250,224,235,255,230,216,255,221,239,253,218,242,254,247,255,241,212,255,238,244,225,193
242,252,210,247,243,244,255,210,204,255,210,243,253,200,221,249,240,223,244,237,235,249,219,255,233,217
255,225,212,255,242,238,255,238,208,252,227,248,243,207,244,251,224,246,191,231,248,225,245,211,216,255
210,219,255,241,236,255,227,221,254,231,232,236,227,245,246,185,252,238,187,246,211,199,254,227,199,253
205,242,251,243,249,242,236,247,255,243,255,226,212,255,240,209,255,241,228,251,255,240,236,200,244,241
205,249,242,238,250,233,227,255,248,241,254,252,229,250,241,242,217,217,254,236,177,255,246,230,247,174
254,246,241,255,245,234,251,254,254,255,241,235,253,251,237,255,231,185,249,244,238,244,180,250,196,234
252,238,255,242,237,242,255,246,252,254,248,231,252,255,238,249,240,244,242,217,247,235,218,249,232,251
231,213,220,243,235,254,246,237,247,254,236,255,248,252,251,244,238,253,255,231,249,235,251,242,230,248
184,173,164,202,215,227,230,223,228,205,227,235,243,237,237,244,248,251,255,248,248,221,252,251,247,225
107,132,100,128,132,132,114,160,108,167,170,201,196,227,186,214,230,240,240,241,231,254,254,255,247,240
46,49,50,56,55,54,50,62,71,62,82,72,136,126,131,156,189,158,205,181,212,244,245,222,236,244
54,53,50,49,52,52,53,51,51,53,42,47,49,51,55,59,51,129,90,135,129,175,149,194,164,230
54,49,50,49,49,50,52,53,45,44,51,51,47,49,53,46,51,55,46,53,55,52,109,115,115,172
41,42,38,45,50,42,48,45,45,48,43,46,46,43,47,44,48,50,51,43,47,45,44,53,40,53
9,8,8,16,10,14,21,27,27,26,30,36,32,34,37,37,37,40,42,39,42,45,43,40,30,39
15,13,14,8,4,4,7,9,7,4,5,8,4,0,1,3,1,0,3,4,2,0,0,2,6,7
24,11,15,3,1,0,1,4,5,4,4,6,5,0,0,5,3,0,1,5,13,8,18,21,21,11
0,17,35,31,43,41,39,37,33,28,24,23,20,13,13,17,13,5,1,2,0,5,1,1,22,15
32,7,38,46,52,54,58,61,61,60,60,62,55,54,57,62,62,61,60,57,54,51,37,24,8,3
7,14,26,50,50,55,60,63,62,61,62,63,66,65,66,65,62,63,61,55,57,48,38,29,3,4
