130,124,129,126,128,131,131,125,9,8,7,18,14,20,12,26,20,26,28,49,23,17,24,22,28,34
128,131,130,129,129,125,126,7,0,14,7,18,15,19,26,24,30,33,45,23,12,17,24,20,45,41
129,129,121,130,123,129,126,14,14,11,21,19,17,25,23,38,44,30,18,10,11,34,31,38,49,47
126,126,132,125,135,129,128,5,8,21,22,16,19,31,44,37,25,25,14,40,38,47,44,60,69,32
130,130,121,134,125,123,127,13,20,24,24,22,19,20,25,16,21,36,43,59,60,62,68,74,70,18
122,130,130,125,126,135,8,30,23,6,17,25,21,23,21,37,42,51,65,68,65,80,85,82,22,72
129,130,129,128,131,129,16,20,25,36,29,32,21,34,56,54,61,69,86,87,79,84,91,63,32,95
128,129,123,133,125,126,23,22,29,42,50,46,30,59,74,81,97,91,95,79,100,85,105,25,62,96
127,128,129,124,130,128,28,29,41,62,75,60,49,76,96,99,99,106,95,105,101,115,96,19,100,63
127,133,128,129,128,26,26,45,54,96,70,93,57,88,106,128,104,94,94,94,112,111,45,60,73,69
130,122,133,127,127,29,50,85,85,86,81,123,70,75,124,128,130,100,107,119,120,133,25,53,68,111
128,131,122,128,128,63,89,91,82,110,135,144,99,88,127,122,110,120,136,99,77,48,33,98,110,139
126,132,125,129,129,67,107,101,124,131,163,144,142,101,143,124,103,126,148,148,131,49,76,119,137,178
131,119,135,126,126,95,120,137,146,165,160,171,145,102,126,158,136,138,135,164,136,48,95,131,170,178
130,128,124,127,129,111,146,153,161,165,176,183,155,143,156,152,158,171,171,169,156,41,112,156,199,191
126,130,126,129,139,107,163,163,168,170,177,171,173,188,169,176,183,182,189,192,154,53,159,194,200,212
132,126,129,128,143,160,183,180,188,174,177,175,185,188,177,192,191,202,202,199,147,99,196,216,218,220
127,124,129,131,152,157,173,184,183,182,191,169,176,183,191,180,191,202,200,196,164,191,212,217,217,213
132,127,129,127,167,166,168,173,178,184,179,164,189,178,200,196,179,203,188,204,203,204,205,210,218,215
123,132,127,130,149,167,165,171,179,173,177,174,186,174,179,195,188,203,195,202,213,215,216,204,204,210
134,122,128,123,167,172,187,166,159,179,168,206,190,186,212,172,185,194,178,191,164,181,194,179,203,218
126,130,130,174,172,182,183,176,186,186,197,178,141,190,188,194,169,188,173,187,152,133,142,161,182,200
127,127,126,184,188,175,178,170,168,190,171,186,184,182,165,135,143,137,125,88,90,93,94,136,113,133
128,127,132,171,191,157,185,183,178,164,168,139,121,125,106,113,97,91,83,70,67,65,81,82,68,93
128,131,122,178,189,183,172,178,167,145,158,129,111,120,91,84,71,78,65,48,56,71,53,59,69,67
124,127,129,180,183,202,184,171,143,140,135,104,101,76,69,62,66,43,53,60,63,48,48,43,61,55
133,129,130,188,189,182,178,181,154,143,93,78,81,80,67,50,40,41,40,42,40,45,46,39,41,38
119,132,128,193,190,187,196,176,105,82,71,52,54,53,57,52,44,55,53,59,57,61,53,61,59,64
135,127,124,192,191,184,187,157,88,51,52,46,54,51,45,48,50,42,50,44,49,45,48,51,54,44
125,130,126,187,196,190,100,55,46,47,47,45,38,36,23,29,45,73,91,101,129,147,142,131,129,108
