107,100,100,105,115,123,119,124,122,114,111,114,110,102,125,131,149,151,154,156,166,167,179,175,166,185
120,120,128,131,125,112,113,120,123,116,107,107,116,126,143,141,145,155,157,154,163,162,177,180,172,191
130,126,125,124,127,123,132,124,121,127,129,128,136,148,154,164,154,162,163,157,164,167,172,174,188,220
135,135,132,123,123,119,120,121,125,130,134,138,143,147,153,184,165,165,165,158,165,171,170,189,193,200
132,125,130,127,129,130,133,118,143,146,158,150,158,156,164,165,167,164,164,185,166,168,172,177,193,185
134,141,140,139,134,138,132,150,150,152,155,175,171,177,169,170,178,161,169,164,164,172,180,184,191,196
138,150,143,147,140,150,153,157,157,159,164,169,178,180,179,183,169,165,172,171,167,186,188,201,203,216
143,152,148,154,152,162,152,153,160,166,196,167,171,178,180,162,168,173,167,162,176,159,189,200,195,212
153,157,161,165,166,168,164,156,166,184,180,174,184,173,162,174,175,174,162,152,166,174,177,194,200,211
168,162,170,167,169,166,161,164,162,166,163,163,165,168,167,173,156,165,151,161,159,160,176,201,220,221
173,165,172,165,168,166,170,164,178,176,178,173,175,167,159,181,183,164,164,143,150,170,194,203,217,218
169,167,175,169,170,171,178,179,174,158,171,176,164,158,163,166,168,157,143,143,166,187,204,205,215,218
175,176,178,166,176,182,170,173,170,161,175,163,172,163,171,152,145,140,148,172,170,187,182,210,220,223
178,183,176,185,179,176,174,175,163,161,151,172,155,167,165,152,144,155,187,174,178,196,198,204,226,218
189,178,183,179,170,183,174,181,172,161,170,159,168,156,145,156,161,170,177,189,196,191,196,218,220,222
192,180,193,155,172,175,179,174,174,153,162,162,159,158,156,164,188,199,188,205,201,200,218,209,212,223
184,172,176,177,175,176,173,165,171,151,162,158,154,156,170,180,204,208,220,207,196,198,210,208,213,221
174,171,162,161,168,156,160,169,155,170,158,160,150,159,182,211,219,220,218,210,209,192,196,198,220,218
178,166,167,161,160,163,164,150,163,152,151,150,144,174,191,213,213,223,202,196,197,185,204,190,180,210
167,162,170,166,158,157,156,156,154,165,149,147,145,179,198,215,220,210,216,200,183,180,195,174,174,170
170,161,162,157,165,169,160,159,158,147,139,143,148,172,206,201,202,208,191,198,170,177,172,164,161,151
159,163,152,160,153,155,146,146,142,145,138,135,157,171,194,190,198,196,194,178,166,161,152,143,129,139
149,148,146,155,154,152,154,164,140,151,137,138,140,167,182,194,198,172,166,151,160,148,150,135,139,131
160,160,160,159,150,144,156,141,148,139,133,133,146,159,166,163,160,160,160,147,141,133,142,122,113,128
155,164,149,159,148,154,147,150,140,130,129,135,130,153,149,146,144,142,130,121,106,103,88,86,93,113
157,165,156,156,147,148,144,138,143,131,139,128,153,146,145,146,144,126,116,99,55,15,0,2,15,25
166,156,157,149,150,145,144,151,140,138,138,127,127,129,142,137,125,111,89,53,25,3,0,6,0,5
161,159,152,155,147,139,141,135,143,140,138,130,120,124,127,127,100,92,67,40,25,6,3,0,0,1
154,153,144,148,148,149,153,150,156,137,133,122,121,117,114,100,82,74,58,47,32,22,10,0,0,4
158,151,156,144,152,152,155,154,162,146,131,123,127,116,101,94,81,74,61,60,54,50,28,13,5,0
