35,47,48,49,51,67,73,77,88,110,153,154,170,190,172,183,194,175,196,194,212,178,182,166,175,129
57,56,63,68,80,82,97,113,122,136,169,170,199,198,202,215,204,226,220,232,233,227,217,213,206,129
71,75,80,92,107,118,115,136,156,166,176,177,185,200,195,195,182,201,213,215,227,237,239,201,221,128
85,94,101,102,107,122,126,130,148,157,177,184,193,188,192,199,205,210,211,222,232,226,233,234,230,130
91,96,104,106,105,111,128,131,156,171,173,186,184,193,197,205,208,203,220,222,222,235,226,227,235,130
78,86,91,91,93,96,122,130,138,154,168,170,180,173,191,193,186,213,209,219,224,220,220,230,234,127
68,88,86,71,79,89,112,118,125,129,127,160,171,178,179,185,187,196,202,202,198,218,227,228,232,126
61,74,66,54,64,71,80,87,105,96,100,117,152,157,164,160,165,199,184,185,196,204,224,216,228,128
49,46,42,45,56,64,58,59,69,80,89,100,107,123,125,133,141,149,172,182,180,186,204,212,219,127
46,42,45,54,65,87,74,58,60,50,53,57,72,82,88,103,111,115,127,134,161,185,197,189,209,123
18,1,20,28,38,49,51,73,136,140,99,56,36,45,59,79,89,96,108,113,132,172,185,173,186,127
4,26,31,5,23,21,28,35,57,82,122,112,73,47,26,48,65,79,85,101,135,141,156,172,178,129
46,49,44,98,106,72,43,39,25,22,47,64,75,78,73,37,51,66,78,94,120,118,146,157,162,128
52,111,55,181,234,234,244,151,62,28,22,16,35,59,88,68,50,47,59,86,114,117,131,121,151,129
44,67,79,174,246,247,255,251,200,65,35,43,24,31,39,60,70,70,67,77,111,135,130,117,150,129
44,94,182,233,255,255,250,247,245,173,74,103,79,42,46,38,46,58,75,83,96,124,147,165,154,124
34,60,122,242,248,252,255,248,227,163,78,84,106,87,65,82,96,77,76,104,137,147,159,167,170,124
13,36,72,234,254,246,253,238,187,81,71,70,92,153,176,83,114,146,128,109,150,168,193,207,194,132
25,27,79,244,252,244,239,144,84,72,83,155,206,215,226,216,143,150,175,171,147,192,204,227,228,127
13,58,135,244,237,190,97,85,92,121,198,231,237,244,226,224,221,215,170,189,196,197,222,229,228,127
38,81,160,149,108,85,83,94,157,220,241,244,237,224,233,225,213,224,224,215,209,219,227,223,229,127
62,80,87,75,94,92,97,126,189,215,230,239,238,233,227,203,221,226,217,219,216,225,236,222,229,128
89,78,88,86,91,109,124,177,219,226,227,222,236,230,197,199,176,214,211,232,232,220,225,226,229,128
61,70,88,84,95,152,179,193,212,225,223,232,228,213,213,200,206,219,228,218,209,229,224,231,230,129
79,92,86,111,128,176,191,178,185,209,216,217,218,208,202,205,199,199,221,234,222,221,227,222,230,129
85,88,97,102,143,133,162,179,165,185,199,203,201,200,205,207,217,212,216,226,231,219,230,233,230,129
81,82,86,106,107,119,130,161,173,167,159,183,187,205,220,224,215,224,224,231,223,231,226,228,232,123
76,78,77,88,94,110,119,135,167,169,203,199,223,203,220,222,231,226,211,216,218,235,233,233,235,125
69,78,83,87,87,94,104,117,136,150,176,188,183,214,225,230,228,235,233,236,227,234,234,239,240,128
68,68,67,73,80,80,89,98,113,149,169,189,199,230,225,235,234,237,235,237,232,238,236,238,241,128
