93,102,115,106,132,132,138,125,129,128,129,145,131,125,119,119,96,93,93,85,85,93,84,81,78,87
117,107,131,125,129,137,154,156,145,144,134,134,128,139,124,124,110,109,108,89,85,78,87,80,78,71
122,116,135,149,134,149,146,162,137,148,147,141,132,146,135,135,120,118,107,108,105,99,88,81,75,74
145,134,139,147,147,139,156,155,151,149,145,148,133,134,147,151,134,132,123,121,104,98,85,82,74,72
133,150,125,149,160,161,145,148,151,155,156,158,144,129,144,143,135,131,131,121,106,93,95,77,71,59
136,155,154,149,150,139,135,138,156,148,153,148,148,137,138,136,146,146,120,125,114,107,99,77,67,59
152,173,146,153,154,165,152,154,154,145,152,152,153,150,139,134,136,139,128,135,109,105,94,86,71,61
150,169,162,159,162,165,173,162,162,146,137,154,149,151,146,143,125,132,138,145,126,107,105,86,76,58
160,171,179,185,158,171,163,171,167,155,149,162,150,151,143,148,138,126,126,135,121,121,98,89,74,62
198,165,188,193,192,183,162,173,166,179,160,162,162,148,154,147,148,131,124,126,113,117,101,94,72,60
204,184,196,201,191,191,183,182,178,171,167,165,162,154,145,150,143,132,134,120,109,102,101,93,74,60
215,217,200,204,203,200,195,189,181,174,173,163,169,152,145,143,142,132,143,120,113,92,100,88,73,55
220,232,215,228,212,211,202,183,196,183,176,168,172,160,146,146,143,140,137,122,117,96,96,84,65,48
223,238,239,228,228,212,206,204,187,185,174,175,167,170,144,152,141,144,131,127,114,102,84,77,59,52
213,240,236,236,230,226,218,209,198,189,185,182,180,168,163,146,147,141,136,132,118,106,82,64,57,59
236,239,241,240,226,233,233,227,217,200,202,202,190,182,173,154,149,143,141,134,128,111,93,54,57,57
239,232,241,236,244,230,233,231,227,207,197,206,195,182,178,172,154,134,131,136,147,107,88,66,63,56
230,232,242,241,245,243,231,233,224,225,216,213,206,196,197,176,169,138,144,129,125,113,92,63,60,55
223,245,231,241,244,240,246,234,229,229,229,222,217,203,201,177,171,159,140,133,118,105,90,57,61,46
202,228,235,241,239,242,242,231,245,209,229,227,220,207,202,190,170,179,137,157,133,98,106,58,63,54
185,233,232,241,234,236,234,245,234,227,231,231,223,218,213,201,185,176,155,139,126,110,93,50,70,46
183,223,222,223,231,237,238,238,224,239,233,237,230,223,211,186,196,165,169,153,114,101,95,65,57,50
193,179,229,174,235,241,226,236,213,223,222,237,232,214,204,179,184,171,173,152,114,91,76,65,47,35
168,207,199,201,173,237,243,219,233,214,204,229,226,204,209,197,166,184,179,148,128,95,69,54,43,31
162,187,165,191,191,184,216,180,203,222,226,232,198,207,193,195,188,182,164,131,126,92,56,60,49,28
114,146,157,188,196,153,220,232,200,178,202,199,186,217,192,199,193,170,146,142,127,83,65,57,49,123
70,120,121,142,169,159,191,190,211,209,182,200,174,197,202,199,173,173,166,133,118,79,60,47,42,135
81,62,98,120,133,156,169,164,206,205,201,196,188,202,190,189,182,159,146,140,108,65,61,50,130,122
57,51,72,75,110,141,129,167,200,201,190,200,194,184,192,174,159,140,113,106,98,50,61,122,127,133
59,63,79,67,73,110,124,161,153,195,173,184,190,168,183,158,146,121,117,105,78,52,127,126,130,123
