150,153,161,175,169,167,161,167,167,163,166,178,178,166,175,179,185,187,184,192,197,194,202,200,201,199
154,162,169,168,169,160,166,175,183,173,184,178,179,174,184,183,198,189,195,189,206,206,195,196,200,199
166,169,177,179,181,177,187,177,187,187,195,191,195,179,184,193,204,202,200,202,208,206,209,205,207,207
178,178,182,194,180,184,184,193,190,188,195,197,196,205,199,200,200,203,199,205,209,215,213,209,211,214
183,184,177,191,179,188,197,187,185,189,193,207,210,196,209,199,205,203,212,197,210,221,204,204,207,207
185,189,178,182,191,195,185,196,201,188,202,199,201,198,198,204,212,207,210,204,210,214,218,216,215,212
191,195,195,186,197,187,194,194,204,197,203,203,208,193,200,210,204,199,199,212,213,215,214,210,210,211
202,193,206,198,202,186,192,202,206,203,200,203,205,208,209,200,198,197,216,209,212,216,211,212,218,220
199,195,194,199,190,209,198,192,200,204,206,206,202,210,200,198,198,194,206,204,217,205,215,210,215,206
200,193,197,201,187,193,193,184,191,199,199,202,206,209,210,201,202,212,211,195,204,212,189,211,213,216
191,184,190,189,180,184,188,174,182,194,187,192,207,199,197,204,198,195,194,208,217,214,212,210,212,204
178,177,188,183,175,176,163,179,174,183,198,186,177,181,188,190,186,193,204,215,211,203,215,210,215,217
181,174,177,172,171,170,168,169,167,176,181,182,192,191,192,188,186,187,192,189,192,201,201,191,212,196
170,160,161,168,171,165,167,173,173,176,179,174,170,170,169,172,176,177,197,206,197,188,195,202,205,208
140,139,145,159,156,143,144,141,152,157,155,162,167,165,173,181,186,182,176,174,170,187,189,183,196,195
130,130,115,112,115,119,127,139,143,141,154,157,148,162,155,159,157,166,166,173,157,168,161,159,181,176
109,115,134,124,121,117,131,125,114,125,139,131,121,121,126,130,130,132,145,146,154,144,159,159,177,174
75,65,72,69,71,76,68,75,73,83,99,101,102,104,93,98,104,108,117,130,135,136,142,145,155,162
42,40,44,48,44,50,55,63,60,61,66,66,72,79,82,85,91,93,95,115,115,125,129,135,135,148
28,25,24,32,24,31,28,35,41,54,62,60,67,76,75,76,78,78,81,96,100,106,110,122,121,136
16,13,11,23,21,30,35,32,26,32,39,43,54,61,64,66,66,72,85,91,102,99,110,123,122,129
18,19,17,18,12,11,19,25,27,33,41,46,47,39,50,54,56,64,81,82,94,86,97,109,111,117
12,17,20,16,15,9,13,20,23,28,34,42,49,43,56,57,59,64,74,80,86,85,95,101,98,106
14,20,27,18,22,12,15,18,22,29,31,34,46,50,52,51,54,55,56,73,74,86,87,90,82,96
25,26,22,29,32,27,27,23,19,20,29,38,41,39,45,48,46,53,62,69,80,79,85,79,90,99
24,39,39,29,30,33,31,30,26,21,20,28,39,47,40,47,50,59,66,70,81,84,83,86,87,87
44,35,35,37,48,49,53,53,48,36,26,26,35,44,40,41,43,55,65,69,74,73,76,88,94,89
60,59,62,53,55,54,60,60,58,53,48,45,46,47,50,45,44,55,68,72,73,72,76,80,93,94
81,60,60,67,66,49,56,56,58,61,63,62,59,57,58,54,55,61,67,71,75,81,76,84,103,104
70,71,72,69,66,69,60,58,59,61,63,64,64,64,68,61,62,63,68,73,73,77,77,90,99,98
