8,12,14,21,31,36,40,48,58,70,75,79,74,85,90,141,211,209,229,217,225,185,156,156,216,132
16,25,31,37,44,48,56,70,84,92,86,99,127,149,119,151,168,230,237,231,229,230,239,254,254,124
35,41,45,48,55,62,71,79,93,112,116,118,135,148,150,155,160,172,203,192,231,231,233,239,234,127
39,42,47,54,62,66,73,84,91,120,128,121,143,167,171,164,173,207,213,227,224,229,228,239,237,126
44,43,45,53,60,61,68,79,93,103,114,117,133,135,160,189,170,199,208,229,234,238,245,249,241,125
36,35,36,43,52,57,65,76,81,86,104,115,140,140,157,174,183,186,204,207,231,234,239,238,244,127
21,23,24,27,33,39,46,53,66,73,88,94,120,124,136,140,170,173,185,196,212,225,226,234,240,129
6,11,12,13,18,22,25,30,38,41,59,75,90,81,89,100,111,128,145,177,203,217,222,230,228,129
0,1,4,8,14,17,24,32,27,25,24,23,32,41,52,58,69,85,110,140,176,190,191,205,212,128
3,1,0,3,5,5,12,25,46,51,46,29,14,14,24,33,49,58,85,107,133,169,161,201,201,127
0,3,5,21,14,6,4,0,8,6,16,32,36,28,19,16,27,43,60,67,98,125,168,179,196,127
16,24,54,97,174,219,101,35,8,7,10,12,30,42,41,25,28,29,40,77,86,108,91,137,144,123
15,25,74,190,237,243,249,226,73,22,1,9,5,4,15,17,20,29,50,56,82,95,102,117,132,125
22,44,120,228,255,248,252,252,234,135,65,51,30,33,30,10,27,33,41,55,66,85,114,108,108,126
0,28,117,234,249,249,247,241,154,63,28,43,41,35,54,57,48,45,63,80,82,108,106,109,124,126
1,27,144,244,252,251,244,140,56,42,85,155,226,176,115,75,83,96,89,81,101,113,144,153,161,126
19,41,194,239,249,233,145,68,43,113,216,238,243,239,225,156,124,117,125,116,120,148,134,175,155,124
28,111,192,219,159,102,49,51,94,192,247,245,245,237,218,217,173,173,142,163,156,177,178,181,181,129
55,110,114,93,50,48,62,103,181,227,244,248,238,239,229,212,214,167,193,171,167,178,199,212,215,126
51,63,42,35,37,49,70,146,197,239,241,242,243,226,204,191,185,182,170,181,178,174,193,215,216,125
43,60,44,49,60,70,86,108,213,221,237,228,220,174,186,171,184,186,174,184,168,184,179,210,224,128
36,34,49,60,79,102,121,154,174,224,229,228,218,215,215,202,205,195,220,198,192,176,171,225,230,130
31,48,51,76,104,100,122,154,147,200,206,207,186,190,190,182,160,196,200,184,201,203,189,218,230,126
47,54,68,72,88,103,107,123,146,151,176,189,186,174,194,192,186,211,211,221,205,184,177,225,233,126
52,47,51,70,72,80,102,109,123,137,146,170,193,208,200,202,183,169,197,190,204,197,209,234,238,129
46,48,51,63,68,74,85,112,131,137,166,175,180,191,207,216,204,197,193,193,210,228,220,236,236,126
42,51,47,61,61,79,89,110,114,123,172,185,187,204,203,222,220,220,211,221,219,234,234,241,243,126
40,47,53,58,55,64,70,75,80,136,143,173,205,223,231,218,222,217,218,215,227,230,241,243,244,126
35,44,49,48,62,62,88,126,113,158,175,177,210,198,215,220,220,217,226,222,236,233,242,240,245,127
56,44,56,60,77,74,102,118,142,135,157,143,181,197,212,212,225,228,231,235,238,242,241,241,247,127
