111,145,134,168,142,200,213,232,237,225,225,195,192,204,213,197,140,100,116,96,114,102,89,91,77,71
178,161,208,189,207,248,232,238,231,221,218,227,236,232,212,189,146,140,148,125,137,126,117,91,82,74
209,196,227,207,228,228,236,228,231,217,224,229,227,206,216,197,163,151,156,150,144,136,118,96,89,82
192,192,210,212,202,210,226,205,217,219,230,227,204,211,200,200,172,190,163,160,168,141,136,97,96,88
181,213,204,217,188,209,191,198,214,211,227,221,194,195,186,209,191,186,194,175,168,158,145,125,98,103
168,167,185,187,199,191,190,225,215,211,212,219,224,201,202,215,222,199,201,188,203,170,154,128,107,116
144,153,132,158,156,178,209,188,201,191,198,199,204,221,219,225,224,220,220,208,210,194,175,169,115,99
115,110,138,159,173,171,178,183,172,198,178,185,192,206,223,233,231,218,227,212,215,201,180,168,132,127
104,133,142,144,122,168,156,133,161,182,191,215,214,222,230,233,232,234,224,219,205,206,181,151,137,143
85,101,103,104,125,119,119,149,148,190,206,221,220,222,228,233,232,232,222,232,218,198,182,160,150,130
69,74,81,84,97,105,136,186,194,206,220,225,230,225,229,235,234,230,233,204,219,197,203,187,158,167
54,70,83,93,108,97,154,193,210,223,222,222,236,228,231,236,234,227,229,223,226,199,212,205,183,166
69,71,91,129,103,133,160,207,189,220,219,217,233,228,228,232,232,226,239,228,224,223,225,192,171,172
88,96,95,135,157,148,155,201,207,217,222,221,230,230,228,230,233,231,233,227,228,222,216,195,176,195
85,123,127,129,135,166,170,168,216,221,230,229,229,236,234,234,237,237,231,240,222,219,216,194,196,204
100,109,107,138,159,165,189,183,215,229,232,233,227,241,240,238,239,240,235,233,230,214,220,210,193,203
129,134,119,144,159,161,204,215,222,232,237,237,237,238,238,238,239,239,239,236,231,228,233,221,207,186
148,165,150,178,184,194,194,189,213,232,229,234,239,240,240,240,240,239,238,235,229,223,227,224,225,215
192,152,195,192,192,218,222,215,224,224,227,234,240,240,240,240,240,239,231,235,236,233,233,226,227,219
171,164,198,195,221,231,232,224,228,236,235,237,239,240,239,238,239,240,233,236,236,232,233,227,232,228
192,226,215,216,231,229,234,234,230,234,243,239,238,242,242,238,237,240,243,242,238,233,234,228,231,226
223,210,212,236,236,238,231,237,237,242,243,239,240,244,245,241,238,240,244,243,242,240,241,230,226,217
231,215,209,229,233,239,231,241,240,244,240,242,243,245,245,244,241,239,240,239,238,237,240,233,236,230
220,218,224,224,244,238,231,241,239,247,239,245,247,243,242,245,244,240,243,243,243,240,241,234,238,236
220,228,235,231,242,235,238,244,244,245,245,245,245,247,246,244,244,247,241,247,245,243,246,233,240,229
226,223,235,229,237,239,241,242,241,244,245,245,246,247,246,245,245,246,247,241,249,241,241,240,240,122
231,225,230,232,239,243,240,240,241,243,246,246,248,247,248,247,246,244,247,237,244,246,245,233,245,134
223,227,223,236,243,242,234,239,244,243,246,247,249,246,249,247,247,243,239,250,241,244,241,247,127,119
220,219,221,227,236,233,232,240,244,243,246,245,248,244,248,243,245,241,246,249,242,232,226,128,125,135
212,208,223,211,222,223,235,240,241,244,246,243,246,241,245,238,242,241,248,240,245,241,127,130,126,126
