144,158,140,171,156,166,161,168,135,130,141,143,155,137,114,133,128,128,126,132,133,134,141,135,163,155
143,175,157,159,167,163,174,156,159,131,126,132,149,158,141,117,116,152,130,148,164,178,160,176,177,208
145,164,167,180,169,182,170,155,154,140,143,139,141,157,141,142,136,134,134,140,163,176,204,202,190,203
145,169,156,184,175,194,186,182,169,178,157,153,136,146,158,151,159,136,112,131,128,169,176,205,185,196
158,152,167,176,196,166,198,173,173,190,149,170,152,144,144,168,163,155,136,136,140,144,167,188,181,199
157,147,159,177,181,192,198,186,177,188,165,171,156,130,145,150,149,156,164,133,122,107,148,155,159,174
154,164,157,166,197,191,179,204,193,196,197,180,173,158,135,139,116,141,144,159,172,133,137,131,129,153
182,173,174,168,154,192,190,195,195,184,191,192,171,164,139,128,104,98,134,145,146,154,155,170,151,141
190,205,176,175,176,163,176,195,179,177,190,200,176,178,158,142,128,107,102,106,112,121,119,141,140,129
180,201,197,177,186,184,181,159,181,186,191,193,192,159,157,161,139,138,133,104,95,80,111,106,99,99
189,192,198,206,203,158,163,155,184,184,172,173,181,186,153,192,168,157,130,129,114,124,91,94,83,61
163,176,190,180,199,203,187,162,174,184,179,192,182,177,208,172,166,189,179,149,126,101,102,94,90,75
178,172,178,191,185,200,217,191,191,179,185,194,188,189,178,198,167,166,147,146,160,148,120,113,91,90
163,183,181,181,183,173,193,190,187,184,192,200,178,178,189,190,186,174,186,175,186,156,125,129,115,106
166,175,188,177,174,176,190,188,192,200,188,203,195,186,188,185,183,174,180,175,162,166,156,127,115,93
166,173,182,169,195,167,179,189,189,178,201,187,173,170,183,175,182,184,178,169,179,158,163,156,134,111
156,165,170,177,180,181,177,166,191,186,187,174,186,176,174,181,181,170,187,185,164,165,143,160,152,130
166,181,174,191,193,199,186,190,178,175,189,201,189,173,175,186,154,189,177,160,174,167,168,154,147,142
152,173,165,183,178,195,185,190,179,189,188,196,192,183,183,179,175,176,175,148,149,172,179,159,176,165
113,160,170,189,185,184,202,190,175,182,192,190,200,192,190,193,195,180,197,164,170,178,163,169,170,175
102,156,172,185,204,188,173,195,186,177,200,195,200,196,214,213,200,204,198,189,188,168,172,171,177,180
108,126,166,168,185,187,194,203,182,174,189,206,211,206,205,193,198,194,195,209,189,194,172,178,176,194
86,103,177,187,190,218,205,210,208,210,193,201,207,213,209,202,199,186,207,200,198,202,196,191,193,193
103,134,170,169,172,215,186,198,202,209,210,211,204,216,226,204,196,190,210,204,215,195,193,207,200,188
122,137,150,123,173,217,206,204,215,203,210,210,203,219,212,211,206,189,198,201,205,216,202,231,206,197
129,122,113,133,155,194,196,203,189,203,207,216,219,222,197,214,215,206,203,189,199,211,213,212,209,212
129,128,105,119,140,171,186,195,205,207,211,213,216,215,208,207,212,220,203,194,218,204,200,196,212,215
126,129,128,101,105,160,165,184,214,212,213,209,215,214,219,203,209,222,206,205,216,179,214,213,212,212
128,131,126,127,169,149,153,184,191,212,205,208,218,209,210,209,215,214,215,228,222,209,210,221,214,213
129,124,129,131,128,154,154,178,192,203,204,206,209,204,215,212,221,204,197,219,211,211,219,220,206,210
