128,128,128,128,128,128,128,128,127,131,124,131,125,129,145,119,70,63,74,76,93,104,102,99,111,126
128,128,128,128,128,128,128,128,127,129,125,131,127,128,142,128,116,90,91,95,105,109,107,107,112,103
128,128,128,128,128,128,128,128,129,127,126,131,128,127,135,136,115,101,84,70,88,90,87,108,100,112
128,128,128,128,128,128,128,128,129,128,128,128,128,127,128,135,115,123,109,75,77,76,77,100,116,128
128,128,128,128,128,128,128,128,128,129,130,126,127,129,125,130,119,110,115,87,61,60,80,96,111,112
128,128,128,128,128,128,128,128,127,129,130,126,128,131,128,128,140,113,115,99,69,50,59,76,92,102
128,128,128,128,128,128,128,128,127,129,129,128,128,129,130,128,126,109,111,105,98,74,57,63,75,97
128,128,128,128,128,128,128,128,128,129,127,130,127,125,129,128,131,114,116,102,97,94,81,61,73,77
128,128,128,128,128,128,128,128,128,128,128,128,128,128,128,128,128,111,125,116,100,104,90,76,54,68
128,128,128,128,128,128,128,128,128,128,128,128,128,128,128,128,128,123,110,118,99,104,98,98,62,48
128,128,128,128,128,128,128,128,128,128,128,128,128,128,128,128,130,128,114,108,105,101,97,92,87,56
128,128,128,128,128,128,128,128,128,128,128,128,128,128,128,128,130,127,126,100,103,108,95,79,98,83
128,128,128,128,128,128,128,128,128,128,128,128,128,128,128,128,128,130,125,110,96,113,103,89,86,105
128,128,128,128,128,128,128,128,128,128,128,128,128,128,128,128,126,130,126,123,107,96,106,94,93,96
128,128,128,128,128,128,128,128,128,128,128,128,128,128,128,128,127,128,130,128,125,87,97,94,100,93
128,128,128,128,128,128,128,128,128,128,128,128,128,128,128,128,129,128,127,130,128,104,92,106,94,92
128,128,128,128,128,128,128,128,128,128,128,128,128,128,128,128,127,130,126,127,132,125,94,93,104,90
128,128,128,128,128,128,128,128,128,128,128,128,128,128,128,128,128,128,128,128,129,127,106,91,79,97
128,128,128,128,128,128,128,128,128,128,128,128,128,128,128,128,129,126,129,129,127,127,121,93,93,95
128,128,128,128,128,128,128,128,128,128,128,128,128,128,128,128,128,127,129,128,128,127,130,105,93,86
128,128,128,128,128,128,128,128,128,128,128,128,128,128,128,128,127,130,127,126,131,126,131,121,98,94
128,128,128,128,128,128,128,128,128,128,128,128,128,128,128,128,127,131,127,126,132,127,128,131,126,95
128,128,128,128,128,128,128,128,128,128,128,128,128,128,128,128,128,129,128,127,128,130,126,131,127,98
128,128,128,128,128,128,128,128,128,128,128,128,128,128,128,128,129,126,129,129,124,133,125,127,128,130
128,128,128,128,128,128,128,128,128,128,128,128,128,128,128,128,128,128,128,128,128,128,128,128,132,126
128,128,128,128,128,128,128,128,128,128,128,128,128,128,128,128,128,128,128,128,128,128,128,128,125,130
128,128,128,128,128,128,128,128,128,128,128,128,128,128,128,128,128,128,128,128,128,128,128,128,126,135
128,128,128,128,128,128,128,128,128,128,128,128,128,128,128,128,128,128,128,128,128,128,128,128,129,127
128,128,128,128,128,128,128,128,128,128,128,128,128,128,128,128,128,128,128,128,128,128,128,128,129,124
128,128,128,128,128,128,128,128,128,128,128,128,128,128,128,128,128,128,128,128,128,128,128,128,128,132
