32,28,33,33,22,21,26,25,40,42,42,37,38,43,44,49,48,34,38,129,129,125,128,130,128,128
28,35,32,30,10,19,26,36,38,40,40,38,39,42,44,49,41,40,28,26,127,130,127,127,128,128
18,33,32,29,16,25,26,33,39,40,40,41,41,42,45,49,44,33,28,34,124,129,126,131,128,128
27,32,29,19,27,29,32,34,43,42,40,42,40,41,48,50,46,41,30,27,131,129,130,126,128,128
33,36,32,20,30,28,32,37,44,41,37,39,37,39,50,51,45,38,35,32,121,129,128,129,128,128
30,39,34,26,23,23,26,38,39,38,32,36,35,40,53,48,39,35,38,26,28,125,132,128,128,128
37,39,29,16,16,24,32,41,36,36,31,37,38,44,56,45,46,37,36,33,27,128,122,129,128,128
38,34,29,13,31,37,43,32,36,38,34,41,42,48,58,42,41,49,34,31,25,129,129,128,128,128
40,31,30,13,35,37,30,33,36,34,37,37,43,48,59,46,44,42,39,29,30,130,127,128,128,128
40,36,34,32,38,43,27,32,35,36,43,45,49,53,61,47,43,38,41,37,21,30,133,123,128,128
30,22,22,30,30,38,26,33,44,42,42,42,47,53,61,50,51,48,38,34,32,29,123,134,128,128
37,24,27,33,35,36,36,42,49,49,49,52,57,60,60,46,45,44,43,33,31,28,129,126,128,128
33,26,34,42,37,36,43,51,53,58,57,60,59,59,58,51,49,50,52,34,25,23,130,125,128,128
33,36,40,51,40,47,56,69,76,83,77,73,63,63,67,69,54,55,42,19,27,35,132,127,128,128
36,40,43,54,58,69,78,83,95,100,90,83,69,63,59,58,60,56,46,31,39,28,124,131,128,128
38,40,55,70,105,116,128,118,135,130,105,92,78,74,66,62,57,49,39,36,30,32,26,130,128,128
41,52,65,101,118,149,154,157,169,150,145,116,94,78,69,70,63,57,39,43,36,31,28,126,128,128
64,47,92,129,160,164,133,152,186,160,122,104,102,86,76,75,67,50,38,40,32,38,36,131,128,128
66,78,126,160,183,153,161,154,115,164,148,118,97,80,81,78,70,61,53,46,39,49,61,126,128,128
88,88,111,155,174,181,131,187,147,141,98,97,97,77,75,88,76,67,65,67,58,69,84,131,128,128
118,142,125,121,133,163,125,116,104,102,83,90,100,101,90,84,84,88,114,77,83,117,115,122,128,128
97,148,115,109,117,147,99,105,69,68,69,73,80,90,93,98,115,116,103,117,129,144,169,185,128,128
79,95,96,94,105,108,89,89,79,74,63,48,48,55,71,86,119,107,159,141,182,170,176,198,128,128
61,82,75,79,71,63,58,59,49,63,66,60,64,52,55,61,74,111,131,169,169,183,181,216,128,128
48,49,54,51,53,43,43,44,42,50,45,44,54,47,44,46,54,74,104,139,163,129,181,228,126,130
46,51,47,48,41,41,36,39,44,51,52,45,45,64,42,45,48,65,74,75,129,162,159,166,130,130
32,34,35,47,45,43,38,45,50,50,50,48,59,49,67,71,67,61,83,79,90,106,136,187,127,125
24,30,35,30,37,34,35,32,42,49,67,64,64,73,65,67,59,86,91,101,104,118,162,159,127,130
25,16,19,25,36,30,41,55,65,67,85,84,92,101,85,80,110,115,126,97,106,137,151,179,124,130
23,15,15,37,44,46,56,82,88,81,92,93,127,134,162,174,132,136,118,118,101,125,119,132,135,125
