211,214,210,215,218,213,217,226,221,221,242,221,219,126,123,129,127,127,127,127,127,127,127,127,127,127
216,224,220,218,220,220,222,222,220,239,233,222,221,127,131,126,127,127,127,127,127,127,127,127,127,127
216,221,220,223,219,210,215,224,236,236,233,226,129,123,130,125,127,127,127,127,127,127,127,127,127,127
217,223,216,212,220,230,227,209,204,232,239,231,130,128,126,130,127,127,127,127,127,127,127,127,127,127
215,217,218,223,222,218,222,222,222,231,228,130,127,121,128,126,127,127,127,127,127,127,127,127,127,127
212,221,221,216,216,225,226,211,220,222,229,127,127,131,128,126,127,127,127,127,127,127,127,127,127,127
220,225,230,231,221,217,224,224,207,202,125,122,128,126,123,129,127,127,127,127,127,127,127,127,127,127
226,230,230,229,224,225,229,219,218,215,126,130,129,123,130,124,127,127,127,127,127,127,127,127,127,127
224,234,230,218,225,221,197,216,221,206,128,127,125,126,128,128,127,127,127,127,127,127,127,127,127,127
223,236,236,219,232,211,215,216,220,128,120,129,130,132,124,125,127,127,127,127,127,127,127,127,127,127
237,232,227,223,226,217,229,215,209,130,130,124,126,123,127,132,127,127,127,127,127,127,127,127,127,127
232,243,232,228,228,214,219,223,126,126,127,126,129,126,129,126,127,127,127,127,127,127,127,127,127,127
242,232,230,239,231,222,228,220,129,126,132,128,120,131,128,129,127,127,127,127,127,127,127,127,127,127
211,219,220,200,222,205,212,128,129,119,128,127,127,130,126,126,127,127,127,127,127,127,127,127,127,127
230,222,221,235,230,229,118,128,127,133,128,126,131,125,126,126,127,127,127,127,127,127,127,127,127,127
238,200,177,215,208,192,134,124,126,125,126,129,124,128,124,130,127,127,127,127,127,127,127,127,127,127
207,220,219,214,213,131,126,125,127,127,127,127,127,127,127,127,127,127,127,127,127,127,127,127,127,127
210,200,208,219,201,126,122,135,127,127,127,127,127,127,127,127,127,127,127,127,127,127,127,127,127,127
186,200,193,184,123,131,129,122,127,127,127,127,127,127,127,127,127,127,127,127,127,127,127,127,127,127
184,166,169,208,128,126,127,129,127,127,127,127,127,127,127,127,127,127,127,127,127,127,127,127,127,127
159,181,150,129,124,129,130,128,127,127,127,127,127,127,127,127,127,127,127,127,127,127,127,127,127,127
187,167,129,125,129,121,128,126,127,127,127,127,127,127,127,127,127,127,127,127,127,127,127,127,127,127
184,162,128,129,125,132,127,125,127,127,127,127,127,127,127,127,127,127,127,127,127,127,127,127,127,127
155,129,123,126,129,127,123,130,127,127,127,127,127,127,127,127,127,127,127,127,127,127,127,127,127,127
127,127,127,127,127,127,127,127,127,127,127,127,127,127,127,127,127,127,127,127,127,127,127,127,127,127
127,127,127,127,127,127,127,127,127,127,127,127,127,127,127,127,127,127,127,127,127,127,127,127,127,127
127,127,127,127,127,127,127,127,127,127,127,127,127,127,127,127,127,127,127,127,127,127,127,127,127,127
127,127,127,127,127,127,127,127,127,127,127,127,127,127,127,127,127,127,127,127,127,127,127,127,127,127
127,127,127,127,127,127,127,127,127,127,127,127,127,127,127,127,127,127,127,127,127,127,127,127,127,127
127,127,127,127,127,127,127,127,127,127,127,127,127,127,127,127,127,127,127,127,127,127,127,127,127,127
