126,144,158,160,168,178,194,203,206,219,225,205,219,231,236,239,239,242,242,244,245,239,129,127,128,128
131,139,139,149,160,180,185,194,193,201,214,217,202,213,238,244,248,241,241,246,242,246,133,129,128,128
148,146,164,188,184,165,159,194,192,212,203,186,197,206,206,241,243,241,239,246,250,123,125,127,128,128
148,156,164,147,165,176,176,177,198,177,218,212,196,200,196,191,231,241,244,242,241,132,131,128,128,128
151,157,160,152,169,164,170,177,193,211,189,220,228,216,207,237,233,240,247,245,246,129,125,127,128,128
111,151,159,155,150,147,170,188,186,200,198,206,209,229,235,215,240,238,242,242,246,127,125,134,128,128
124,129,132,137,131,144,141,180,184,194,184,201,197,202,197,226,235,238,241,237,129,125,128,127,128,128
127,128,126,127,135,143,137,170,184,191,193,181,189,202,207,195,215,236,235,235,126,128,131,130,128,128
121,120,123,128,147,161,155,163,175,196,200,184,206,190,196,216,216,236,233,239,132,127,125,126,128,128
132,115,136,125,139,125,160,176,186,192,189,188,209,213,202,192,201,223,238,239,123,131,128,128,128,128
118,119,114,122,133,149,160,166,174,182,179,184,191,199,199,207,208,221,223,125,130,125,128,128,128,128
123,128,119,92,133,129,154,157,167,194,191,178,195,206,203,203,212,220,234,130,124,130,129,127,128,128
94,118,125,125,114,93,125,161,143,143,167,192,199,200,203,198,211,211,219,126,128,129,124,128,128,128
118,132,114,133,93,117,122,114,163,166,167,181,190,200,198,200,209,220,218,128,128,131,125,129,128,128
87,124,156,157,116,106,119,134,142,177,161,173,185,200,192,188,198,204,126,125,129,127,129,126,128,128
95,101,105,153,135,130,116,133,130,147,157,159,183,169,174,190,179,206,128,131,132,122,129,130,128,128
104,90,101,127,142,165,188,141,105,150,167,166,166,163,185,175,181,180,128,130,123,127,130,129,128,128
116,96,119,98,112,146,163,178,161,125,145,152,164,147,162,165,191,174,122,127,134,123,129,125,128,128
130,112,109,97,112,112,153,200,173,160,146,164,172,171,185,183,200,128,131,131,124,128,129,126,128,128
125,120,119,98,108,117,151,182,208,189,170,131,175,180,180,179,193,130,121,123,131,125,130,130,128,128
120,164,136,129,113,108,125,167,179,201,180,157,171,180,179,181,184,130,134,130,125,132,128,126,128,128
125,140,147,130,119,110,127,160,184,188,187,191,183,190,184,197,129,125,127,131,126,128,126,129,128,128
118,129,145,138,116,126,133,158,182,188,204,165,190,187,177,186,128,128,128,128,128,128,128,128,128,128
106,146,130,131,134,140,129,161,190,186,180,200,186,176,178,179,128,128,128,128,128,128,128,128,128,128
105,124,117,132,164,146,154,168,187,181,182,192,178,172,185,132,128,128,128,128,128,128,128,128,128,128
106,111,110,145,167,158,167,171,183,182,171,194,184,180,187,127,128,128,128,128,128,128,128,128,128,128
77,108,119,138,168,162,159,170,181,201,177,192,194,190,183,131,128,128,128,128,128,128,128,128,128,128
94,120,137,133,168,159,172,204,195,188,184,192,207,184,132,123,128,128,128,128,128,128,128,128,128,128
91,110,127,156,165,164,165,192,209,213,212,215,207,196,128,132,128,128,128,128,128,128,128,128,128,128
85,99,114,138,169,174,188,202,214,222,210,215,199,129,124,129,128,128,128,128,128,128,128,128,128,128
