185,187,202,192,187,197,175,177,167,93,53,30,40,42,35,21,32,22,17,13,14,24,25,22,16,11
185,170,160,161,142,180,197,190,170,156,144,149,108,78,57,30,37,28,20,28,8,20,13,11,12,6
113,161,182,190,206,193,202,162,171,147,126,123,131,80,88,89,90,67,41,40,13,26,27,16,16,34
129,141,191,175,183,198,180,146,116,160,151,125,141,97,107,93,81,106,93,8,22,31,26,27,11,19
128,127,161,165,180,188,181,180,144,110,77,60,63,106,117,93,87,88,61,31,13,28,31,29,32,0
128,147,129,148,165,148,152,158,129,112,104,95,112,102,105,75,68,56,39,25,3,4,10,57,38,24
144,151,135,169,138,163,153,130,111,91,96,90,98,107,103,80,48,36,23,15,15,5,9,47,56,47
153,153,153,154,142,150,122,123,92,88,85,79,91,90,87,57,37,38,26,12,3,11,20,21,33,43
158,150,150,151,144,136,123,150,84,64,79,79,77,79,46,38,22,0,9,2,14,0,8,18,1,4
132,139,142,158,138,147,132,117,86,74,68,63,42,28,24,12,1,10,14,18,0,7,0,19,9,5
140,154,145,151,140,133,121,110,87,66,60,51,42,26,7,0,6,6,12,18,5,34,9,6,9,4
126,146,124,139,136,139,109,113,76,60,59,49,23,21,7,20,50,41,16,2,9,39,36,39,39,9
99,88,111,135,114,108,116,92,85,62,68,71,70,13,18,6,10,7,6,11,29,34,21,21,51,16
111,107,119,115,116,111,103,97,77,61,70,65,63,55,31,27,12,9,2,0,12,5,9,3,39,33
95,100,109,100,105,108,94,82,80,72,67,67,72,48,59,60,12,5,1,2,8,6,6,5,8,24
116,110,107,115,114,98,80,89,97,65,60,57,61,21,31,52,5,4,2,2,5,11,5,7,6,12
136,125,118,107,119,149,121,115,84,68,58,63,45,20,34,53,6,3,5,3,5,8,17,16,11,2
105,146,139,123,132,121,107,105,90,64,53,54,50,23,32,49,13,9,16,18,36,45,46,47,7,4
144,152,152,170,113,113,88,106,86,58,63,52,42,31,34,18,6,2,1,16,12,13,7,8,2,7
140,154,156,146,118,104,100,95,85,60,55,60,39,34,8,2,3,5,0,4,1,7,15,10,8,2
155,162,151,135,130,80,83,74,65,61,54,53,44,23,6,2,3,6,0,0,2,15,10,5,10,12
138,142,153,135,118,97,87,74,58,52,47,40,43,21,8,6,6,8,7,3,0,6,8,8,9,22
141,148,139,125,106,96,93,77,66,49,39,44,29,26,23,17,4,0,0,1,4,8,11,15,10,20
132,129,127,122,104,111,91,87,65,60,42,44,24,24,15,17,10,4,9,3,4,3,8,15,15,16
106,129,130,133,116,110,105,94,65,61,47,32,29,20,14,14,4,0,8,1,6,9,13,16,19,25
117,112,105,125,111,110,98,66,68,53,54,31,24,13,13,12,4,6,19,7,9,12,24,21,22,45
109,118,115,132,155,117,89,86,69,59,50,33,24,21,18,7,0,8,18,13,14,20,32,26,23,45
126,130,109,135,138,124,135,111,86,84,42,23,29,19,15,13,11,5,9,12,18,23,32,24,46,18
112,107,104,122,121,139,123,104,108,77,37,33,17,20,21,9,5,3,18,10,10,36,29,24,38,12
106,107,122,111,117,126,111,108,113,60,36,27,21,24,12,12,21,3,6,13,19,30,29,46,14,0
