39,39,20,22,9,29,8,3,12,9,19,22,36,18,12,11,6,14,1,14,12,4,5,1,0,4
32,38,18,12,20,16,6,1,1,14,22,28,26,10,11,11,20,21,5,14,17,11,2,5,1,4
35,44,28,19,32,9,4,4,4,17,22,24,24,23,16,29,16,17,28,19,25,12,1,0,10,0
37,36,28,23,19,4,0,4,9,11,21,16,28,35,31,25,34,23,28,26,28,15,3,5,4,0
47,38,37,29,16,14,1,7,7,10,26,28,35,37,45,45,19,20,55,39,27,2,10,8,2,9
40,40,39,23,13,8,8,16,6,15,23,40,43,46,53,39,46,45,52,46,22,5,19,6,6,10
42,51,44,30,25,9,11,21,13,23,25,43,52,61,56,58,56,63,65,51,22,16,24,12,8,19
56,62,48,46,42,22,18,25,29,38,46,55,67,72,58,61,79,84,59,51,24,35,31,13,23,15
67,70,73,64,59,28,25,20,50,51,63,75,83,78,81,80,98,91,64,34,50,37,28,19,16,29
93,106,93,92,81,52,63,62,59,67,73,91,110,98,106,125,103,92,56,31,52,39,32,13,27,40
111,134,133,134,109,108,98,94,108,107,112,128,141,143,144,150,102,85,29,52,60,33,37,35,35,52
136,155,164,163,137,140,149,131,139,139,145,160,157,162,167,158,140,69,82,87,46,53,53,50,62,97
175,178,174,174,177,162,168,176,170,177,160,166,173,178,191,167,150,114,103,73,78,63,57,68,97,129
184,182,188,176,188,182,177,178,182,170,174,179,184,176,180,183,181,177,149,143,111,110,95,102,140,161
192,194,212,194,189,189,192,186,200,173,175,179,184,192,169,182,184,174,181,182,167,172,135,150,156,162
194,183,185,189,187,172,176,180,166,185,166,174,165,175,188,163,173,173,162,167,177,184,180,178,174,187
185,186,171,173,166,148,157,147,155,138,159,146,151,160,146,131,130,138,124,144,148,173,175,167,179,187
156,148,165,139,136,145,139,140,120,128,98,94,93,88,121,129,106,121,115,112,120,146,158,141,174,160
160,148,130,141,137,92,73,76,81,68,76,71,77,82,79,72,114,94,108,140,126,132,141,151,167,163
105,96,88,85,55,51,51,59,68,58,70,70,57,63,70,75,100,110,96,90,79,149,133,123,164,146
91,75,51,50,52,52,56,54,41,49,51,64,78,71,67,81,75,80,95,84,93,118,114,126,149,144
43,43,34,41,34,36,43,35,42,36,63,57,72,65,75,81,78,85,77,99,90,101,104,122,132,130
40,44,40,48,33,41,47,42,44,33,49,49,42,61,69,88,81,69,86,85,90,107,117,120,110,117
47,38,45,34,41,48,51,48,42,48,38,31,42,50,59,66,78,84,90,86,96,110,110,122,103,122
45,43,33,50,41,58,55,58,54,64,66,51,50,55,54,70,76,90,80,82,100,106,116,111,107,123
56,61,58,64,59,68,56,74,72,74,79,92,80,64,63,73,75,84,81,83,104,113,119,97,131,115
76,76,81,82,82,77,81,75,70,86,88,94,91,106,89,89,82,84,88,85,98,104,115,122,134,124
95,100,109,93,95,106,90,97,100,93,90,106,104,108,102,103,100,100,108,101,110,117,111,103,125,128
126,112,124,125,118,109,110,100,107,103,101,91,87,94,98,104,107,104,107,97,104,113,126,123,131,124
135,127,127,122,118,116,120,118,122,102,98,92,98,93,88,89,93,97,107,111,117,122,111,116,124,133
