126,123,24,26,20,18,15,18,23,8,17,23,18,18,11,11,13,13,7,8,11,4,0,13,8,0
130,131,17,14,14,15,12,12,9,16,13,14,6,10,9,11,7,3,11,4,6,7,9,4,7,9
128,129,14,13,11,10,11,12,11,14,10,7,13,7,0,16,4,6,7,3,1,5,7,3,5,10
128,126,13,9,21,18,16,16,21,16,14,10,5,12,7,4,9,8,12,10,13,9,11,10,9,10
128,121,33,28,26,22,30,23,20,13,14,20,17,22,19,20,19,16,18,20,25,16,17,21,23,21
132,130,48,44,55,48,36,32,39,40,40,36,44,46,51,68,54,51,47,52,54,50,46,53,52,49
127,128,85,88,70,64,63,56,44,60,74,60,69,67,66,62,63,62,54,62,56,58,51,55,52,56
126,134,103,104,104,94,81,78,75,67,79,70,70,72,80,69,64,64,60,64,52,54,50,50,53,51
127,128,127,118,107,90,95,88,75,56,62,74,69,69,70,70,70,64,68,64,49,44,52,53,48,44
130,126,130,108,109,83,89,81,74,68,61,73,69,74,65,76,72,60,70,57,43,31,52,56,54,49
128,130,95,93,98,85,77,65,75,64,55,43,63,63,54,55,56,51,60,41,36,31,44,47,48,44
125,126,102,98,93,86,77,64,56,63,60,23,31,32,30,25,25,22,31,20,18,18,29,31,35,33
136,125,89,78,70,72,59,40,30,27,30,18,23,25,29,26,16,13,18,14,11,15,19,21,30,25
122,129,83,65,44,39,36,30,25,21,24,23,2,3,10,14,12,11,11,11,7,14,12,17,14,12
126,137,56,37,25,24,38,46,26,22,9,8,13,23,14,0,0,1,0,2,0,9,8,17,21,11
126,127,24,25,37,34,27,16,12,13,14,32,42,22,5,4,0,1,0,0,0,4,1,12,22,39
129,125,24,25,24,19,12,9,17,32,66,103,50,15,3,4,7,8,6,4,3,3,0,3,21,49
131,127,39,36,16,10,10,22,53,119,189,195,27,4,18,10,12,13,14,12,14,11,2,7,8,37
131,123,43,23,6,14,34,60,185,214,235,77,14,14,18,14,14,17,19,23,13,24,25,15,14,23
124,131,24,13,24,26,67,165,226,230,240,51,29,12,21,24,28,19,24,17,30,42,71,38,34,15
129,129,15,14,16,39,114,220,254,250,244,44,28,26,27,31,19,31,31,8,12,44,245,70,54,16
129,127,16,21,35,66,207,218,240,252,254,69,36,25,15,20,16,11,11,0,4,16,23,38,28,20
128,130,30,30,37,104,252,252,254,255,255,102,27,21,21,12,15,20,13,0,2,20,19,16,12,19
129,124,39,51,56,109,227,253,255,254,252,222,40,20,18,24,16,17,11,5,7,20,19,14,13,29
125,134,54,52,56,39,174,251,218,253,255,255,84,19,15,14,13,17,23,12,14,19,7,10,14,83
129,128,47,50,56,54,74,200,254,255,255,251,253,47,19,18,14,12,13,13,12,13,11,13,41,241
128,131,43,40,56,54,51,88,195,254,253,254,254,253,38,20,14,4,12,15,11,0,17,47,203,248
127,130,59,59,49,52,48,53,74,180,250,249,251,255,222,89,33,20,11,17,15,28,64,188,228,248
129,126,61,53,45,54,58,48,52,44,87,191,233,249,237,233,204,104,80,70,77,174,165,176,192,161
129,128,64,55,67,57,50,44,45,38,53,47,65,90,104,125,117,127,106,97,77,73,76,55,48,43
