133,130,9,19,18,19,26,22,33,53,65,69,60,60,49,39,35,26,24,27,29,36,41,35,45,45
124,129,26,30,26,29,50,75,100,112,129,144,125,99,75,73,69,56,54,57,55,63,67,58,55,55
123,131,31,33,47,56,89,144,147,154,153,160,143,126,121,117,113,74,59,55,60,62,62,52,58,55
135,129,33,50,60,119,144,151,160,163,168,172,159,123,115,111,94,67,71,58,53,64,57,57,60,57
123,131,41,55,69,130,154,165,154,195,188,132,109,122,100,123,93,80,89,75,53,55,53,67,50,51
132,125,46,72,102,121,150,161,130,151,147,124,125,107,83,99,66,59,60,71,48,30,29,39,35,35
126,131,46,90,157,144,157,178,143,122,116,129,85,121,72,74,65,42,24,36,27,14,12,19,16,18
129,125,50,98,132,131,145,139,151,102,115,108,97,50,58,45,29,15,16,20,19,18,6,7,2,8
128,130,54,92,125,139,133,130,120,93,72,84,53,38,14,27,37,31,29,13,7,8,4,2,2,2
127,129,71,99,116,121,106,113,110,93,64,44,24,12,29,23,29,28,12,3,9,8,21,11,2,0
132,124,57,83,90,94,96,91,87,86,46,28,15,20,31,20,11,3,9,7,30,74,58,12,3,0
123,132,72,62,71,99,92,87,74,47,28,18,21,19,9,5,1,7,11,54,147,179,49,6,6,4
135,122,65,70,112,75,78,69,66,30,21,19,31,22,6,7,9,28,84,182,231,238,21,6,10,13
128,134,58,65,96,86,84,51,51,31,20,20,23,10,6,6,36,104,169,228,255,249,34,16,10,24
125,124,67,78,79,81,59,45,26,19,12,15,9,7,10,21,76,169,187,255,254,252,31,19,13,24
133,131,73,76,70,73,61,48,42,26,19,15,5,12,12,35,155,233,242,253,253,252,43,19,10,10
121,131,66,94,87,89,61,48,35,22,17,16,19,29,38,55,151,248,249,255,255,254,82,13,15,9
129,129,85,76,91,90,52,44,30,34,25,28,36,31,48,41,86,230,250,253,253,255,226,26,8,10
128,130,82,85,76,59,52,35,39,40,38,37,33,43,38,41,52,215,246,255,253,255,255,92,15,11
127,126,90,79,75,55,59,57,64,55,40,39,41,37,37,38,38,93,201,248,255,250,250,255,40,8
131,127,77,92,82,78,55,56,52,55,43,47,39,29,33,40,40,47,85,185,250,255,255,255,251,59
126,133,90,134,118,107,65,66,62,60,45,51,42,43,36,40,36,36,47,80,194,248,253,252,255,250
128,125,106,148,167,129,97,77,69,53,56,55,51,49,36,40,53,46,42,47,40,95,188,237,247,248
127,133,139,158,170,125,117,107,88,58,75,60,60,48,47,51,55,35,26,26,44,35,52,47,60,96
127,126,129,142,145,137,116,107,130,91,88,65,64,69,73,59,31,45,43,37,26,25,32,25,34,26
131,125,135,142,145,164,136,126,109,96,91,78,58,80,80,51,49,46,49,39,36,31,38,32,25,42
131,125,146,157,171,143,141,119,117,131,99,122,98,93,71,62,45,64,55,48,42,43,51,34,38,38
125,133,133,171,150,144,136,146,144,120,105,112,85,76,104,76,72,64,67,55,55,51,53,34,42,41
131,124,138,168,166,155,177,144,146,164,142,162,104,84,82,56,73,74,68,67,70,73,53,52,48,52
128,126,153,128,153,171,124,160,152,141,148,107,128,139,103,98,90,75,116,98,70,68,53,50,61,64
