77,85,117,108,141,114,151,150,165,190,176,179,195,130,125,130,128,128,128,128,128,128,128,128,128,128
66,122,131,131,152,138,137,123,152,150,169,144,182,124,130,124,128,128,128,128,128,128,128,128,128,128
80,129,150,135,139,174,171,148,169,134,165,158,127,132,129,129,128,128,128,128,128,128,128,128,128,128
90,128,130,142,159,145,166,162,154,171,168,161,131,123,129,128,128,128,128,128,128,128,128,128,128,128
104,114,168,156,158,173,146,163,145,166,173,130,127,127,130,128,128,128,128,128,128,128,128,128,128,128
150,176,175,215,183,166,174,159,177,176,152,127,130,126,127,128,128,128,128,128,128,128,128,128,128,128
132,179,171,187,186,174,158,153,162,112,126,128,123,127,134,128,128,128,128,128,128,128,128,128,128,128
157,171,183,185,205,173,163,162,158,141,126,133,127,128,127,127,128,128,128,128,128,128,128,128,128,128
165,184,180,203,184,149,125,88,109,128,135,129,127,127,127,129,128,128,128,128,128,128,128,128,128,128
158,195,196,195,167,151,130,142,124,126,125,124,127,129,129,128,128,128,128,128,128,128,128,128,128,128
154,169,186,193,106,142,117,115,145,133,127,129,130,129,128,125,128,128,128,128,128,128,128,128,128,128
143,174,163,119,136,131,120,136,134,126,126,130,128,127,129,128,128,128,128,128,128,128,128,128,128,128
156,144,134,156,156,113,124,111,126,124,128,130,126,127,130,128,128,128,128,128,128,128,128,128,128,128
148,142,159,169,131,124,102,130,131,130,130,129,127,129,129,126,128,128,128,128,128,128,128,128,128,128
108,79,96,136,147,101,127,124,126,126,124,124,128,129,129,129,128,128,128,128,128,128,128,128,128,128
79,101,111,152,131,144,129,129,129,131,129,128,131,127,125,130,128,128,128,128,128,128,128,128,128,128
93,114,116,116,121,126,129,129,128,128,128,128,128,128,128,128,128,128,128,128,128,128,128,128,128,128
104,106,112,112,93,131,119,128,128,128,128,128,128,128,128,128,128,128,128,128,128,128,128,128,128,128
120,108,141,111,123,131,131,127,128,128,128,128,128,128,128,128,128,128,128,128,128,128,128,128,128,128
113,118,124,110,128,125,128,127,128,128,128,128,128,128,128,128,128,128,128,128,128,128,128,128,128,128
107,123,112,127,128,130,128,130,128,128,128,128,128,128,128,128,128,128,128,128,128,128,128,128,128,128
113,112,125,131,130,126,129,122,128,128,128,128,128,128,128,128,128,128,128,128,128,128,128,128,128,128
124,123,130,131,121,129,130,129,128,128,128,128,128,128,128,128,128,128,128,128,128,128,128,128,128,128
107,126,128,126,128,130,128,128,128,128,128,128,128,128,128,128,128,128,128,128,128,128,128,128,128,128
128,128,128,128,128,128,128,128,128,128,128,128,128,128,128,128,128,128,128,128,128,128,128,128,128,128
128,128,128,128,128,128,128,128,128,128,128,128,128,128,128,128,128,128,128,128,128,128,128,128,128,128
128,128,128,128,128,128,128,128,128,128,128,128,128,128,128,128,128,128,128,128,128,128,128,128,128,128
128,128,128,128,128,128,128,128,128,128,128,128,128,128,128,128,128,128,128,128,128,128,128,128,128,128
128,128,128,128,128,128,128,128,128,128,128,128,128,128,128,128,128,128,128,128,128,128,128,128,128,128
128,128,128,128,128,128,128,128,128,128,128,128,128,128,128,128,128,128,128,128,128,128,128,128,128,128
