185,191,120,203,227,248,246,244,251,244,255,246,255,128,124,129,128,128,128,128,128,128,128,128,128,128
169,132,193,247,237,249,250,249,247,246,244,250,249,130,132,127,128,128,128,128,128,128,128,128,128,128
183,143,227,244,242,247,253,248,248,254,241,251,123,126,125,128,128,128,128,128,128,128,128,128,128,128
117,130,214,251,245,245,253,251,247,249,255,250,130,128,128,130,128,128,128,128,128,128,128,128,128,128
121,117,57,81,180,209,174,248,247,252,243,123,131,134,122,129,128,128,128,128,128,128,128,128,128,128
122,121,48,15,23,62,58,74,93,195,225,133,122,123,131,128,128,128,128,128,128,128,128,128,128,128
122,114,34,9,1,9,36,61,76,79,132,129,126,134,129,124,128,128,128,128,128,128,128,128,128,128
115,97,30,11,7,4,1,6,13,33,125,129,128,126,124,131,128,128,128,128,128,128,128,128,128,128
112,89,38,1,4,0,0,0,2,10,127,127,128,126,127,128,128,128,128,128,128,128,128,128,128,128
112,97,20,0,4,0,3,4,2,124,127,129,128,130,130,127,128,128,128,128,128,128,128,128,128,128
114,88,22,4,1,4,3,0,1,131,129,132,126,123,128,132,128,128,128,128,128,128,128,128,128,128
125,74,40,0,5,0,12,4,126,124,127,124,128,134,129,125,128,128,128,128,128,128,128,128,128,128
117,83,29,3,4,8,8,10,132,124,128,131,129,129,126,129,128,128,128,128,128,128,128,128,128,128
125,79,18,1,0,0,3,125,123,133,127,124,130,126,130,128,128,128,128,128,128,128,128,128,128,128
124,69,9,2,6,6,127,131,128,128,131,124,133,126,129,126,128,128,128,128,128,128,128,128,128,128
114,75,11,4,0,2,128,125,128,130,124,130,128,128,126,130,128,128,128,128,128,128,128,128,128,128
124,68,9,5,3,124,126,129,128,128,128,128,128,128,128,128,128,128,128,128,128,128,128,128,128,128
122,68,1,4,0,134,131,126,128,128,128,128,128,128,128,128,128,128,128,128,128,128,128,128,128,128
120,60,4,0,127,127,125,130,128,128,128,128,128,128,128,128,128,128,128,128,128,128,128,128,128,128
128,69,0,0,128,128,131,126,128,128,128,128,128,128,128,128,128,128,128,128,128,128,128,128,128,128
111,64,1,132,129,125,124,129,128,128,128,128,128,128,128,128,128,128,128,128,128,128,128,128,128,128
127,69,124,124,129,126,134,125,128,128,128,128,128,128,128,128,128,128,128,128,128,128,128,128,128,128
117,65,129,134,126,128,124,130,128,128,128,128,128,128,128,128,128,128,128,128,128,128,128,128,128,128
127,130,126,127,127,131,126,129,128,128,128,128,128,128,128,128,128,128,128,128,128,128,128,128,128,128
128,128,128,128,128,128,128,128,128,128,128,128,128,128,128,128,128,128,128,128,128,128,128,128,128,128
128,128,128,128,128,128,128,128,128,128,128,128,128,128,128,128,128,128,128,128,128,128,128,128,128,128
128,128,128,128,128,128,128,128,128,128,128,128,128,128,128,128,128,128,128,128,128,128,128,128,128,128
128,128,128,128,128,128,128,128,128,128,128,128,128,128,128,128,128,128,128,128,128,128,128,128,128,128
128,128,128,128,128,128,128,128,128,128,128,128,128,128,128,128,128,128,128,128,128,128,128,128,128,128
128,128,128,128,128,128,128,128,128,128,128,128,128,128,128,128,128,128,128,128,128,128,128,128,128,128
