80,79,65,46,51,34,41,33,46,54,64,71,77,72,70,78,88,88,81,75,70,68,58,47,43,38
34,50,41,43,43,20,40,43,51,56,69,74,71,87,94,93,99,100,98,101,93,71,66,56,40,45
26,30,31,31,37,45,30,39,48,56,67,78,87,94,103,108,119,102,104,109,87,71,65,45,43,35
83,82,29,42,31,36,34,33,50,55,57,69,89,104,110,123,128,134,117,92,73,69,58,54,38,38
108,93,97,38,40,21,40,33,37,46,54,69,84,94,114,108,117,114,119,90,70,59,55,43,38,30
112,108,109,107,37,39,27,64,33,46,53,63,85,99,107,109,111,117,114,91,68,54,40,40,39,43
114,138,163,181,137,29,40,34,41,48,49,67,70,95,98,88,93,101,96,77,58,56,49,33,29,34
25,163,195,200,214,179,46,27,68,31,44,54,72,92,102,87,100,88,88,76,57,40,42,30,47,43
0,196,226,231,248,252,26,53,40,49,37,58,71,84,91,107,108,100,80,65,57,43,30,34,27,43
8,225,231,255,253,255,214,51,20,73,34,45,56,72,94,93,91,81,81,59,44,41,36,33,37,59
54,236,245,255,251,255,255,38,29,27,40,40,53,69,85,91,94,91,75,57,36,39,36,35,47,61
22,22,110,252,255,232,244,44,27,14,47,37,42,59,71,86,87,75,66,51,38,30,33,46,47,43
8,28,29,70,243,150,151,51,27,5,14,27,35,39,26,28,26,21,31,26,33,29,40,46,51,54
2,20,14,109,60,185,171,39,44,14,7,5,7,22,28,33,33,33,40,39,28,30,29,42,88,37
8,10,23,60,46,44,54,57,35,6,4,1,8,11,20,13,4,7,15,31,28,21,37,37,93,75
4,22,31,43,45,43,24,67,25,15,11,10,24,19,34,37,36,33,22,32,24,31,39,23,103,60
2,17,24,45,48,43,35,58,27,14,19,30,25,32,58,76,85,78,46,27,22,15,37,34,141,55
5,20,27,45,50,53,22,62,17,9,30,19,35,64,91,106,117,117,94,63,20,28,33,32,126,27
13,14,31,39,76,62,31,65,13,14,35,22,53,99,118,155,170,166,147,97,45,21,27,27,67,39
14,22,27,48,96,104,34,46,19,24,11,39,73,116,194,203,207,210,206,124,62,5,24,30,40,54
20,21,24,48,89,78,46,26,11,33,22,46,97,191,225,237,201,220,206,178,82,33,27,19,45,52
22,12,15,68,91,41,60,17,33,17,16,65,106,181,224,225,186,216,198,173,95,45,11,29,28,70
19,14,30,100,66,33,64,10,28,15,43,80,168,194,212,221,211,201,229,187,111,55,10,25,26,90
12,21,70,78,32,43,30,16,28,16,51,108,155,197,225,225,225,203,218,222,134,71,28,22,24,62
22,38,82,41,32,57,27,26,8,29,76,107,178,216,221,210,230,222,226,183,147,99,32,9,24,36
51,68,63,54,29,50,15,13,15,42,85,139,195,224,232,230,225,220,210,211,193,93,59,1,28,26
56,78,37,51,46,27,29,9,26,55,101,175,181,220,236,229,220,224,231,223,196,117,59,21,16,26
63,31,75,6,53,15,21,7,33,67,115,164,152,229,228,238,235,223,231,220,200,175,90,36,11,23
45,53,60,34,44,26,17,22,49,95,127,184,223,220,234,227,217,233,225,228,200,147,106,59,0,19
28,73,14,47,17,16,11,35,65,114,146,211,187,230,225,199,223,229,214,228,201,176,123,68,29,6
