195,161,160,174,201,189,186,208,223,237,254,244,240,248,250,251,236,239,239,226,233,227,206,188,174,145
100,27,10,5,12,55,147,195,213,222,232,240,249,252,238,233,232,238,236,239,217,195,192,159,142,134
91,43,37,11,3,3,5,64,180,220,236,235,228,224,235,236,213,221,223,204,198,180,154,145,73,26
100,86,70,42,29,5,16,47,59,140,195,218,207,216,216,205,197,212,208,199,173,152,122,34,14,10
120,131,139,85,66,60,76,66,94,100,169,197,198,191,181,170,164,175,159,143,159,122,67,53,41,40
121,167,189,191,136,123,126,167,168,155,154,197,161,168,157,145,143,140,132,157,113,102,112,95,104,104
97,138,174,198,161,186,186,195,150,177,165,167,177,148,149,144,156,155,143,152,129,131,142,134,156,155
98,108,137,176,176,189,198,189,183,174,155,130,127,157,137,152,157,152,124,124,139,156,162,152,157,143
126,115,134,150,164,173,170,188,185,169,159,161,150,134,128,141,134,133,146,151,166,154,159,152,149,128
142,150,154,156,164,195,167,208,198,199,201,184,186,144,154,154,143,130,157,185,187,175,157,149,146,132
146,166,145,185,183,165,195,206,210,209,196,205,191,167,130,143,129,141,172,173,197,160,162,159,153,141
172,162,172,178,180,177,207,194,203,193,210,197,180,162,129,131,138,174,178,171,174,169,160,161,161,158
190,161,178,186,191,184,199,203,201,185,177,174,169,191,132,130,165,143,183,192,177,168,150,153,162,166
198,168,192,167,176,190,206,210,194,191,174,191,197,178,159,148,173,161,186,207,198,207,162,155,163,172
199,176,195,177,210,203,184,183,197,209,199,179,184,178,182,173,170,184,180,205,197,184,160,177,169,171
209,172,215,200,185,182,173,173,167,176,169,166,186,163,182,171,173,168,179,205,193,179,182,185,174,167
200,180,210,206,199,168,183,173,172,168,178,161,167,166,168,179,166,158,161,148,155,178,157,152,170,148
198,209,201,194,197,165,174,177,166,173,169,154,167,136,163,158,161,147,143,161,166,152,121,150,157,146
209,192,174,181,185,164,152,168,194,210,178,168,149,135,147,121,135,141,135,136,146,152,133,126,146,145
175,186,176,152,175,158,181,193,187,191,195,185,169,188,162,149,149,158,164,146,157,152,150,140,135,134
173,191,194,181,181,189,185,201,203,203,196,221,177,199,209,161,161,187,204,190,172,185,162,153,141,174
195,188,207,225,200,170,171,174,165,149,165,165,166,164,180,197,190,188,171,156,140,163,137,150,169,162
214,211,166,190,177,145,139,147,136,137,152,134,132,120,145,148,129,125,117,108,126,128,130,129,135,136
200,180,162,150,145,139,149,140,136,139,136,144,139,130,125,123,119,117,108,102,118,120,118,120,134,116
150,139,150,135,144,128,127,132,132,128,126,130,127,142,120,139,119,93,110,106,107,113,109,122,119,120
135,107,129,121,126,118,126,142,120,131,101,119,104,125,119,120,94,106,121,100,108,118,108,112,115,102
93,84,80,85,79,89,83,72,113,100,112,103,74,105,108,132,103,88,109,100,102,91,99,89,89,89
62,60,70,63,59,65,67,64,73,80,74,77,76,94,100,92,77,76,67,75,77,72,65,79,68,61
46,58,65,53,67,47,38,48,46,56,69,65,74,91,96,99,78,47,42,57,48,36,46,39,47,36
61,61,78,68,74,66,68,50,37,48,51,68,71,73,84,84,70,57,49,38,36,43,32,37,47,63
