44,54,101,95,98,170,216,214,221,235,219,230,212,185,227,237,212,226,235,242,225,233,200,178,188,149
81,73,87,121,139,159,188,220,215,217,219,213,224,184,184,224,219,222,211,206,218,206,199,196,210,154
83,104,95,142,140,153,190,185,216,222,213,197,168,194,231,220,228,221,221,225,221,218,204,211,189,177
116,122,100,148,129,168,179,209,210,210,204,196,195,198,197,214,217,196,213,202,223,221,185,203,195,156
103,118,125,145,143,167,176,189,214,208,216,202,203,204,218,206,209,199,200,229,206,214,191,182,150,147
107,113,107,136,146,172,196,164,179,228,213,212,203,213,211,211,198,216,153,199,201,178,177,173,159,122
87,98,99,108,138,161,167,168,186,185,206,201,204,214,179,200,212,201,189,196,191,187,192,151,136,129
73,83,89,98,115,143,161,165,178,199,206,198,190,182,195,209,182,193,195,177,182,169,158,144,132,132
81,80,86,98,103,123,162,162,186,190,221,218,195,222,199,179,210,192,205,190,184,181,147,142,130,89
76,72,88,97,98,112,132,154,164,198,206,202,208,195,179,162,180,184,180,167,183,185,151,135,106,89
58,65,81,93,93,94,117,131,150,182,180,197,202,192,185,182,174,177,195,175,156,172,150,108,101,97
59,60,66,74,82,93,93,122,156,180,196,210,199,199,172,174,167,181,182,172,171,146,130,94,86,67
52,53,58,66,80,86,89,102,135,165,176,212,198,187,167,164,182,189,191,171,155,131,114,94,78,69
49,52,56,62,76,86,89,99,123,149,165,195,162,199,184,166,158,172,165,159,147,135,106,83,69,72
53,54,52,56,73,72,98,104,125,166,163,185,196,180,180,194,171,169,163,144,139,114,94,70,68,58
52,54,55,62,66,83,86,105,121,147,170,172,180,175,200,186,162,161,173,135,123,96,85,78,61,58
59,58,57,65,70,81,89,95,111,142,156,176,165,197,193,172,170,162,140,143,117,100,82,79,53,62
78,66,53,53,70,79,87,95,125,157,160,188,176,183,182,158,179,169,149,123,99,90,79,71,71,63
96,87,70,61,70,77,85,95,107,142,147,163,175,170,164,148,151,157,130,120,106,97,84,72,73,65
112,97,62,66,67,84,94,89,117,127,159,162,171,192,153,149,144,135,120,129,100,86,91,71,70,75
100,91,70,66,74,82,85,100,115,128,137,156,183,164,168,176,162,140,123,115,98,92,90,76,68,65
95,70,66,70,72,95,85,94,110,124,149,155,172,181,185,170,159,139,137,105,93,86,80,78,71,65
90,72,64,70,85,93,109,100,100,114,116,143,182,189,189,185,175,158,134,117,112,86,87,79,72,71
72,77,70,71,78,78,87,107,106,104,121,154,180,184,198,169,185,192,157,134,117,90,81,81,79,74
73,68,66,79,96,86,101,87,101,112,143,161,151,187,195,179,216,184,168,147,127,108,82,85,84,70
79,76,70,78,91,100,97,109,98,116,146,158,188,203,216,198,203,209,202,156,126,103,89,83,87,87
77,78,80,83,93,99,96,102,93,102,121,148,205,224,219,231,209,221,206,155,124,91,92,76,99,87
80,86,78,97,104,96,96,104,97,115,156,169,227,241,232,216,209,236,199,145,132,101,99,95,89,90
81,84,96,114,103,104,109,106,112,136,152,186,220,230,236,215,212,231,203,195,115,102,105,102,110,99
93,101,99,112,119,110,98,109,108,133,159,168,216,225,228,214,224,235,201,170,124,115,91,98,98,102
