131,127,131,137,122,70,86,142,187,188,223,212,219,239,241,240,240,243,246,246,246,248,250,251,254,253
124,127,123,127,125,83,85,148,160,206,220,206,226,238,235,222,240,244,248,249,249,250,252,253,251,254
129,129,132,128,128,135,116,99,142,184,211,218,229,236,247,239,243,244,249,253,253,250,251,255,251,253
128,125,126,131,129,118,96,121,109,154,208,225,228,233,237,240,245,245,249,253,253,249,249,253,253,252
130,127,128,128,126,131,93,88,109,179,201,219,228,224,245,247,251,252,253,253,252,252,253,254,254,253
126,132,128,126,129,127,82,98,115,175,205,219,229,231,236,242,251,252,251,247,247,250,252,250,253,255
126,129,127,132,127,127,129,103,118,168,191,212,224,233,239,247,248,248,247,246,248,251,253,254,255,248
128,130,125,128,126,130,131,102,111,154,180,220,221,227,236,248,249,250,249,249,250,252,254,254,250,254
127,130,126,128,128,131,125,93,124,153,199,208,217,244,247,245,250,252,252,251,251,253,253,253,249,255
127,129,127,129,129,130,123,98,140,160,192,212,222,225,237,239,250,252,253,252,251,252,253,253,251,254
130,128,127,128,127,129,130,122,112,144,196,202,207,231,223,241,249,252,253,252,252,252,254,254,252,252
129,127,128,130,127,127,130,131,91,124,171,182,209,210,228,235,244,249,253,253,253,253,254,255,253,255
126,127,130,130,128,128,126,126,111,135,188,182,211,229,239,229,236,243,251,254,254,254,253,253,253,253
127,127,128,125,126,131,129,128,111,126,162,213,210,226,228,236,230,239,249,254,254,253,251,250,252,244
128,128,128,128,128,128,128,128,127,112,162,203,195,206,234,236,238,239,252,254,252,254,248,248,249,248
128,128,128,128,128,128,128,128,127,100,133,186,207,210,232,223,241,243,251,249,249,252,247,248,252,250
128,128,128,128,128,128,128,128,127,110,137,177,201,199,225,243,240,246,250,246,249,251,246,248,252,249
128,128,128,128,128,128,128,128,127,95,123,202,194,183,213,223,237,248,249,245,251,253,248,249,252,246
128,128,128,128,128,128,128,128,129,127,88,190,188,181,209,228,238,248,247,246,252,253,250,252,254,250
128,128,128,128,128,128,128,128,126,125,118,119,160,184,219,221,241,247,243,244,249,250,252,253,254,254
128,128,128,128,128,128,128,128,127,133,93,142,185,171,188,220,239,242,239,245,248,247,253,253,251,254
128,128,128,128,128,128,128,128,129,127,131,111,147,162,181,204,234,235,235,246,248,246,253,251,249,252
128,128,128,128,128,128,128,128,126,128,131,130,123,141,199,213,228,231,242,241,244,242,245,248,254,254
128,128,128,128,128,128,128,128,130,126,125,109,122,128,181,191,220,225,231,243,244,249,246,252,243,247
128,128,128,128,128,128,128,128,126,128,130,125,100,155,172,188,193,217,232,243,240,241,236,241,249,249
128,128,128,128,128,128,128,128,130,130,128,127,140,126,152,176,190,220,237,230,236,237,247,251,246,246
128,128,128,128,128,128,128,128,127,123,130,124,99,100,125,168,180,209,220,223,243,243,245,242,242,249
128,128,128,128,128,128,128,128,130,136,124,133,124,84,115,179,189,214,208,219,233,239,239,248,238,250
128,128,128,128,128,128,128,128,126,122,127,128,130,115,99,121,159,204,209,216,222,222,225,238,238,245
128,128,128,128,128,128,128,128,127,134,125,128,127,124,94,119,135,196,213,204,218,220,237,247,235,236
