228,219,216,224,206,192,177,194,204,211,177,181,162,166,160,140,150,166,179,190,174,179,164,190,152,165
223,214,223,200,192,190,195,218,209,194,169,181,148,147,151,124,130,122,144,123,131,124,133,111,103,89
224,226,216,190,200,204,164,184,176,180,152,136,166,146,114,118,105,113,95,87,93,97,91,62,69,59
216,231,225,183,185,215,198,162,201,163,162,121,142,114,73,80,71,76,69,64,66,54,57,48,42,43
218,232,221,192,196,185,177,158,162,149,177,171,100,65,72,61,58,48,55,44,43,28,28,29,26,26
212,220,219,202,181,163,164,197,165,154,171,117,96,62,68,48,31,31,17,21,10,18,20,27,42,45
189,218,207,192,172,163,164,172,153,162,157,110,95,67,62,38,19,16,14,20,15,19,38,45,59,61
178,190,208,210,203,186,198,158,146,129,116,93,77,63,53,50,40,33,25,33,37,38,50,52,65,59
175,189,200,196,214,176,189,144,137,118,95,92,84,72,76,66,61,53,42,38,38,57,44,48,68,58
150,190,195,196,187,169,188,151,111,89,106,112,82,87,77,69,76,72,65,55,53,48,43,63,58,67
148,187,190,154,173,186,155,167,87,113,106,95,94,83,88,75,80,88,75,60,60,53,57,52,44,62
178,176,182,175,187,149,126,145,134,130,132,105,97,116,98,92,94,91,93,75,76,57,81,65,76,59
158,204,151,176,159,172,123,123,129,136,128,101,113,109,118,129,114,140,120,108,80,81,79,84,67,70
166,160,156,107,166,148,147,149,126,134,136,132,109,122,126,128,99,138,133,145,109,117,86,87,84,77
147,160,130,160,156,174,130,125,117,114,119,122,125,124,139,137,133,111,114,108,117,127,96,117,83,91
120,146,142,144,131,122,113,132,111,120,111,120,150,145,185,139,120,133,131,117,113,140,119,102,118,132
146,136,135,152,133,97,101,119,123,110,113,109,119,135,137,139,98,114,116,123,130,135,117,128,121,124
148,159,138,137,132,117,102,95,95,110,109,86,97,93,113,138,104,137,144,114,123,118,147,143,125,135
124,109,117,136,110,114,99,83,97,112,94,91,93,89,89,89,119,110,117,110,108,116,118,115,122,122
128,103,109,117,103,93,103,97,82,91,73,88,91,81,74,85,84,91,106,123,97,105,117,112,119,116
136,105,100,106,102,90,101,99,107,88,83,100,70,82,74,78,87,96,102,84,103,95,109,98,80,98
113,107,118,119,115,90,86,105,117,86,90,83,70,71,70,74,79,74,83,83,77,90,83,111,98,87
108,97,109,118,103,111,116,107,113,85,87,90,79,74,64,66,85,71,73,67,81,79,80,91,93,108
123,120,147,113,113,106,114,98,101,122,103,91,93,86,87,74,66,70,69,76,67,79,87,100,83,99
124,106,140,118,107,108,101,98,106,117,114,105,92,88,88,85,83,84,72,80,81,86,75,83,95,83
130,127,135,107,115,104,101,102,101,127,100,97,105,108,100,106,104,95,77,81,93,112,105,89,104,85
128,131,101,97,97,111,123,117,116,113,104,99,115,100,103,93,86,89,95,106,107,103,113,107,110,106
128,128,124,94,102,103,103,90,115,133,125,112,109,108,100,112,111,108,115,109,109,116,119,143,142,120
126,131,134,133,103,102,112,118,117,115,166,132,107,111,121,113,119,119,114,112,128,114,154,158,162,120
126,121,133,122,129,98,100,126,103,120,110,127,136,117,114,143,124,106,141,124,124,147,157,167,164,138
