246,246,248,252,239,249,233,233,221,233,221,212,225,223,214,235,202,215,179,194,177,189,126,129,128,128
247,249,248,255,245,253,236,233,222,230,201,214,217,199,215,222,199,198,184,205,179,186,124,129,128,128
239,245,241,253,248,245,244,248,239,216,251,217,206,221,239,205,219,188,192,188,167,135,128,130,128,128
229,244,236,242,241,245,243,234,242,226,224,216,216,204,233,225,196,207,196,189,182,122,129,126,128,128
238,248,236,241,238,249,232,223,233,218,220,228,193,197,215,189,187,200,161,192,195,131,123,132,128,128
248,241,229,246,235,240,219,239,230,240,228,203,193,194,186,180,181,174,163,209,191,129,128,128,128,128
248,247,233,237,239,244,235,217,219,221,232,182,159,188,182,149,191,131,168,183,128,125,131,127,128,128
249,230,224,209,234,235,230,226,215,229,205,205,133,163,188,162,193,161,186,189,128,130,126,128,128,128
253,239,209,232,232,233,220,220,236,200,212,191,201,173,174,183,177,153,176,215,128,131,117,134,128,128
243,255,241,229,230,210,214,228,219,211,173,156,201,210,200,205,175,170,195,181,127,126,132,126,128,128
244,244,239,191,243,245,215,215,218,209,158,176,218,198,194,191,151,183,186,130,127,129,132,125,128,128
239,239,237,226,230,248,230,231,185,187,183,188,186,188,188,176,142,172,159,128,127,130,124,130,128,128
245,244,243,243,224,212,236,230,216,213,166,138,195,184,187,166,160,177,169,130,128,124,133,126,128,128
237,244,239,218,233,210,205,188,208,156,176,179,193,157,199,129,127,162,151,130,128,128,126,129,128,128
244,245,234,221,232,211,223,170,167,165,164,172,171,157,172,162,152,142,130,128,129,128,126,129,128,128
219,247,219,230,198,216,205,182,160,151,170,167,159,154,152,177,153,134,128,125,128,130,128,126,128,128
209,242,216,217,210,208,202,187,177,194,179,164,140,152,159,175,146,120,130,127,126,127,129,129,128,128
220,223,234,199,224,207,193,200,168,168,167,145,141,133,171,166,140,106,127,130,130,127,129,127,128,128
206,219,226,219,223,187,188,158,139,115,159,181,140,116,135,161,175,124,128,126,128,127,129,128,128,128
181,208,207,221,165,181,204,188,143,120,151,137,151,130,123,182,173,133,131,126,127,126,128,130,128,128
194,199,190,180,187,175,214,159,154,140,121,138,144,134,165,124,121,117,128,130,131,129,127,126,128,128
161,182,166,171,170,186,166,152,147,114,159,124,141,143,159,165,126,132,131,125,125,130,129,127,128,128
157,185,160,166,154,189,157,147,119,123,112,139,138,157,164,151,128,128,128,128,128,128,128,128,128,128
163,180,184,179,166,130,158,139,100,102,134,81,119,125,145,147,128,128,128,128,128,128,128,128,128,128
162,163,184,180,174,173,153,162,114,162,136,102,132,163,123,130,128,128,128,128,128,128,128,128,128,128
127,149,173,171,180,154,168,176,156,120,130,125,108,143,156,127,128,128,128,128,128,128,128,128,128,128
116,140,168,154,121,158,148,159,153,160,139,139,179,163,157,126,128,128,128,128,128,128,128,128,128,128
108,148,178,164,152,178,159,156,141,145,136,125,133,149,127,132,128,128,128,128,128,128,128,128,128,128
114,136,127,140,169,164,155,158,162,144,161,161,174,138,129,126,128,128,128,128,128,128,128,128,128,128
85,138,142,148,140,137,142,134,119,121,149,157,132,126,127,128,128,128,128,128,128,128,128,128,128,128
