159,33,9,53,93,47,36,38,43,34,35,33,26,17,14,32,34,35,33,16,31,65,80,54,17,23
242,91,28,15,54,100,66,101,68,60,36,30,28,32,28,17,21,20,22,14,46,78,77,47,44,23
245,232,79,5,21,48,89,53,39,31,32,35,21,33,30,25,32,16,23,21,22,70,89,54,42,37
247,240,194,61,27,21,42,73,63,42,45,39,35,31,36,42,39,40,30,42,39,82,68,65,59,64
245,243,239,119,40,36,24,33,55,85,65,50,42,39,51,55,54,51,39,42,64,76,69,64,66,70
248,246,234,206,85,54,50,21,16,32,43,62,70,45,49,59,49,44,55,51,58,64,67,72,73,70
251,249,242,226,176,85,62,54,45,27,8,22,30,48,73,59,49,51,55,60,63,63,66,73,77,75
253,252,247,238,231,182,82,77,61,58,52,34,31,20,30,27,14,28,49,65,72,70,65,61,62,63
255,255,253,245,236,239,219,82,75,73,64,62,53,43,40,33,33,14,21,33,36,38,33,24,24,23
255,255,248,251,247,247,240,226,105,76,81,68,80,68,63,68,62,56,52,55,50,52,45,37,45,47
253,254,255,248,255,249,247,248,181,89,80,90,97,88,85,89,102,98,90,94,90,92,83,79,98,101
251,252,251,255,253,250,255,252,241,115,101,95,100,102,124,133,134,139,143,150,156,170,172,179,204,204
248,247,249,253,252,255,250,255,253,204,124,95,104,125,135,158,179,179,196,189,208,220,221,206,231,235
235,240,243,248,251,255,254,253,255,241,145,112,115,147,162,166,179,183,212,217,223,222,221,232,229,233
232,235,239,242,244,247,254,253,251,250,150,117,121,132,139,165,182,216,206,217,215,219,227,221,229,236
142,180,208,222,238,239,245,250,250,246,177,146,111,143,160,178,205,203,216,216,222,214,205,227,238,233
2,21,22,80,177,228,240,239,247,246,168,137,125,155,169,160,188,178,197,242,196,218,223,237,230,235
11,23,39,55,129,199,234,240,248,230,152,130,162,151,160,158,174,183,181,199,193,220,214,232,229,235
31,43,54,73,138,199,234,235,235,199,162,165,164,157,169,173,172,158,172,199,204,194,196,211,235,232
57,69,72,98,139,172,210,228,230,176,161,189,181,179,158,166,145,164,171,190,207,194,198,216,218,232
88,100,98,106,123,172,202,203,183,195,210,197,185,195,178,176,157,160,167,169,166,195,204,196,211,219
173,187,160,139,125,132,132,183,211,226,227,201,207,199,184,163,162,155,151,181,171,178,191,200,206,210
210,215,204,173,172,203,211,224,224,233,236,230,225,201,170,157,147,137,159,170,181,176,187,201,198,222
212,220,231,231,220,223,237,242,243,243,234,238,233,199,203,179,151,127,154,160,150,170,171,200,204,202
205,227,216,235,231,245,236,239,250,236,243,241,230,207,206,183,159,156,126,127,160,162,171,178,183,187
189,226,219,236,183,197,217,242,238,241,234,241,239,237,205,193,162,154,143,134,138,141,180,170,187,186
159,228,226,206,175,206,213,223,225,238,241,238,243,228,223,211,191,163,116,116,121,126,135,168,149,162
161,146,136,208,222,201,218,209,200,241,233,242,242,237,227,215,190,188,143,103,117,110,124,143,157,177
181,189,150,195,206,170,190,204,201,228,204,230,218,230,217,209,206,191,166,153,123,117,101,110,145,155
158,155,184,148,145,151,136,179,219,194,204,237,212,214,213,208,195,169,178,154,135,123,121,110,115,139
