38,32,28,25,21,17,16,17,9,11,10,0,2,15,18,12,9,10,1,2,3,4,9,18,20,12
45,42,35,32,26,24,20,25,17,18,13,6,12,28,32,21,9,4,9,7,4,3,9,17,16,9
47,44,42,36,30,28,23,30,22,20,29,25,22,25,27,22,16,14,23,16,8,6,10,13,11,8
48,44,44,36,32,29,27,35,30,26,25,29,31,32,35,31,25,22,29,20,8,4,6,3,0,1
49,43,43,34,35,29,30,36,37,32,31,34,31,28,32,34,35,40,39,31,17,10,10,4,0,4
49,42,42,33,36,27,28,32,36,31,35,38,35,33,36,35,35,41,42,44,41,39,37,24,8,4
62,53,38,38,34,22,27,28,28,29,32,41,44,35,40,43,39,51,44,44,44,45,42,40,30,2
113,83,60,42,38,34,20,21,20,18,27,31,38,39,43,42,36,48,45,44,46,54,56,51,43,26
138,146,117,71,47,42,39,10,19,13,20,24,35,40,43,42,38,41,45,42,39,47,55,54,48,37
127,129,128,118,55,52,39,35,29,12,20,27,37,39,40,47,46,38,43,48,42,39,45,49,50,42
119,101,105,97,59,69,54,42,30,30,27,31,37,39,39,48,53,44,36,48,47,43,41,42,45,43
107,97,89,73,85,64,60,54,49,34,36,32,33,41,41,43,52,52,43,44,43,51,52,46,41,34
108,109,95,79,83,79,63,60,53,52,44,40,37,45,45,42,51,54,59,50,46,57,63,61,56,41
120,83,78,97,89,75,67,55,64,59,51,53,48,51,50,48,55,54,58,54,52,55,57,66,72,60
93,91,88,87,70,91,61,60,68,62,52,55,58,58,54,55,57,56,56,57,59,63,66,63,61,64
89,82,77,72,93,68,70,69,65,62,65,67,63,62,56,61,66,64,62,72,73,72,68,71,65,65
84,83,79,78,92,78,73,73,69,75,74,78,71,74,64,63,63,57,58,75,87,84,76,70,71,76
63,70,76,82,82,76,72,86,59,101,89,91,82,88,75,67,65,62,69,78,96,96,96,76,78,84
69,78,90,84,83,85,76,84,86,88,94,95,93,103,90,74,67,65,68,66,73,86,96,88,80,79
74,85,109,71,101,100,92,107,93,93,108,104,107,107,97,81,72,69,68,70,66,84,89,99,84,81
85,99,88,89,93,106,127,118,108,125,136,124,125,106,100,93,86,82,70,74,74,85,86,86,73,72
123,99,93,97,116,122,131,120,148,136,133,126,139,116,115,108,90,74,72,67,80,89,104,85,80,78
115,121,113,127,121,132,142,134,146,146,149,129,139,129,121,92,96,85,76,72,79,89,100,109,89,85
139,106,137,139,160,151,131,144,146,137,145,130,137,121,105,103,100,83,86,86,87,110,103,110,94,101
145,107,133,155,168,132,141,150,147,166,137,114,122,129,121,128,106,90,96,93,95,100,93,87,91,91
106,142,163,152,150,183,160,161,152,153,158,130,120,134,131,125,100,95,111,91,87,97,102,82,91,82
118,147,148,174,181,175,175,160,172,166,131,141,123,115,117,113,100,88,88,115,114,108,85,91,100,83
125,161,171,175,183,189,188,168,155,150,153,134,92,91,98,81,92,115,113,108,97,112,109,104,104,94
173,150,171,170,191,182,185,173,166,150,145,130,88,72,83,104,124,130,101,100,98,102,106,101,106,103
170,169,140,160,169,193,191,191,160,143,158,128,88,68,66,98,121,133,109,134,133,137,112,112,107,115
