127,142,152,149,170,178,178,185,179,186,173,180,175,153,162,124,107,125,99,101,95,69,73,79,95,134
139,152,176,172,152,164,182,169,204,202,199,143,149,162,169,150,99,125,103,86,90,88,76,80,89,124
170,203,202,186,175,166,167,173,175,193,181,151,153,164,160,140,94,116,149,104,121,114,90,111,109,129
152,144,163,187,204,200,176,165,173,180,166,161,152,162,166,145,116,111,71,111,88,139,131,122,129,134
152,162,172,179,193,197,206,181,204,171,155,137,115,142,148,170,158,138,127,98,88,106,127,141,147,161
169,164,188,167,189,183,187,175,169,154,142,86,46,81,168,166,169,128,165,141,142,133,146,139,140,153
219,192,190,183,191,204,199,192,161,151,132,122,39,41,103,161,170,154,146,132,117,147,126,141,148,144
198,190,184,195,210,205,204,198,177,185,176,121,83,67,116,153,165,202,150,123,131,147,154,146,150,165
203,180,177,206,202,209,216,224,188,164,184,169,144,132,141,165,125,181,154,145,136,153,157,158,148,174
204,207,158,182,184,209,169,176,211,190,186,179,163,147,135,175,174,169,140,186,178,162,189,179,171,175
190,181,169,193,208,223,217,212,170,173,195,179,154,163,202,181,154,132,157,187,186,167,184,191,157,184
204,186,154,177,178,223,218,212,173,208,198,141,186,163,153,153,178,154,147,180,201,167,169,179,193,187
181,202,186,194,190,186,212,211,213,184,147,174,206,185,197,190,208,190,147,146,178,179,191,199,214,186
188,224,212,211,195,186,223,174,206,161,169,182,143,161,193,205,226,218,164,152,176,196,208,218,212,209
190,162,156,153,180,197,191,202,176,150,181,166,167,166,140,183,201,209,177,161,147,174,218,191,203,198
139,178,185,187,217,220,199,204,163,150,166,218,216,192,158,149,149,166,143,178,164,149,179,207,203,176
132,159,131,178,172,200,220,204,178,171,197,172,228,199,149,189,156,179,186,212,171,156,177,162,163,144
159,155,139,119,139,130,160,205,166,177,159,150,181,210,208,163,176,162,186,163,200,193,168,155,125,161
125,139,113,111,81,116,159,209,194,176,185,196,198,156,182,141,139,175,209,202,188,184,181,139,145,129
146,127,129,113,96,136,148,219,200,189,182,178,199,205,188,169,114,166,188,218,173,186,179,148,160,170
101,70,91,132,115,162,133,171,117,136,128,174,202,205,164,122,150,159,177,196,196,200,165,151,140,174
82,117,125,111,124,115,150,155,155,146,132,165,209,188,129,170,161,127,156,161,170,140,203,153,165,155
100,111,100,112,60,77,60,116,115,147,148,158,154,148,152,169,158,147,155,157,161,184,135,129,147,160
105,94,79,79,65,57,75,87,117,107,152,163,161,144,148,157,155,136,151,154,142,164,145,150,141,164
103,107,79,107,66,68,95,83,96,119,101,121,148,116,114,141,130,108,140,135,157,147,171,177,171,169
74,83,74,88,72,50,70,61,80,89,84,87,106,136,140,156,129,145,117,153,190,187,189,176,154,128
53,50,59,55,67,57,69,65,79,86,97,110,150,147,128,139,160,192,165,171,172,175,179,162,149,126
56,54,49,44,57,68,67,70,65,69,98,101,142,141,157,125,137,179,153,150,160,165,159,125,125,128
48,43,45,55,54,61,53,61,56,56,77,91,128,124,122,126,141,152,160,134,141,129,143,129,131,128
47,41,47,56,52,49,50,49,67,82,67,81,97,102,123,125,115,127,152,118,133,110,129,124,128,127
