78,77,75,79,98,108,104,100,113,120,132,131,137,129,125,132,135,161,156,130,132,129,137,144,162,130
76,77,77,87,103,101,104,106,111,105,127,133,126,121,124,118,129,123,123,132,142,137,145,148,164,128
99,101,93,91,98,92,102,105,101,90,114,122,111,110,120,114,122,129,129,138,140,153,157,152,170,126
108,110,103,104,109,92,99,101,99,94,111,115,112,111,122,128,128,131,142,145,146,157,173,162,181,130
114,113,111,108,104,103,107,113,115,117,122,122,124,118,131,133,130,138,147,162,168,195,172,189,201,128
116,115,115,113,109,107,109,113,120,124,124,122,126,131,127,133,137,148,172,178,195,204,195,203,208,130
122,122,123,123,121,119,119,120,118,121,121,124,131,142,131,145,145,168,190,201,207,213,207,213,205,127
120,121,122,123,124,124,124,124,125,124,125,132,135,139,140,150,163,189,207,218,218,219,217,220,218,133
119,120,121,122,124,125,126,126,129,127,129,137,137,142,162,149,165,185,212,212,224,210,221,216,213,125
120,121,122,122,123,126,128,128,126,129,130,134,139,154,180,144,165,184,211,221,229,222,228,225,227,121
115,118,119,119,120,123,126,126,130,135,136,139,142,162,176,142,161,179,202,224,223,227,224,228,223,134
115,118,121,121,123,126,129,130,129,135,139,148,149,168,172,157,168,178,208,221,227,223,226,230,128,125
118,117,126,121,121,124,136,129,127,140,130,156,160,160,191,164,192,202,212,217,226,230,226,231,128,128
116,115,123,122,122,125,134,129,127,130,126,177,167,151,172,179,205,209,217,220,227,228,225,233,128,128
114,112,120,123,123,125,131,128,129,134,137,154,159,158,194,203,211,215,220,219,222,226,226,231,128,128
115,112,118,123,124,124,128,128,137,132,139,143,161,160,191,197,208,217,223,217,218,228,228,228,128,128
115,114,117,123,123,123,125,128,135,135,137,149,157,170,180,182,211,217,226,223,222,227,228,229,128,128
114,117,118,123,121,123,123,128,128,142,149,143,148,172,186,174,216,216,226,230,226,224,224,229,128,128
111,117,119,124,121,123,121,127,129,133,150,154,155,156,175,171,212,214,226,227,222,224,226,229,128,128
108,117,119,124,120,123,121,126,130,131,140,168,154,162,178,189,204,214,227,221,216,229,234,229,128,128
103,109,118,122,118,122,132,125,125,134,140,165,163,163,145,171,193,211,230,217,226,229,229,132,128,128
176,140,117,123,125,121,126,127,132,133,130,161,154,163,149,179,164,203,218,228,227,230,229,126,128,128
245,238,232,220,181,142,130,128,125,133,136,152,147,161,154,163,152,173,223,221,223,224,232,123,128,128
248,250,250,250,242,235,230,218,164,139,135,144,156,154,153,150,183,165,191,218,219,227,225,132,128,128
250,247,245,252,253,250,250,247,244,232,225,197,172,148,154,153,168,187,182,212,226,221,214,126,128,128
248,243,237,242,246,245,249,251,252,254,246,240,239,236,200,147,155,167,189,204,207,215,209,127,128,128
231,241,244,246,244,240,245,248,240,248,248,253,249,248,248,239,225,221,197,199,208,208,127,130,128,128
246,244,236,238,240,235,238,243,241,243,243,242,250,246,255,249,252,253,243,230,221,205,129,128,128,128
253,250,250,242,244,239,238,233,242,240,241,244,245,249,252,250,253,255,254,250,254,243,125,128,128,128
252,254,255,255,253,251,245,240,240,237,236,238,240,247,253,254,252,255,253,253,252,250,130,130,128,128
