136,139,140,147,147,142,159,146,155,122,119,124,128,136,142,150,125,133,112,86,98,85,85,79,75,88
202,141,142,134,137,150,222,244,245,229,199,148,145,111,107,138,124,130,164,197,156,200,148,83,92,103
203,198,133,252,255,224,146,91,75,82,88,101,102,95,92,94,78,76,69,62,54,61,84,86,86,104
219,210,163,89,66,100,126,137,135,130,124,139,132,123,107,106,102,87,99,80,80,77,108,85,107,124
222,211,217,114,152,159,144,131,123,145,139,146,146,125,124,110,104,99,91,83,81,83,110,82,117,136
230,225,218,153,147,154,146,124,125,141,155,156,138,144,145,156,139,123,107,84,87,95,103,94,123,141
220,229,221,152,148,150,126,133,129,156,173,191,172,176,170,173,153,140,125,99,78,91,105,106,117,126
219,216,198,137,144,141,112,126,141,178,184,190,203,195,204,189,180,168,137,103,87,83,99,104,124,134
219,231,190,137,146,142,155,115,160,175,206,213,206,211,202,196,192,177,166,119,135,116,93,106,140,159
223,244,214,136,136,128,146,123,172,201,204,218,213,219,220,213,198,197,168,130,138,147,95,112,122,144
215,219,161,133,139,133,137,138,191,217,220,225,221,216,219,211,202,189,188,141,144,140,65,123,118,128
212,196,140,157,108,132,116,154,195,222,228,218,215,223,224,212,215,190,181,179,108,110,55,136,126,108
215,209,112,150,97,131,102,168,218,228,230,243,212,214,228,216,214,207,197,179,126,114,72,132,166,126
192,230,126,166,103,139,122,203,224,238,239,230,222,206,230,237,215,203,208,188,146,96,74,94,165,97
199,151,137,185,97,130,134,226,226,235,240,249,238,232,223,222,223,222,221,194,179,98,79,70,140,117
195,195,128,153,145,104,160,219,238,238,229,240,239,234,220,230,230,207,212,219,182,114,85,64,80,132
213,195,134,117,134,100,218,230,230,234,245,237,231,232,225,226,227,225,222,209,208,145,85,77,76,134
221,212,157,96,121,154,205,220,245,235,232,243,229,237,237,228,231,238,226,217,200,176,110,84,82,110
211,196,155,131,121,184,222,225,241,238,235,236,228,236,232,234,231,231,232,224,220,189,133,103,95,110
209,193,183,130,156,213,231,230,237,231,231,225,223,225,223,222,234,235,240,226,226,202,157,112,113,117
214,206,207,129,188,233,231,231,235,233,236,227,236,231,222,239,235,232,228,234,228,219,192,127,125,126
217,220,160,158,214,237,226,226,228,229,226,221,224,228,235,224,230,224,231,224,228,208,209,159,127,136
212,187,152,191,233,234,227,228,230,235,224,225,220,227,223,225,216,226,220,220,220,221,218,181,143,133
196,146,179,211,238,231,233,235,239,244,235,241,238,227,234,230,231,216,219,228,215,230,220,201,174,140
158,154,216,240,235,232,238,236,237,238,239,241,235,241,243,238,230,238,231,232,227,208,218,221,195,168
146,195,224,230,231,237,242,239,239,236,248,246,249,245,249,244,249,251,238,228,237,229,233,213,201,180
172,224,240,234,232,235,238,240,243,248,250,250,252,251,251,251,251,251,250,249,247,230,234,226,215,196
201,205,235,245,238,240,242,244,247,251,254,254,253,253,252,252,252,251,250,249,250,245,235,222,201,202
216,223,237,238,240,240,241,244,248,250,252,253,253,253,253,253,253,253,251,250,248,248,235,230,219,221
233,238,237,238,243,242,243,249,253,253,253,254,251,252,252,254,255,255,254,253,249,250,248,240,232,218
