58,50,42,41,47,36,32,29,32,42,47,35,32,26,22,34,25,20,12,6,9,2,2,1,4,5
55,63,50,40,47,46,39,36,32,46,47,41,39,32,23,31,28,26,20,16,5,10,4,13,11,2
51,62,55,55,41,43,48,37,40,38,50,52,47,39,24,26,28,28,25,24,9,18,5,4,10,17
55,54,54,67,41,42,34,40,32,38,35,46,52,47,30,26,30,28,26,26,24,14,12,11,10,6
67,60,56,58,59,48,42,33,45,38,39,33,52,52,40,33,34,29,28,27,21,12,13,16,17,11
72,71,65,54,58,60,49,46,38,50,45,41,44,48,43,36,35,29,29,24,21,25,12,15,21,24
71,77,78,71,57,56,59,47,39,36,46,45,38,42,44,38,35,29,32,22,32,31,21,28,19,4
73,80,85,90,78,64,59,59,43,34,37,41,41,44,48,42,39,34,37,24,28,20,23,24,17,5
98,75,81,90,80,75,56,59,55,43,45,47,48,27,46,46,49,40,43,33,18,24,10,19,15,24
123,112,94,87,86,83,83,64,63,58,39,45,59,47,37,40,40,47,37,45,32,15,34,20,21,0
122,124,120,105,92,107,85,87,69,47,62,48,42,53,61,58,40,44,40,42,42,38,23,19,22,32
134,131,100,116,118,96,100,91,80,71,62,61,40,53,57,50,64,55,44,42,43,29,31,22,31,12
140,122,133,136,140,131,105,115,111,99,77,72,62,45,37,60,52,65,58,50,15,46,32,24,20,26
168,166,175,148,160,142,157,147,109,106,107,85,76,70,60,44,52,47,61,63,53,34,27,29,29,31
188,151,152,159,158,178,174,167,111,140,96,114,98,98,70,69,45,57,56,58,62,60,49,23,31,25
196,181,159,131,191,169,197,173,161,163,143,108,95,94,94,90,99,51,43,48,49,67,62,46,37,21
196,184,184,183,189,186,202,181,182,163,158,147,142,103,93,72,76,101,64,65,44,47,71,61,47,40
177,180,186,187,171,200,196,186,197,185,152,171,162,172,130,127,95,75,71,65,66,43,29,42,46,42
188,162,192,181,181,174,180,198,199,200,185,174,185,164,153,173,150,133,107,88,71,65,66,32,21,31
170,164,158,170,179,202,186,196,197,210,200,194,199,196,163,156,162,154,156,127,119,60,71,72,66,63
154,121,137,142,184,194,159,197,171,200,191,175,181,193,184,184,155,125,159,135,109,104,75,69,74,66
114,109,115,147,156,189,170,188,177,185,178,178,189,171,171,184,175,134,110,117,149,105,101,77,61,72
99,102,120,111,118,161,173,147,184,196,174,144,143,147,164,177,165,135,132,127,131,108,81,81,79,64
74,98,93,109,99,111,153,140,173,183,151,118,152,144,139,139,164,143,144,125,99,88,74,69,61,59
54,59,81,82,99,86,102,108,113,145,139,94,111,93,69,83,88,69,73,72,65,52,50,53,47,46
51,45,39,55,50,48,51,48,53,62,58,55,52,56,56,63,52,59,61,51,54,53,55,56,56,60
52,53,47,47,47,40,36,29,30,40,30,12,21,27,39,28,36,30,35,42,39,35,35,33,36,59
42,48,49,38,19,1,4,12,6,8,15,14,16,18,21,33,28,20,5,17,19,8,8,5,5,47
46,54,43,36,31,24,30,51,61,57,56,57,72,53,67,64,60,47,64,43,46,42,34,21,21,45
47,47,44,59,35,37,47,54,48,54,71,69,66,66,78,89,75,70,70,52,44,50,36,27,46,49
