221,216,203,194,195,205,215,223,193,201,246,246,245,246,243,217,212,207,236,240,240,237,238,245,248,128
234,236,230,209,226,220,223,226,225,224,248,238,186,208,218,211,230,201,235,241,239,246,242,243,248,129
235,241,247,232,225,203,190,177,195,193,225,193,224,212,230,242,247,238,241,255,249,241,255,247,249,130
202,210,214,229,229,230,225,233,232,202,217,229,224,230,230,240,246,243,252,246,250,255,242,248,249,129
236,235,241,242,238,233,243,234,211,189,207,220,237,237,245,238,240,246,250,255,252,252,255,249,249,128
234,243,238,232,245,221,186,194,221,230,232,234,233,238,242,254,252,254,248,247,255,252,253,251,253,130
160,175,165,155,159,157,159,187,187,199,227,237,238,230,234,241,243,245,253,255,255,248,255,255,245,128
157,151,99,102,119,114,121,135,168,230,237,224,218,197,226,219,240,254,255,251,254,252,253,249,255,128
94,109,97,105,117,161,201,185,232,236,227,232,221,239,231,184,187,237,254,251,252,252,248,253,246,126
58,68,70,81,99,100,91,103,138,150,166,186,195,218,238,253,247,244,240,245,248,249,248,240,252,128
62,59,68,69,74,76,76,84,80,108,114,147,166,182,243,235,245,240,241,240,255,250,255,246,246,131
50,55,58,57,61,58,70,68,67,74,69,75,82,119,151,195,148,204,207,179,242,250,250,250,130,127
42,36,35,40,50,58,69,77,66,72,67,72,70,82,94,93,142,151,172,199,240,239,241,233,128,128
26,36,47,56,52,48,48,54,62,59,69,75,79,87,68,69,72,87,91,126,199,212,246,252,128,128
41,41,36,43,42,51,53,61,67,68,66,67,61,75,85,83,87,90,78,94,115,150,170,203,128,128
54,48,38,50,54,67,58,55,69,76,78,102,94,70,70,84,128,135,122,104,111,96,124,115,128,128
46,56,56,63,53,61,61,70,68,81,78,70,83,91,77,99,110,122,174,199,192,221,164,227,128,128
58,53,42,46,51,67,67,68,76,78,88,101,98,97,87,85,157,150,148,211,229,248,249,242,128,128
43,50,53,55,53,56,56,56,60,67,74,87,73,85,105,88,90,125,113,136,230,246,244,242,128,128
47,43,39,42,54,64,64,57,63,62,64,71,76,81,82,107,123,126,106,149,211,192,184,210,128,128
50,45,38,36,49,57,53,55,56,63,65,69,63,67,71,78,85,123,121,162,204,231,215,128,128,128
45,52,48,33,45,44,46,56,53,63,63,67,67,70,67,74,96,88,120,94,113,183,226,125,128,128
28,36,53,49,53,48,58,54,55,68,60,55,63,73,72,82,78,91,95,107,116,122,151,134,128,128
37,47,44,42,56,49,45,48,48,70,60,47,49,57,56,69,78,80,99,132,93,112,124,120,128,128
39,29,23,40,45,57,66,61,72,63,33,32,58,78,73,79,74,79,82,90,103,145,169,131,128,128
51,51,30,42,51,61,65,74,74,72,67,76,79,75,70,81,76,108,125,118,126,154,200,126,128,128
63,60,46,51,44,58,77,76,67,67,71,82,81,89,94,99,93,112,107,119,159,155,123,135,128,128
44,57,53,54,53,55,67,60,73,73,75,81,89,122,135,124,144,144,135,151,132,136,125,125,128,128
49,56,58,51,58,60,63,57,66,72,74,78,91,87,90,124,140,146,186,192,189,237,130,127,128,128
36,44,45,60,66,57,69,76,73,72,81,89,86,99,132,153,191,165,147,159,161,209,127,132,128,128
