80,81,83,83,85,93,72,73,68,77,68,68,60,66,59,63,65,71,75,73,78,85,104,113,105,116
98,89,87,85,92,98,96,91,79,82,71,77,69,67,65,69,66,76,86,86,91,89,105,113,132,126
111,105,108,100,93,106,100,90,92,93,91,82,73,84,78,67,68,86,88,95,95,95,105,111,120,126
107,107,106,103,110,93,97,97,101,99,90,79,78,91,81,76,76,75,84,80,85,89,96,126,116,119
108,118,99,104,105,107,107,102,92,93,95,90,88,87,81,84,79,69,78,75,78,85,80,103,99,119
130,111,111,101,108,101,97,104,99,99,96,88,87,84,77,84,77,74,73,81,78,81,80,82,91,99
108,104,89,84,83,72,71,73,64,64,68,67,68,61,64,71,75,77,69,79,80,77,83,79,91,101
72,59,65,65,69,67,66,71,64,56,51,47,48,49,48,51,67,67,65,67,80,77,88,87,76,91
81,79,87,107,98,96,97,93,88,81,80,73,54,42,44,44,51,51,57,59,70,73,66,81,78,85
105,113,125,82,91,80,77,77,79,69,65,65,58,63,54,51,37,42,49,57,55,64,71,66,80,89
90,82,62,55,45,40,35,33,37,37,39,43,56,56,51,51,48,44,42,46,52,56,62,65,85,86
51,33,27,20,17,17,9,8,21,15,17,13,25,41,47,41,40,40,35,34,42,48,60,77,86,91
17,6,13,27,36,36,12,36,38,26,25,14,45,43,37,33,34,33,29,36,43,39,51,70,78,102
23,15,16,34,38,35,18,22,60,50,30,12,61,115,94,53,35,42,32,18,20,27,36,59,81,108
58,32,41,48,41,34,3,1,28,25,21,41,127,173,161,96,55,52,42,27,31,41,33,45,76,113
136,53,49,51,48,34,3,12,6,12,18,49,163,184,160,112,69,49,38,37,39,36,37,42,61,91
200,113,52,44,50,35,2,10,17,6,43,116,162,146,87,61,43,41,38,34,39,48,48,59,64,68
224,210,90,46,38,24,9,3,18,24,61,95,83,64,52,53,52,49,45,48,57,65,73,61,70,94
161,186,171,84,46,32,37,35,42,48,60,56,61,66,67,78,65,61,66,68,71,73,81,66,85,92
81,86,80,74,59,53,61,62,70,71,76,72,71,67,70,66,70,75,80,79,90,81,76,84,88,121
64,58,80,59,67,69,72,69,69,64,63,65,69,62,66,73,73,89,89,94,87,83,81,96,119,136
68,79,74,70,70,83,85,73,69,66,63,69,79,78,76,73,93,93,91,86,94,75,91,121,140,150
92,86,100,83,100,94,91,77,76,83,80,81,86,88,85,101,93,94,89,89,81,100,121,149,175,175
103,109,113,90,98,93,108,99,97,104,101,101,99,98,107,97,102,92,90,83,103,126,158,159,168,211
127,111,113,102,113,115,117,118,110,106,103,112,108,101,107,107,101,97,97,112,129,164,180,188,205,208
130,111,126,124,128,132,120,131,119,106,104,122,117,105,105,103,113,106,109,142,174,189,188,201,200,207
149,148,143,140,134,127,120,127,116,111,106,109,119,104,131,107,96,108,135,171,196,202,209,217,215,215
146,163,154,139,141,136,131,125,124,133,125,118,132,138,110,112,120,141,166,185,199,212,214,220,218,223
152,165,158,136,138,135,124,134,145,131,132,132,118,137,109,125,155,178,188,199,209,210,222,218,228,218
166,147,148,154,152,138,144,132,144,136,133,134,117,125,145,176,190,196,213,218,212,217,224,223,222,219
