146,161,148,169,171,159,169,144,146,143,165,141,140,159,143,150,165,168,172,162,159,177,201,186,180,190
136,135,152,151,153,163,153,145,160,143,138,136,141,142,141,141,154,149,146,137,153,157,164,159,165,172
130,136,136,141,152,143,142,139,148,138,168,131,137,145,146,168,158,150,147,142,147,142,140,145,162,154
133,130,137,139,144,137,136,150,134,174,143,136,150,135,163,157,153,145,142,147,149,139,136,138,160,158
149,148,144,139,131,133,136,143,163,153,145,139,134,133,136,155,146,155,156,153,142,136,144,137,153,163
155,142,146,139,147,137,150,153,142,143,142,134,148,137,155,145,153,160,157,158,135,136,153,148,147,154
160,154,153,168,134,145,144,157,148,152,151,141,142,149,141,143,145,155,160,166,140,137,147,151,139,145
178,165,175,146,164,142,163,149,158,145,134,130,139,147,149,150,164,162,149,148,139,132,132,149,133,135
172,160,158,176,157,184,180,183,162,160,150,140,136,146,144,153,144,166,138,136,133,134,133,147,149,134
158,153,152,148,155,150,183,173,154,154,147,141,145,144,142,141,137,143,141,133,140,149,153,160,148,149
144,147,146,163,138,156,139,155,140,138,134,149,150,147,139,145,135,134,140,130,136,135,149,151,159,172
144,146,142,138,137,137,138,146,154,142,142,147,141,140,133,143,135,131,134,130,126,135,142,142,148,176
178,152,160,150,148,149,140,146,163,160,137,144,145,144,139,144,144,140,134,138,130,130,140,140,156,156
146,179,164,185,161,171,153,153,193,190,172,184,163,166,148,166,148,159,134,136,139,131,134,141,151,136
182,170,191,180,179,168,166,175,175,190,177,177,194,192,170,193,167,181,163,147,138,149,142,160,154,169
182,192,198,192,169,166,154,150,182,148,202,179,199,180,173,173,173,167,189,149,169,146,159,155,182,159
185,192,196,199,190,166,154,152,155,146,156,165,189,179,169,162,167,157,178,159,172,158,162,153,159,168
188,183,182,192,178,184,170,148,163,143,168,157,180,162,156,168,153,170,155,167,192,161,166,141,145,130
163,162,183,180,182,166,193,144,164,161,144,165,162,155,154,147,161,150,166,151,178,163,156,137,134,138
161,164,171,159,164,176,148,158,167,140,158,151,175,145,148,139,138,156,139,165,152,150,156,140,134,129
161,161,170,160,147,139,139,134,136,160,156,167,149,165,149,138,150,142,155,128,139,147,140,147,131,144
165,170,171,148,138,137,146,143,139,149,143,144,158,157,148,137,133,154,128,137,122,136,148,138,139,133
168,165,148,145,144,129,134,129,132,142,141,168,148,176,148,146,135,161,138,129,136,132,120,134,136,138
166,176,157,140,139,137,125,130,135,137,132,156,163,171,166,148,146,171,135,142,129,145,131,133,124,139
162,164,152,142,143,140,130,132,136,129,130,137,146,143,138,142,145,177,151,143,136,129,129,130,130,131
168,160,152,146,146,142,134,134,137,131,128,134,138,133,132,133,138,156,145,143,134,130,132,131,130,131
170,183,169,138,148,139,134,132,135,132,126,131,130,126,129,128,133,133,137,139,134,134,137,134,131,132
193,192,152,143,145,135,131,129,132,134,128,131,127,129,130,132,134,125,132,131,134,137,142,136,132,133
167,189,150,147,144,136,134,136,139,140,136,132,130,136,130,136,132,128,131,127,132,136,141,134,131,133
159,158,142,138,147,144,141,148,150,147,144,133,133,139,128,135,128,131,131,128,130,133,137,130,128,131
