54,56,65,70,71,76,79,84,90,87,85,91,95,88,97,105,93,100,93,109,102,94,88,90,85,89
55,57,64,68,72,78,84,84,93,91,109,89,93,105,100,110,100,114,98,103,93,93,89,93,91,93
53,57,64,69,73,76,79,90,88,93,95,93,89,101,101,106,103,97,99,99,101,91,92,95,97,93
53,59,68,73,74,73,80,84,95,85,88,92,103,95,111,115,101,103,94,104,100,95,98,97,104,93
59,65,70,74,75,74,83,79,89,89,96,95,107,105,110,103,110,110,114,92,100,104,106,103,113,98
67,71,69,71,76,78,80,87,84,95,103,104,100,112,103,103,101,117,111,106,103,109,109,108,116,105
66,69,67,70,77,78,83,90,99,90,112,104,109,111,114,114,112,111,117,114,115,107,110,114,112,110
59,64,65,72,77,74,82,83,92,97,98,104,112,113,108,112,109,119,115,115,114,116,111,119,107,112
58,67,68,66,71,82,89,96,99,99,99,106,113,108,113,112,117,114,117,117,120,113,114,115,117,116
66,73,74,73,76,82,83,96,109,104,96,99,109,113,114,113,116,120,116,115,117,120,120,119,119,116
67,75,82,84,82,80,85,90,102,100,99,109,110,112,117,117,116,121,113,117,116,118,118,119,121,115
69,77,82,82,79,78,85,88,105,101,99,110,110,117,117,120,119,118,115,123,122,115,120,117,117,114
74,81,79,74,74,80,84,86,102,100,97,104,100,106,109,112,116,111,113,117,120,113,115,108,108,112
69,77,81,79,79,83,83,84,97,99,99,102,98,99,108,105,113,111,112,104,112,114,107,108,110,114
65,71,79,83,84,84,80,87,98,100,93,93,100,106,107,101,102,106,104,100,104,109,102,108,109,107
72,71,70,74,81,86,83,80,76,80,82,84,90,89,90,83,77,84,85,95,94,92,86,91,86,90
65,69,70,71,79,76,69,81,63,74,67,76,74,85,83,65,62,73,76,84,88,81,73,88,83,82
63,65,63,62,66,66,66,73,60,70,68,73,63,69,68,57,58,63,62,65,72,73,68,75,74,78
66,66,64,63,63,68,68,64,55,58,61,63,51,56,53,50,50,51,51,50,56,63,65,68,71,72
62,61,58,55,49,56,61,50,46,44,48,47,38,44,44,43,43,41,48,44,47,53,55,64,73,68
47,48,48,47,40,45,41,33,36,33,34,30,24,30,34,35,37,35,46,40,42,47,42,50,61,63
35,38,40,38,33,35,27,22,24,22,20,17,18,23,22,26,33,30,40,34,39,45,43,42,44,54
24,25,24,19,17,14,21,18,12,14,10,11,16,18,13,16,25,22,32,26,36,40,43,45,39,49
11,15,16,12,16,12,12,13,6,13,9,10,12,7,8,6,15,12,25,22,32,32,32,49,46,51
7,14,7,11,10,8,5,6,8,10,11,11,12,14,17,17,14,10,14,23,29,29,34,41,51,52
6,11,5,8,5,5,5,5,5,7,7,6,7,9,14,13,12,11,12,18,25,30,39,44,52,58
4,7,5,5,1,3,5,4,3,3,4,5,8,11,14,13,14,14,14,17,25,33,41,45,50,61
7,8,13,12,8,10,17,12,7,4,3,4,7,11,17,16,16,17,19,23,29,34,42,47,47,57
16,17,25,26,23,23,21,17,13,11,11,12,15,19,22,21,18,18,24,32,34,32,43,51,50,56
27,27,36,37,37,35,30,28,27,27,28,27,28,29,30,28,25,25,33,42,42,35,42,52,55,59
