98,103,103,95,102,94,92,93,83,92,87,70,82,80,80,79,81,82,82,82,84,79,79,80,75,76
110,103,104,101,113,103,102,106,98,118,104,98,90,84,80,87,90,96,94,97,97,91,92,89,76,74
115,110,106,104,109,112,105,102,103,102,108,98,92,90,92,98,98,101,105,109,96,102,96,99,87,81
128,126,111,106,106,106,103,103,102,96,90,97,100,103,105,115,122,111,107,105,110,100,98,105,95,99
132,119,113,106,102,102,104,107,105,97,103,105,109,108,105,103,111,124,127,112,117,107,115,111,101,104
135,115,106,99,96,98,101,103,103,102,108,112,112,96,108,115,107,115,108,117,118,110,114,113,123,121
125,107,96,94,96,102,104,101,104,111,97,104,106,100,106,102,105,101,109,113,114,131,134,130,131,138
112,96,91,93,97,102,103,96,96,104,117,127,148,188,198,187,219,203,172,153,144,155,154,159,136,147
101,93,96,116,142,166,180,174,160,153,152,144,128,125,129,121,142,119,130,140,137,126,122,159,155,161
139,150,122,124,117,116,130,141,143,144,137,135,135,121,130,111,111,132,145,164,165,177,172,178,170,167
162,148,162,168,189,169,176,157,133,131,117,129,103,105,120,125,134,163,175,175,190,195,192,208,200,215
214,210,184,180,195,161,148,145,124,122,116,102,114,135,125,145,154,152,136,136,148,127,129,143,172,181
229,238,209,184,157,146,124,126,114,105,111,123,115,117,135,113,94,93,98,94,90,91,89,100,103,93
230,225,224,191,193,139,138,121,113,95,98,90,89,90,90,101,109,88,102,104,104,89,91,94,97,95
233,224,224,213,177,124,110,96,110,94,86,89,93,105,118,168,152,104,94,122,120,105,97,120,94,97
235,234,231,219,196,123,113,105,111,95,106,117,106,127,182,219,208,107,93,115,135,93,96,92,91,108
238,239,233,216,199,207,171,120,108,107,93,105,99,126,190,202,214,131,95,93,93,84,85,88,84,99
249,236,232,217,205,190,177,167,161,121,124,106,107,110,106,133,147,153,100,92,85,82,75,83,91,96
251,238,232,230,210,198,186,175,178,170,149,149,123,119,138,156,113,117,117,102,95,97,87,87,98,91
252,249,240,240,224,216,204,189,187,176,169,174,150,163,140,129,145,154,144,133,133,138,134,129,147,137
248,251,248,247,237,234,224,205,196,184,164,162,165,163,151,164,142,108,99,113,159,161,154,181,181,184
249,255,252,251,245,245,237,219,208,197,191,173,160,163,153,133,112,116,129,123,159,181,165,196,187,214
255,253,254,252,248,249,245,234,226,219,204,187,154,136,131,122,102,107,116,127,144,194,203,226,224,206
253,253,254,252,250,250,249,246,242,240,215,193,169,161,143,126,102,107,121,115,130,176,193,185,203,193
255,251,252,251,251,249,249,251,248,248,244,229,179,179,154,131,125,119,114,118,138,149,166,171,206,195
251,250,252,252,253,250,249,251,248,247,249,240,215,192,165,163,136,155,162,162,148,156,165,158,194,163
247,251,253,250,250,253,253,251,251,253,251,239,239,235,224,196,179,169,175,177,196,184,186,179,177,170
247,250,251,252,252,251,250,250,250,250,246,245,245,235,232,223,213,198,172,179,178,175,195,196,186,186
245,254,250,254,255,251,249,251,250,248,246,245,246,238,237,232,233,229,222,216,198,190,183,189,199,207
252,255,251,254,254,251,249,250,249,246,246,242,238,229,232,230,235,237,229,222,213,217,203,189,186,177
