232,234,231,205,182,183,197,210,214,213,219,227,187,125,154,174,170,173,179,177,181,178,182,184,194,195
225,221,191,169,181,202,206,225,217,224,216,126,148,177,180,187,190,177,177,182,179,190,188,195,194,194
210,191,172,193,206,218,219,224,233,183,138,163,169,180,187,189,177,178,187,188,189,187,193,199,206,203
168,172,202,214,221,226,231,211,126,160,167,178,184,191,177,190,184,194,197,189,197,193,208,204,208,205
189,206,224,226,221,232,163,132,165,174,182,177,187,190,189,192,203,202,201,199,193,199,206,212,205,198
206,226,218,233,222,139,157,169,180,185,163,177,192,177,202,200,198,200,202,203,203,202,205,209,208,202
219,227,226,184,127,153,166,168,186,177,185,179,196,202,195,204,196,204,203,198,213,207,210,201,202,206
222,219,145,147,156,152,163,174,179,181,178,190,189,194,195,189,192,196,202,208,199,189,188,196,198,203
211,110,145,158,163,147,150,171,162,170,169,180,186,186,177,184,185,186,188,197,182,181,173,202,201,195
108,167,164,177,163,161,156,164,166,162,164,160,172,176,181,179,166,167,170,177,186,183,160,187,190,190
151,165,166,169,163,159,164,166,160,162,147,160,159,167,164,154,156,146,147,156,163,168,163,158,194,171
142,164,166,168,157,144,149,139,139,122,121,133,131,124,110,119,130,133,149,144,149,141,147,143,158,180
140,147,143,148,114,121,135,120,123,106,107,115,106,96,88,81,98,77,106,125,116,133,145,128,152,163
147,134,114,125,123,109,93,83,84,85,77,80,65,69,72,81,90,76,96,99,104,117,117,98,128,140
139,126,116,89,103,88,68,56,67,58,68,53,54,60,57,61,79,73,78,78,87,103,112,94,88,103
97,83,81,83,67,63,45,41,39,34,38,36,35,43,52,51,58,74,73,60,76,70,89,89,82,104
70,59,58,54,43,28,36,27,27,29,28,32,34,28,38,52,65,50,55,61,63,66,75,91,89,90
36,35,33,25,24,31,28,29,28,25,23,22,26,31,23,38,50,47,50,59,60,67,75,87,79,67
28,30,25,24,18,20,27,29,21,19,28,29,25,28,26,27,34,51,50,49,48,69,80,83,83,68
22,17,10,22,18,14,13,20,21,18,19,17,17,22,19,15,20,39,45,47,55,75,91,81,81,69
13,18,12,14,5,5,13,13,18,17,11,12,17,15,24,30,34,31,40,53,65,62,84,91,96,72
12,16,13,13,10,14,21,12,12,14,14,23,29,21,20,29,36,35,48,61,78,71,90,90,86,68
31,31,30,27,21,16,19,20,20,18,19,27,35,38,29,30,35,47,50,51,66,70,79,83,86,76
43,40,40,35,35,34,33,34,26,24,37,43,41,42,33,37,40,56,51,56,71,79,77,88,94,83
50,56,60,60,55,51,48,56,51,40,42,49,50,47,40,46,59,59,63,60,67,83,78,95,96,79
71,75,86,80,75,66,70,74,68,63,70,70,63,62,63,59,73,78,65,71,79,81,95,86,94,82
93,93,78,99,91,88,94,87,93,95,86,87,97,97,81,91,98,92,91,86,85,99,91,106,95,85
91,85,111,97,105,96,110,108,105,113,122,117,106,103,108,104,123,119,120,113,123,124,111,106,84,89
145,158,143,146,138,146,153,142,147,147,132,131,136,128,139,133,143,141,148,143,145,145,139,117,122,104
165,156,157,170,166,152,155,156,151,151,157,151,135,128,144,157,151,141,155,155,149,165,163,155,144,153
