251,255,253,255,253,255,252,252,254,249,245,243,240,243,247,247,251,254,252,255,255,253,129,126,128,128
247,249,248,251,250,254,254,255,255,254,253,252,249,249,251,249,250,252,251,255,252,255,134,128,128,128
244,244,249,248,252,249,252,252,251,251,254,255,255,255,255,253,254,255,253,254,255,125,124,127,128,128
248,246,250,245,248,243,248,249,252,251,253,255,253,253,255,253,255,255,254,252,254,128,130,131,128,128
252,250,248,245,243,241,246,250,248,247,249,250,250,252,255,255,255,254,255,255,255,128,127,127,128,128
248,250,249,253,246,247,245,249,248,247,248,248,246,248,251,251,253,255,254,255,251,132,129,127,128,128
247,251,250,248,249,250,250,253,250,251,250,247,244,244,249,253,252,255,255,249,130,130,126,128,128,128
248,251,249,247,248,249,249,250,252,252,252,250,248,247,248,250,252,255,253,255,129,126,126,129,128,128
250,251,249,246,248,249,248,249,249,250,251,252,252,251,251,250,252,255,251,253,130,128,129,125,128,128
250,252,250,247,248,249,248,250,246,248,251,253,253,253,252,252,252,247,255,255,128,127,126,132,128,128
246,250,250,247,247,247,248,251,248,251,253,253,252,250,251,252,253,255,252,125,130,127,130,124,128,128
242,248,249,246,246,246,247,251,248,250,252,251,250,250,253,255,252,252,255,127,129,127,127,131,128,128
241,246,247,246,246,246,247,249,246,247,247,248,248,250,253,255,252,251,255,124,130,129,130,126,128,128
241,246,247,246,248,248,247,248,248,246,245,245,246,248,249,250,252,251,251,131,129,125,130,127,128,128
246,245,246,245,244,247,248,245,248,245,245,245,248,250,246,250,252,249,129,126,132,125,123,132,128,128
245,245,246,246,245,247,247,244,248,245,246,245,248,250,247,252,253,255,124,129,122,135,131,125,128,128
242,242,244,244,243,244,245,242,246,245,246,245,248,250,247,252,246,247,128,129,129,123,132,130,128,128
241,240,241,242,240,241,243,241,245,244,246,244,247,249,246,251,250,255,128,125,133,131,129,125,128,128
242,239,240,241,240,242,244,242,246,246,247,245,247,249,245,248,248,123,131,125,125,128,128,132,128,128
241,237,237,239,240,242,243,241,246,247,248,246,248,250,244,245,253,125,129,136,124,129,129,125,128,128
238,233,234,238,240,242,241,238,245,245,247,245,249,251,243,242,239,133,124,126,131,126,132,127,128,128
237,232,233,239,243,244,241,237,243,243,245,244,248,250,242,240,130,127,129,130,124,130,127,129,128,128
239,239,236,241,238,241,239,241,238,242,242,243,245,249,242,236,128,128,128,128,128,128,128,128,128,128
238,239,237,242,238,240,237,238,233,233,231,243,246,246,241,229,128,128,128,128,128,128,128,128,128,128
234,235,234,240,238,240,239,241,244,231,235,233,242,240,240,125,128,128,128,128,128,128,128,128,128,128
231,231,230,237,236,240,240,245,238,228,237,237,244,247,232,130,128,128,128,128,128,128,128,128,128,128
230,229,228,235,234,237,236,240,233,233,227,233,243,243,228,128,128,128,128,128,128,128,128,128,128,128
225,224,223,232,232,235,231,234,234,228,236,224,242,240,128,129,128,128,128,128,128,128,128,128,128,128
224,220,216,226,227,230,226,229,227,229,217,228,229,227,126,126,128,128,128,128,128,128,128,128,128,128
229,222,213,219,220,223,221,224,216,226,228,233,247,127,134,126,128,128,128,128,128,128,128,128,128,128
