77,72,86,91,80,76,83,83,74,71,66,65,57,58,58,66,69,75,79,88,86,94,104,108,93,96
93,83,85,86,98,85,82,78,72,66,68,66,68,75,70,78,80,75,86,89,82,96,106,112,124,105
96,96,85,84,85,84,77,72,71,70,69,72,70,71,74,83,90,83,82,90,95,88,108,118,123,131
112,93,81,80,81,80,74,71,69,66,65,67,66,68,72,80,89,84,86,85,99,98,101,109,122,126
109,91,79,79,80,79,76,75,72,66,73,71,66,67,68,74,83,82,89,90,85,83,105,107,104,118
81,70,70,70,72,72,71,71,67,57,63,61,58,59,56,52,54,50,57,57,63,64,69,74,80,90
66,77,68,69,72,72,71,72,66,55,54,49,42,42,39,37,43,42,51,56,64,65,64,68,71,80
76,69,62,62,63,63,60,59,53,44,47,44,39,41,43,49,61,63,65,76,74,77,96,110,111,133
78,61,65,63,62,60,54,50,46,41,32,37,42,50,51,50,52,46,49,45,49,51,43,57,74,93
79,68,64,60,58,54,46,40,38,35,39,42,41,40,35,29,27,18,17,14,5,8,13,18,19,43
97,73,60,57,50,45,39,36,38,33,31,36,35,27,31,13,12,27,32,24,14,20,24,10,10,28
124,87,71,55,45,35,33,34,23,15,33,31,43,55,54,27,24,38,36,32,2,25,60,42,35,46
135,111,93,53,38,31,28,27,22,39,37,51,74,96,89,36,15,41,42,12,6,12,31,38,31,55
135,141,91,48,33,35,33,27,28,51,59,53,97,152,133,59,18,19,30,14,0,5,24,18,15,38
125,121,92,65,42,38,37,35,38,40,38,49,75,118,137,100,41,11,15,9,9,11,12,17,42,77
151,148,103,87,66,58,49,42,46,45,49,46,49,53,57,80,72,35,18,9,9,16,27,16,61,189
148,124,106,95,90,83,70,59,55,59,59,58,59,67,59,58,53,52,35,45,33,38,43,53,109,155
172,172,119,108,105,85,77,85,79,78,70,61,62,71,64,78,83,76,72,64,66,69,67,78,88,76
210,190,153,129,113,103,94,86,82,86,82,65,73,71,64,59,65,63,61,67,65,64,84,101,92,87
226,211,199,171,137,114,102,96,90,80,82,88,85,79,79,79,69,65,55,69,62,60,84,102,117,116
239,232,221,213,185,157,129,112,109,97,97,91,85,92,84,89,87,79,86,90,82,88,77,108,114,110
244,242,239,231,219,216,181,131,118,114,116,106,102,106,88,87,98,94,83,96,118,117,135,143,115,120
246,245,239,248,236,225,212,193,165,120,114,122,119,104,99,95,99,101,111,107,108,119,117,157,150,177
248,247,246,241,231,233,235,226,209,180,149,134,130,118,120,118,115,109,108,124,124,126,144,143,147,168
249,249,248,247,243,239,236,237,234,224,201,157,149,140,127,125,115,108,125,131,130,143,135,149,166,170
250,251,250,241,241,243,243,242,239,239,228,207,194,170,148,147,125,134,135,130,143,141,140,155,169,164
250,252,251,250,248,247,246,245,244,243,240,233,221,200,175,160,159,162,132,136,158,147,156,150,166,163
252,253,253,252,250,249,248,247,245,244,243,241,239,231,217,200,180,162,163,147,159,156,155,167,175,177
254,254,254,253,252,251,250,249,247,245,243,242,242,241,239,231,210,186,176,165,158,174,157,169,175,166
254,253,254,253,253,253,251,250,248,247,248,244,240,239,239,240,236,227,202,188,183,180,155,180,173,183
