189,186,203,211,217,220,226,227,230,230,230,234,242,247,248,248,251,252,253,252,249,247,248,249,251,129
198,195,204,223,216,225,222,226,230,230,228,232,242,247,248,249,252,253,253,253,251,249,249,250,251,129
222,209,221,219,222,220,232,232,233,235,234,236,245,248,247,250,253,253,253,254,253,251,250,251,250,129
226,220,227,232,223,231,234,232,237,241,241,242,248,248,246,250,254,253,253,255,255,253,252,252,250,128
228,229,229,228,227,229,233,236,239,239,240,244,247,247,247,248,253,254,254,253,253,253,252,250,248,130
235,235,235,234,235,235,237,238,239,240,244,248,250,249,249,249,253,254,255,254,254,254,253,251,253,127
240,239,238,239,240,240,239,238,239,241,244,247,248,247,248,249,251,253,254,253,253,252,251,250,245,125
240,240,240,240,241,241,240,240,242,243,244,244,243,244,247,249,250,252,252,251,250,251,251,250,255,130
239,240,241,241,241,241,243,244,245,246,247,245,244,244,247,249,252,253,253,251,250,251,252,253,245,129
236,238,240,241,240,241,243,246,245,248,249,248,247,247,246,246,251,252,252,250,249,250,252,253,254,126
233,235,238,240,241,242,243,244,246,248,249,249,248,248,247,245,248,251,252,250,249,250,251,251,248,129
233,235,237,241,243,244,244,243,248,249,249,248,248,250,250,248,248,251,253,253,252,252,252,251,130,130
237,233,237,242,242,243,241,233,243,246,247,247,250,251,251,252,251,251,251,252,251,250,251,253,128,128
238,233,235,240,241,243,243,237,242,245,246,246,250,252,251,252,251,250,250,251,250,250,251,252,128,128
235,233,235,239,241,243,244,240,242,245,246,246,250,253,253,254,252,250,249,249,250,249,249,250,128,128
231,232,235,238,239,241,242,242,242,245,245,245,249,251,252,253,254,251,249,249,249,248,247,248,128,128
229,232,234,234,235,236,240,244,242,245,244,243,246,248,249,250,252,250,248,249,249,248,248,248,128,128
230,232,231,229,230,232,238,245,244,246,244,242,245,247,247,249,249,248,248,249,250,249,248,249,128,128
229,231,227,226,231,233,236,242,245,246,244,242,244,246,247,248,247,247,248,249,249,247,247,247,128,128
226,228,225,226,234,236,234,237,242,244,241,239,241,243,244,246,247,248,249,250,248,245,244,245,128,128
219,203,230,227,229,235,230,240,238,239,240,242,242,239,239,244,244,249,247,246,249,242,238,130,128,128
218,226,221,227,229,236,229,238,235,240,242,242,242,240,238,239,246,245,244,245,243,242,241,130,128,128
209,224,213,227,228,233,228,234,233,240,242,240,242,242,240,238,237,249,246,242,247,243,250,124,128,128
206,206,213,223,220,225,226,232,232,237,238,238,241,242,242,242,243,241,243,246,237,246,231,127,128,128
193,201,206,214,213,224,232,238,232,233,234,237,241,240,239,242,240,248,243,235,240,238,249,133,128,128
176,209,194,205,212,221,223,226,230,230,232,237,241,237,234,236,242,239,248,242,235,233,236,125,128,128
175,198,182,192,206,211,206,208,228,230,231,235,239,237,233,233,242,243,241,241,239,244,123,135,128,128
174,159,165,173,200,209,211,221,227,231,231,231,236,239,237,234,239,239,247,242,239,234,133,124,128,128
181,170,168,180,187,204,211,218,222,229,234,234,233,242,236,242,238,240,243,238,238,242,127,128,128,128
165,191,176,178,190,203,215,217,226,224,227,234,233,234,226,237,234,245,243,242,240,238,126,127,128,128
