203,217,224,200,213,200,193,194,210,197,191,167,144,134,117,145,171,170,127,107,119,147,154,171,156,169
220,215,214,196,199,204,209,200,183,188,191,153,132,119,120,140,146,142,134,134,159,186,177,167,190,193
217,216,205,192,206,195,200,203,192,196,173,144,136,135,107,139,148,135,123,161,190,177,180,189,179,191
219,211,200,204,197,195,204,172,168,181,154,130,103,109,135,117,141,116,132,159,177,189,199,175,202,167
203,205,199,198,207,209,204,196,177,143,126,131,110,117,125,138,119,144,150,144,172,167,169,175,180,139
209,202,205,210,204,194,187,182,151,142,155,121,97,140,147,114,128,166,149,152,136,148,143,123,104,92
217,198,193,212,195,202,188,171,147,159,167,142,120,118,138,129,129,103,130,123,116,103,100,82,74,79
201,209,201,207,208,179,173,145,133,170,166,132,113,125,121,96,99,99,100,81,83,83,65,80,62,59
211,200,196,207,195,194,174,163,144,159,146,130,102,96,92,85,71,63,60,62,62,58,60,62,53,70
198,197,202,203,198,193,170,166,142,113,116,111,101,88,81,53,45,46,35,44,52,54,55,62,86,85
206,205,189,188,203,201,195,185,148,157,107,114,86,96,68,55,51,50,62,55,49,80,85,88,103,129
207,209,208,202,211,201,178,147,142,143,112,100,89,76,77,75,89,89,99,100,95,95,101,119,127,131
215,197,202,201,178,190,190,153,138,119,113,106,101,85,92,102,106,120,137,129,125,121,122,117,119,134
201,198,198,196,198,190,199,161,135,114,129,100,88,102,103,117,118,140,138,134,154,139,126,126,133,121
199,218,209,210,189,191,192,163,147,125,114,109,110,106,113,134,129,160,150,133,142,137,140,136,139,130
199,213,202,204,195,187,163,166,153,118,118,126,118,129,118,148,132,156,137,126,121,149,143,137,137,141
213,197,211,189,186,203,182,165,123,122,120,133,130,132,141,156,160,159,140,147,150,143,131,133,131,141
196,204,192,204,195,188,185,159,169,131,136,133,153,153,159,162,153,160,150,157,146,140,131,128,134,121
204,180,204,198,191,193,191,162,148,136,156,131,161,163,176,163,173,160,173,156,173,151,140,130,108,93
195,180,186,196,196,179,170,164,147,134,118,153,160,161,171,165,178,174,162,163,171,136,156,145,124,134
199,178,177,176,189,169,156,161,153,148,144,154,172,153,177,185,190,183,190,173,148,146,153,125,131,130
180,172,202,201,166,170,153,175,161,135,152,155,147,134,136,163,168,167,154,175,137,146,159,141,139,120
176,170,162,160,162,173,161,129,165,124,153,134,145,135,149,152,166,177,174,176,172,124,126,135,141,138
159,183,186,168,174,162,175,144,140,162,144,147,148,118,151,152,165,169,159,154,146,126,146,144,130,145
181,185,179,151,180,154,164,157,170,124,137,131,150,121,126,142,150,170,181,142,133,137,148,175,163,161
164,182,179,170,164,161,154,152,145,128,126,124,136,122,149,123,143,138,149,144,164,175,159,163,155,141
189,182,177,166,150,178,149,160,166,137,135,127,106,118,159,148,135,122,137,146,173,161,151,167,153,176
173,148,152,158,167,137,152,172,130,139,145,132,121,145,138,129,156,150,127,146,166,170,160,162,161,186
169,172,162,148,177,143,151,169,185,181,143,154,145,134,123,130,138,147,173,169,164,164,184,126,160,180
143,184,151,167,147,132,152,143,160,159,119,144,142,143,150,159,165,130,172,160,149,146,169,140,147,185
