130,125,129,127,132,232,238,232,223,226,217,207,208,216,200,211,207,207,205,213,211,214,205,203,224,201
131,123,128,129,122,232,225,228,220,229,217,225,208,201,199,197,204,206,193,209,201,205,195,192,208,146
131,131,128,128,132,127,228,232,214,207,191,195,197,191,175,218,174,215,190,216,204,207,229,209,224,221
123,130,130,128,128,131,216,206,208,224,213,214,214,226,227,215,203,222,216,219,205,218,223,224,222,220
132,127,125,124,128,127,228,230,232,227,221,223,229,221,207,226,225,220,204,218,225,229,235,232,238,237
127,129,131,128,130,126,222,212,221,228,230,233,235,232,235,241,238,243,241,244,244,242,247,246,246,244
124,130,126,128,131,125,129,221,218,214,239,246,250,246,243,243,239,243,239,242,240,236,233,237,233,228
132,126,128,126,126,129,128,209,215,205,202,232,226,229,234,235,237,227,221,218,218,227,222,214,210,208
126,127,132,128,133,127,126,230,216,225,221,214,214,224,198,210,198,203,199,202,196,208,208,195,212,194
127,129,126,121,128,124,132,222,200,204,198,192,190,205,169,204,180,217,195,195,218,193,221,208,215,228
132,128,131,134,129,129,124,127,205,211,219,205,202,211,216,214,227,217,222,226,212,227,235,224,225,218
127,124,121,126,125,130,135,124,232,207,205,215,224,221,208,214,200,223,196,219,211,207,206,196,221,172
129,132,130,131,130,122,123,133,196,212,198,206,180,208,179,221,194,213,210,216,224,203,213,199,216,200
129,122,129,128,127,129,127,126,215,225,212,209,202,196,191,192,178,190,174,193,173,195,194,196,186,184
128,128,128,128,128,128,128,128,130,189,194,189,190,187,186,184,193,186,175,193,189,186,177,179,181,175
128,128,128,128,128,128,128,128,127,186,184,193,186,186,173,187,186,187,179,186,182,183,180,178,171,182
128,128,128,128,128,128,128,128,127,191,195,189,194,187,186,190,186,178,171,183,187,180,173,168,174,173
128,128,128,128,128,128,128,128,131,183,183,183,183,188,185,176,185,177,172,177,175,165,175,188,176,175
128,128,128,128,128,128,128,128,125,131,182,171,197,184,184,168,193,186,175,173,175,174,177,175,163,163
128,128,128,128,128,128,128,128,132,123,184,174,175,191,186,193,179,183,184,190,182,172,170,174,172,164
128,128,128,128,128,128,128,128,126,128,181,184,182,184,177,172,182,174,167,187,188,183,178,183,172,164
128,128,128,128,128,128,128,128,127,129,127,179,178,182,180,171,187,187,178,192,186,186,176,173,181,178
128,128,128,128,128,128,128,128,129,126,129,178,185,181,189,176,172,170,175,183,187,180,172,180,177,171
128,128,128,128,128,128,128,128,123,134,123,179,175,178,182,186,192,173,184,186,181,177,182,174,186,172
128,128,128,128,128,128,128,128,129,130,124,131,195,192,179,178,180,177,186,179,189,180,180,180,182,172
128,128,128,128,128,128,128,128,129,121,131,122,179,181,181,174,165,170,184,178,187,183,186,189,190,167
128,128,128,128,128,128,128,128,126,133,129,134,182,185,177,175,168,185,181,172,188,189,179,195,171,174
128,128,128,128,128,128,128,128,131,122,129,123,127,183,187,189,188,179,186,187,180,191,192,180,183,188
128,128,128,128,128,128,128,128,127,130,124,130,129,197,188,192,192,188,194,191,194,199,198,192,193,204
128,128,128,128,128,128,128,128,124,133,126,129,129,125,200,205,200,198,206,194,203,205,215,217,219,208
