223,220,222,222,223,220,220,218,212,214,223,220,217,217,218,214,207,206,203,197,196,195,185,172,165,163
224,224,227,225,223,219,221,222,218,221,217,219,216,215,218,217,212,208,204,200,199,198,191,180,167,155
226,230,225,223,223,222,227,228,222,223,224,229,228,225,226,226,219,211,205,202,199,197,194,189,174,155
231,235,230,228,230,231,237,240,233,232,229,234,234,232,232,229,220,213,211,205,199,194,190,188,177,161
236,237,238,235,234,232,238,242,237,239,234,235,233,234,235,232,226,225,219,211,203,195,186,180,174,166
237,236,238,236,236,234,237,239,234,236,241,238,234,233,235,233,231,234,222,215,209,202,190,180,174,171
235,236,239,240,243,242,243,242,236,238,240,240,235,232,233,233,231,232,224,219,216,210,198,187,180,175
234,237,239,240,242,239,239,241,239,244,239,243,242,238,239,241,237,234,231,226,222,215,204,193,183,174
240,236,238,239,239,242,243,242,240,243,244,238,242,241,242,242,234,234,233,231,220,212,204,209,196,179
236,243,234,240,240,238,238,246,243,236,239,241,244,241,238,240,240,241,237,231,225,223,216,211,200,191
234,238,246,236,233,243,236,236,237,243,237,239,234,231,233,236,237,229,231,225,225,223,218,209,203,197
233,232,234,230,230,238,225,229,232,234,228,237,233,229,222,218,227,226,227,221,216,203,201,199,203,197
222,223,216,211,218,232,225,221,217,215,213,215,208,208,205,203,213,215,211,212,220,215,213,202,192,176
214,213,216,203,207,223,225,213,203,198,191,180,168,171,180,187,193,192,211,208,212,214,211,199,188,178
189,194,201,204,206,195,203,204,196,174,164,160,158,150,149,155,163,172,180,182,187,194,191,188,179,171
138,157,177,185,192,178,187,182,178,160,150,149,149,134,127,133,134,140,143,151,153,156,155,169,168,162
158,153,145,174,177,177,179,174,171,165,148,137,124,128,131,124,120,116,116,125,134,147,139,142,140,128
145,148,162,164,170,186,179,173,172,158,151,142,139,131,127,122,94,94,105,106,117,117,128,131,125,122
138,142,148,160,152,164,171,169,160,155,144,122,139,129,113,124,98,93,108,90,94,98,118,113,111,96
154,161,150,162,151,160,164,166,164,166,150,138,140,125,123,122,102,102,43,63,88,93,104,96,103,96
157,154,149,164,142,147,162,149,140,162,143,124,125,125,119,107,118,97,61,73,73,79,86,80,85,95
147,149,159,153,150,155,150,144,149,137,140,136,117,115,122,102,112,102,74,61,77,63,42,66,50,43
153,151,148,157,154,145,150,143,144,127,122,114,105,106,101,100,105,97,77,47,16,56,44,31,54,40
156,156,145,154,154,145,152,134,137,128,119,119,114,106,93,98,72,74,56,65,53,23,16,26,10,30
180,172,149,141,157,149,139,131,130,140,131,127,121,99,75,83,78,46,31,45,38,43,58,37,24,41
180,178,171,143,151,146,133,133,140,133,135,127,123,113,98,73,81,97,89,74,90,36,83,70,51,97
170,167,163,153,159,157,152,142,142,138,138,131,132,125,124,113,122,106,108,107,115,130,131,122,146,131
168,164,164,166,167,163,161,149,153,158,146,139,139,136,135,128,141,123,138,125,151,143,150,148,156,149
182,180,183,170,171,170,163,160,171,162,162,167,158,157,159,146,145,154,153,162,169,164,173,171,158,162
184,184,183,176,178,176,176,172,171,164,162,168,162,158,161,162,155,158,165,164,176,172,179,176,184,175
