105,111,130,115,115,135,122,138,116,129,124,138,118,114,114,134,142,137,112,128,135,136,131,134,140,151
120,124,127,124,129,105,108,117,107,148,132,111,106,114,103,102,131,113,98,100,120,124,125,137,148,116
127,128,105,123,122,114,104,109,122,119,96,101,90,95,126,122,120,115,101,97,118,104,148,144,139,119
109,110,132,132,109,102,92,98,108,114,101,88,90,97,119,144,126,123,124,130,147,155,169,156,146,124
125,111,114,144,130,109,100,106,110,110,106,83,79,89,105,104,148,151,140,154,159,149,146,175,186,187
118,136,135,115,153,127,129,117,115,109,116,102,88,105,112,117,134,145,153,166,161,177,172,164,179,180
123,131,120,139,126,139,137,161,145,133,133,130,136,111,148,166,163,179,168,167,175,189,185,179,180,181
161,133,146,128,131,130,130,143,156,160,148,141,158,166,182,183,194,184,184,174,181,175,166,166,174,181
128,133,154,148,152,145,132,137,152,149,168,156,165,186,194,186,192,194,190,191,184,167,158,149,129,162
151,170,176,162,179,161,156,146,169,158,165,170,182,185,181,192,196,198,196,198,178,172,173,117,132,166
142,161,167,168,185,178,195,165,149,159,167,160,171,175,180,181,185,187,201,188,188,184,181,170,174,177
160,176,152,177,167,167,154,145,178,160,149,159,180,173,164,167,194,200,176,177,171,183,151,181,170,187
149,159,160,172,168,144,178,161,119,156,155,161,152,169,175,171,175,174,168,142,177,178,159,169,181,181
130,137,146,147,158,165,148,124,126,117,121,117,139,159,159,187,172,182,191,184,183,147,135,129,152,152
103,140,137,158,126,124,112,118,113,109,125,112,121,113,112,98,139,146,177,170,150,160,146,134,137,164
124,102,84,87,110,87,105,99,91,93,77,77,92,101,112,103,102,83,91,112,126,108,123,133,159,161
74,68,66,66,66,65,65,62,50,55,73,71,65,75,64,53,66,58,55,61,80,103,103,98,140,173
58,67,76,71,51,33,42,46,39,32,34,31,33,46,45,47,59,60,58,55,47,61,82,124,105,120
38,36,30,24,19,16,9,17,19,16,16,16,15,16,13,26,27,23,32,52,51,67,53,64,97,151
12,9,7,6,7,8,11,9,7,6,7,10,9,4,12,6,6,15,21,23,31,64,63,70,104,65
2,5,9,10,6,2,8,5,7,7,3,2,4,3,5,7,15,10,11,14,21,24,56,58,74,111
7,5,1,0,2,5,0,0,4,9,6,3,3,5,7,0,4,7,11,8,17,17,29,33,47,61
3,4,5,5,4,3,12,6,2,2,3,3,5,9,6,12,10,4,6,10,12,5,12,24,48,65
2,1,1,1,1,1,5,6,5,4,5,5,5,9,9,14,5,9,9,6,5,22,15,19,34,39
1,2,5,5,6,0,2,8,5,0,6,4,0,15,9,9,11,12,11,10,12,16,18,21,32,41
5,3,0,0,6,8,3,6,8,8,10,7,1,1,12,10,10,11,12,11,11,12,14,21,23,42
4,8,6,3,5,4,5,3,6,6,2,6,11,8,4,13,22,21,13,8,13,20,23,27,35,43
1,5,2,0,2,4,8,6,6,9,7,7,10,8,6,11,17,21,20,16,14,14,27,33,30,70
3,9,0,0,5,11,9,8,1,8,14,10,12,13,13,14,17,20,23,23,20,17,27,43,49,53
12,18,10,11,7,7,7,13,7,11,14,7,14,20,13,16,19,19,20,25,30,34,23,45,54,55
