156,169,168,171,167,171,176,164,172,168,163,174,179,182,171,186,195,186,197,201,187,192,194,185,189,191
177,174,180,173,180,182,184,174,179,173,175,181,175,186,189,205,191,204,216,198,192,201,187,182,195,193
189,182,189,179,190,191,183,185,179,177,193,191,181,199,200,210,204,217,204,205,194,208,194,190,193,194
189,185,188,186,190,189,188,184,178,187,198,198,202,211,201,216,202,218,188,213,206,190,189,197,196,194
190,198,197,198,193,194,191,203,189,193,196,210,209,214,218,213,216,219,198,220,204,188,198,205,193,205
203,200,186,187,192,201,197,202,191,202,205,216,212,212,221,219,223,199,222,201,205,199,198,200,190,201
193,190,186,195,200,203,195,200,200,214,210,214,214,217,213,213,208,207,215,215,189,209,207,198,188,202
199,195,191,195,199,202,193,199,206,219,210,213,218,218,206,204,191,213,214,210,202,198,209,193,187,215
208,205,202,199,200,201,199,202,207,214,209,216,220,210,207,193,206,205,212,211,201,192,195,185,185,226
205,203,205,200,201,201,204,211,214,213,207,213,218,205,190,209,203,210,213,204,198,186,189,186,187,226
211,204,198,189,196,204,208,216,220,215,208,210,214,202,189,209,211,198,208,200,187,182,185,186,194,229
207,204,208,203,206,206,213,217,216,214,214,214,212,197,204,221,202,192,192,191,186,179,173,176,199,237
202,212,204,198,211,204,208,196,206,217,217,204,209,164,196,203,199,184,186,183,187,181,180,185,207,234
190,194,191,192,209,203,198,200,187,202,212,205,201,182,182,179,175,187,176,174,170,175,169,196,214,232
202,195,188,186,208,201,202,204,187,184,201,206,187,180,188,174,173,167,169,168,174,166,191,215,211,226
210,212,196,186,173,189,188,182,191,171,178,181,171,185,188,186,170,163,153,171,171,178,209,218,208,218
191,188,184,175,180,191,202,192,191,174,169,157,150,170,164,174,164,166,153,157,160,205,224,216,208,207
194,180,163,143,155,173,176,197,178,175,167,159,150,152,147,159,157,157,155,151,159,217,221,205,196,177
153,166,170,165,115,137,142,172,174,173,154,158,155,146,139,157,143,152,137,160,154,205,204,200,200,170
113,89,87,84,82,90,106,87,116,129,129,150,149,137,130,144,142,143,131,148,148,187,188,186,188,168
82,81,74,74,75,62,77,74,79,69,77,100,99,104,106,123,132,133,121,153,139,151,157,164,160,154
69,86,78,62,67,53,63,45,57,29,67,46,64,72,75,91,94,128,116,111,126,118,131,130,119,102
77,52,64,76,82,71,70,66,49,45,39,59,34,63,77,62,65,48,86,98,95,111,100,92,88,84
78,82,71,71,60,50,73,72,59,60,70,73,44,40,49,48,57,75,76,79,64,79,87,80,58,20
85,79,68,51,56,63,70,84,68,84,78,65,69,62,58,73,66,47,56,54,62,39,64,79,59,43
89,79,58,81,61,63,75,83,84,61,48,41,59,66,45,56,60,49,57,67,52,68,66,64,64,48
77,65,46,35,61,69,41,49,49,39,50,68,57,53,66,49,46,41,46,62,68,57,74,69,48,53
59,63,64,56,51,49,25,47,17,40,55,44,36,18,26,28,23,54,39,43,26,43,52,46,50,58
63,52,53,63,62,59,46,59,34,70,40,47,23,34,19,36,39,27,25,28,25,40,13,24,39,26
68,65,46,38,58,56,36,43,49,57,58,55,49,51,46,25,56,47,58,44,17,36,26,38,38,45
