16,0,10,17,31,38,10,16,17,21,22,15,6,1,2,1,4,0,5,8,4,0,9,12,32,4
15,6,16,23,26,20,21,16,21,12,8,0,0,9,0,6,12,8,4,6,13,21,28,28,33,42
18,10,25,30,22,32,27,21,13,3,7,7,21,19,16,22,30,41,47,46,39,31,50,60,60,71
40,37,28,25,22,37,30,30,20,33,43,36,54,43,39,54,59,60,50,50,60,67,75,86,69,70
61,61,47,44,47,46,46,39,37,48,52,47,55,51,62,58,55,75,74,64,61,64,80,75,69,49
80,71,73,67,65,66,45,34,53,47,54,78,66,65,65,75,68,71,65,71,78,78,71,73,40,42
117,95,78,83,64,63,63,45,62,53,66,72,52,66,72,76,68,71,78,103,84,65,49,51,49,99
107,91,105,90,70,91,59,75,59,65,79,82,97,101,114,93,83,87,92,80,61,58,66,74,96,133
136,138,123,115,98,109,84,62,66,64,102,117,132,94,84,63,70,82,77,59,62,80,96,132,120,134
155,139,123,108,105,113,102,67,98,138,123,139,95,73,57,78,72,62,57,60,79,141,117,126,131,138
143,138,126,123,120,86,92,81,117,107,105,84,79,67,65,50,43,49,60,90,111,128,114,129,138,130
162,151,140,128,103,83,71,87,111,101,90,82,76,51,48,29,41,57,82,88,102,109,113,132,121,136
168,155,134,103,103,83,90,104,120,125,92,78,57,44,32,11,35,61,87,95,114,119,117,140,142,139
157,141,125,131,138,102,112,153,145,111,104,74,70,48,41,54,61,74,104,110,108,130,138,172,147,158
137,163,139,120,114,80,90,135,148,124,111,88,96,79,74,76,107,121,118,145,138,152,163,148,171,173
148,184,146,134,84,107,93,106,139,109,127,124,118,88,107,113,121,145,140,155,149,152,164,161,162,176
183,170,156,130,99,138,115,126,115,112,126,133,134,131,136,141,151,167,153,172,152,168,171,176,159,173
180,160,147,130,114,135,111,128,106,91,122,128,126,146,163,171,179,187,169,192,169,191,179,178,179,171
189,186,161,127,106,137,130,144,104,124,154,147,151,168,176,190,178,188,175,188,182,186,169,176,166,179
193,178,171,124,99,137,116,109,110,136,140,164,151,176,185,190,188,187,179,189,187,189,183,180,179,170
177,170,159,160,124,137,106,107,125,127,148,165,187,171,182,173,189,180,180,185,182,187,189,185,177,169
179,178,137,165,147,140,167,128,108,123,156,160,182,178,189,175,180,184,196,184,194,181,192,189,177,173
152,186,164,148,171,158,153,128,112,130,166,172,180,188,183,188,183,178,179,195,162,183,186,161,168,168
168,176,151,171,191,160,148,148,151,138,157,156,167,184,180,180,184,184,181,186,179,181,182,178,175,168
174,166,158,179,177,163,140,158,151,136,148,161,177,181,186,182,188,182,170,177,177,187,191,179,170,155
160,149,165,175,154,156,161,128,144,129,157,175,158,160,176,184,175,187,184,191,173,177,165,169,169,161
169,172,172,185,173,181,162,134,164,132,151,160,172,158,165,192,178,190,172,168,173,183,170,160,167,168
178,180,172,191,176,171,150,128,167,137,136,177,176,176,164,169,183,189,186,193,182,177,168,174,164,161
176,159,150,165,180,182,153,124,123,147,152,165,159,161,174,179,188,181,176,185,174,173,170,169,168,168
165,161,166,168,196,166,158,143,142,131,140,132,156,167,128,173,142,165,170,167,175,166,161,164,177,180
