126,131,126,126,131,48,80,162,156,179,200,176,188,170,191,158,175,191,174,148,186,181,187,190,186,163
133,124,126,126,134,58,101,153,177,175,175,187,175,193,189,181,166,191,186,169,182,181,177,175,139,137
127,131,131,127,127,129,47,144,162,183,161,179,179,178,165,160,178,187,150,171,182,151,169,154,147,146
128,124,132,130,128,131,58,104,139,172,158,177,179,162,179,202,166,175,169,181,191,153,165,170,148,171
128,128,126,128,126,130,61,96,126,171,128,160,144,172,197,175,158,173,171,180,185,156,171,166,152,156
128,134,126,127,130,127,64,103,113,153,134,107,148,164,146,181,163,150,157,172,167,163,159,155,166,130
125,129,131,126,129,126,131,85,88,102,127,68,163,138,166,182,147,160,151,168,167,157,159,159,160,133
131,126,127,125,128,128,128,67,144,66,153,74,127,111,129,164,159,169,174,154,169,145,129,137,150,118
129,125,131,129,124,128,131,74,73,116,146,88,111,123,136,163,162,163,165,181,165,159,160,173,163,126
130,124,126,130,132,130,120,67,122,103,98,137,93,110,154,150,134,137,176,169,153,171,163,171,132,131
128,131,129,126,126,127,138,130,93,112,121,120,84,88,120,122,153,124,169,189,165,155,174,168,135,117
129,131,125,126,131,126,125,122,93,83,71,96,87,117,115,116,162,163,158,176,173,143,170,150,157,125
126,130,130,130,127,125,129,133,72,101,100,88,70,144,107,122,153,123,166,166,170,156,174,161,147,106
130,125,126,130,127,130,131,122,77,87,119,90,68,116,116,94,145,130,171,162,135,175,178,168,113,118
128,128,128,128,128,128,128,128,128,119,130,97,75,108,97,116,159,125,135,161,141,159,184,163,142,145
128,128,128,128,128,128,128,128,127,161,98,105,84,84,83,98,119,150,133,143,135,121,166,165,149,143
128,128,128,128,128,128,128,128,129,112,102,76,81,70,109,82,124,151,107,188,140,120,173,183,157,122
128,128,128,128,128,128,128,128,125,108,74,60,89,61,100,99,76,156,110,149,178,146,153,155,184,149
128,128,128,128,128,128,128,128,130,131,88,71,80,86,117,94,68,107,114,168,136,144,152,148,175,130
128,128,128,128,128,128,128,128,128,125,96,81,93,106,67,75,78,137,107,123,114,159,121,145,163,112
128,128,128,128,128,128,128,128,130,127,105,72,102,91,92,106,98,139,162,129,114,124,146,123,132,170
128,128,128,128,128,128,128,128,126,131,123,151,98,65,57,84,82,157,138,137,118,144,142,129,142,120
128,128,128,128,128,128,128,128,128,126,126,117,103,91,89,78,78,152,120,123,119,128,127,150,129,101
128,128,128,128,128,128,128,128,127,133,127,90,100,75,94,126,74,111,92,120,103,147,142,139,110,101
128,128,128,128,128,128,128,128,131,127,125,129,77,69,111,126,81,68,82,105,109,127,147,152,116,121
128,128,128,128,128,128,128,128,123,132,128,128,81,82,86,80,74,80,88,134,161,153,123,148,140,129
128,128,128,128,128,128,128,128,132,127,134,128,65,105,98,80,92,75,75,108,133,157,151,144,120,100
128,128,128,128,128,128,128,128,131,121,131,124,131,101,104,72,68,85,76,82,93,128,122,139,107,99
128,128,128,128,128,128,128,128,123,136,126,129,126,75,84,86,70,85,116,85,102,98,96,110,105,118
128,128,128,128,128,128,128,128,132,123,128,129,128,129,100,85,80,79,95,71,100,121,88,92,117,133
