138,137,151,138,138,136,146,141,136,134,138,133,124,117,119,131,104,99,63,124,126,129,130,126,128,128
133,142,138,155,141,143,153,137,138,141,143,136,126,126,120,122,113,100,76,57,134,123,129,127,128,128
131,140,139,141,150,147,144,149,149,141,135,141,135,133,119,121,129,107,87,72,126,128,128,129,128,128
139,124,143,139,140,140,152,151,149,138,131,142,133,131,119,128,123,109,101,98,129,126,133,126,128,128
135,139,131,144,147,141,155,155,142,145,143,143,128,133,125,132,105,123,110,82,122,128,125,129,128,128
135,151,132,131,161,151,146,167,153,151,149,152,144,145,133,134,129,121,132,112,87,129,133,125,128,128
141,134,143,140,147,150,151,160,162,152,151,158,159,155,141,139,139,137,142,120,111,126,122,134,128,128
124,138,134,162,135,143,146,147,150,153,158,153,154,156,149,143,131,129,122,123,121,130,129,127,128,128
137,133,131,128,136,148,135,148,142,154,156,149,138,155,156,142,135,129,134,125,118,127,129,131,128,128
136,138,134,137,135,121,150,140,144,142,133,137,148,152,151,161,136,133,127,126,120,113,126,125,128,128
150,145,143,143,144,142,133,136,129,124,136,142,142,149,152,135,138,137,136,135,131,120,131,129,128,128
127,133,133,142,139,137,124,133,129,124,125,127,141,141,146,146,154,148,152,135,130,126,126,130,128,128
152,126,125,120,122,120,124,111,121,115,117,119,130,128,132,134,151,146,152,142,139,131,124,128,128,128
115,109,116,112,104,105,113,116,120,117,129,130,121,125,140,138,135,138,133,143,143,131,129,128,128,128
84,105,93,112,108,103,107,99,83,94,105,121,128,122,123,142,140,144,126,129,128,131,130,129,128,128
82,66,81,69,66,86,105,113,79,78,76,81,89,119,132,127,139,150,144,136,135,158,138,130,128,128
48,58,61,54,54,61,58,47,65,50,47,97,112,109,112,132,140,155,129,139,149,149,132,129,128,128
28,34,30,21,26,41,45,35,42,51,45,35,44,79,115,129,134,143,143,150,136,141,141,126,128,128
13,11,14,19,24,24,23,22,26,23,42,47,51,41,63,91,122,127,134,136,131,137,138,128,128,128
18,12,13,18,16,9,12,22,28,24,36,27,30,26,37,51,86,107,129,132,144,148,141,130,128,128
19,21,19,12,8,13,19,22,14,18,30,26,27,31,28,30,37,61,102,120,139,145,141,126,128,128
12,14,15,15,18,23,23,21,16,14,23,39,35,27,24,40,48,41,44,75,127,139,144,156,128,128
11,7,6,10,14,16,18,21,10,22,23,23,23,33,34,27,27,30,21,54,118,132,134,146,128,128
9,13,15,11,10,14,16,15,15,10,5,21,33,31,32,27,20,49,44,38,64,113,157,157,128,128
9,13,12,19,18,20,15,16,14,16,24,27,24,32,30,40,27,34,47,50,46,62,127,156,127,128
18,17,21,23,12,18,21,26,32,45,61,66,59,57,44,43,39,33,33,47,49,58,108,140,128,129
36,40,39,36,41,49,46,60,80,82,74,64,56,61,53,52,37,42,37,44,40,51,94,133,127,128
50,42,53,54,50,61,63,62,64,83,91,90,82,79,63,55,44,44,42,67,58,44,64,113,127,126
49,61,69,66,72,74,71,83,76,86,81,82,89,98,90,85,70,70,52,54,43,48,61,94,130,127
53,56,69,74,75,81,93,89,97,107,100,106,113,111,96,88,106,78,49,57,54,56,55,73,127,130
