247,247,248,250,252,253,249,245,244,238,245,240,224,185,158,70,44,0,12,132,126,132,126,130,128,128
248,250,251,251,251,251,250,248,246,249,236,236,238,192,210,126,58,4,24,13,119,129,130,130,128,128
247,250,252,251,250,250,251,251,249,249,239,239,232,215,217,169,66,16,10,8,134,130,125,126,128,128
244,248,250,250,249,249,250,251,250,243,247,242,229,234,208,190,97,34,8,8,125,129,125,132,128,128
244,246,249,249,250,250,249,247,248,246,244,241,243,235,229,209,154,62,8,9,131,126,128,128,128,128
246,248,249,250,251,251,248,245,248,251,239,244,241,235,230,211,191,76,41,30,6,130,125,130,128,128
247,248,250,250,251,251,250,247,247,249,243,249,235,241,222,210,211,127,60,20,29,120,128,129,128,128
245,247,249,249,250,252,252,251,246,247,249,248,248,243,241,224,189,186,74,43,35,133,128,127,128,128
248,247,242,250,252,254,248,251,249,249,246,251,247,246,236,232,213,198,95,50,48,128,126,131,128,128
242,243,244,248,249,250,245,251,250,248,247,246,247,244,240,237,219,193,147,58,46,22,127,129,128,128
242,240,246,244,249,249,246,254,251,248,249,243,247,242,244,242,222,216,155,64,55,47,129,125,128,128
243,236,242,236,245,247,245,251,251,251,252,247,247,243,244,242,244,209,186,81,60,55,128,131,128,128
240,236,240,234,240,239,238,242,248,253,253,253,247,246,240,238,234,217,196,119,53,78,134,125,128,128
237,241,242,240,240,235,235,237,240,248,249,254,246,247,238,235,237,241,211,171,66,54,125,128,128,128
230,236,228,233,233,229,231,227,229,237,243,247,246,246,240,236,235,235,216,189,70,54,128,128,128,128
218,221,202,213,219,220,222,213,221,227,238,239,246,243,244,238,234,223,227,200,117,52,74,128,128,128
185,208,200,203,211,220,216,210,206,210,225,232,240,245,240,237,231,227,229,218,128,57,67,126,128,128
138,145,185,185,208,186,192,196,211,186,193,222,229,239,242,241,229,225,225,225,158,65,52,128,128,128
73,68,97,87,108,128,143,162,164,144,166,177,198,230,231,231,233,230,225,233,201,101,50,131,128,128
73,63,68,72,76,101,94,121,140,137,126,142,189,213,234,235,230,233,231,234,223,149,62,127,128,128
53,70,72,53,60,81,80,91,96,131,130,131,150,206,219,230,228,229,230,227,219,184,88,126,128,128
31,40,48,52,59,50,49,65,66,88,100,93,109,118,195,230,230,228,231,231,216,184,75,57,128,128
16,20,33,38,45,53,58,59,60,73,84,95,94,129,147,190,227,230,225,226,218,194,119,65,128,128
32,17,44,38,41,38,49,42,47,50,68,74,101,94,83,118,190,222,229,232,225,194,146,71,128,128
45,47,50,48,56,58,48,55,55,47,52,63,73,88,83,95,97,179,215,228,224,204,157,87,126,131
67,56,55,59,54,56,59,49,56,56,74,67,66,67,78,98,99,99,194,222,229,192,166,88,127,125
95,104,101,98,86,76,78,68,64,59,82,81,77,88,97,87,88,91,137,220,224,211,176,91,134,130
139,127,115,122,126,123,133,144,172,167,168,151,112,101,92,87,84,103,82,193,223,220,178,105,120,127
161,158,178,179,160,163,173,171,179,188,190,183,152,122,103,117,95,100,115,126,216,221,209,114,133,131
171,170,183,179,178,192,188,180,172,170,187,189,181,165,146,111,97,95,105,114,180,226,205,159,121,132
