126,129,140,144,150,135,132,109,131,107,108,85,77,128,132,128,128,128,128,128,128,128,128,128,128,128
130,117,129,130,140,115,110,95,97,76,96,68,69,126,126,127,128,128,128,128,128,128,128,128,128,128
127,118,106,120,114,94,88,78,86,78,74,69,134,127,128,128,128,128,128,128,128,128,128,128,128,128
107,92,91,86,92,71,74,71,80,74,81,80,128,122,131,128,128,128,128,128,128,128,128,128,128,128
90,95,88,64,46,68,45,41,68,84,84,125,128,129,129,127,128,128,128,128,128,128,128,128,128,128
81,86,68,64,65,60,70,62,82,90,74,128,132,124,128,128,128,128,128,128,128,128,128,128,128,128
78,63,13,63,63,39,59,77,87,71,125,131,125,132,134,121,128,128,128,128,128,128,128,128,128,128
70,56,23,31,44,64,73,81,86,74,128,127,129,124,125,133,128,128,128,128,128,128,128,128,128,128
72,57,49,30,19,46,77,90,76,61,128,130,128,128,126,127,128,128,128,128,128,128,128,128,128,128
73,45,46,31,51,65,78,80,65,131,132,126,125,125,133,131,128,128,128,128,128,128,128,128,128,128
46,20,29,16,58,62,63,55,62,125,124,132,128,134,128,123,128,128,128,128,128,128,128,128,128,128
40,40,59,72,67,74,65,36,133,128,131,131,123,128,125,130,128,128,128,128,128,128,128,128,128,128
37,35,44,56,85,20,44,75,124,127,126,127,133,125,128,129,128,128,128,128,128,128,128,128,128,128
19,66,42,45,71,51,85,130,129,136,127,126,129,129,129,128,128,128,128,128,128,128,128,128,128,128
29,47,67,81,76,69,129,123,131,123,128,127,125,133,126,126,128,128,128,128,128,128,128,128,128,128
55,40,64,70,70,53,129,130,125,129,132,126,130,126,128,128,128,128,128,128,128,128,128,128,128,128
52,54,69,86,67,128,127,130,128,128,128,128,128,128,128,128,128,128,128,128,128,128,128,128,128,128
55,69,67,65,77,120,133,126,128,128,128,128,128,128,128,128,128,128,128,128,128,128,128,128,128,128
32,55,59,53,126,132,124,126,128,128,128,128,128,128,128,128,128,128,128,128,128,128,128,128,128,128
49,64,63,76,128,129,127,131,128,128,128,128,128,128,128,128,128,128,128,128,128,128,128,128,128,128
26,73,84,119,130,129,126,126,128,128,128,128,128,128,128,128,128,128,128,128,128,128,128,128,128,128
53,69,127,133,132,128,128,129,128,128,128,128,128,128,128,128,128,128,128,128,128,128,128,128,128,128
61,52,131,128,120,125,134,126,128,128,128,128,128,128,128,128,128,128,128,128,128,128,128,128,128,128
56,128,125,127,130,134,119,132,128,128,128,128,128,128,128,128,128,128,128,128,128,128,128,128,128,128
128,128,128,128,128,128,128,128,128,128,128,128,128,128,128,128,128,128,128,128,128,128,128,128,128,128
128,128,128,128,128,128,128,128,128,128,128,128,128,128,128,128,128,128,128,128,128,128,128,128,128,128
128,128,128,128,128,128,128,128,128,128,128,128,128,128,128,128,128,128,128,128,128,128,128,128,128,128
128,128,128,128,128,128,128,128,128,128,128,128,128,128,128,128,128,128,128,128,128,128,128,128,128,128
128,128,128,128,128,128,128,128,128,128,128,128,128,128,128,128,128,128,128,128,128,128,128,128,128,128
128,128,128,128,128,128,128,128,128,128,128,128,128,128,128,128,128,128,128,128,128,128,128,128,128,128
