86,81,88,94,100,114,107,99,76,67,66,51,41,45,91,54,51,64,85,79,88,84,61,67,81,67
84,93,77,109,106,99,95,97,91,86,75,82,56,63,64,69,80,59,77,86,70,86,81,65,75,98
83,74,81,99,117,99,102,110,106,79,66,53,54,67,76,79,78,71,71,80,95,83,81,78,72,90
76,81,90,94,105,107,111,100,100,78,60,50,70,78,87,90,106,114,98,95,81,94,86,78,92,80
69,76,90,95,120,113,138,105,97,100,84,93,112,114,120,113,118,119,107,124,107,81,91,87,90,96
84,88,93,101,128,142,144,129,140,119,98,105,108,138,155,150,164,175,156,146,112,112,98,89,102,100
87,87,92,113,122,132,167,165,155,143,126,134,114,153,165,169,182,195,200,193,171,166,131,137,131,110
88,97,89,94,119,159,164,168,152,134,142,151,162,171,170,192,208,204,208,204,181,160,135,138,147,119
78,89,92,97,122,130,141,154,134,151,157,154,168,182,188,198,200,201,212,210,198,170,170,161,151,107
65,80,97,105,131,138,140,158,134,154,170,179,192,188,196,208,210,211,213,212,202,162,156,163,138,94
70,89,88,105,122,124,140,130,152,162,174,194,198,208,209,217,218,221,228,212,206,163,157,176,146,92
61,76,82,93,107,127,128,129,157,173,183,208,210,216,219,225,224,227,239,236,231,199,136,155,129,102
65,73,82,88,102,111,122,150,157,179,194,198,204,210,225,239,240,238,239,240,240,222,170,137,123,94
67,69,76,86,99,112,126,159,173,184,184,194,210,213,226,239,246,248,247,249,239,246,205,164,145,90
64,66,68,86,100,116,147,166,177,188,188,199,213,217,226,232,241,249,250,254,255,239,241,169,152,92
65,72,70,81,102,122,172,176,173,190,199,198,203,218,229,234,239,243,245,247,243,248,240,221,160,114
64,69,74,82,107,143,173,173,185,192,193,203,213,229,232,237,241,242,249,251,255,249,250,232,190,146
64,60,80,97,128,144,162,176,183,191,204,207,220,234,231,240,247,244,250,248,247,251,251,244,222,166
64,67,81,120,123,162,160,166,179,190,194,210,219,227,237,244,248,246,246,251,251,248,251,248,238,204
66,68,93,129,147,162,160,173,176,193,205,215,221,230,238,243,248,249,250,254,253,252,252,249,245,227
59,76,114,144,145,154,175,181,196,198,221,221,227,236,242,243,246,248,250,252,251,255,254,251,248,237
75,105,130,141,153,171,171,183,188,207,212,224,230,240,244,242,245,248,249,249,250,253,250,251,252,255
82,114,154,148,151,162,170,194,210,227,222,225,224,235,241,241,245,251,252,252,255,255,249,249,246,248
98,146,154,156,170,161,193,201,220,214,228,222,223,233,239,241,246,251,252,252,250,250,251,253,251,250
151,162,162,136,151,167,203,216,215,219,222,224,228,236,241,242,246,249,250,251,254,250,249,246,245,248
148,158,153,152,163,194,216,203,212,223,226,233,232,238,242,243,246,248,249,251,249,248,252,248,250,252
150,151,160,163,185,212,215,216,219,233,234,230,238,240,243,244,245,246,248,250,250,251,252,251,250,249
148,151,162,186,198,219,232,222,229,223,233,232,243,242,241,241,243,246,251,254,253,253,252,250,249,248
154,153,167,191,205,218,219,226,233,236,236,237,240,240,240,242,245,248,249,250,254,253,252,252,251,249
162,161,171,191,207,223,222,230,226,230,231,240,237,238,241,244,246,247,246,246,251,252,253,255,254,252
