205,205,216,215,215,214,220,217,221,210,216,211,211,210,215,219,213,219,215,223,216,212,219,223,226,227
175,201,195,197,204,195,203,203,203,195,185,191,201,205,193,194,203,206,199,188,205,203,214,202,216,216
137,169,179,176,170,171,163,178,169,176,162,178,185,165,180,177,172,180,182,192,184,201,189,202,210,208
162,140,128,133,145,147,152,140,151,142,142,144,157,152,158,139,152,170,169,180,176,184,197,210,216,226
173,164,157,133,111,106,108,106,115,143,129,150,132,130,139,158,147,130,157,154,174,189,218,217,229,222
191,168,163,156,129,122,86,88,93,79,90,83,85,96,87,90,99,107,130,124,170,212,219,224,222,207
190,177,157,167,145,130,120,117,105,104,81,82,77,77,99,112,111,134,149,147,172,197,215,215,204,211
193,182,163,131,142,145,131,120,118,95,114,95,98,104,101,113,130,168,180,157,170,176,201,201,209,202
190,169,168,162,150,134,132,116,92,91,85,91,102,98,109,121,116,123,143,145,156,165,187,181,191,203
168,170,140,152,131,105,107,101,107,100,94,83,76,84,88,95,117,121,124,128,136,173,159,176,206,197
135,134,99,102,103,93,91,107,92,87,83,94,78,96,86,80,79,84,83,106,101,147,167,169,180,172
106,86,84,78,71,74,79,76,72,69,78,77,64,74,78,82,90,95,92,100,129,165,177,176,187,164
91,78,80,77,68,66,67,67,65,55,59,58,68,71,82,71,91,93,110,127,145,171,153,159,163,151
102,91,79,78,86,83,76,79,62,59,55,68,81,91,90,93,114,127,119,136,134,152,164,171,169,121
126,107,98,97,95,92,93,69,77,84,86,81,87,107,111,113,106,126,114,129,124,139,175,167,137,133
133,127,116,103,109,96,96,99,97,96,87,105,111,104,124,109,118,139,150,137,129,176,160,185,148,151
152,139,122,87,108,100,91,94,96,93,112,112,122,138,122,127,151,169,169,166,171,172,159,120,132,173
144,133,118,114,117,107,122,122,98,101,128,121,119,131,155,120,136,176,181,164,151,176,147,165,167,197
146,128,128,152,130,129,143,124,107,145,132,142,134,129,137,147,175,161,137,132,158,186,186,167,195,188
116,116,149,148,140,145,134,134,127,124,137,148,140,121,143,160,165,153,147,150,153,168,201,163,197,154
132,142,132,113,130,153,138,119,152,114,115,115,133,131,121,129,140,147,170,145,166,177,174,140,159,168
165,159,131,134,160,154,154,116,121,141,140,116,145,131,105,113,121,160,156,175,162,138,146,126,153,125
141,147,148,118,157,159,155,150,127,129,142,137,139,155,147,170,126,131,155,171,158,127,100,129,123,151
115,137,153,142,159,132,145,126,107,95,122,124,118,135,131,137,140,103,143,149,135,113,127,138,120,157
128,146,136,142,145,147,98,106,105,112,122,126,133,149,129,110,113,95,113,101,127,119,141,105,101,113
105,109,126,136,124,124,114,122,106,126,100,97,110,107,116,100,106,106,100,102,108,96,110,111,103,111
104,96,115,119,101,90,91,92,89,115,83,89,114,101,101,91,87,91,90,99,95,86,90,102,86,87
82,81,103,93,91,94,94,83,86,81,75,104,88,82,84,87,77,81,87,94,88,81,79,83,83,82
88,78,78,86,91,96,93,81,82,71,73,98,92,82,91,90,74,82,72,75,71,79,84,70,65,68
72,70,61,84,90,76,74,72,65,85,75,77,84,76,67,73,67,74,75,67,78,74,71,56,52,64
