61,62,47,69,66,43,65,47,45,57,43,44,66,45,31,18,39,45,33,27,35,62,49,6,8,40
67,25,41,66,53,47,36,34,35,8,44,41,39,46,37,7,43,21,12,29,37,15,27,45,30,44
54,39,36,48,46,39,37,41,37,26,35,43,59,37,46,40,18,22,32,46,17,30,24,49,35,25
70,52,37,59,62,62,62,53,40,36,35,44,15,22,56,37,4,12,26,21,17,5,14,19,28,7
35,36,25,31,55,47,36,34,28,27,54,20,0,8,11,35,40,18,7,31,7,7,39,27,16,22
39,38,15,39,51,10,8,5,27,21,13,4,3,4,22,26,21,7,15,15,9,26,37,43,12,25
47,10,32,26,38,21,11,8,9,14,5,7,16,13,18,14,28,11,20,21,8,13,22,53,14,44
33,37,14,22,52,16,29,1,3,26,15,30,28,6,36,17,2,11,15,23,33,20,15,10,19,32
30,31,5,9,13,44,12,6,7,20,20,20,19,26,25,26,36,23,21,0,3,7,13,9,25,38
23,26,8,26,24,46,59,24,10,4,10,21,24,30,52,32,11,25,26,17,9,34,32,29,8,15
30,12,3,27,10,10,28,22,16,24,14,32,15,42,25,33,17,28,32,37,49,16,23,0,21,4
29,16,24,4,35,50,29,54,17,35,57,2,21,6,11,12,24,14,25,0,27,26,63,44,38,7
21,35,36,21,43,37,46,29,8,40,12,4,4,5,8,3,1,0,12,13,17,40,43,18,8,28
35,43,36,31,42,3,4,0,10,51,42,5,14,8,1,3,10,32,24,11,24,32,43,12,17,20
23,20,18,35,29,27,19,4,9,44,19,4,24,11,11,11,4,9,7,9,9,16,40,28,34,60
29,15,11,57,48,12,7,4,5,8,6,3,5,3,21,17,16,24,11,19,38,43,51,48,54,74
29,46,13,17,21,16,1,0,13,5,5,50,17,41,20,29,32,14,13,23,12,34,73,80,99,99
16,6,14,6,36,22,25,24,28,53,35,52,33,38,45,50,58,66,69,75,83,92,99,116,126,142
12,14,0,37,26,7,29,31,54,75,63,45,54,53,74,53,73,78,82,90,90,120,143,145,151,130
21,39,39,44,27,30,56,55,61,45,61,85,81,75,83,88,89,93,106,108,123,140,139,122,127,141
43,54,16,54,34,57,34,86,86,86,85,90,95,85,84,78,105,108,108,128,142,130,131,130,130,111
34,54,83,81,86,107,95,105,98,103,104,78,91,99,93,89,101,119,132,130,137,125,114,117,110,123
82,95,94,95,108,118,100,95,88,97,92,90,103,97,98,115,95,110,135,121,126,113,107,105,119,118
108,119,106,97,95,105,97,87,107,97,108,106,107,96,115,103,115,105,115,102,94,108,94,96,116,119
115,110,105,119,80,79,87,92,119,114,111,117,104,98,97,94,110,109,92,101,93,86,92,105,128,129
87,98,106,94,90,96,93,103,112,109,98,103,100,98,99,85,103,92,96,87,80,85,96,120,145,143
86,107,99,108,100,97,105,98,106,92,98,87,88,79,69,90,57,67,79,80,89,116,131,148,163,159
99,93,104,99,99,99,109,96,106,92,93,87,73,75,73,69,71,61,84,105,114,129,143,148,156,163
90,105,87,93,109,84,110,103,99,92,83,86,77,86,63,51,51,83,89,109,121,127,143,144,149,162
74,88,86,79,124,100,98,100,95,92,102,85,88,75,73,83,72,79,92,101,109,121,125,133,143,157
