42,30,42,50,53,45,26,52,52,56,14,9,27,27,46,45,57,31,19,27,46,51,69,113,110,105
43,34,40,50,63,55,72,82,81,84,84,48,26,28,34,29,54,33,38,50,57,66,135,124,139,69
34,35,44,53,63,69,41,63,79,65,77,56,60,49,41,41,57,30,43,57,108,143,132,140,93,40
38,43,45,59,60,61,40,43,24,58,54,72,91,39,44,67,73,58,112,147,145,147,157,138,51,58
38,48,54,59,53,52,59,55,50,50,44,93,86,53,75,92,184,170,180,183,182,185,141,63,34,28
29,58,51,56,36,62,57,67,50,60,72,96,108,123,177,208,212,200,183,175,181,112,53,43,47,38
74,47,60,54,55,57,73,62,89,79,104,161,188,207,231,202,216,213,195,136,84,72,61,48,42,49
72,61,66,66,75,63,69,123,114,137,142,169,172,181,179,214,204,167,107,78,59,55,48,43,43,57
72,55,71,73,84,92,107,115,119,137,119,138,150,178,212,190,136,107,73,70,61,58,49,41,68,60
83,87,104,112,115,113,110,97,103,128,121,127,139,150,144,84,79,81,81,80,75,68,62,63,71,82
119,110,128,125,117,114,95,106,117,104,124,89,90,80,90,91,88,88,86,80,74,70,70,67,70,82
122,130,131,121,104,111,114,97,109,81,74,55,70,81,78,87,88,94,85,94,90,91,80,62,61,84
129,108,113,112,109,108,92,70,91,75,48,87,95,105,97,86,90,96,98,108,91,78,83,77,95,92
114,107,118,107,97,101,96,104,102,104,76,108,108,100,102,114,107,105,95,101,87,75,90,91,84,92
107,96,110,120,134,116,121,106,109,147,112,106,131,132,116,106,110,114,94,118,117,84,95,110,97,79
121,109,103,91,110,126,137,125,130,110,123,154,131,119,129,102,109,99,100,115,108,115,117,107,92,95
125,118,106,132,133,131,113,133,136,121,125,135,152,138,142,121,125,99,111,117,96,94,101,105,111,111
116,126,104,130,139,132,136,113,139,144,122,130,127,125,133,139,155,115,105,118,119,118,88,105,101,110
124,98,94,133,138,144,136,126,110,107,117,131,101,118,122,140,152,131,124,114,108,106,109,104,100,90
96,108,117,131,120,111,134,129,148,118,123,126,140,118,127,175,154,129,136,116,121,99,82,89,55,60
55,90,121,132,123,125,94,125,159,148,122,131,133,149,146,147,146,135,101,96,87,79,53,52,58,65
62,48,80,118,126,140,118,84,125,136,140,126,138,159,175,132,128,161,129,116,82,65,76,63,72,47
17,59,61,115,113,137,95,145,113,127,122,123,129,119,131,116,112,116,117,135,114,115,83,88,81,62
46,72,73,103,123,134,150,123,120,104,100,95,103,109,111,99,83,78,111,94,98,96,100,82,61,81
36,50,76,108,129,131,148,137,128,134,131,107,96,104,95,142,126,135,123,120,112,113,95,100,69,88
56,58,92,81,114,145,168,138,96,138,128,112,94,86,104,119,137,160,163,128,159,146,122,124,110,83
52,83,56,96,121,134,165,153,163,155,127,111,104,68,90,106,114,105,127,126,129,111,139,159,151,129
74,79,86,86,162,153,157,176,153,163,164,141,105,120,81,85,111,126,151,161,153,175,155,132,154,153
102,76,90,110,130,153,155,181,147,178,183,166,157,124,115,99,117,144,149,177,175,151,171,177,172,149
121,94,109,130,137,160,162,151,173,177,172,169,161,144,129,160,128,152,160,170,171,189,170,184,171,142
