204,178,200,181,188,158,172,143,169,158,146,149,48,125,134,125,128,128,128,128,128,128,128,128,128,128
194,175,179,182,146,166,146,160,190,153,148,118,20,134,123,128,128,128,128,128,128,128,128,128,128,128
175,180,171,156,199,171,169,151,135,161,182,62,129,128,127,132,128,128,128,128,128,128,128,128,128,128
188,192,123,169,195,163,181,160,154,171,151,20,129,123,129,127,128,128,128,128,128,128,128,128,128,128
186,152,168,192,154,186,170,169,165,167,102,126,124,131,127,131,128,128,128,128,128,128,128,128,128,128
158,176,173,152,144,173,160,168,150,138,59,132,132,120,129,129,128,128,128,128,128,128,128,128,128,128
183,159,164,149,159,146,173,149,136,104,124,125,127,132,132,122,128,128,128,128,128,128,128,128,128,128
170,134,140,148,155,144,168,148,129,53,131,128,127,123,132,128,128,128,128,128,128,128,128,128,128,128
174,132,135,146,151,161,149,140,89,23,130,128,128,129,128,128,128,128,128,128,128,128,128,128,128,128
153,149,155,138,164,137,123,128,49,128,127,126,129,131,128,126,128,128,128,128,128,128,128,128,128,128
168,117,185,145,137,103,107,90,11,131,128,130,130,124,125,132,128,128,128,128,128,128,128,128,128,128
133,130,162,160,127,127,119,59,124,126,128,123,130,133,128,126,128,128,128,128,128,128,128,128,128,128
124,143,161,170,161,126,70,2,133,125,127,133,126,125,128,128,128,128,128,128,128,128,128,128,128,128
153,138,182,143,107,105,47,124,127,131,124,128,127,125,133,127,128,128,128,128,128,128,128,128,128,128
129,123,149,139,98,62,129,128,129,127,130,128,130,128,130,126,128,128,128,128,128,128,128,128,128,128
136,137,141,123,85,41,128,129,127,133,125,131,125,131,122,130,128,128,128,128,128,128,128,128,128,128
145,133,115,91,42,128,129,126,128,128,128,128,128,128,128,128,128,128,128,128,128,128,128,128,128,128
156,136,113,76,14,128,126,129,128,128,128,128,128,128,128,128,128,128,128,128,128,128,128,128,128,128
129,109,70,57,133,129,130,127,128,128,128,128,128,128,128,128,128,128,128,128,128,128,128,128,128,128
126,78,54,19,124,121,132,127,128,128,128,128,128,128,128,128,128,128,128,128,128,128,128,128,128,128
108,55,35,131,134,131,128,128,128,128,128,128,128,128,128,128,128,128,128,128,128,128,128,128,128,128
59,42,127,127,125,125,130,123,128,128,128,128,128,128,128,128,128,128,128,128,128,128,128,128,128,128
40,37,133,126,130,133,122,132,128,128,128,128,128,128,128,128,128,128,128,128,128,128,128,128,128,128
42,128,124,127,129,125,129,127,128,128,128,128,128,128,128,128,128,128,128,128,128,128,128,128,128,128
128,128,128,128,128,128,128,128,128,128,128,128,128,128,128,128,128,128,128,128,128,128,128,128,128,128
128,128,128,128,128,128,128,128,128,128,128,128,128,128,128,128,128,128,128,128,128,128,128,128,128,128
128,128,128,128,128,128,128,128,128,128,128,128,128,128,128,128,128,128,128,128,128,128,128,128,128,128
128,128,128,128,128,128,128,128,128,128,128,128,128,128,128,128,128,128,128,128,128,128,128,128,128,128
128,128,128,128,128,128,128,128,128,128,128,128,128,128,128,128,128,128,128,128,128,128,128,128,128,128
128,128,128,128,128,128,128,128,128,128,128,128,128,128,128,128,128,128,128,128,128,128,128,128,128,128
