157,148,138,157,168,181,189,226,232,244,241,251,246,247,248,250,252,252,253,253,252,253,254,254,255,255
165,144,127,160,189,210,204,235,234,242,241,242,246,247,249,251,252,253,253,253,250,252,253,253,252,253
170,142,154,185,195,225,223,237,236,242,249,245,248,249,250,251,252,253,253,254,254,255,255,254,253,253
136,137,167,198,215,234,236,242,244,237,244,245,249,250,251,252,253,253,253,253,252,253,253,251,250,251
153,149,174,217,234,233,237,243,245,244,245,248,248,250,252,253,254,253,252,252,254,254,253,253,253,253
150,133,193,220,238,239,241,244,245,246,248,250,250,251,252,253,253,254,254,254,254,254,254,254,254,254
136,167,195,238,239,242,244,243,243,245,248,250,252,252,252,252,252,253,254,254,254,254,254,254,254,254
142,177,216,229,239,244,246,243,242,246,249,250,251,251,251,251,252,252,253,253,254,254,254,255,255,255
164,174,212,230,238,245,248,246,245,250,252,252,251,251,251,252,252,252,252,252,253,254,254,255,255,255
185,189,214,229,237,243,246,246,247,251,253,252,251,252,252,252,252,252,252,252,252,253,254,255,255,255
198,222,218,222,235,239,242,244,246,249,251,251,252,252,251,251,251,251,252,252,252,252,253,254,255,255
220,221,223,236,236,238,240,243,246,249,251,251,252,251,250,249,249,250,251,252,251,252,253,254,254,255
231,235,228,218,223,235,233,241,243,248,249,253,250,255,245,247,251,246,248,249,249,252,247,255,253,248
235,229,238,234,220,220,223,237,244,243,253,249,250,251,250,248,251,250,247,250,248,247,250,249,254,255
240,248,239,232,187,185,181,202,232,238,240,244,251,248,250,244,246,250,243,248,243,252,251,245,251,255
239,220,218,149,65,31,41,138,206,229,248,247,249,247,249,245,246,250,243,243,244,240,245,255,249,248
227,188,137,65,36,17,12,0,67,181,217,236,242,246,244,247,247,245,243,232,241,240,243,241,244,241
174,167,130,106,79,54,43,22,5,18,133,212,239,246,243,246,244,240,241,226,229,238,242,245,223,59
171,146,142,131,94,84,77,72,56,46,98,149,209,221,236,242,238,236,231,218,227,232,236,217,152,101
170,128,144,135,113,119,138,138,113,147,152,176,150,173,214,229,229,227,210,196,222,233,206,198,186,159
116,123,128,114,112,155,175,170,196,176,189,182,187,155,157,206,203,215,189,204,213,198,175,209,221,226
110,101,101,129,152,169,171,193,212,225,222,198,179,163,134,133,177,181,189,203,183,193,219,222,236,237
143,141,126,146,161,170,171,199,212,197,217,176,195,165,165,167,159,167,162,193,184,206,221,230,244,241
179,167,173,188,173,187,199,230,222,218,181,183,179,161,170,180,184,178,199,224,225,210,218,216,202,231
200,179,201,191,196,183,210,224,185,193,190,185,172,188,210,222,217,230,235,235,238,232,218,225,233,214
187,202,180,178,159,192,188,201,185,177,174,170,179,174,212,221,222,232,227,236,231,223,208,216,222,223
192,174,185,189,160,170,181,170,199,197,176,176,183,179,166,219,226,222,199,221,200,209,214,169,164,214
192,165,157,153,171,187,177,196,192,211,172,196,206,175,200,220,219,217,214,212,213,206,201,187,183,191
179,156,167,163,175,183,191,213,181,199,219,170,208,185,153,198,202,191,199,177,214,182,201,234,191,176
168,153,154,169,171,180,194,183,196,181,189,197,192,174,204,205,198,186,197,171,184,188,215,221,233,208
