36,19,11,21,14,11,31,4,14,16,36,19,20,16,4,12,3,22,25,14,23,7,6,6,14,9
35,26,33,18,31,12,33,24,12,9,32,14,19,28,21,31,23,2,23,9,8,4,11,11,17,20
46,97,49,15,28,29,15,30,21,27,19,28,19,19,21,25,23,6,14,8,7,25,24,28,13,4
203,212,148,54,21,30,18,13,31,16,13,26,7,18,23,33,25,25,15,13,38,13,8,10,13,20
243,249,222,186,29,20,37,34,23,9,29,30,18,39,21,35,17,15,29,30,21,14,17,33,31,20
243,242,250,150,14,28,22,26,25,16,2,34,33,31,21,31,30,18,24,14,24,15,30,22,16,22
250,250,219,22,29,14,32,29,28,24,19,19,46,24,24,20,32,26,26,10,18,32,36,39,28,18
245,141,39,26,17,12,34,29,30,44,31,27,22,30,33,32,29,13,32,7,21,30,24,28,19,13
246,207,83,31,36,25,31,31,37,26,37,35,42,42,29,35,35,36,34,30,40,30,24,36,18,30
250,247,216,35,28,28,37,27,34,26,37,31,33,27,26,45,25,26,32,33,40,29,32,26,44,30
244,228,59,43,32,31,20,32,27,34,25,32,14,34,30,43,36,38,27,33,27,30,30,35,44,39
69,41,24,23,27,27,20,49,34,34,15,37,37,38,32,36,27,42,40,31,24,26,41,41,43,41
98,53,36,22,24,33,36,24,32,43,36,30,27,26,37,43,36,34,38,40,29,25,37,40,42,43
102,107,65,36,33,26,27,17,26,34,31,31,36,30,26,22,41,43,39,42,35,30,32,41,47,43
103,111,103,71,29,35,38,22,15,34,26,19,29,28,46,41,26,31,37,34,40,31,44,40,48,35
228,80,88,112,87,28,16,22,39,25,19,28,29,19,19,28,34,40,34,44,34,32,38,43,12,35
242,194,70,102,118,91,44,5,15,29,22,23,14,18,8,25,7,28,34,15,33,31,29,21,40,44
200,239,76,90,89,100,84,54,12,21,15,14,14,11,8,25,13,16,18,10,19,9,4,17,27,21
112,200,82,71,84,78,80,76,53,8,1,12,6,7,0,2,15,6,2,15,12,6,19,13,12,15
50,96,71,60,54,59,62,68,62,48,34,8,2,0,10,2,5,0,6,1,3,6,12,7,0,11
122,84,47,51,65,51,56,90,139,66,32,44,46,38,35,15,21,16,36,56,10,0,19,33,26,29
226,231,222,69,78,84,75,63,77,183,198,109,81,72,78,74,93,119,110,48,30,70,84,139,138,88
215,223,163,82,89,91,89,91,92,85,82,101,118,104,86,87,88,81,71,49,78,135,150,157,145,125
89,77,70,78,83,82,92,90,84,93,90,88,84,93,85,88,80,84,84,63,146,172,170,126,103,173
64,61,54,63,60,56,61,49,62,56,54,61,65,64,57,54,55,75,61,36,67,69,52,64,182,227
55,58,52,47,49,58,44,52,54,52,56,54,57,66,61,65,60,68,70,64,68,60,73,69,72,59
52,44,6,6,1,1,7,0,2,0,3,3,14,13,23,0,25,40,51,45,55,53,50,66,61,64
53,34,0,2,6,7,30,15,18,13,15,14,14,18,0,6,5,0,5,19,0,10,0,35,46,57
53,65,52,60,40,53,50,57,52,54,66,63,57,50,54,58,49,32,27,71,112,110,99,52,65,69
55,53,52,43,35,41,45,49,57,58,60,55,61,63,66,61,70,46,85,123,194,170,156,81,57,58
