137,139,111,102,93,67,81,70,67,63,63,67,50,39,44,63,52,61,80,89,89,116,109,134,152,153
126,100,109,107,94,88,65,63,56,61,66,55,38,45,43,48,51,64,70,73,64,81,111,122,125,132
144,109,115,127,104,75,91,75,76,73,47,55,53,49,62,70,56,67,80,73,80,78,98,124,125,131
154,119,108,114,85,84,90,78,66,44,59,49,48,45,51,59,65,72,73,74,81,87,106,121,104,160
132,119,118,113,105,70,69,67,56,68,57,47,47,49,56,53,59,69,70,72,75,72,118,120,136,150
122,112,97,94,87,54,63,65,51,48,50,52,49,36,52,53,49,56,65,67,84,106,117,137,144,157
117,128,94,79,62,46,47,29,37,37,45,29,40,33,41,45,67,69,67,87,106,108,132,154,171,167
104,112,89,80,74,57,47,42,57,67,45,37,24,35,65,57,52,60,78,97,106,127,141,149,158,139
112,89,89,88,80,64,74,50,56,46,56,39,35,63,63,90,86,117,130,108,119,117,162,199,174,189
128,130,136,90,90,82,72,86,99,89,75,62,83,82,80,90,110,109,122,127,124,142,162,169,159,158
120,149,122,118,114,136,84,113,95,94,80,89,93,99,124,104,138,103,149,148,181,126,191,180,162,160
135,122,88,116,108,148,114,94,90,112,77,96,84,101,126,137,138,117,155,166,172,145,177,180,182,170
138,163,100,124,112,145,116,101,136,100,105,124,98,140,157,160,92,133,139,164,167,179,179,168,133,179
117,160,117,120,133,143,137,111,103,115,157,114,93,125,111,123,137,141,172,183,195,148,165,147,149,153
112,93,174,117,120,146,108,113,117,115,140,105,128,113,157,117,132,140,174,158,125,138,144,145,168,168
118,148,128,86,118,114,121,138,133,98,119,114,95,141,126,113,118,123,129,153,125,156,132,187,169,139
112,93,99,135,135,99,110,117,121,144,125,107,116,127,90,101,137,107,128,140,110,101,98,150,179,103
91,103,120,150,127,131,111,85,90,95,111,72,91,72,86,116,107,91,102,108,131,125,114,98,109,109
79,102,113,97,82,139,117,79,103,122,94,89,99,110,68,94,98,82,104,93,95,109,123,118,78,69
77,95,102,59,88,116,102,91,88,109,99,82,89,92,95,95,99,107,94,68,82,121,136,81,73,90
69,68,77,79,76,67,92,91,94,80,89,55,71,69,71,69,70,69,100,84,63,91,104,74,108,102
56,60,76,63,72,95,74,93,80,84,50,72,63,71,71,72,94,78,80,80,67,77,87,67,86,83
61,75,66,64,59,80,72,78,79,60,69,74,70,59,56,64,68,74,59,54,67,48,65,70,88,73
74,53,63,70,52,38,78,63,56,53,59,61,55,50,44,74,54,62,49,51,53,58,64,59,51,67
81,76,82,70,52,57,57,66,49,51,65,55,56,47,57,58,50,57,57,43,54,58,42,51,55,38
112,71,45,44,47,43,50,61,52,53,51,45,44,45,58,50,44,52,50,56,58,38,52,53,42,74
79,33,46,43,40,34,48,55,48,48,35,43,43,53,44,39,42,40,40,40,46,44,44,43,55,38
79,64,54,38,36,34,40,42,36,38,28,38,44,42,43,35,44,52,35,37,38,41,46,37,36,28
48,61,51,32,45,48,36,35,36,41,38,35,30,39,34,39,39,37,44,33,28,44,36,41,29,30
50,39,28,45,48,63,44,40,37,44,50,37,30,26,36,32,23,30,31,27,25,29,39,32,44,39
