133,143,143,140,131,122,123,117,116,111,115,122,141,149,112,138,145,160,158,149,102,127,122,133,103,93
150,134,145,139,118,135,118,127,133,100,112,104,134,143,131,136,157,146,121,133,109,113,107,148,115,136
156,174,151,149,142,132,142,136,119,112,127,112,120,123,126,114,121,127,103,110,119,105,109,106,92,148
183,162,154,148,125,149,150,139,119,104,126,131,125,111,134,97,110,95,96,113,106,96,99,99,95,135
162,161,149,159,135,136,130,128,132,136,131,106,108,109,102,104,79,82,72,95,109,93,94,83,106,137
167,175,165,132,127,127,131,106,111,134,102,98,151,130,107,95,71,101,82,70,65,94,79,94,83,128
182,187,154,183,146,130,130,109,113,132,95,119,125,103,94,104,102,95,89,72,72,76,72,95,89,132
149,124,147,158,177,175,176,128,111,106,115,82,116,77,73,89,87,87,83,84,89,87,88,105,93,120
125,141,162,164,115,154,187,170,144,109,86,59,81,118,84,101,92,78,74,74,86,101,83,88,103,115
184,199,164,176,157,93,123,164,162,127,146,95,91,77,79,83,100,89,114,81,80,119,92,129,58,108
169,154,172,157,145,140,122,167,142,116,117,130,89,84,100,79,85,81,108,96,99,70,99,94,64,131
182,131,154,188,143,117,122,119,167,116,118,107,103,125,103,133,57,87,84,73,63,71,79,74,77,103
127,149,153,123,162,156,98,97,181,121,73,112,87,91,109,91,99,84,77,87,69,71,59,94,90,87
109,110,124,116,182,164,98,121,124,100,68,106,82,63,108,143,101,109,65,78,61,53,86,88,88,119
103,79,117,119,160,130,74,68,147,89,101,98,86,92,117,130,117,124,101,108,67,60,78,95,78,114
95,101,74,79,95,151,94,80,150,118,96,120,66,95,134,92,148,97,64,96,117,82,112,79,53,131
125,124,147,125,141,89,109,122,120,71,61,112,103,83,62,109,159,95,67,74,94,85,111,74,79,108
127,135,119,112,104,92,94,98,112,87,78,135,126,79,62,121,162,60,57,73,89,85,128,73,73,61
111,116,114,75,83,58,61,79,149,94,83,116,110,67,164,155,121,63,53,57,107,115,88,78,77,50
109,61,140,102,72,85,70,83,108,77,83,143,88,81,136,128,84,109,62,96,101,147,107,81,78,66
94,82,81,71,106,69,74,83,110,121,80,121,104,81,136,109,65,114,57,118,108,102,78,65,84,103
66,66,60,85,72,69,113,92,144,137,129,145,96,70,167,125,84,72,53,111,124,104,69,79,85,65
61,60,66,82,77,89,96,104,143,105,169,110,91,94,165,119,119,101,89,99,91,73,65,118,69,77
62,65,90,70,65,80,71,104,120,160,144,81,77,100,143,118,161,117,82,154,130,103,73,101,65,67
67,69,68,54,63,52,83,117,159,119,129,91,100,117,104,112,148,129,96,111,101,135,96,104,101,88
61,52,48,52,59,74,85,111,79,93,93,82,97,95,161,116,139,113,106,87,93,67,105,116,75,127
60,52,52,51,64,65,131,101,96,83,67,97,112,81,124,109,118,98,113,58,70,50,77,94,83,127
52,56,47,56,68,90,87,61,104,79,83,110,105,105,160,117,126,97,84,62,95,54,87,69,126,134
63,68,90,87,72,64,69,60,84,97,98,98,131,150,152,90,90,69,77,88,89,72,71,129,128,125
86,81,86,85,89,85,59,82,85,87,88,121,82,107,92,65,73,73,153,63,86,81,131,129,130,127
