189,192,177,197,189,195,203,182,201,192,194,191,193,181,188,202,187,211,202,194,228,215,228,221,228,234
210,206,210,210,202,194,224,208,204,199,195,203,204,205,209,195,211,204,218,215,215,232,232,240,238,240
230,226,233,228,227,224,216,227,226,221,228,218,226,217,218,227,221,218,215,231,224,230,238,240,235,250
234,235,227,235,225,235,228,224,220,224,213,223,229,220,214,228,232,219,226,221,230,232,225,235,236,229
225,226,213,218,211,219,206,209,213,212,200,199,204,202,201,209,196,203,192,191,189,171,192,199,193,212
203,203,204,191,200,186,196,195,188,188,177,182,162,154,154,159,177,163,150,140,160,181,190,190,196,212
199,193,191,199,165,179,184,171,173,190,154,191,160,178,182,128,158,173,139,178,191,167,214,193,192,225
192,208,170,201,199,204,199,198,208,201,202,197,207,202,201,206,196,206,189,188,189,212,197,211,208,212
208,202,205,212,202,227,230,210,208,199,186,203,190,191,205,200,194,199,200,189,212,190,202,216,203,228
220,208,194,211,199,186,217,184,204,212,204,195,215,206,226,196,198,232,198,213,204,211,221,212,203,205
203,214,198,202,196,195,198,190,176,180,179,176,171,160,164,154,160,149,169,166,159,171,189,181,184,200
184,177,177,182,168,166,164,163,174,149,152,155,155,148,147,158,136,149,159,180,168,161,187,183,194,185
173,178,178,174,164,145,159,171,163,159,161,165,165,163,155,151,156,165,174,179,171,185,168,199,196,202
190,181,160,175,159,152,153,139,145,133,144,156,160,160,165,160,163,170,179,177,179,173,164,159,182,190
180,182,162,163,131,151,142,145,147,146,147,150,153,153,163,150,158,163,171,164,165,166,167,174,192,181
170,153,160,143,153,144,135,147,141,137,147,141,138,145,150,162,161,155,172,163,166,171,174,177,181,186
143,151,150,152,154,144,146,140,134,130,132,148,130,148,145,156,163,156,158,165,170,185,184,174,185,188
145,159,138,161,153,161,143,143,144,136,150,144,144,145,149,149,147,152,159,157,184,176,180,168,169,185
163,153,156,155,152,150,150,146,135,144,156,142,134,151,147,144,158,144,151,158,177,167,178,178,181,191
172,154,158,158,139,152,136,144,132,130,149,142,152,124,155,136,136,146,150,182,180,181,162,188,198,176
154,154,142,147,144,145,133,134,140,155,135,146,134,136,136,146,150,134,153,167,179,155,190,204,194,200
152,147,139,132,139,137,137,141,135,162,142,146,148,132,133,132,128,136,146,159,162,196,191,202,195,198
151,153,150,144,155,148,153,141,152,148,146,136,140,135,148,136,132,126,135,155,169,189,202,200,198,213
156,158,151,152,157,151,149,137,140,142,143,141,150,151,141,146,135,139,145,157,181,173,192,210,211,202
153,157,149,159,155,158,149,153,136,150,139,146,152,146,146,140,139,146,151,162,174,194,190,204,199,215
161,170,157,155,153,158,158,164,152,160,151,157,158,165,155,161,168,161,177,168,185,190,201,206,207,219
167,165,167,171,171,168,180,173,183,177,183,185,184,186,182,193,188,203,189,189,204,213,217,214,234,230
193,191,197,192,197,195,200,201,202,202,200,204,197,208,195,205,196,200,211,214,219,224,231,230,224,237
195,192,203,201,205,206,204,214,204,209,196,202,206,204,210,202,198,205,211,227,215,218,231,222,234,228
205,201,206,200,207,200,210,203,210,200,202,203,204,204,199,212,204,217,203,208,216,223,232,233,220,234
