43,18,4,71,42,36,44,26,14,30,10,11,16,27,50,35,48,42,55,51,52,48,53,54,58,51
78,19,9,14,56,62,36,40,25,19,15,27,24,52,39,48,51,46,47,50,53,53,55,56,59,60
158,56,26,8,3,42,60,30,30,29,23,29,37,52,43,52,46,44,43,54,55,55,56,60,61,67
199,109,56,19,11,10,9,66,57,13,32,31,52,48,50,54,49,58,48,61,57,54,54,62,59,65
204,191,99,52,25,13,10,8,21,58,53,27,35,43,52,55,56,49,58,63,59,67,64,57,69,65
221,214,179,129,81,31,24,14,12,8,5,39,60,46,43,30,33,63,51,65,58,58,73,60,62,62
229,224,219,219,202,141,58,39,34,22,15,15,19,12,22,42,52,48,54,44,57,39,46,50,50,58
242,242,235,230,232,236,169,61,47,57,47,50,49,33,20,18,18,13,11,11,18,27,31,26,36,29
247,248,248,242,242,241,237,175,58,58,60,65,77,90,86,74,63,55,51,46,37,35,41,44,33,50
246,244,251,243,248,247,240,240,87,62,62,67,88,128,142,141,144,149,141,144,116,119,107,105,120,136
254,255,249,250,251,255,253,237,187,66,54,75,86,126,160,165,171,198,192,196,217,223,210,219,219,228
250,249,251,250,255,248,251,249,239,77,66,65,83,129,148,173,199,208,215,223,233,229,238,246,232,239
255,248,251,248,249,253,250,251,238,84,70,73,85,104,141,163,190,209,218,229,233,236,240,231,230,245
244,247,245,247,249,252,247,254,234,79,81,81,85,83,118,158,183,198,213,225,221,235,231,226,210,241
236,244,247,247,247,247,251,244,247,84,79,83,98,96,120,152,171,194,214,211,228,236,225,231,234,236
226,223,234,242,247,250,238,230,158,90,95,105,120,123,132,144,159,182,197,210,216,216,228,230,234,237
141,178,190,227,225,228,240,211,93,88,123,133,127,126,129,137,157,172,192,212,195,216,225,226,223,236
71,63,72,91,149,185,159,116,125,132,142,147,131,136,132,126,145,163,182,196,188,206,212,215,220,221
72,69,81,75,76,73,90,137,157,149,169,164,148,155,144,126,131,151,169,191,195,192,217,218,214,224
78,93,96,100,117,134,157,154,182,180,191,180,160,156,151,148,142,151,164,165,185,201,197,212,204,218
116,122,146,146,161,185,205,197,192,198,196,197,187,168,159,149,129,141,144,168,173,193,211,197,198,216
167,178,182,198,206,183,206,207,205,191,204,195,207,190,180,157,146,143,150,152,168,190,197,202,207,211
191,173,189,217,208,192,230,208,216,210,207,211,209,200,191,170,167,145,138,139,138,177,184,175,187,204
211,171,217,234,214,223,221,224,218,219,215,212,213,186,207,179,172,150,142,145,144,154,165,180,169,189
213,205,221,201,224,229,219,224,223,215,216,210,207,205,193,199,152,153,155,137,117,148,159,166,173,181
202,226,232,221,234,231,238,215,225,215,220,222,220,218,191,197,176,156,156,139,129,126,135,162,160,173
196,227,217,237,218,225,217,220,217,222,224,228,225,223,199,202,196,177,184,165,148,148,142,138,148,168
205,219,207,180,220,228,216,207,192,210,222,186,228,196,218,193,177,191,195,156,163,162,135,138,154,157
215,229,214,196,224,230,221,207,208,222,206,195,211,202,215,192,165,192,205,177,179,158,146,141,123,152
172,183,231,223,194,197,216,185,183,201,174,185,177,176,202,187,198,200,182,196,196,179,155,132,146,136
