127,127,129,126,126,15,19,6,0,4,21,21,56,14,62,59,78,134,116,112,106,106,99,65,32,17
127,127,129,129,134,6,21,8,10,4,46,31,36,15,23,29,41,83,75,74,81,104,84,101,78,17
130,127,126,127,122,134,33,13,12,14,17,40,28,51,66,70,59,67,41,59,43,56,100,78,80,76
130,129,127,131,128,125,16,1,10,13,17,18,57,59,63,68,59,96,91,123,132,102,34,23,15,24
125,130,128,129,128,126,9,1,5,9,24,11,29,47,47,47,90,118,112,143,135,130,94,101,42,6
129,129,128,126,133,125,10,10,0,12,17,41,10,20,14,38,88,128,143,151,140,128,118,92,62,87
126,128,130,126,128,130,126,7,15,56,27,21,27,16,11,43,66,103,113,138,133,112,130,123,95,85
126,134,126,126,133,127,127,21,9,14,26,29,14,5,29,55,62,103,106,125,132,132,122,126,63,90
126,129,123,126,123,128,135,19,14,13,20,8,3,18,41,70,102,104,101,127,121,130,113,102,118,80
128,129,131,136,126,127,126,33,6,16,9,7,6,15,31,100,106,60,141,121,133,136,92,123,80,109
128,128,121,123,128,128,133,126,0,7,5,13,8,10,29,95,95,76,135,132,129,127,123,104,62,108
129,129,131,132,131,129,123,133,7,7,4,1,11,14,39,98,136,135,95,127,105,126,93,116,99,120
128,125,129,130,121,131,129,123,5,0,4,6,19,10,26,116,135,135,143,91,111,118,134,128,114,128
127,132,126,131,126,129,128,132,2,0,10,16,18,17,3,76,110,130,140,143,149,136,139,134,123,132
128,128,128,128,128,128,128,128,126,14,19,19,16,29,32,47,81,126,145,146,160,137,139,136,118,90
128,128,128,128,128,128,128,128,131,7,17,11,12,13,9,11,52,107,125,151,144,158,156,130,94,114
128,128,128,128,128,128,128,128,127,7,5,21,39,24,4,23,33,75,115,159,162,156,147,143,91,80
128,128,128,128,128,128,128,128,128,7,18,38,18,24,13,4,17,48,102,116,136,155,149,130,128,87
128,128,128,128,128,128,128,128,129,130,12,38,32,25,33,7,23,14,74,125,132,136,150,143,136,119
128,128,128,128,128,128,128,128,126,127,16,24,51,46,16,5,11,2,41,93,121,102,114,107,130,102
128,128,128,128,128,128,128,128,126,133,5,34,21,38,33,16,7,2,5,36,109,118,111,121,124,100
128,128,128,128,128,128,128,128,129,128,125,24,38,69,50,40,2,9,2,13,50,101,66,101,128,85
128,128,128,128,128,128,128,128,129,128,124,13,22,62,45,31,11,16,12,4,12,70,85,65,112,100
128,128,128,128,128,128,128,128,128,129,131,25,18,33,58,67,6,4,6,10,24,31,37,53,85,70
128,128,128,128,128,128,128,128,123,127,129,128,12,27,90,51,33,2,0,4,8,14,18,13,29,100
128,128,128,128,128,128,128,128,135,128,126,128,15,15,89,93,24,3,7,3,0,8,18,6,9,17
128,128,128,128,128,128,128,128,124,125,128,122,20,4,19,135,118,27,6,0,15,0,15,8,2,14
128,128,128,128,128,128,128,128,130,132,130,129,124,7,5,82,151,115,57,21,2,4,0,0,9,2
128,128,128,128,128,128,128,128,129,120,124,129,127,22,36,34,85,140,117,5,6,6,8,4,2,9
128,128,128,128,128,128,128,128,128,131,129,129,125,130,18,13,51,76,116,92,20,0,6,0,3,4
