141,160,149,155,148,156,144,151,136,139,150,134,157,153,155,159,144,156,168,169,166,168,167,155,141,190
140,142,135,151,140,146,141,125,149,145,149,153,161,157,164,161,168,163,167,169,167,164,162,177,160,179
150,165,167,149,147,147,152,112,145,157,144,155,156,155,159,167,148,179,161,169,158,178,169,174,173,164
158,159,146,134,157,149,161,145,153,156,155,159,162,168,169,154,176,180,188,167,177,175,171,184,176,184
160,140,152,152,154,148,138,154,148,155,146,160,154,159,158,169,166,173,191,177,188,155,189,211,214,191
153,153,152,161,150,144,168,138,175,156,176,157,179,173,184,189,198,187,199,212,193,219,200,194,205,216
179,168,164,162,163,148,147,176,159,180,179,159,187,174,190,205,182,207,199,190,202,186,206,209,221,203
162,162,159,168,167,174,176,161,167,195,169,183,190,180,200,188,208,208,209,197,209,209,218,219,223,199
182,167,167,187,178,178,174,178,196,174,172,202,199,217,208,205,214,212,213,213,213,222,215,233,210,210
189,193,193,176,174,192,185,173,174,178,202,198,196,215,215,210,215,214,220,215,218,217,216,218,216,225
196,187,188,179,192,193,187,197,182,189,189,207,211,214,205,218,215,217,216,214,219,222,227,223,223,224
187,206,204,208,194,194,194,193,187,197,199,215,221,212,226,220,218,219,199,218,226,229,218,219,223,226
203,194,201,208,186,206,207,190,199,199,187,201,201,210,222,218,212,203,212,226,227,226,216,222,229,233
192,189,194,200,210,200,200,196,185,201,203,201,197,199,211,215,225,209,215,211,214,216,224,225,225,223
199,202,205,159,200,198,165,177,202,199,200,191,202,191,229,202,200,189,207,211,224,226,224,226,223,230
187,200,190,191,166,173,179,152,179,161,159,205,188,172,176,198,172,205,205,212,212,210,196,219,211,222
205,160,173,173,183,145,161,159,165,179,174,174,178,182,182,178,178,182,204,202,214,206,208,173,170,153
190,131,143,186,147,152,121,144,171,154,140,162,165,156,135,136,136,145,149,177,152,132,143,154,144,166
160,143,128,170,155,97,114,128,129,109,125,142,124,117,135,136,127,147,158,135,141,123,129,121,112,118
120,140,141,140,99,90,140,87,85,104,105,103,105,100,121,121,126,127,100,92,88,102,93,96,112,125
115,106,133,113,58,102,69,103,54,94,105,71,53,59,84,57,58,84,104,72,82,91,78,74,56,61
101,94,116,77,55,79,58,52,56,68,47,49,58,59,41,46,52,47,63,48,38,39,33,45,30,80
85,98,90,64,47,62,55,33,57,51,42,46,35,30,20,24,15,11,22,26,20,21,27,13,39,14
88,79,80,56,43,39,31,38,48,29,36,29,22,19,13,8,12,19,9,9,13,18,11,15,5,17
60,44,65,50,44,35,22,29,40,33,24,24,19,11,6,7,9,8,10,10,12,14,9,3,3,8
44,44,55,41,34,29,22,28,36,31,26,19,11,8,8,8,8,7,7,7,9,12,12,10,10,13
29,35,45,34,28,26,24,26,27,23,20,12,7,8,9,7,5,5,2,3,4,6,8,9,8,8
21,21,33,29,26,27,29,24,17,15,10,11,12,13,10,5,4,5,3,6,7,6,6,7,8,7
24,19,21,23,23,26,27,20,12,12,7,13,16,13,9,7,6,5,1,7,10,7,3,4,7,8
24,20,18,21,22,22,21,15,10,10,10,12,11,8,7,9,7,3,5,10,12,8,3,2,5,6
