125,129,134,127,123,165,188,197,177,182,217,208,203,204,219,211,216,214,218,196,208,224,193,174,206,203
133,125,125,127,133,197,190,172,176,201,203,208,197,200,206,220,224,220,213,216,204,203,187,203,181,190
127,129,130,126,130,128,179,161,194,213,190,199,194,204,193,201,198,214,214,214,192,202,149,191,187,156
128,125,127,129,123,131,188,202,188,199,197,196,190,201,201,195,196,195,198,205,192,204,207,203,194,168
129,132,131,128,134,123,189,185,203,170,178,206,175,197,198,188,201,186,200,207,214,196,199,212,171,186
129,126,126,126,126,128,175,182,173,189,201,190,204,191,170,197,193,197,181,201,202,200,192,184,208,172
125,131,127,128,126,129,126,173,168,184,192,193,196,151,178,194,198,198,202,202,198,211,181,176,182,177
127,130,126,130,128,129,129,176,166,185,194,192,181,208,200,189,194,201,177,185,192,208,177,174,174,178
129,129,126,130,129,128,129,171,168,154,188,196,188,190,202,213,206,182,182,190,179,161,184,176,172,151
129,129,126,129,128,127,126,154,176,171,173,158,197,187,204,190,173,204,187,171,183,182,178,169,156,164
128,130,127,128,128,129,125,135,178,199,166,177,182,178,176,193,183,175,186,193,176,161,173,181,170,149
126,129,128,128,129,130,127,126,174,167,174,177,176,173,186,173,191,163,184,184,168,161,175,168,167,165
127,128,128,128,128,129,130,125,163,149,158,197,168,181,171,165,162,175,182,189,161,177,167,167,165,167
129,128,128,129,127,125,130,127,160,173,165,190,198,177,150,165,178,188,171,170,171,183,168,164,150,147
128,128,128,128,128,128,128,128,131,159,187,188,180,175,170,178,163,162,173,163,149,169,158,156,144,135
128,128,128,128,128,128,128,128,130,173,188,194,181,189,173,172,173,176,171,178,162,182,161,162,146,148
128,128,128,128,128,128,128,128,128,182,177,188,184,180,167,154,182,170,156,167,169,166,183,150,146,139
128,128,128,128,128,128,128,128,126,139,168,175,169,171,192,182,172,178,174,170,171,164,155,140,143,158
128,128,128,128,128,128,128,128,132,120,170,166,180,181,167,168,181,177,167,162,168,161,172,129,139,135
128,128,128,128,128,128,128,128,130,130,152,155,170,172,166,172,148,163,185,155,174,157,155,151,135,135
128,128,128,128,128,128,128,128,123,130,150,172,160,156,172,167,157,168,154,163,159,155,154,155,141,133
128,128,128,128,128,128,128,128,130,126,126,135,177,176,138,159,159,159,135,153,168,157,144,154,143,135
128,128,128,128,128,128,128,128,127,131,127,140,133,134,135,157,163,161,162,150,159,164,143,149,135,130
128,128,128,128,128,128,128,128,127,125,127,151,157,170,141,147,129,157,175,129,167,142,151,136,139,116
128,128,128,128,128,128,128,128,132,127,128,130,146,156,156,163,153,163,158,150,165,154,145,136,114,137
128,128,128,128,128,128,128,128,128,126,130,124,169,151,170,146,150,156,172,163,150,146,147,163,119,138
128,128,128,128,128,128,128,128,126,128,130,131,172,156,164,135,157,148,155,147,165,147,147,159,140,138
128,128,128,128,128,128,128,128,128,132,125,128,129,149,145,156,153,133,134,152,147,143,165,151,146,112
128,128,128,128,128,128,128,128,127,130,124,132,125,147,133,151,160,190,165,140,167,160,157,149,144,141
128,128,128,128,128,128,128,128,126,130,128,127,129,128,135,147,141,168,162,150,167,173,158,156,155,143
