49,30,17,42,13,30,49,61,61,69,64,73,80,73,69,88,71,72,79,76,70,49,46,17,7,43
35,58,26,28,28,33,47,49,59,65,66,72,75,75,76,69,76,75,76,75,45,58,14,12,26,115
35,31,54,19,40,27,36,46,51,59,68,68,65,81,73,66,68,70,72,63,33,42,9,11,84,129
10,27,45,44,24,41,28,48,47,66,66,71,86,71,73,82,69,67,68,38,51,11,7,30,122,128
6,11,20,59,23,51,21,34,44,64,62,84,73,85,64,71,71,64,68,24,33,16,18,79,82,108
17,24,27,38,50,14,61,36,47,53,59,75,82,98,96,77,73,61,42,55,14,17,31,129,92,87
0,26,45,45,53,28,36,21,31,50,57,66,78,73,79,75,73,65,35,22,15,35,40,99,93,87
32,25,60,44,61,38,20,58,24,20,24,45,49,58,48,53,45,38,45,12,14,20,60,114,80,86
43,54,60,68,62,36,34,15,30,53,30,34,46,38,44,50,50,41,19,9,1,49,89,104,96,99
39,27,15,24,48,40,39,40,17,20,22,27,31,24,25,15,7,12,9,3,12,45,89,132,92,86
6,13,26,12,49,42,33,33,17,20,18,13,16,14,7,15,22,8,2,7,3,59,95,128,96,107
10,18,2,19,51,47,41,26,14,14,10,35,32,36,37,23,24,25,10,2,9,56,84,115,100,106
7,2,12,14,52,46,31,14,11,9,19,39,53,65,50,47,22,35,15,9,13,61,59,136,80,87
11,7,15,28,63,31,52,6,15,20,43,60,77,86,69,59,49,33,38,15,5,58,38,124,104,93
25,19,42,34,59,38,14,15,4,40,63,88,109,120,102,83,65,43,44,15,1,45,61,130,91,88
42,39,85,55,60,28,16,4,29,66,97,148,173,177,162,143,90,62,36,39,7,20,78,96,110,82
18,19,24,43,36,26,10,16,50,96,152,199,211,202,207,179,142,74,40,42,30,16,88,85,96,76
4,5,22,55,42,18,6,27,80,158,205,217,220,219,222,213,197,122,69,36,32,11,74,33,99,90
4,18,17,62,29,3,21,47,120,192,226,231,228,225,232,233,215,178,96,44,31,13,40,44,102,87
21,14,44,59,25,8,19,77,170,213,228,240,238,236,234,238,237,223,151,59,31,27,18,79,73,93
15,23,49,47,4,7,42,132,221,222,225,226,235,240,237,240,243,243,204,103,40,13,15,84,38,87
8,29,53,32,8,21,65,165,204,222,230,231,234,240,242,244,242,242,238,179,66,27,10,45,55,86
20,25,60,12,2,32,115,193,221,227,235,225,238,237,240,242,246,243,249,232,109,35,20,13,62,34
27,43,44,6,9,70,166,206,233,227,232,235,238,237,241,241,245,243,240,241,208,64,16,10,51,44
30,62,21,13,28,124,192,216,217,233,225,241,239,243,245,247,245,244,240,240,239,150,27,13,16,63
40,48,9,1,57,148,212,191,216,226,243,235,238,240,238,248,244,248,247,241,232,218,69,10,12,49
56,26,8,25,108,176,192,205,219,231,225,238,237,239,241,243,245,245,244,244,243,228,164,43,21,9
55,15,12,80,158,184,209,205,218,209,227,226,234,236,239,243,244,245,244,243,236,237,229,107,33,6
20,15,37,137,183,200,208,210,216,214,224,232,234,236,240,244,247,247,246,246,244,242,234,183,68,12
13,15,91,184,189,207,207,220,216,230,225,231,236,238,242,246,248,249,249,249,252,244,240,239,176,48
