26,35,31,29,34,29,25,26,26,23,22,27,20,11,18,11,16,21,33,37,49,49,65,62,81,96
54,48,67,56,51,78,47,32,40,33,26,24,18,10,2,5,14,17,23,25,37,38,58,68,93,107
129,85,72,124,96,96,105,69,87,87,53,53,33,17,9,11,3,12,21,28,38,30,42,58,77,76
160,170,90,184,156,179,98,157,102,123,104,61,45,44,23,20,24,27,28,31,42,38,42,51,69,70
188,184,167,176,140,167,152,217,186,140,148,115,82,51,38,37,41,36,38,28,35,43,45,46,69,90
229,182,214,160,174,123,185,167,173,117,138,156,112,62,76,72,61,60,49,40,39,41,40,41,61,81
221,218,204,170,162,163,143,156,167,142,141,150,128,121,122,106,99,88,71,63,53,50,49,48,56,68
207,183,201,150,167,167,151,158,149,129,129,156,146,156,165,169,162,135,103,77,58,64,64,47,46,69
197,162,182,170,163,132,118,136,144,138,145,169,182,179,193,212,179,174,138,119,86,70,70,61,63,61
166,166,197,145,150,95,111,140,148,164,168,182,191,190,185,201,205,185,159,144,91,88,81,67,66,65
167,153,156,134,135,134,147,172,179,183,176,185,203,198,201,210,216,170,165,158,115,95,80,85,90,78
159,143,142,133,151,159,169,194,203,194,209,182,185,202,197,209,204,198,175,153,130,117,78,91,88,94
136,130,148,156,171,187,174,209,207,182,183,162,188,189,188,198,211,201,193,160,152,127,134,114,110,103
111,129,128,160,173,199,161,186,170,147,190,192,184,171,196,171,171,200,181,170,141,94,125,92,121,130
134,137,142,152,181,164,154,149,146,157,168,173,167,176,160,178,157,162,182,168,116,123,142,125,124,134
153,161,131,148,145,148,160,130,154,172,168,170,187,174,191,178,129,149,142,130,122,111,125,115,134,135
157,122,106,133,122,161,157,141,168,148,186,187,191,161,183,142,151,126,113,131,116,115,110,120,114,91
123,150,107,133,154,132,153,137,165,150,178,152,204,180,191,164,138,139,131,143,123,128,120,114,98,97
108,99,123,130,136,123,134,139,138,155,158,161,127,160,156,151,136,145,145,121,118,149,111,96,115,138
85,75,75,113,96,134,114,143,130,139,132,137,139,133,154,140,145,146,129,130,126,148,113,83,100,110
58,49,67,82,116,123,108,143,135,154,108,135,141,151,127,115,144,123,136,105,96,136,131,93,91,88
36,63,57,69,102,110,121,112,142,115,126,112,140,123,122,133,116,108,93,85,91,132,120,93,100,78
34,51,61,76,91,89,97,109,139,101,108,113,108,106,142,118,114,90,110,71,76,81,93,100,43,64
34,38,63,77,95,101,80,88,105,106,120,121,140,101,113,91,101,111,75,79,51,78,75,81,67,50
36,50,67,78,106,95,94,83,79,119,126,118,102,82,91,83,121,99,68,55,49,73,50,69,67,47
41,53,76,86,91,91,117,70,82,79,90,99,84,99,103,104,87,103,69,50,56,54,48,48,31,127
56,71,93,82,96,91,94,118,101,87,84,106,121,105,83,108,95,54,50,51,44,41,46,43,37,130
61,76,84,88,110,93,102,90,93,88,83,101,116,84,115,82,82,67,85,51,46,40,48,38,131,126
63,75,84,73,95,97,119,98,127,85,90,98,95,111,93,108,78,65,78,56,38,35,30,133,127,130
77,89,96,104,109,110,114,131,123,118,150,109,102,88,87,104,75,74,64,48,34,21,131,132,123,129
