3,10,9,11,3,10,3,1,2,2,8,6,5,8,2,5,3,4,4,2,1,2,4,7,9,7
12,13,11,10,9,10,3,5,5,0,6,12,5,14,10,12,4,6,4,2,6,4,6,8,8,22
21,19,16,12,13,8,0,7,16,13,10,6,8,13,15,15,21,19,20,10,8,16,18,11,9,20
22,21,22,28,10,17,16,12,11,11,9,7,9,15,24,13,15,7,30,38,32,12,17,21,21,12
16,30,25,22,19,22,19,10,8,11,9,9,17,17,8,18,13,18,20,26,34,13,17,5,22,30
8,19,25,26,24,16,13,16,25,29,20,17,15,12,25,17,33,14,30,26,35,35,38,21,36,12
30,33,36,23,24,28,37,40,43,43,34,36,28,31,16,32,27,45,39,39,45,43,29,10,30,22
32,33,45,28,48,54,61,54,54,56,42,36,26,38,43,43,42,42,41,33,49,31,41,43,22,23
49,31,31,60,72,63,69,67,60,41,42,54,23,45,59,65,68,56,44,47,38,57,48,45,39,34
65,58,45,46,55,72,67,58,51,50,40,61,32,66,71,78,65,75,60,62,57,43,52,54,41,46
67,70,68,60,46,56,58,54,73,49,66,41,46,78,80,85,66,84,74,76,79,63,46,61,45,54
74,71,80,73,75,58,53,76,59,78,46,47,66,79,85,85,78,81,83,86,83,81,76,57,51,55
83,80,81,78,83,72,74,78,76,68,51,74,86,86,91,89,92,88,92,93,93,91,94,78,82,61
92,95,83,83,72,79,74,86,81,60,83,88,94,99,97,95,98,100,97,95,93,105,101,88,95,94
104,105,93,86,92,73,81,79,75,83,95,92,94,107,104,101,102,106,98,96,107,84,99,104,109,104
101,104,110,94,92,82,79,84,101,109,103,96,96,110,111,106,111,106,99,102,107,107,103,116,113,118
108,97,92,98,100,108,109,108,120,113,110,105,116,123,115,104,116,116,115,122,118,115,115,136,111,119
124,122,120,119,108,109,129,120,128,130,119,127,133,130,127,121,128,125,125,123,140,120,130,132,128,129
155,136,142,135,127,130,137,137,138,133,134,136,123,134,130,139,125,134,128,139,130,131,139,142,136,143
155,149,149,128,154,145,133,132,133,134,146,146,149,150,148,141,152,147,143,138,120,143,148,140,151,147
137,156,143,140,147,135,145,145,147,153,140,143,156,152,146,148,142,151,139,119,125,147,126,134,130,146
133,146,138,151,145,142,144,143,140,144,137,142,154,137,158,150,142,138,150,116,136,130,126,121,127,129
88,93,96,92,92,102,92,96,91,87,88,88,91,78,82,88,72,78,76,56,67,61,58,63,54,63
52,47,52,58,56,57,54,46,47,58,49,62,50,57,55,53,46,39,38,51,61,56,49,49,49,55
73,59,51,60,41,38,22,21,26,28,28,13,12,15,7,11,12,5,11,13,10,13,3,8,1,14
75,62,53,26,16,10,28,22,22,36,37,50,48,48,53,50,53,60,54,56,57,55,58,42,37,20
59,56,47,28,36,37,47,69,62,79,80,90,91,92,95,84,87,99,94,90,99,87,86,78,46,21
65,63,57,46,45,46,46,80,80,88,97,89,95,104,98,95,97,106,115,105,98,102,92,88,52,68
63,55,61,37,40,37,58,72,84,86,105,104,110,116,110,107,101,101,111,104,113,96,91,73,57,45
84,64,58,61,34,42,54,79,82,85,104,107,113,108,115,109,102,109,115,123,120,92,83,63,55,27
