60,48,39,39,32,24,42,31,41,61,55,65,82,76,84,90,94,98,103,99,96,103,118,123,126,125
77,65,55,44,36,45,56,68,59,64,77,83,83,101,96,98,105,115,114,103,107,127,124,120,116,122
77,75,67,55,59,73,80,78,76,81,82,96,98,101,97,110,119,118,114,114,118,123,112,110,107,114
72,84,75,70,80,79,86,84,83,85,95,105,100,101,104,117,122,116,113,117,113,102,106,110,109,105
73,79,73,79,84,85,88,95,96,92,107,109,103,112,127,123,118,110,107,110,109,104,108,110,113,105
90,86,86,93,86,100,99,105,117,109,113,112,115,128,124,121,116,108,102,104,105,100,105,102,113,113
95,101,100,97,103,104,111,115,117,119,120,116,116,126,124,111,106,102,105,97,103,110,105,101,104,112
101,106,105,104,114,118,104,112,118,119,118,115,114,116,109,108,103,95,96,95,95,96,98,96,94,93
109,112,114,116,121,116,111,116,118,115,111,112,110,102,88,89,84,86,89,86,83,93,99,103,101,97
118,116,109,107,116,116,112,108,106,102,98,100,96,83,76,80,75,86,96,98,96,112,121,122,117,111
128,127,120,114,115,109,99,93,91,89,83,81,81,75,71,85,82,90,105,121,120,128,131,131,130,129
119,126,127,118,104,86,87,83,80,74,65,62,71,80,81,90,92,101,116,126,128,134,135,136,140,144
126,133,127,113,105,95,83,83,79,72,66,65,76,92,102,103,108,114,124,126,132,141,144,143,142,140
128,132,123,107,98,90,87,93,93,92,94,94,99,109,111,116,121,114,120,126,138,139,138,139,140,139
128,122,122,105,102,101,99,97,113,111,116,118,124,131,132,138,140,144,139,139,143,141,152,142,144,143
123,115,116,106,106,112,113,120,132,128,134,133,139,153,176,176,173,162,161,158,165,156,140,146,146,153
127,114,112,110,112,124,133,135,154,154,147,150,164,173,184,192,186,188,180,190,185,173,173,160,145,159
127,114,111,117,119,134,144,157,163,161,167,166,170,186,193,193,193,179,183,178,185,173,170,182,168,171
125,119,119,132,137,152,163,161,168,175,170,175,183,178,188,194,187,190,168,161,149,143,146,156,172,176
131,130,128,141,150,164,170,176,167,173,182,182,174,172,185,178,174,159,146,123,126,122,117,127,132,136
132,134,128,139,154,167,176,174,168,180,181,185,180,164,168,165,155,153,128,109,96,91,93,92,102,117
133,139,131,143,164,179,175,178,169,181,187,188,179,167,162,156,149,141,126,103,93,82,86,83,78,95
139,142,140,146,153,162,172,184,181,172,188,192,189,174,171,157,149,138,114,93,83,75,75,77,73,63
138,141,139,156,164,172,177,182,174,181,190,190,191,188,180,167,155,136,106,83,74,71,70,70,58,58
140,140,141,148,154,158,175,177,167,185,187,184,182,176,181,160,134,115,101,88,76,69,67,60,63,42
138,145,157,149,155,159,169,173,164,178,183,184,183,165,180,163,136,113,100,88,79,77,65,64,54,48
138,149,156,150,150,152,158,165,164,168,177,181,189,174,182,164,137,119,113,103,85,71,65,61,53,42
132,144,144,157,153,154,154,163,173,173,178,174,181,178,161,162,157,141,121,104,91,82,64,63,58,47
135,139,143,152,150,147,153,166,180,178,179,174,166,169,166,166,165,154,135,118,100,81,69,57,70,46
124,127,151,146,155,151,141,156,166,163,164,172,154,157,160,161,163,154,135,122,107,87,74,60,51,63
