207,220,218,225,229,225,227,222,227,221,230,229,230,233,236,237,233,230,232,235,234,232,234,235,238,243
211,219,225,221,227,223,229,229,226,226,226,228,230,230,229,230,233,237,233,236,236,236,237,237,238,242
203,229,233,222,231,223,229,231,223,228,225,224,223,224,226,229,232,233,233,236,237,237,239,237,235,237
228,221,225,221,231,224,227,228,226,230,224,223,223,225,228,230,230,230,234,236,237,238,239,236,233,235
219,224,222,227,230,223,225,223,224,218,222,226,229,231,230,230,232,235,235,236,235,237,240,238,236,238
229,215,227,231,228,222,226,224,225,211,224,224,226,228,230,233,235,236,233,233,232,235,240,239,238,241
221,227,222,221,223,217,224,228,229,222,226,223,221,225,232,236,235,232,234,233,231,235,239,238,237,240
226,216,225,218,225,213,216,220,218,223,225,226,227,230,232,234,234,233,238,236,234,237,241,239,236,239
218,219,226,223,220,221,221,221,221,223,224,221,222,229,235,236,234,234,237,235,233,235,238,241,241,240
223,227,232,231,228,226,223,222,225,230,225,226,228,233,236,236,236,236,243,242,240,238,236,236,238,240
227,227,231,231,230,229,226,224,226,228,229,234,238,239,238,238,239,239,238,238,238,238,239,242,246,249
226,229,235,232,229,230,231,232,231,229,233,239,243,241,238,240,241,240,243,240,237,239,243,247,247,245
226,237,237,233,229,228,230,233,234,234,234,239,241,239,238,242,243,242,247,245,243,244,246,247,245,242
225,232,230,233,235,234,231,231,232,234,235,237,238,238,240,245,247,245,242,245,248,249,247,246,248,249
223,224,226,231,236,235,232,231,232,234,233,234,235,237,240,244,245,243,243,247,250,249,246,245,247,250
221,230,222,222,220,217,217,223,228,231,230,231,232,234,236,238,237,236,240,242,244,245,246,248,250,252
218,214,213,217,209,214,206,207,214,220,224,226,223,219,220,223,229,237,242,243,243,243,243,246,251,255
204,210,208,211,204,190,191,192,205,201,199,199,202,209,216,223,225,225,232,233,233,233,233,236,239,242
195,193,193,190,182,169,163,154,163,164,179,180,190,199,201,203,203,198,201,203,205,207,211,216,220,221
179,173,172,169,156,151,136,134,137,147,141,142,151,153,144,144,154,156,172,180,186,185,183,187,196,203
157,163,164,159,141,125,114,125,126,128,123,114,112,106,95,99,112,118,121,131,140,140,136,141,156,169
147,152,159,139,124,106,112,112,107,98,103,89,81,79,77,79,81,79,96,94,96,101,108,115,125,133
135,135,135,111,103,99,111,107,93,83,76,70,69,73,77,76,72,69,79,72,69,75,81,84,90,97
110,123,111,100,90,87,90,100,80,67,65,68,69,68,65,59,59,65,45,48,56,61,57,56,72,92
104,115,107,89,85,95,91,77,69,59,57,60,69,59,56,52,49,42,42,52,58,55,63,67,65,81
99,98,93,85,85,90,80,70,58,52,45,58,61,59,45,50,35,30,42,56,59,55,53,58,53,58
105,95,84,82,82,78,60,55,40,44,40,36,43,50,52,39,35,50,52,49,43,41,33,22,26,33
100,87,78,78,78,73,53,50,30,40,34,34,39,32,40,31,32,43,48,49,43,25,23,23,42,34
99,89,72,72,77,80,64,59,36,44,34,42,40,43,43,50,43,56,58,47,42,46,41,34,49,54
104,99,78,75,79,85,74,70,53,57,59,56,52,51,51,51,49,62,59,63,52,54,40,55,57,55
