128,128,128,128,128,128,128,128,126,131,128,128,128,132,80,131,136,145,149,155,157,157,178,148,152,129
128,128,128,128,128,128,128,128,130,128,126,129,127,123,99,134,123,123,166,173,155,165,153,162,143,126
128,128,128,128,128,128,128,128,126,127,128,128,131,132,128,119,107,151,150,156,160,157,184,145,141,142
128,128,128,128,128,128,128,128,128,130,129,124,125,127,124,95,115,122,146,150,137,156,184,156,167,138
128,128,128,128,128,128,128,128,127,127,127,130,129,131,131,129,99,117,105,145,133,157,145,160,170,154
128,128,128,128,128,128,128,128,129,130,125,126,124,128,123,127,96,118,145,136,147,124,143,156,146,152
128,128,128,128,128,128,128,128,125,131,126,127,129,135,133,127,125,131,131,145,162,145,139,162,143,146
128,128,128,128,128,128,128,128,127,129,125,131,128,119,129,128,131,96,111,136,152,159,150,153,159,144
128,128,128,128,128,128,128,128,128,128,128,128,128,128,128,128,127,83,89,122,152,141,146,135,146,137
128,128,128,128,128,128,128,128,128,128,128,128,128,128,128,128,130,124,95,101,113,147,119,143,141,136
128,128,128,128,128,128,128,128,128,128,128,128,128,128,128,128,124,133,66,82,93,109,137,117,125,136
128,128,128,128,128,128,128,128,128,128,128,128,128,128,128,128,131,122,130,71,57,67,103,122,138,112
128,128,128,128,128,128,128,128,128,128,128,128,128,128,128,128,131,127,127,52,63,79,88,124,106,112
128,128,128,128,128,128,128,128,128,128,128,128,128,128,128,128,125,129,128,129,49,63,68,94,89,109
128,128,128,128,128,128,128,128,128,128,128,128,128,128,128,128,131,129,125,129,127,48,55,51,81,97
128,128,128,128,128,128,128,128,128,128,128,128,128,128,128,128,126,128,130,129,131,40,48,41,51,76
128,128,128,128,128,128,128,128,128,128,128,128,128,128,128,128,126,130,126,126,129,125,48,42,42,44
128,128,128,128,128,128,128,128,128,128,128,128,128,128,128,128,129,128,127,125,131,128,40,41,43,44
128,128,128,128,128,128,128,128,128,128,128,128,128,128,128,128,124,132,128,131,126,125,130,26,35,33
128,128,128,128,128,128,128,128,128,128,128,128,128,128,128,128,132,125,125,124,136,127,128,28,27,21
128,128,128,128,128,128,128,128,128,128,128,128,128,128,128,128,126,128,135,125,124,128,122,130,15,25
128,128,128,128,128,128,128,128,128,128,128,128,128,128,128,128,126,127,129,129,126,129,132,127,127,7
128,128,128,128,128,128,128,128,128,128,128,128,128,128,128,128,133,125,128,123,132,124,126,131,127,11
128,128,128,128,128,128,128,128,128,128,128,128,128,128,128,128,128,128,126,134,126,126,130,125,130,124
128,128,128,128,128,128,128,128,128,128,128,128,128,128,128,128,128,128,128,128,128,128,128,128,127,130
128,128,128,128,128,128,128,128,128,128,128,128,128,128,128,128,128,128,128,128,128,128,128,128,130,126
128,128,128,128,128,128,128,128,128,128,128,128,128,128,128,128,128,128,128,128,128,128,128,128,123,132
128,128,128,128,128,128,128,128,128,128,128,128,128,128,128,128,128,128,128,128,128,128,128,128,130,128
128,128,128,128,128,128,128,128,128,128,128,128,128,128,128,128,128,128,128,128,128,128,128,128,126,133
128,128,128,128,128,128,128,128,128,128,128,128,128,128,128,128,128,128,128,128,128,128,128,128,128,126
