101,94,52,91,72,49,67,79,108,124,103,107,122,130,122,135,152,155,165,173,184,171,174,180,201,198
115,49,73,85,107,70,76,117,99,71,62,77,85,94,104,135,141,146,171,171,176,162,167,176,187,197
79,75,66,67,88,54,100,98,67,42,62,48,64,87,73,110,140,140,147,169,161,175,170,184,179,180
66,96,74,70,76,41,58,51,65,38,28,44,55,77,96,97,122,132,148,137,168,175,169,174,176,175
95,56,64,89,65,37,45,79,50,40,32,34,65,68,65,99,95,145,152,143,156,151,166,172,186,185
100,76,79,94,65,48,37,69,38,34,38,47,73,80,53,81,107,102,149,140,144,163,177,172,172,175
93,71,94,97,92,55,81,78,88,79,39,41,63,62,49,114,120,104,126,150,148,146,163,165,173,172
108,122,130,122,121,143,117,123,89,89,90,71,61,62,84,66,93,114,115,139,152,154,159,156,171,172
123,123,144,125,148,150,144,136,127,124,101,107,98,109,99,103,97,118,142,140,137,154,158,159,176,176
128,137,129,135,141,141,122,113,98,90,71,93,67,87,92,93,121,135,119,146,145,153,159,159,166,174
93,123,118,115,128,119,105,74,81,25,36,26,23,36,52,75,53,90,135,135,140,148,150,160,163,171
96,101,112,113,95,24,29,19,56,5,30,4,9,22,41,30,13,26,65,124,142,135,153,155,165,168
106,100,90,49,43,38,26,24,75,39,88,26,26,19,59,13,3,1,36,71,111,148,150,157,161,178
92,41,54,117,130,145,61,80,101,108,115,42,75,114,113,38,13,12,9,35,48,134,147,160,160,180
95,118,127,157,176,176,122,117,128,145,93,69,31,109,135,39,30,10,35,79,57,90,143,159,167,169
117,140,151,174,208,189,150,144,116,127,85,83,35,42,61,27,23,33,56,100,77,98,131,159,168,172
127,149,161,181,193,215,152,138,123,108,81,76,53,34,38,11,19,24,69,80,77,100,127,162,167,176
102,145,152,175,209,195,200,126,79,72,54,59,54,61,59,23,84,59,67,93,85,123,136,163,171,163
100,117,132,136,148,169,176,160,104,64,84,81,90,123,130,126,128,133,119,144,151,145,155,165,171,179
122,107,108,114,109,127,105,133,103,127,131,150,149,155,147,158,148,161,155,158,166,151,163,167,176,190
118,106,92,106,144,152,145,142,160,144,156,154,154,146,150,163,168,169,165,161,159,159,171,170,182,202
146,144,145,137,150,145,155,152,150,163,161,162,168,164,152,156,168,160,159,157,158,165,172,172,188,209
152,147,140,148,157,160,170,159,164,162,180,160,167,163,161,161,158,165,169,163,180,168,168,176,195,213
146,150,151,156,165,186,187,178,176,163,165,168,147,157,156,157,165,172,176,174,185,175,170,184,203,215
135,161,147,157,176,169,172,184,165,166,159,163,157,161,159,167,186,183,181,180,175,178,176,192,207,216
149,163,133,150,154,158,174,171,173,156,155,161,159,173,180,202,199,199,197,182,178,175,179,194,208,217
146,148,134,155,147,166,173,167,151,161,175,182,198,197,189,194,201,203,187,185,176,180,191,196,211,210
165,156,133,158,164,167,169,173,175,182,194,210,212,211,195,189,198,200,194,186,180,184,192,195,206,215
166,155,153,180,185,177,178,184,187,207,216,220,218,223,198,182,192,192,197,186,182,185,199,198,205,222
166,169,162,181,170,191,193,198,184,213,218,208,215,215,204,189,199,194,200,197,191,191,202,198,208,224
