196,191,199,229,238,209,222,226,230,208,235,227,220,232,183,232,229,235,229,214,211,205,162,161,164,182
182,184,198,197,221,191,226,209,210,202,220,221,206,221,218,222,210,200,221,222,228,219,183,177,172,173
191,190,216,218,240,230,207,215,238,223,189,221,175,228,217,203,213,234,231,226,233,229,221,194,178,174
227,218,224,218,221,226,228,198,230,219,215,168,210,233,202,225,204,200,225,237,225,234,228,228,194,184
240,235,230,218,234,231,229,238,235,221,215,211,215,201,185,174,200,228,234,234,224,241,242,231,203,200
239,246,242,239,243,226,245,235,232,222,231,211,171,193,215,171,183,175,228,244,239,241,239,245,225,206
229,238,239,239,245,247,238,233,239,214,192,164,195,192,159,160,158,164,224,218,201,235,240,240,240,211
187,205,227,230,239,243,248,232,239,229,210,187,195,175,163,129,145,134,195,160,186,227,238,236,233,238
131,132,150,195,214,233,237,242,238,235,227,216,187,188,156,121,120,135,167,216,201,235,232,216,234,241
158,141,137,159,171,205,227,233,233,236,233,226,212,155,156,121,120,127,176,198,215,228,245,232,230,220
167,165,142,129,139,140,176,175,220,229,224,213,184,147,150,141,127,152,170,192,203,217,217,202,214,223
150,147,151,145,152,130,130,123,170,179,207,216,177,130,129,131,131,136,140,162,185,211,207,235,199,219
138,142,135,133,129,139,121,110,120,126,157,163,135,116,111,103,119,134,146,126,189,211,206,228,212,212
101,120,114,127,121,120,104,100,101,96,108,115,99,101,96,103,114,129,131,141,195,217,210,217,222,214
104,99,102,102,98,91,89,93,85,81,75,84,75,88,86,96,122,129,143,126,171,175,213,216,218,225
105,90,101,103,85,106,66,81,55,64,73,45,45,56,65,80,80,104,104,104,154,190,204,212,219,230
165,146,132,123,160,134,121,138,123,86,46,41,15,16,49,73,77,90,88,123,152,162,174,215,222,207
200,208,175,218,219,162,223,177,182,132,108,72,32,46,60,65,87,84,96,111,137,167,208,215,215,231
227,228,220,220,209,223,238,195,219,203,142,107,94,85,90,93,83,96,102,109,135,152,188,201,208,232
231,245,232,230,225,210,214,230,228,217,208,140,136,128,112,106,92,91,94,94,125,153,170,210,223,233
224,239,227,228,212,183,223,220,222,220,196,207,210,193,164,131,119,101,109,97,107,139,148,203,227,227
234,228,226,223,218,180,204,226,220,226,230,232,226,226,209,164,147,119,126,107,107,154,168,194,215,224
226,234,227,187,196,207,222,227,227,233,240,233,233,235,232,221,169,173,140,137,132,121,148,149,221,225
215,206,211,204,220,220,224,232,234,234,235,235,233,241,231,226,202,179,152,148,158,129,146,184,208,233
182,205,199,212,227,228,236,241,238,224,234,236,236,241,234,231,221,192,162,157,148,169,188,203,217,222
203,193,197,218,227,230,231,226,230,229,234,234,237,234,237,234,218,207,190,203,194,191,188,201,218,220
200,224,212,224,217,219,219,215,225,234,232,232,233,227,228,228,215,208,210,185,197,215,173,186,220,204
233,212,211,219,208,210,216,223,228,227,230,233,227,223,210,212,213,192,203,192,196,186,158,182,182,219
190,197,193,212,215,214,212,223,227,228,232,232,224,220,204,208,202,192,197,187,168,189,190,183,187,219
185,203,197,210,212,213,212,227,227,224,233,229,225,217,212,217,190,211,193,189,190,166,160,166,180,197
