166,139,128,195,89,41,17,24,76,92,107,107,155,154,155,165,156,136,193,169,85,55,79,129,233,251
176,123,80,43,147,154,110,46,34,40,84,133,127,157,136,176,186,139,131,145,102,52,115,152,250,229
219,131,94,43,47,29,90,161,75,61,117,226,179,167,178,184,181,151,123,86,85,94,69,194,242,250
206,194,134,58,66,26,21,18,55,117,129,146,164,143,133,165,172,198,140,135,110,105,64,230,255,244
174,224,95,50,26,34,31,19,18,18,18,97,149,166,160,168,153,173,156,142,142,131,155,193,228,196
143,224,177,107,103,18,21,23,20,17,15,30,119,148,139,166,169,184,182,150,112,80,183,250,255,185
108,203,193,124,92,117,12,22,23,23,22,21,41,119,138,169,169,170,165,144,130,126,238,255,252,107
103,201,222,162,119,105,82,53,22,11,26,26,32,105,87,175,169,139,142,107,117,226,255,254,242,111
123,188,235,199,110,106,129,92,80,29,10,51,70,69,128,181,195,143,113,138,144,228,255,252,200,146
124,148,246,209,150,76,95,116,73,82,48,43,80,110,97,146,193,170,168,145,232,255,252,239,186,169
176,148,210,247,198,84,79,114,108,78,94,92,88,146,135,124,163,142,168,216,228,247,255,238,211,208
176,136,210,251,220,135,74,101,128,112,115,112,134,132,123,129,171,129,184,219,255,254,247,240,221,222
205,203,178,246,240,179,90,131,166,123,122,150,137,151,131,91,153,142,214,211,252,248,255,238,242,191
211,227,197,226,237,226,208,142,158,93,124,143,142,139,145,94,165,191,243,254,253,255,243,244,214,117
228,223,231,222,231,173,177,52,148,197,165,112,157,165,143,173,220,240,250,255,246,250,252,206,72,100
196,191,231,240,244,241,197,212,147,174,76,113,153,179,182,243,251,252,254,247,253,251,252,167,53,107
214,204,231,206,230,253,252,255,250,254,255,251,254,255,249,255,254,254,250,255,244,249,175,65,40,37
189,211,208,226,214,238,245,246,255,249,255,251,246,244,241,242,255,249,255,249,254,217,87,64,61,65
117,167,166,205,240,239,251,254,252,255,255,255,255,253,250,248,246,255,255,246,221,51,52,46,51,46
155,121,159,164,196,249,252,253,253,244,253,249,165,175,255,254,255,221,212,228,70,41,40,31,52,35
180,146,133,143,170,218,235,247,255,252,248,245,235,229,251,232,189,181,231,125,37,49,8,12,39,30
168,151,153,105,99,141,207,205,199,246,248,255,255,235,236,222,112,133,102,72,41,48,19,11,11,16
189,185,160,135,130,123,93,201,248,254,242,125,74,149,188,138,60,92,72,30,45,15,2,13,14,14
175,165,147,108,145,143,127,136,225,191,189,193,226,247,215,171,172,169,100,53,27,9,7,9,20,20
182,167,154,146,172,134,150,204,255,251,254,223,240,240,173,147,182,154,73,22,27,11,11,8,29,30
178,126,107,154,144,168,166,174,171,170,231,250,248,183,106,141,176,149,35,24,27,19,9,30,70,41
152,131,60,155,162,163,120,111,134,209,248,255,213,96,116,185,153,90,15,38,26,9,8,63,42,66
167,186,189,173,170,146,179,196,234,255,255,197,156,97,150,167,194,80,20,18,38,7,41,51,55,119
150,169,184,253,239,213,250,251,252,187,198,153,72,42,69,118,102,34,15,33,33,26,21,36,92,156
128,151,144,124,167,247,247,252,244,187,170,93,71,123,116,106,51,20,31,31,42,14,67,80,157,168
