29,48,45,39,39,39,41,52,39,41,41,34,30,35,41,44,59,49,53,63,69,63,58,56,66,65
36,41,51,49,47,50,53,51,43,51,50,49,43,59,37,43,57,64,54,55,54,69,74,61,46,76
37,38,47,49,49,51,45,55,64,60,40,40,30,41,45,38,53,44,56,58,69,58,60,66,65,63
34,43,39,42,49,47,55,50,51,53,60,75,66,52,36,42,50,56,71,72,80,95,80,70,85,77
40,47,41,45,53,52,56,57,64,68,67,64,77,76,69,52,60,45,52,67,102,87,90,62,71,85
51,45,48,51,54,57,57,63,68,75,77,74,86,79,89,65,63,84,41,42,53,54,48,56,54,78
47,43,47,50,53,56,61,66,66,72,73,85,84,76,92,90,68,60,72,58,54,61,68,75,101,89
34,44,43,48,56,56,50,57,68,92,89,101,83,90,88,80,81,74,80,69,92,96,87,97,92,118
45,37,44,48,49,60,67,59,87,80,104,91,107,106,108,97,95,120,94,101,105,101,100,99,110,122
49,38,35,52,59,61,64,83,102,84,104,104,109,122,133,123,121,113,117,116,113,106,108,129,98,145
44,41,35,59,62,54,77,87,80,99,103,116,122,132,122,130,133,127,116,118,130,114,127,119,124,139
42,45,32,49,58,71,82,85,103,96,118,129,145,135,154,125,132,139,140,140,128,117,134,141,141,137
29,36,34,49,58,85,87,93,116,121,132,148,131,153,146,146,153,143,167,152,154,148,146,151,143,149
25,32,45,61,60,75,82,116,140,135,128,146,164,163,149,171,190,173,169,163,163,167,184,145,140,153
40,43,47,61,72,89,125,120,110,156,144,174,185,164,170,145,163,177,167,177,145,168,162,175,167,199
37,43,48,68,96,117,128,113,132,156,150,176,165,177,174,199,168,182,174,147,167,177,171,172,166,204
51,64,73,105,109,109,125,129,145,154,175,168,182,167,190,190,186,196,190,196,174,203,184,179,197,192
57,59,82,104,123,108,116,138,162,147,149,161,179,199,145,165,191,187,195,204,204,176,199,186,199,204
58,69,65,77,113,147,136,151,151,163,153,155,143,167,185,156,171,181,195,206,205,194,199,187,202,209
92,94,85,105,85,104,129,126,149,140,145,165,139,161,175,176,166,176,186,195,212,200,202,179,213,192
86,93,110,112,116,91,103,102,136,118,138,133,154,161,149,147,179,190,194,175,177,191,192,209,205,206
77,90,105,114,103,120,113,86,115,117,143,150,139,137,184,174,165,178,184,192,198,182,179,217,195,211
77,91,94,113,95,116,112,134,133,129,113,122,130,136,143,156,174,183,170,182,171,190,157,196,185,213
59,56,63,69,76,98,107,113,105,97,110,116,137,155,143,139,146,163,195,178,164,195,203,182,194,185
46,52,58,70,82,108,90,101,116,114,99,102,114,116,126,127,135,137,143,136,150,168,179,177,189,177
18,21,29,38,41,55,62,68,97,110,119,107,103,87,70,81,88,98,117,119,123,138,151,168,153,182
14,11,13,17,14,22,35,34,56,63,69,57,66,65,72,61,62,73,74,85,99,106,145,140,133,135
16,12,11,12,8,12,14,15,29,45,48,48,50,53,53,40,44,61,57,66,80,90,87,140,157,105
10,10,12,14,9,7,13,14,18,24,28,36,45,52,44,53,44,50,60,62,57,77,108,96,160,126
12,12,11,11,11,11,5,8,17,11,18,12,21,21,22,33,24,20,35,49,52,64,70,89,116,117
