4,11,4,16,29,25,25,18,47,55,80,79,95,87,101,101,107,115,114,126,127,130,129,126,128,128
17,14,12,15,25,7,14,20,6,8,19,14,30,42,78,98,97,86,102,115,127,126,123,135,128,128
3,20,20,22,16,21,12,12,4,7,13,4,1,0,5,11,26,35,82,85,125,130,137,120,128,128
10,11,7,26,34,39,10,1,8,6,3,1,0,0,1,2,0,7,6,4,131,125,127,131,128,128
17,11,17,13,31,19,9,0,4,2,0,4,6,8,4,1,0,0,1,0,127,130,124,127,128,128
10,18,20,4,8,2,5,2,4,3,0,0,0,0,1,2,8,4,0,8,7,131,127,134,128,128
29,21,0,9,9,4,0,1,0,0,3,2,3,0,1,1,1,0,8,0,7,129,124,124,128,128
43,40,16,10,10,1,3,0,3,1,3,0,4,1,4,3,5,0,4,0,1,126,130,128,128,128
57,49,38,21,21,13,5,2,2,0,0,7,1,0,5,0,1,2,0,6,1,123,132,128,128,128
62,55,58,29,16,21,14,3,7,3,6,0,4,7,0,6,7,0,11,5,5,9,132,122,128,128
69,59,68,43,26,20,12,21,12,0,4,4,2,6,0,4,3,0,6,10,20,14,125,134,128,128
83,78,75,59,54,27,3,19,29,17,5,13,0,7,7,0,4,6,10,8,12,13,127,127,128,128
85,92,81,69,77,57,31,18,7,27,25,17,9,6,4,3,9,8,13,6,24,17,131,129,128,128
88,92,86,79,80,74,72,48,24,19,42,32,32,17,11,15,12,13,25,29,14,14,126,128,128,128
105,99,97,89,82,77,83,73,74,33,36,37,38,28,18,12,34,22,22,43,26,29,130,129,128,128
111,106,103,92,98,93,82,78,74,82,70,72,56,50,39,39,29,50,44,38,38,34,22,129,128,128
115,106,106,103,98,95,90,88,83,88,84,73,76,85,76,65,67,73,67,53,56,44,27,130,128,128
123,106,102,101,101,98,87,88,90,88,89,87,84,88,90,88,85,88,74,68,52,46,21,127,128,128
92,104,133,121,97,103,102,93,103,90,86,87,89,94,98,94,100,92,94,80,64,40,25,131,128,128
108,94,95,99,106,98,90,122,86,90,92,90,95,97,106,107,92,90,101,83,77,35,18,126,128,128
81,92,105,95,89,91,88,101,99,106,103,101,116,110,113,116,90,111,109,89,81,54,29,130,128,128
57,72,68,65,78,66,54,78,74,82,90,112,142,127,119,114,130,106,119,111,88,71,40,31,128,128
58,57,59,74,77,67,70,77,93,93,93,92,94,80,104,113,124,119,128,105,103,70,47,42,128,128
16,30,32,36,39,44,57,48,57,60,72,76,84,101,159,173,117,104,117,128,113,82,51,29,128,128
158,173,160,150,144,126,110,97,70,43,35,42,56,64,80,88,113,123,92,93,115,95,62,29,126,132
200,198,178,168,180,197,214,206,208,217,215,196,113,69,60,53,57,90,125,153,111,81,68,46,131,120
179,163,185,187,193,196,201,216,213,207,221,202,231,255,255,255,187,33,54,86,99,112,88,59,128,130
147,159,174,182,191,184,206,206,200,207,197,182,255,252,254,255,247,180,70,22,59,126,123,188,128,121
147,153,164,163,184,180,177,175,179,197,214,211,195,216,248,206,216,207,199,115,30,37,133,167,133,132
137,150,136,148,166,150,170,173,187,191,190,199,188,190,193,194,178,164,201,254,250,29,46,162,125,125
