76,73,78,84,89,87,90,90,89,88,96,100,95,98,92,92,87,80,87,86,81,76,75,66,67,63
83,81,90,97,98,94,94,92,92,90,94,97,94,96,82,84,85,85,88,87,87,88,75,65,63,64
91,91,98,98,95,94,95,92,96,95,93,93,89,88,88,87,88,89,86,84,81,77,65,58,57,56
92,96,101,94,93,99,96,93,101,101,95,92,87,83,93,89,86,85,82,84,76,60,57,55,62,51
98,96,96,103,103,105,98,105,103,98,101,101,96,92,85,92,80,88,80,67,63,59,51,52,59,69
99,104,104,103,97,93,90,96,96,91,90,93,95,95,94,78,86,80,69,61,60,49,53,55,63,71
98,103,101,98,100,98,90,93,94,90,86,86,87,84,80,76,83,77,72,55,46,45,61,66,74,78
96,93,89,89,98,94,101,96,94,91,86,85,82,72,71,80,66,70,58,45,51,61,69,75,83,83
95,95,95,95,97,83,97,96,98,93,80,75,76,74,68,70,61,62,43,49,70,66,73,78,84,81
93,86,83,93,107,107,97,87,81,84,87,83,68,52,61,60,61,45,51,68,77,66,81,83,84,80
100,97,91,92,95,99,83,88,92,89,80,66,56,55,59,55,48,39,62,78,81,81,84,83,83,79
85,87,90,95,92,94,95,91,83,79,79,69,58,56,51,42,35,65,73,80,91,85,77,77,78,77
96,84,92,90,102,92,88,85,82,75,67,63,57,47,40,37,51,64,75,85,86,90,79,77,77,69
99,90,93,88,96,87,83,79,75,68,62,59,52,42,38,43,61,75,80,83,83,86,85,71,66,66
96,88,90,82,88,78,80,74,68,61,56,52,45,35,38,49,64,79,82,79,79,76,75,68,64,53
86,81,85,81,85,76,79,72,65,58,51,47,41,33,38,57,72,82,80,78,82,73,64,53,39,19
84,84,87,84,87,81,78,72,65,56,47,42,38,33,30,57,75,81,77,74,76,63,42,25,9,0
90,93,89,80,81,76,74,68,61,53,43,38,37,34,28,48,65,74,76,74,61,38,18,5,1,1
90,95,87,75,73,69,68,61,54,47,40,38,37,35,36,40,53,63,69,65,43,20,14,3,3,6
83,90,85,76,73,69,65,56,49,43,39,38,38,36,31,31,45,50,47,39,21,13,10,11,15,11
74,69,76,74,65,61,50,46,46,36,40,41,39,38,36,22,30,32,26,29,11,13,9,14,10,17
190,188,203,195,186,163,173,157,156,161,137,131,150,125,127,130,129,107,107,68,74,63,38,38,46,36
236,233,225,227,232,225,226,233,227,237,230,217,221,210,209,223,214,224,222,225,200,200,191,186,191,184
238,221,233,225,237,225,227,227,226,226,224,225,222,224,220,222,221,215,207,217,200,216,201,207,200,209
226,226,219,223,220,227,227,226,224,215,218,222,215,219,221,214,218,216,219,210,208,203,204,201,207,200
218,216,224,226,223,228,225,228,226,219,230,224,218,218,220,215,216,220,201,206,203,214,196,206,200,202
203,225,199,214,201,216,228,207,220,209,211,207,211,211,212,208,213,211,213,208,198,197,210,204,214,203
201,231,207,226,209,213,215,201,220,195,221,211,187,220,190,218,206,209,213,190,212,208,210,210,192,215
226,233,224,224,224,219,224,220,231,225,231,215,214,224,221,220,222,219,211,218,220,219,221,219,218,217
246,239,239,236,238,234,235,234,237,231,237,219,224,228,232,228,229,223,228,219,220,225,221,225,229,229
