128,132,36,43,32,30,45,76,72,118,86,108,86,112,121,110,85,123,112,119,81,135,141,138,161,188
123,130,60,35,23,65,33,51,67,83,103,111,86,110,109,101,144,122,100,121,102,142,152,170,189,180
131,122,46,63,73,52,53,47,49,75,107,105,110,118,153,117,132,124,123,139,145,150,144,173,178,203
129,125,61,62,56,69,65,56,59,83,62,98,110,134,132,153,160,117,111,134,157,155,170,170,182,208
128,128,54,61,48,53,48,88,92,92,57,50,108,155,148,153,151,122,96,138,165,168,175,201,174,202
128,129,34,59,67,66,89,78,57,65,98,116,99,150,157,160,133,82,107,135,135,183,194,121,192,153
129,128,84,61,79,66,70,71,83,33,59,120,138,124,111,102,111,91,118,107,132,171,166,168,161,162
132,122,71,95,89,57,84,77,69,68,80,78,98,82,35,66,50,56,92,104,169,108,136,174,158,182
126,134,54,93,77,86,54,60,110,55,77,95,97,59,75,77,93,120,84,143,155,112,182,165,128,178
122,133,51,79,68,89,74,54,45,53,73,94,109,111,74,82,95,130,141,158,167,181,150,78,60,129
133,125,62,37,78,55,60,62,72,93,107,95,80,88,99,69,108,92,88,156,166,135,109,71,65,89
127,125,128,41,83,62,59,71,61,52,26,44,85,63,56,97,90,119,159,168,187,122,136,90,103,164
128,124,128,30,43,76,52,73,52,51,46,45,60,46,61,45,109,148,186,159,119,140,143,159,134,173
130,128,132,56,47,53,42,37,59,63,61,82,64,66,68,112,84,159,163,141,87,104,159,151,175,169
122,133,125,47,14,31,69,60,105,85,88,46,40,55,77,64,167,142,95,53,129,156,154,156,147,161
129,127,130,66,51,35,61,47,79,88,84,61,22,74,72,113,170,112,77,64,51,97,98,162,157,196
133,126,122,135,112,110,81,114,103,109,45,59,43,98,135,171,141,95,87,79,49,31,126,147,154,185
127,125,135,106,96,86,61,78,87,115,61,54,119,82,127,155,151,132,109,94,107,87,59,112,170,199
128,130,126,52,44,63,79,56,87,87,37,14,84,143,147,136,122,142,161,114,115,106,114,31,148,174
129,128,129,49,25,34,94,64,76,87,38,39,73,123,151,127,123,120,107,132,122,105,131,53,50,175
132,122,131,131,38,51,36,50,61,81,49,28,106,127,118,114,118,130,120,145,116,128,100,85,44,159
124,133,122,128,24,30,52,74,47,63,42,36,78,105,102,93,127,102,139,123,142,151,138,44,19,177
133,122,132,126,24,39,56,60,73,83,81,92,80,92,41,71,92,134,150,112,128,158,143,68,30,178
126,127,126,130,29,46,63,45,76,91,126,90,112,96,56,37,35,99,99,99,137,165,121,26,105,170
128,136,125,125,34,29,34,65,66,69,79,116,100,67,63,58,65,49,56,56,99,135,56,47,163,187
123,128,128,127,19,39,22,46,50,64,85,115,104,69,92,114,77,67,46,51,56,47,0,132,160,178
131,133,127,124,130,30,29,74,67,73,107,100,117,87,86,111,90,100,80,68,12,40,129,122,153,153
126,127,128,133,126,37,27,74,82,82,116,126,129,110,106,124,132,98,87,63,26,70,143,137,159,180
128,130,129,125,129,44,27,36,50,59,74,120,126,86,72,146,117,87,61,85,30,30,106,127,126,173
125,134,126,131,125,10,31,24,46,61,47,65,110,96,67,119,105,95,99,99,85,59,128,135,162,174
