129,125,129,129,131,128,126,129,22,14,21,22,20,25,35,48,49,52,30,66,85,64,54,45,57,70
126,127,135,123,124,129,129,34,25,14,16,10,33,21,40,53,51,52,37,80,59,46,76,77,36,81
127,129,120,133,135,125,130,24,27,19,16,22,16,38,38,56,57,50,67,70,61,61,56,58,44,79
130,130,130,124,123,128,123,25,43,0,7,19,25,23,32,50,73,54,52,79,70,37,92,60,52,75
125,128,129,131,128,130,129,21,56,35,16,8,38,28,57,46,59,57,64,83,57,62,81,48,51,71
128,132,127,121,133,128,23,59,101,33,10,21,23,59,54,34,50,44,60,55,67,51,67,68,46,68
129,125,126,137,120,129,19,80,68,84,26,26,46,36,54,50,48,65,65,68,52,58,65,59,87,59
129,129,125,130,132,125,36,47,62,53,26,29,59,37,45,47,51,59,57,43,98,68,72,53,65,92
128,130,127,128,130,131,26,18,56,65,31,30,69,51,41,56,67,53,57,53,73,89,61,58,75,58
124,130,130,125,127,36,34,32,35,72,50,37,63,61,68,34,54,51,56,38,79,67,44,87,116,88
132,126,127,130,129,47,34,52,64,86,57,44,51,55,50,53,58,60,45,60,77,72,53,86,86,103
127,129,129,124,129,52,33,46,70,60,33,64,70,39,32,73,63,73,68,91,59,74,66,83,73,90
125,126,129,133,123,87,59,72,71,58,67,63,56,55,47,63,68,71,69,63,64,63,53,80,102,83
134,129,126,125,130,110,96,61,33,106,61,88,60,34,84,60,67,60,64,68,69,40,64,87,68,81
126,123,131,130,127,149,93,81,77,96,89,82,55,40,48,105,75,68,60,69,87,66,70,94,80,84
129,131,129,124,147,128,77,84,56,54,88,42,47,40,56,78,86,27,94,77,44,73,85,84,84,112
126,132,122,130,143,132,51,56,94,75,95,50,44,59,57,74,102,92,103,61,47,72,84,91,103,108
127,126,134,124,123,104,69,86,76,74,82,42,45,78,94,87,67,74,81,65,58,68,73,83,84,122
127,131,126,125,62,80,89,73,103,73,102,45,70,67,90,86,93,68,79,63,57,63,64,94,99,98
131,122,130,133,56,69,99,85,94,74,71,83,74,91,57,96,101,80,65,39,79,87,74,112,102,107
131,127,132,125,98,118,111,94,99,73,61,108,63,78,86,65,62,84,67,53,65,67,73,86,94,124
126,129,127,152,117,91,93,92,80,85,85,119,88,98,83,67,86,103,73,67,75,82,60,84,97,109
127,129,128,145,115,84,99,60,89,102,72,104,94,74,106,81,81,53,61,59,50,79,70,98,104,90
130,126,127,149,114,132,100,84,81,58,65,70,95,87,94,80,83,54,77,70,74,104,110,106,108,105
127,128,128,156,128,125,133,97,92,108,81,86,107,91,81,93,58,58,46,96,95,102,91,100,108,107
128,123,128,138,133,115,132,67,74,75,72,75,110,69,90,57,92,78,104,91,90,106,62,96,97,118
128,133,131,143,138,119,112,86,64,100,97,78,104,73,67,97,49,118,106,66,74,107,92,97,99,89
130,120,128,169,171,148,127,71,93,94,98,93,93,76,92,52,78,66,95,62,76,77,81,115,93,99
129,131,127,200,198,156,121,97,92,101,107,117,85,89,100,63,90,77,79,71,89,100,84,89,110,92
129,126,128,194,231,201,85,81,125,92,82,96,97,93,72,61,90,61,79,75,75,59,78,68,108,100
