55,58,66,65,57,56,66,65,58,52,64,47,55,62,66,70,72,75,81,79,78,82,83,86,91,89
55,57,59,57,65,82,76,74,68,65,49,51,64,64,68,76,77,84,76,88,86,84,83,87,92,97
46,53,64,63,61,67,64,67,48,51,55,62,60,65,71,75,80,90,77,92,94,88,84,81,81,90
56,56,58,55,51,52,59,52,59,70,66,67,77,79,80,76,83,90,88,88,93,90,100,98,96,99
59,54,53,53,55,61,63,59,73,84,78,76,81,83,90,89,88,90,93,91,88,90,91,98,101,93
49,55,67,68,64,66,64,73,73,79,84,92,80,87,90,99,90,93,91,101,92,94,90,96,98,88
59,65,71,69,68,75,74,75,89,93,85,95,100,104,93,100,96,100,92,105,102,103,103,101,98,95
71,65,63,66,74,84,83,77,85,80,100,93,92,103,106,99,105,108,100,101,110,109,109,106,103,108
70,71,60,77,75,79,80,85,89,90,95,97,100,105,105,109,104,108,112,107,106,106,113,112,112,117
73,78,75,80,82,80,82,94,86,99,107,99,107,96,116,106,120,105,112,114,115,116,112,114,119,115
78,75,73,90,83,96,88,96,98,102,102,104,108,115,108,123,116,110,123,111,119,115,115,117,131,121
71,83,82,90,92,98,97,95,101,106,111,119,108,112,113,114,123,123,113,119,116,113,117,110,116,109
83,80,88,99,91,103,93,108,107,116,108,103,108,115,109,120,117,117,118,121,111,126,115,120,127,120
80,77,97,87,103,99,101,102,97,105,103,108,103,109,99,104,105,115,114,107,122,117,128,120,117,124
84,80,96,91,90,86,85,87,102,105,99,108,88,103,86,91,102,96,103,108,99,111,123,123,124,125
71,79,80,85,84,80,86,89,86,99,96,100,89,92,86,97,89,95,87,98,100,103,99,116,119,101
65,78,82,77,85,76,77,77,91,89,84,81,88,83,88,79,77,94,89,80,100,108,113,97,111,114
64,65,65,69,78,70,79,81,78,80,65,76,78,76,82,79,73,82,84,90,103,94,101,98,108,108
60,56,52,55,58,54,62,52,59,70,71,66,73,79,59,63,66,75,74,73,84,79,94,95,91,107
45,43,39,38,36,41,48,46,51,43,51,58,71,65,66,59,52,58,62,66,77,77,76,83,88,99
24,21,19,22,21,29,38,32,26,38,35,42,43,52,54,52,45,42,44,53,62,61,62,70,76,97
15,9,7,13,10,10,4,15,17,15,19,33,35,30,30,34,39,40,36,32,37,44,47,59,70,64
13,10,7,8,4,1,7,2,6,2,13,8,19,26,36,27,24,29,33,31,31,41,35,44,52,59
7,10,7,2,5,8,2,7,5,9,5,8,7,15,15,19,21,16,16,21,23,28,41,38,38,43
9,7,5,4,4,5,3,4,5,6,7,8,7,7,8,15,14,18,12,14,15,25,26,35,34,38
6,5,4,3,3,3,3,3,3,4,4,6,7,7,9,10,8,11,14,15,12,15,19,28,30,30
3,4,5,4,2,2,4,3,2,2,2,4,6,8,9,7,6,7,15,13,10,9,19,28,34,28
2,4,5,4,3,2,3,3,2,2,2,3,6,7,8,7,10,8,14,9,11,12,17,24,32,24
1,2,4,3,2,3,1,2,2,2,1,2,4,5,8,8,11,7,13,8,12,14,18,21,29,25
3,4,5,3,2,4,2,3,3,3,2,2,3,4,10,8,7,7,12,11,11,13,22,23,27,30
