202,201,205,206,209,213,213,208,203,209,221,229,238,240,239,237,239,246,252,255,250,247,237,219,214,233
185,193,201,208,210,209,210,205,197,198,206,210,228,226,220,216,220,232,245,252,252,250,250,241,222,213
163,179,191,203,204,198,199,201,197,195,194,191,203,201,196,193,198,214,230,239,251,249,253,255,243,219
146,170,177,185,203,189,185,190,192,192,190,184,178,180,179,178,184,199,215,224,241,252,253,250,253,248
117,149,167,174,188,184,177,169,180,186,174,175,161,162,144,140,148,151,179,184,216,237,239,242,243,243
68,112,145,159,161,172,172,158,149,164,149,148,157,124,103,100,97,125,126,148,179,191,199,225,237,231
3,57,119,140,151,154,152,131,125,147,141,134,115,82,46,30,22,66,97,101,120,138,162,195,206,199
4,8,71,110,130,126,129,114,122,126,131,108,75,23,1,0,1,20,23,57,90,109,131,151,160,159
6,14,51,73,90,99,104,100,103,95,106,76,36,2,0,3,13,63,69,51,56,75,99,107,108,113
28,26,21,43,52,72,73,81,77,84,91,64,51,53,29,6,68,77,81,84,43,50,74,75,63,65
24,27,18,27,30,41,43,57,62,81,80,64,65,66,74,19,63,68,45,72,61,44,58,59,47,44
33,32,31,16,35,22,23,25,37,58,66,73,68,91,90,49,31,67,35,43,35,23,51,61,51,49
21,37,23,28,23,29,24,37,41,32,33,65,77,90,76,32,6,36,31,33,33,24,21,37,17,22
10,24,31,23,30,27,32,37,36,33,28,45,65,56,56,54,44,43,30,45,24,29,19,39,24,20
26,22,21,22,27,33,43,37,49,51,33,40,50,39,42,47,38,27,14,25,27,33,20,30,23,21
18,11,32,25,24,20,39,37,39,46,46,31,38,35,27,28,23,32,19,12,12,15,21,26,31,33
19,16,8,12,25,28,25,30,41,32,39,43,43,51,45,45,14,11,8,13,30,21,20,13,19,16
21,7,8,14,15,6,10,33,28,12,32,36,43,36,22,35,23,21,20,18,17,15,12,13,24,8
12,22,15,12,8,16,17,30,29,14,18,31,28,22,14,20,19,18,34,27,27,20,17,10,21,6
14,14,15,9,16,29,30,22,7,10,9,11,19,12,10,10,16,7,32,23,27,14,28,14,29,21
14,2,10,18,15,19,20,17,12,4,3,8,6,19,5,8,12,7,16,11,20,25,20,26,19,24
3,14,12,1,4,6,7,6,6,1,0,2,5,2,4,0,4,9,1,8,7,17,28,33,24,26
0,0,5,2,6,4,2,2,5,4,0,0,2,0,7,5,12,17,0,7,6,17,31,30,19,22
11,7,3,5,8,5,1,1,5,4,0,0,0,3,5,13,19,16,10,3,4,6,7,12,15,18
2,14,9,19,5,7,7,11,17,17,12,9,15,16,2,4,7,8,20,12,7,12,3,10,10,8
7,17,23,21,11,19,26,35,44,45,40,37,15,11,9,12,14,15,12,3,4,13,5,8,0,0
32,22,40,45,36,43,51,60,69,72,67,63,44,18,5,0,0,6,6,8,9,9,7,15,13,14
68,65,61,62,68,72,75,80,88,90,85,81,71,37,12,7,4,1,3,3,1,3,12,10,0,6
77,80,73,81,83,87,96,97,109,110,106,96,79,59,37,21,4,9,6,6,0,1,7,4,2,0
104,105,97,99,108,116,117,125,131,127,127,115,98,83,67,34,18,9,6,1,1,5,2,0,3,3
