235,229,240,238,216,206,227,227,213,218,207,196,214,210,206,219,223,225,216,226,216,221,231,219,87,127
216,225,219,204,220,232,216,221,219,221,218,220,216,204,208,215,226,220,221,217,201,221,224,225,137,129
228,217,233,221,200,225,212,197,218,214,213,229,223,235,236,230,225,226,221,227,229,226,232,223,171,130
218,224,213,228,217,211,211,226,225,223,240,225,228,241,239,225,238,234,229,222,230,215,222,231,180,130
214,227,228,230,192,222,232,230,226,228,241,236,233,238,233,241,227,243,237,233,221,212,212,227,186,132
206,219,226,224,217,221,228,236,239,240,251,245,243,247,242,249,235,248,236,228,227,218,215,226,191,119
207,224,232,223,230,234,239,240,241,241,249,246,245,250,247,252,246,239,238,237,230,226,230,216,236,136
223,221,226,246,239,238,235,243,245,246,251,248,249,253,251,254,254,236,237,236,227,219,222,203,179,122
235,230,222,238,231,239,237,248,254,254,255,253,252,254,252,253,251,247,234,228,237,220,215,219,193,132
236,249,235,223,235,251,251,253,252,254,254,252,251,252,252,251,246,248,238,237,244,229,223,228,191,128
236,241,241,241,255,252,248,251,251,254,254,254,254,253,255,254,249,246,241,242,233,228,225,217,171,129
238,233,238,242,242,246,250,244,252,255,255,255,253,251,253,251,249,253,236,231,231,235,232,232,129,125
247,244,238,240,248,253,253,253,250,250,255,249,254,252,251,255,252,247,248,235,232,236,229,230,128,128
246,247,246,249,254,255,252,252,251,251,253,248,250,248,247,252,243,236,236,238,235,234,230,223,128,128
247,249,248,249,251,252,252,254,254,255,249,251,250,249,249,252,245,252,229,232,233,240,230,229,128,128
246,248,247,246,249,250,251,255,252,254,243,251,250,248,249,250,244,231,243,230,239,223,237,210,128,128
245,248,249,251,254,253,252,253,252,255,244,252,251,249,249,249,248,243,242,236,238,231,231,215,128,128
250,251,250,250,253,253,252,253,252,254,247,249,250,249,247,245,238,234,255,245,237,234,237,154,128,128
250,251,249,248,251,251,251,254,249,248,247,240,244,246,243,242,243,253,248,240,231,240,230,102,128,128
242,247,250,252,254,252,250,251,252,250,253,241,248,251,249,249,248,235,233,235,238,221,222,56,128,128
249,251,249,248,250,250,251,253,253,245,252,250,249,249,241,250,246,234,242,229,234,226,208,128,128,128
249,252,253,253,253,252,251,254,253,255,250,252,245,245,245,242,244,235,226,230,228,219,179,130,128,128
246,250,252,251,250,248,247,250,250,253,246,248,250,246,246,236,241,230,223,229,231,228,93,129,128,128
250,253,252,251,251,249,249,252,252,241,248,243,252,244,242,243,241,230,236,227,221,214,74,128,128,128
251,253,251,250,252,250,248,249,255,248,247,244,241,236,237,244,234,229,228,224,209,188,38,127,128,128
247,249,249,250,252,250,245,243,250,255,234,246,238,238,235,223,232,232,221,209,220,170,37,128,128,128
248,251,252,253,254,251,246,246,244,249,229,243,243,239,234,213,235,235,230,200,219,124,130,128,128,128
247,250,250,249,249,247,245,246,248,240,242,238,244,228,230,226,223,220,220,218,193,74,126,128,128,128
248,254,244,250,248,249,250,251,245,236,239,238,236,227,221,212,232,217,212,203,192,40,127,131,128,128
243,247,246,242,252,251,251,240,250,237,232,245,237,231,189,211,203,206,214,211,144,65,127,124,128,128
