130,127,127,129,125,129,125,130,249,248,247,247,248,249,249,248,250,248,247,249,249,247,246,246,245,246
128,126,129,131,127,128,128,245,248,248,247,247,248,249,249,248,249,247,247,248,248,246,245,244,247,238
128,129,128,122,133,125,135,244,248,248,248,248,248,248,248,249,248,247,247,247,247,245,244,244,243,244
129,133,121,131,126,127,125,245,247,248,249,249,248,247,248,249,248,248,248,248,247,245,244,243,241,240
122,127,140,124,131,130,124,249,247,248,249,248,247,247,248,248,247,248,248,247,246,244,243,242,247,235
134,123,127,126,125,123,253,247,247,248,248,248,247,247,247,247,245,246,246,245,243,242,241,240,235,246
129,125,128,130,126,130,246,246,247,247,247,247,247,247,247,246,244,245,245,243,241,240,240,238,240,235
127,126,131,127,130,127,244,248,247,247,246,247,247,247,246,245,243,245,245,243,241,240,239,238,238,180
127,127,130,129,132,124,250,242,247,247,246,246,246,245,244,244,243,240,240,244,240,237,245,229,183,170
133,125,132,122,125,248,247,249,246,246,246,246,245,245,244,244,239,246,244,234,242,239,223,183,174,178
124,127,129,133,127,245,244,242,245,245,246,245,245,244,244,243,244,236,236,244,238,212,180,183,173,118
130,132,124,130,128,242,248,246,246,246,246,246,245,245,244,243,239,239,242,226,220,171,183,164,121,125
125,126,128,127,129,248,239,250,247,247,247,247,246,244,243,242,241,237,239,210,170,174,161,129,143,159
135,127,127,130,126,250,248,241,248,248,248,247,245,243,241,240,237,237,217,172,165,147,117,145,163,166
121,127,133,124,130,246,244,252,248,248,247,246,244,241,239,237,229,219,174,158,129,125,150,157,159,169
129,129,128,127,247,251,242,248,247,247,246,245,242,239,237,235,226,189,163,105,124,148,161,168,176,164
126,126,134,125,247,250,245,249,249,244,243,244,234,245,236,221,192,159,107,134,146,160,165,175,167,163
131,132,121,128,249,248,246,249,246,242,243,234,246,233,220,196,158,99,126,145,166,164,161,153,147,137
125,130,126,131,245,242,246,250,244,241,244,247,237,233,199,149,92,113,152,161,154,138,148,138,128,125
129,125,129,124,250,252,245,244,242,242,238,235,223,195,158,88,119,145,148,142,126,143,134,110,119,115
126,131,132,129,241,244,246,242,245,239,237,220,191,173,104,112,138,146,118,103,119,116,106,117,92,85
134,119,124,255,242,246,243,244,236,237,224,196,162,101,121,148,147,116,98,109,113,102,98,94,85,75
125,136,126,239,248,244,244,237,244,237,210,173,119,105,139,142,123,101,101,96,88,89,61,66,35,53
127,129,127,249,240,244,241,242,235,219,182,117,99,147,142,104,107,108,96,88,84,76,89,75,87,59
129,126,128,244,244,242,245,238,216,181,152,106,152,131,86,94,87,86,85,72,88,84,92,97,85,102
129,129,129,244,241,242,236,227,192,158,98,129,122,97,96,95,84,89,90,91,110,119,117,107,112,126
131,128,130,242,245,234,229,222,166,131,109,108,93,106,95,100,105,110,110,113,118,134,137,132,131,138
124,133,127,239,241,238,213,180,151,96,96,100,99,93,93,114,117,121,134,144,139,143,149,150,154,154
127,128,127,242,242,230,199,167,120,96,90,101,96,119,139,124,139,136,149,156,155,154,156,149,145,144
132,123,131,241,231,233,173,135,106,94,95,103,114,144,152,149,163,157,157,149,145,149,154,143,140,137
