59,62,55,42,50,48,57,52,67,61,63,173,230,111,18,57,68,234,244,228,233,204,112,19,3,127
69,40,51,39,34,45,47,59,59,61,84,213,105,32,40,64,207,237,242,244,224,212,169,25,3,126
72,55,61,65,52,50,52,49,59,71,103,64,26,49,66,178,247,245,237,241,233,222,187,56,9,128
65,48,45,51,60,52,57,52,65,63,38,45,62,58,209,248,243,243,244,242,241,223,206,67,15,131
43,45,51,55,47,51,51,46,38,47,60,59,58,244,253,251,247,248,244,237,235,232,217,85,20,132
45,46,37,53,42,41,37,62,64,54,48,142,253,255,255,248,254,250,241,235,232,231,218,100,24,123
42,40,49,49,64,54,55,48,52,184,254,253,252,250,251,252,248,248,247,243,231,231,227,141,42,128
52,58,36,38,38,60,123,231,240,245,247,249,253,252,255,255,255,247,242,242,232,232,221,143,33,128
47,67,82,118,162,210,223,228,250,252,254,252,255,252,255,249,252,250,249,245,229,232,236,173,39,133
103,133,142,166,196,226,229,248,250,246,253,254,245,255,247,255,248,246,246,247,238,234,223,132,38,131
181,163,176,190,227,232,245,237,248,250,252,255,255,251,255,245,250,251,247,239,229,230,233,133,45,120
186,204,214,236,222,238,240,251,245,255,249,248,255,251,253,253,250,251,248,242,237,234,229,108,127,132
229,234,238,239,241,246,249,249,249,249,251,254,255,253,253,253,245,248,241,243,239,236,228,77,128,128
230,235,240,241,242,244,247,248,252,251,253,254,254,252,251,251,253,252,249,239,235,238,229,67,128,128
235,239,244,246,245,244,246,249,250,250,251,252,252,250,249,249,249,243,249,240,238,240,236,66,128,128
244,245,247,250,249,247,248,251,248,247,248,250,250,249,249,249,250,240,248,246,242,231,230,63,128,128
250,248,247,250,250,248,248,249,248,248,248,250,251,250,250,251,247,244,246,247,242,228,227,76,128,128
250,248,247,248,249,248,246,245,249,248,248,249,249,248,248,248,243,248,244,242,241,238,221,93,128,128
248,249,249,249,249,249,246,243,249,248,247,248,247,246,245,246,249,251,247,241,239,237,178,76,128,128
247,250,253,252,251,251,248,244,250,248,248,248,247,246,246,247,248,243,244,242,238,229,132,50,128,128
246,251,247,246,252,250,246,250,244,245,248,249,247,245,245,247,244,249,246,240,242,223,59,131,128,128
248,251,248,245,247,245,243,246,244,244,245,246,246,244,243,242,246,240,242,234,235,230,57,126,128,128
243,244,245,246,247,247,247,248,247,246,245,247,248,246,242,241,246,243,239,240,230,210,59,132,128,128
247,246,247,250,249,248,247,243,249,247,246,247,247,244,241,239,242,237,242,228,227,131,44,125,128,128
249,245,245,247,248,249,247,242,246,244,243,243,242,240,238,237,237,238,233,236,228,78,46,132,128,128
245,242,239,241,246,249,248,246,247,244,242,242,241,239,238,238,248,233,236,234,219,59,53,124,128,128
245,246,242,241,245,244,241,242,247,243,239,239,240,239,238,237,230,240,222,228,224,42,131,130,128,128
238,244,243,243,249,246,241,245,243,237,232,232,235,236,234,232,230,235,230,226,172,60,125,128,128,128
245,245,243,240,241,243,243,240,232,243,222,237,214,232,233,231,232,227,228,221,141,48,128,127,128,128
239,242,240,238,240,240,238,236,240,236,229,229,228,221,230,229,226,224,228,205,79,62,127,129,128,128
