130,122,108,99,106,103,102,109,96,100,84,90,84,70,70,80,78,73,78,90,63,72,71,59,61,67
129,128,101,102,107,94,104,104,84,80,81,80,85,92,85,94,79,92,91,91,86,96,83,70,77,82
127,125,114,112,114,108,95,96,105,107,91,95,99,90,101,93,101,92,99,97,96,87,90,79,80,79
129,129,106,102,104,104,102,101,97,89,96,100,105,98,101,105,97,108,108,100,98,101,98,93,96,96
127,128,102,101,97,109,90,86,101,102,105,116,105,107,113,113,113,116,113,119,107,105,110,106,118,106
128,132,102,99,101,105,107,104,107,110,114,115,109,107,115,113,118,121,121,124,112,114,120,123,109,105
128,124,92,108,104,105,98,107,97,107,116,115,118,114,123,120,127,124,123,124,118,124,122,124,112,122
127,129,101,97,94,111,99,97,110,117,118,117,121,119,128,130,127,124,126,126,122,128,119,121,130,129
133,123,94,102,108,98,99,104,111,116,115,125,126,124,124,128,119,124,131,131,123,127,121,130,137,127
124,127,72,88,90,100,106,98,106,108,109,128,128,129,127,129,117,124,127,127,122,124,122,132,131,127
134,125,72,76,75,93,99,105,122,117,115,123,122,123,131,131,119,126,120,123,122,123,123,128,130,128
125,128,131,78,88,97,100,96,114,113,121,125,124,119,125,116,116,129,124,128,125,122,126,133,129,136
128,127,129,149,86,77,94,109,111,97,101,119,112,119,126,115,119,128,124,119,123,132,120,128,128,129
127,131,128,203,147,92,81,100,92,106,111,121,115,110,113,121,119,122,127,116,128,124,127,130,125,131
130,126,129,223,187,134,61,69,93,110,106,113,112,106,113,135,119,123,122,125,125,126,128,129,129,125
125,134,122,234,229,192,119,79,93,96,94,112,116,115,118,126,118,123,117,126,120,126,126,117,124,129
127,132,126,239,245,223,162,94,76,85,90,103,112,120,116,116,118,119,121,118,124,122,128,107,121,122
128,122,129,231,243,249,203,128,57,80,93,93,104,122,114,123,121,122,124,123,124,127,127,111,128,123
131,136,122,228,233,239,231,152,70,73,91,94,103,123,111,121,118,121,121,127,116,123,116,118,124,135
125,127,129,237,234,245,243,200,117,69,76,87,92,118,111,118,111,108,120,114,110,103,104,114,118,119
131,122,131,128,228,234,248,229,148,62,79,79,114,116,111,132,142,153,145,147,157,162,156,192,194,193
123,133,127,123,185,239,250,247,171,154,166,188,191,202,208,221,225,223,222,225,220,240,240,243,241,242
128,129,129,131,226,253,247,253,242,238,228,236,234,239,246,237,252,232,246,245,242,237,250,246,250,232
127,131,126,125,241,252,244,255,243,235,238,238,240,244,242,243,240,248,244,245,234,244,237,238,238,238
132,121,129,131,249,250,254,248,245,235,238,245,235,244,229,240,230,239,235,228,238,237,231,229,234,219
126,131,129,124,243,255,245,250,253,238,233,235,236,239,237,232,225,231,217,237,223,229,218,224,233,230
126,127,129,126,136,249,255,246,247,237,243,240,238,229,233,220,220,229,227,223,220,221,224,215,228,198
130,125,131,127,125,253,246,241,250,235,238,247,228,234,220,215,220,221,209,216,226,220,216,216,218,219
129,128,126,129,130,250,250,247,255,236,244,240,227,218,229,232,227,224,233,220,227,230,208,217,220,222
125,132,130,126,128,255,244,220,249,242,245,243,245,237,247,223,231,218,232,197,214,201,226,204,219,198
