241,243,243,242,243,242,242,233,176,182,138,144,148,169,171,180,177,181,184,187,178,181,191,187,199,193
243,244,244,238,246,240,205,176,154,150,158,156,166,175,175,181,183,190,195,193,187,190,192,202,182,190
241,242,239,238,238,172,173,147,147,148,160,162,160,175,185,182,186,190,195,191,194,199,195,202,198,197
244,241,235,242,143,198,133,135,153,173,170,177,162,177,188,183,187,186,188,185,193,196,195,188,194,209
240,239,209,135,192,132,152,156,164,166,166,164,166,172,184,184,192,189,190,188,194,192,198,193,201,185
238,188,152,201,131,144,144,157,166,170,171,166,172,169,185,191,197,195,197,198,202,204,198,203,193,194
191,140,179,116,143,148,151,163,163,171,165,170,174,178,189,197,199,202,203,204,206,214,201,187,193,203
155,177,126,142,152,150,162,162,166,169,174,175,176,177,187,198,200,209,209,206,200,212,204,213,216,205
166,119,144,152,157,161,164,166,172,176,176,172,181,198,207,202,190,200,214,194,202,217,204,202,210,207
129,135,157,162,165,169,171,172,174,179,177,177,183,196,199,202,207,208,203,205,217,210,211,222,219,209
135,160,154,164,170,185,180,176,170,183,190,200,196,197,205,208,213,216,213,212,210,215,219,220,218,223
153,162,179,171,170,184,173,180,182,196,194,206,204,207,205,211,214,209,208,220,206,207,223,221,229,227
160,174,161,168,181,178,177,183,185,197,191,203,201,201,214,192,205,218,206,208,200,204,217,211,216,207
176,181,168,179,166,182,181,175,172,182,183,196,192,184,208,209,218,208,201,212,201,195,219,217,210,205
172,161,167,179,183,185,183,182,186,191,186,194,200,199,206,207,204,196,204,199,186,194,195,216,206,195
165,166,164,172,175,166,171,166,173,178,177,182,189,185,195,184,182,176,184,186,184,179,173,188,181,186
160,153,152,157,154,147,154,147,148,145,150,151,150,144,146,155,160,158,157,168,165,163,164,154,173,167
143,127,132,124,128,132,125,128,108,98,109,107,115,114,116,115,136,135,156,141,143,159,157,161,161,161
101,108,114,115,115,105,100,99,92,85,94,96,101,104,100,99,108,114,127,131,122,133,156,158,144,149
107,116,107,106,74,71,75,55,82,81,81,93,91,97,95,93,102,99,116,126,135,129,145,148,155,150
70,76,77,60,64,61,58,42,75,71,71,85,79,82,84,94,91,103,115,117,128,139,139,142,159,151
78,65,64,79,75,77,77,78,76,58,67,82,90,98,82,107,88,110,118,124,113,136,140,142,149,150
78,86,76,92,86,76,79,90,94,85,95,94,89,91,93,102,106,104,125,132,127,131,132,141,148,156
86,87,97,103,102,103,103,91,108,103,103,102,93,100,102,91,111,109,101,126,124,125,135,133,142,155
109,106,111,114,112,110,113,108,117,112,105,100,102,89,103,112,115,114,119,127,135,139,140,143,146,155
132,133,136,136,130,126,125,122,119,118,121,111,105,107,103,105,113,123,126,126,134,144,146,138,143,153
141,143,147,148,146,145,136,133,126,129,131,128,123,129,120,119,130,140,135,129,134,140,138,142,149,152
153,153,153,150,149,151,142,137,136,139,128,138,143,138,144,140,142,139,129,133,141,141,144,147,152,168
147,149,144,138,136,138,137,134,133,133,118,127,134,132,137,142,154,155,150,152,152,139,144,148,158,168
140,143,139,134,136,138,137,137,131,130,128,125,127,138,144,144,149,152,152,156,159,156,143,152,166,158
