192,190,184,189,214,227,228,240,235,232,234,234,235,236,232,238,237,243,242,245,249,246,251,255,253,252
191,191,187,208,222,225,222,222,220,228,233,227,235,233,234,228,236,238,246,245,245,245,249,254,254,251
193,193,202,224,221,216,205,191,200,212,216,217,228,231,234,226,232,236,245,244,243,244,245,247,248,245
203,212,225,218,219,196,180,172,191,190,194,220,219,230,232,231,227,238,241,242,245,246,242,240,243,241
220,227,225,210,201,185,165,161,159,166,187,195,193,215,227,222,230,235,239,241,241,238,241,235,226,235
226,220,208,214,168,175,148,139,146,155,164,178,198,202,212,220,214,226,235,232,230,234,219,212,217,212
220,214,206,176,177,151,132,116,122,142,153,168,178,182,200,196,227,213,220,222,220,210,196,183,182,185
207,191,200,171,149,141,129,94,107,122,129,145,169,161,176,188,193,200,212,205,205,183,166,151,141,145
164,164,145,157,146,128,99,62,63,95,122,134,151,156,161,169,174,184,186,184,178,166,125,88,90,116
148,141,136,141,125,93,2,0,5,0,38,102,123,138,150,148,166,168,169,162,147,106,26,6,10,34
130,126,128,100,82,3,0,4,0,0,0,81,99,130,123,122,141,150,135,143,96,9,7,4,0,8
110,93,90,93,76,13,2,0,2,1,13,0,97,94,122,118,116,116,125,92,28,15,6,0,3,3
73,73,62,48,43,47,24,20,2,24,36,31,78,82,96,86,94,96,94,83,72,27,0,7,2,0
75,62,61,54,45,47,34,33,37,45,49,52,53,74,88,82,90,100,89,90,67,50,22,1,11,0
76,30,56,53,50,47,61,50,45,43,50,44,60,60,27,49,56,62,42,54,67,46,31,8,15,24
60,57,47,44,57,33,11,47,59,63,65,64,53,41,42,42,52,21,25,52,54,36,16,27,13,14
79,62,55,50,45,23,64,58,47,47,56,62,73,56,55,27,21,40,28,33,3,8,25,58,25,45
60,68,52,61,59,80,42,63,40,76,87,56,65,41,41,37,25,7,19,21,10,31,36,56,22,0
52,80,68,71,60,84,45,59,68,68,59,67,53,66,51,43,5,3,18,5,0,40,53,20,4,34
43,17,48,63,68,17,29,29,39,30,20,5,18,28,62,43,15,9,1,6,9,41,49,11,6,42
8,12,23,27,7,7,14,18,26,40,48,4,47,49,50,7,17,0,2,9,5,18,17,11,19,5
25,35,73,28,15,20,50,3,10,12,24,44,40,31,36,25,3,0,30,0,0,14,6,14,8,10
5,1,10,37,28,13,45,39,25,39,20,33,56,56,51,24,2,8,10,5,4,8,10,6,24,9
25,6,15,3,7,2,35,24,29,3,51,52,96,107,90,81,45,5,5,12,3,6,9,10,0,45
45,41,25,10,11,17,31,32,21,16,0,75,86,78,27,4,8,0,4,5,9,0,9,4,1,7
16,38,20,11,42,18,26,11,15,3,16,9,14,10,17,1,0,5,12,1,17,17,1,5,9,50
19,41,42,60,20,60,33,28,29,57,43,25,25,35,47,79,85,49,40,40,3,21,11,29,9,69
36,23,16,53,54,61,31,68,90,87,93,89,87,64,80,98,93,95,97,101,81,30,25,4,133,88
63,69,76,67,67,90,93,94,98,104,116,119,118,109,123,126,127,119,128,134,118,106,97,94,99,92
90,97,94,91,103,105,100,110,121,121,126,128,120,133,126,145,142,147,159,149,147,138,132,128,120,117
