30,41,35,50,49,51,52,40,43,59,73,73,76,78,89,82,70,91,96,97,91,90,97,106,106,106
66,66,48,57,55,64,66,64,72,73,76,78,86,83,83,87,82,94,91,93,97,100,102,110,114,114
75,68,56,55,65,76,77,78,76,76,91,88,86,88,85,87,103,93,98,97,110,112,116,121,125,119
60,81,52,48,33,62,69,71,81,74,77,88,83,96,93,94,93,104,105,116,115,113,123,135,129,133
74,67,44,36,42,56,57,79,76,87,81,79,88,83,91,95,94,106,112,113,120,117,121,133,128,150
64,53,56,34,64,69,88,85,80,72,68,74,82,84,87,95,96,106,112,106,120,123,130,133,151,133
57,58,54,45,61,78,73,65,75,73,81,75,74,70,82,91,77,100,100,106,109,115,123,130,134,140
69,54,45,57,53,68,55,51,56,57,72,57,69,64,73,79,73,87,95,97,100,105,113,145,124,141
52,47,57,58,54,58,62,46,63,43,54,56,44,57,65,73,85,83,99,90,98,104,115,107,112,126
39,51,55,48,63,62,57,53,58,46,58,61,51,59,55,68,79,84,91,91,88,98,98,109,122,115
50,47,63,59,62,70,79,67,57,51,65,67,56,53,72,70,67,85,85,88,93,91,104,102,104,117
59,62,51,60,70,75,68,68,96,90,84,78,75,64,64,75,74,86,94,98,95,98,94,96,108,113
52,42,17,19,17,12,41,37,15,51,63,81,78,72,71,75,81,85,86,99,103,103,98,96,106,104
65,37,14,1,3,11,0,3,5,6,9,24,40,64,67,78,76,71,88,97,91,108,97,95,95,92
65,34,9,3,9,17,25,40,39,40,40,63,97,73,48,53,74,83,87,93,97,108,95,101,98,97
68,50,18,40,48,42,47,76,95,79,47,79,105,120,107,84,57,49,73,78,76,89,88,92,86,88
95,67,22,45,55,47,31,49,56,53,56,78,115,136,132,113,101,90,81,71,85,91,86,82,84,88
126,84,53,65,65,51,9,4,9,28,29,98,130,150,141,127,109,96,85,63,64,60,71,71,89,92
151,120,72,58,62,56,18,0,10,19,68,98,124,119,104,111,90,83,62,66,75,58,73,84,84,94
169,158,112,64,44,46,15,14,5,35,59,75,90,75,83,75,81,79,77,76,80,84,82,83,86,93
127,136,137,108,64,43,40,23,52,54,70,88,70,77,83,85,88,83,78,90,80,85,93,90,97,103
71,67,78,86,81,78,74,75,80,86,88,80,88,89,88,83,86,76,91,75,83,89,98,100,109,116
73,75,81,85,84,83,95,89,91,93,77,89,72,93,79,84,76,80,85,89,88,101,101,112,116,123
86,92,92,96,105,109,95,88,86,87,84,89,76,87,85,89,99,79,96,103,103,105,111,125,127,133
96,98,97,98,97,93,98,96,91,89,99,88,90,88,94,95,94,105,107,115,109,123,123,130,137,139
97,95,94,91,92,98,94,97,92,96,96,99,94,102,98,111,102,114,120,122,133,130,129,126,136,135
90,95,100,103,101,102,100,104,101,104,101,103,105,108,108,118,116,125,132,135,137,134,136,134,129,139
94,102,107,106,107,115,112,104,111,114,112,113,107,119,123,118,130,147,152,142,146,135,138,144,134,143
103,109,115,111,113,119,117,120,120,116,114,118,130,133,125,147,151,160,157,162,151,142,135,126,138,142
112,110,117,120,123,123,117,119,141,125,120,135,133,140,152,150,156,154,167,154,146,132,132,134,140,154
