56,46,48,64,65,75,81,87,106,104,109,118,134,132,142,130,162,129,114,127,107,106,100,113,128,111
54,63,55,67,73,81,92,104,116,107,140,159,151,133,158,166,170,179,182,143,127,159,137,113,121,117
52,54,62,79,96,100,118,112,114,124,128,154,141,151,158,143,167,153,167,177,171,142,167,138,181,139
81,47,76,108,98,109,123,128,131,155,121,138,139,179,159,144,165,184,180,182,179,199,167,157,168,167
72,96,97,87,104,127,134,146,122,129,138,168,157,176,177,163,185,180,181,166,175,196,178,179,167,165
87,107,105,133,123,121,148,160,161,172,172,164,199,191,176,170,166,186,193,177,186,212,193,179,175,190
109,120,143,122,140,134,174,155,167,182,157,153,176,187,194,189,209,183,181,210,178,199,188,199,185,199
121,141,121,140,137,161,190,171,183,179,156,188,194,192,200,184,186,191,191,183,187,185,187,178,169,190
132,160,152,154,182,162,165,156,188,171,180,207,199,186,203,199,208,212,192,191,193,188,195,181,188,190
168,157,167,159,150,167,156,186,173,180,194,198,198,179,195,191,205,195,197,192,199,208,193,209,204,183
160,173,179,178,164,133,163,172,192,189,180,210,191,192,209,201,209,210,186,207,210,194,201,182,182,201
178,177,184,194,175,182,175,177,203,221,188,198,197,205,193,200,195,204,205,195,219,218,207,220,230,199
181,194,211,197,187,158,195,216,216,178,217,189,209,224,217,199,214,212,212,218,211,214,210,224,237,210
185,198,175,188,189,185,163,207,208,216,181,211,208,194,223,202,198,211,198,216,217,220,228,227,232,229
157,199,217,197,223,195,199,213,197,204,220,222,220,218,206,205,211,217,216,221,229,216,228,226,236,237
195,204,207,203,223,200,201,200,206,224,225,219,210,217,226,213,214,204,227,219,228,234,235,220,233,229
210,231,204,208,228,193,195,213,213,224,211,235,228,231,219,225,219,221,219,232,237,230,236,244,241,234
201,226,206,199,219,209,209,217,214,221,226,222,229,234,239,231,242,218,223,216,240,240,246,237,232,246
197,206,225,198,209,224,209,215,220,233,232,233,236,236,239,210,217,225,219,215,230,251,234,225,241,241
204,189,192,200,223,204,220,230,212,220,230,222,242,230,230,217,239,213,227,225,237,228,239,233,238,238
197,182,198,179,207,185,221,234,229,217,238,238,224,226,242,220,232,230,226,224,229,233,223,233,226,214
180,196,192,189,215,218,210,227,229,217,214,227,224,237,221,233,223,218,226,235,221,213,195,221,208,180
142,165,197,192,221,214,199,216,194,211,206,209,230,237,232,229,234,228,233,231,188,188,223,211,191,154
144,164,174,165,202,193,210,197,191,205,207,222,226,225,202,234,238,223,219,218,195,173,197,210,176,173
133,165,168,171,192,201,190,194,186,212,192,191,213,225,207,210,226,232,204,211,191,186,212,196,163,184
153,168,171,189,180,190,197,194,176,167,194,201,199,211,187,196,223,218,217,202,189,178,210,200,164,162
152,134,132,164,198,183,174,203,166,159,184,193,182,209,218,191,217,220,202,186,179,164,182,151,141,173
122,148,116,147,183,192,173,170,170,142,132,155,170,190,206,174,195,200,173,197,178,164,180,134,126,110
128,122,130,161,178,170,179,155,107,163,154,155,174,206,197,196,206,208,195,200,168,172,162,135,176,106
112,138,122,145,180,165,158,165,134,157,122,162,177,216,193,197,193,203,204,183,162,164,179,159,119,93
