124,133,7,7,23,15,51,39,32,23,9,105,152,151,113,161,183,173,173,175,173,157,135,151,148,152
128,132,1,24,20,29,59,43,20,3,118,164,152,152,130,168,179,183,170,171,176,173,161,170,155,156
128,129,4,10,34,59,50,31,8,59,152,159,148,143,106,175,174,173,171,172,157,162,165,159,147,154
125,129,9,18,50,70,42,14,25,110,148,161,150,143,117,155,169,168,180,172,171,167,146,144,128,135
130,127,10,32,84,60,32,11,64,164,144,152,153,123,110,168,171,183,173,155,166,166,153,118,149,149
130,121,12,99,91,58,29,9,151,140,146,154,144,93,122,151,154,168,150,130,149,142,122,122,111,112
128,130,21,97,83,46,17,51,161,145,143,159,148,104,106,158,164,132,151,140,133,139,101,121,134,145
129,128,26,122,74,61,14,104,129,111,157,142,139,80,123,129,131,156,139,134,112,125,145,99,146,116
126,123,18,99,73,43,10,127,117,124,150,125,161,86,106,117,120,142,133,137,141,121,121,140,153,130
127,131,22,110,71,40,24,108,107,100,137,135,160,81,99,116,117,128,136,134,140,137,124,84,104,119
126,129,25,162,61,34,25,108,99,108,109,127,111,79,112,114,123,113,127,147,130,142,96,82,142,151
129,132,27,141,62,53,38,114,100,122,118,142,142,81,110,120,108,121,144,132,133,118,96,80,114,158
127,124,34,137,57,43,39,138,119,129,116,106,108,76,123,124,135,131,112,125,120,159,111,97,117,128
134,129,55,133,75,48,40,109,103,127,160,153,139,97,105,109,130,118,120,128,142,140,133,92,130,148
121,128,25,129,68,60,25,132,148,157,152,140,150,126,104,122,111,120,132,151,150,161,156,142,153,126
133,128,44,38,87,43,38,121,141,151,135,136,146,130,100,110,104,134,153,139,166,141,160,156,154,134
123,129,54,61,80,53,17,139,132,127,123,144,156,138,95,102,130,163,106,139,151,154,163,158,166,157
130,125,68,77,76,61,8,125,113,135,142,126,139,139,89,116,150,141,150,146,154,153,131,152,168,133
127,133,84,103,94,53,20,100,111,132,105,126,133,149,92,92,145,157,161,151,145,132,143,144,162,152
128,124,101,105,100,60,34,59,103,140,136,119,138,123,135,86,159,157,146,146,151,101,129,160,132,129
132,126,130,136,148,63,36,28,145,149,140,134,137,121,116,81,155,153,159,162,93,111,85,136,142,129
127,126,139,130,138,73,57,10,88,129,116,114,138,151,110,104,105,152,144,150,108,102,133,142,95,126
124,132,133,138,158,118,48,34,42,124,119,137,110,131,132,132,87,143,154,160,126,121,164,132,120,131
131,129,141,151,139,148,54,41,10,117,110,110,120,155,146,138,77,127,163,151,131,136,120,129,150,158
129,127,152,171,167,157,71,46,24,60,123,116,136,116,109,120,109,101,144,142,150,84,138,123,142,128
126,131,159,156,168,166,137,42,33,18,99,126,135,134,132,148,124,80,135,147,149,131,161,143,152,151
127,127,166,177,161,165,159,61,49,20,29,134,115,136,135,138,143,92,82,117,143,151,149,129,125,125
128,133,160,171,166,158,161,143,49,50,12,47,109,124,129,132,131,137,84,95,156,143,151,155,137,148
124,130,162,154,144,160,161,136,60,42,35,20,51,140,115,127,128,115,122,88,103,75,146,134,117,148
130,129,184,177,151,163,169,147,157,56,50,31,15,43,115,135,142,134,146,111,109,102,149,149,99,150
