24,50,37,50,34,64,111,123,86,91,92,137,96,145,165,166,112,99,118,72,46,23,44,47,44,44
140,36,41,34,53,49,86,78,94,84,94,102,102,152,142,126,139,87,81,58,35,37,31,44,39,125
192,173,34,50,47,43,54,65,69,82,124,91,66,86,117,109,99,76,55,43,30,35,70,34,100,98
205,197,201,29,36,49,39,73,79,78,87,103,96,71,90,79,93,64,50,24,35,60,50,67,57,81
151,209,203,72,50,39,51,66,85,93,86,96,88,76,55,63,55,57,28,39,31,78,52,55,62,70
193,199,208,217,38,39,56,59,64,67,96,83,65,66,53,48,36,38,23,41,57,82,63,75,107,80
198,192,255,233,42,37,35,46,47,67,61,73,72,51,62,52,42,35,37,29,114,85,98,119,134,103
254,246,254,250,66,53,25,48,44,49,51,60,79,59,56,57,36,32,31,49,173,86,179,163,165,150
246,255,253,251,123,43,25,27,34,43,40,35,30,31,32,33,35,29,49,113,173,129,178,207,183,134
246,252,247,255,151,47,26,21,19,14,25,38,29,32,35,37,31,28,50,115,182,174,196,201,170,147
61,128,150,210,59,41,24,31,22,25,15,20,13,14,14,16,26,24,38,89,166,168,191,194,182,149
36,33,53,38,23,35,10,23,26,26,46,45,49,39,26,19,26,28,35,67,159,184,169,176,167,138
39,26,32,32,28,37,24,27,27,37,44,56,55,50,44,33,28,28,34,49,169,158,171,160,90,30
38,31,99,203,32,33,12,39,34,40,51,59,59,53,47,36,27,27,32,35,182,122,154,31,29,18
34,47,42,79,46,26,20,38,35,41,54,63,68,65,58,44,25,16,20,24,196,87,31,33,22,11
164,179,226,60,46,17,36,25,34,52,69,89,101,99,79,56,36,23,26,33,217,58,39,27,7,8
160,237,250,28,39,38,31,28,41,55,96,115,148,142,100,61,41,24,20,26,86,87,58,28,33,16
219,219,59,49,24,33,25,38,60,98,130,174,182,205,177,122,71,26,15,28,53,85,39,36,26,20
196,238,60,45,28,37,31,50,86,164,189,213,220,218,214,168,123,64,20,29,29,122,58,69,30,13
46,52,21,35,32,20,34,82,150,198,205,220,235,222,232,233,199,113,40,19,26,120,36,29,57,20
37,28,43,35,35,23,76,189,192,206,215,216,223,231,228,232,234,169,83,22,36,62,49,25,65,13
31,20,38,24,8,53,121,209,205,233,222,211,225,226,227,232,241,240,184,59,20,44,76,33,22,14
24,28,30,25,19,89,196,208,213,200,203,213,221,227,236,236,231,244,242,166,24,24,93,30,13,11
23,33,19,13,49,154,185,197,202,219,208,210,217,225,229,236,251,246,240,225,57,14,57,52,25,23
21,27,26,20,114,157,169,190,201,199,225,210,218,206,224,228,224,227,238,240,178,34,24,88,27,29
44,19,12,54,121,161,188,201,205,214,201,219,216,202,223,225,229,235,234,236,222,62,18,58,51,19
20,18,37,105,107,153,186,194,206,206,206,227,210,183,186,215,227,228,230,229,200,203,32,18,90,36
14,26,75,124,121,158,188,190,207,208,211,224,229,220,217,214,217,233,239,224,215,198,70,26,35,89
9,62,100,118,168,165,195,204,207,203,219,224,222,226,233,233,231,243,247,233,211,238,185,53,16,81
46,125,134,169,179,201,219,213,222,225,222,222,226,224,232,237,232,234,242,245,231,231,214,174,30,19
