9,39,72,43,37,21,7,20,26,28,11,12,11,18,30,36,39,35,27,62,66,63,67,67,66,65
31,14,43,66,46,30,25,28,29,28,16,12,9,20,27,32,37,50,62,57,62,69,66,70,71,76
61,34,16,36,57,49,34,36,31,29,20,21,16,23,27,38,41,55,61,61,70,70,62,77,77,72
99,54,60,33,25,44,63,49,38,33,30,35,32,42,43,54,47,58,62,65,68,75,72,75,68,74
184,86,63,66,43,11,30,45,64,54,42,35,44,58,55,62,60,54,61,60,67,76,66,71,73,68
225,136,84,81,57,64,40,20,32,39,53,67,52,41,48,49,61,68,64,63,67,64,66,69,75,60
247,192,144,113,74,64,61,55,41,19,4,20,42,57,70,69,54,46,46,60,50,47,56,54,47,41
247,230,188,156,111,86,71,64,66,63,58,54,25,29,19,28,51,45,59,67,56,55,61,56,59,58
250,248,224,215,153,121,78,81,73,65,69,67,63,60,64,69,54,45,47,43,47,42,42,34,45,34
250,250,246,205,194,164,107,107,85,82,87,77,71,76,81,69,75,68,70,83,73,75,77,83,72,84
244,247,249,244,230,169,164,153,93,101,96,84,90,87,79,87,81,97,88,99,90,99,103,114,105,150
242,247,245,243,226,225,190,169,151,134,120,135,102,100,121,173,141,148,141,120,160,168,164,140,158,190
239,240,250,244,239,218,210,176,173,161,168,170,152,158,146,179,180,196,168,187,189,197,201,206,208,216
241,237,241,246,241,221,220,207,190,178,193,168,212,195,190,217,202,214,213,222,219,222,225,225,224,223
249,241,240,252,244,179,214,205,194,201,191,210,205,208,211,209,231,220,227,234,235,234,235,234,239,238
253,247,235,240,253,208,199,217,210,206,203,215,219,216,222,228,227,235,236,239,243,239,239,236,246,242
255,253,251,245,251,213,182,209,211,217,212,203,218,222,229,222,236,235,244,243,243,241,245,244,250,243
255,255,253,254,245,207,196,196,190,209,215,219,216,216,224,233,242,242,238,242,242,242,245,246,251,248
252,253,255,252,237,231,197,201,201,215,206,229,215,215,225,237,233,236,236,248,246,246,244,244,246,250
252,255,253,252,238,223,206,186,198,214,226,214,226,222,233,228,232,239,234,246,239,243,246,249,245,249
247,250,254,247,247,225,197,184,184,207,219,221,231,225,229,230,237,242,239,245,243,246,243,248,245,248
247,244,253,252,219,225,196,196,197,210,214,218,228,226,229,233,239,245,245,240,234,239,239,246,247,250
224,241,245,253,233,221,199,212,216,208,219,223,230,230,227,233,234,241,246,237,235,244,243,246,246,246
210,220,242,248,234,228,200,188,226,220,217,223,228,231,227,236,235,242,243,238,244,251,244,243,244,241
195,215,235,238,253,223,185,206,224,220,219,224,229,232,227,234,233,239,244,240,244,244,239,241,247,243
193,229,241,231,237,215,200,199,223,220,225,228,232,231,227,231,229,233,242,239,241,239,241,245,250,245
185,220,230,227,233,182,199,214,224,225,224,226,234,230,231,233,236,239,240,238,242,241,246,243,246,245
171,191,200,230,223,202,221,234,225,234,231,231,239,232,234,233,236,239,240,240,244,240,242,233,238,246
124,154,217,219,196,218,230,226,232,235,235,236,230,238,232,242,234,236,242,245,236,241,242,244,242,243
173,190,202,207,197,221,235,231,234,240,241,244,231,239,233,238,239,239,236,236,230,240,241,240,239,243
