198,202,203,214,230,244,249,252,253,250,252,252,251,252,253,253,254,254,254,254,255,254,254,255,251,247
195,198,198,215,233,245,248,250,251,248,250,250,251,252,252,253,254,254,255,255,254,255,255,255,253,246
197,198,203,219,236,247,249,251,252,251,252,252,251,252,252,253,254,254,255,255,255,255,255,255,255,249
201,201,212,223,232,242,244,247,249,248,251,250,251,252,252,253,254,254,255,255,255,255,254,254,255,254
204,205,211,208,231,232,239,241,248,248,240,250,251,242,253,252,251,255,251,255,253,254,253,255,249,250
202,207,202,197,215,222,226,230,237,243,242,246,245,242,249,255,255,255,253,252,252,255,251,252,255,255
213,221,211,208,208,201,218,219,228,228,246,235,248,245,242,249,251,251,255,253,248,250,249,242,251,255
218,222,219,217,212,194,200,202,218,223,235,233,232,232,237,245,249,249,250,247,246,231,240,236,236,243
221,217,219,210,187,190,189,194,200,214,205,228,227,223,235,236,237,239,230,230,230,210,220,220,221,227
232,224,224,204,198,175,172,170,183,203,211,211,223,216,227,225,225,230,218,218,200,196,187,178,190,203
230,225,219,198,174,150,152,166,177,181,204,197,198,197,209,216,220,219,205,195,182,163,140,147,166,176
219,217,207,192,173,134,57,107,156,181,177,187,195,193,192,198,199,192,180,163,134,75,53,111,138,133
212,204,190,174,133,21,1,0,24,140,167,163,176,175,173,174,175,161,137,109,36,9,61,80,106,111
205,198,186,165,105,0,7,0,2,5,142,153,149,153,157,176,142,117,84,50,69,70,99,75,32,79
191,189,164,153,61,14,0,0,5,12,84,134,123,117,128,139,196,117,80,89,48,17,36,87,89,58
172,171,160,111,35,6,2,3,11,60,123,122,115,93,68,41,21,122,57,61,68,103,87,108,103,97
162,142,139,122,72,11,69,86,88,77,122,109,103,44,9,43,38,86,53,84,41,77,83,106,104,89
138,131,134,111,74,107,169,171,162,155,134,112,53,17,35,49,8,33,54,34,24,22,41,46,88,79
129,59,118,152,129,164,117,109,73,8,46,152,16,69,66,55,12,42,57,50,19,47,46,89,48,55
62,96,41,58,106,65,46,79,52,48,59,40,57,39,65,63,40,76,48,30,43,29,27,32,17,13
38,91,99,84,66,50,72,65,67,21,86,65,75,12,44,21,55,72,26,45,14,18,37,36,25,28
40,57,68,98,75,76,86,76,23,42,57,66,48,32,51,24,6,36,29,25,13,35,39,38,9,48
112,99,57,114,100,71,41,89,73,38,95,71,36,50,64,11,42,44,29,20,49,36,35,8,30,46
109,105,88,71,115,77,80,68,5,21,56,47,36,52,62,4,26,28,7,21,30,47,11,39,37,13
98,81,104,97,53,77,29,46,69,88,55,32,35,69,63,22,27,46,19,26,53,69,54,9,21,50
83,93,71,77,102,76,73,38,66,33,3,35,32,38,30,25,58,3,50,56,28,45,28,15,58,54
122,81,43,92,91,63,45,46,81,61,31,16,15,0,9,24,7,58,40,19,87,38,25,60,58,61
104,100,105,90,96,78,35,105,71,54,42,20,0,15,13,0,10,36,54,15,31,66,69,18,35,53
110,94,88,89,92,106,26,67,67,38,94,83,93,95,65,54,58,27,13,36,31,89,56,4,42,35
113,121,98,89,92,75,77,77,135,122,151,145,148,145,144,153,125,118,132,84,65,40,88,59,36,28
