109,132,126,129,140,123,132,145,135,143,134,148,156,124,135,134,143,153,152,145,143,136,145,132,143,130
135,132,135,137,143,136,142,143,138,147,146,155,147,155,156,136,148,146,155,161,162,176,161,163,149,151
140,138,138,156,150,163,154,123,130,159,165,145,180,167,158,151,170,163,159,169,166,189,145,152,173,188
145,153,157,154,162,167,157,141,150,151,166,169,173,157,157,179,143,169,174,171,170,154,184,197,174,157
145,155,159,162,157,168,164,157,153,136,153,172,171,182,183,190,185,136,153,169,169,175,189,159,182,172
151,157,153,172,180,169,153,167,168,151,155,177,182,179,187,177,156,172,154,170,181,173,184,172,181,185
170,169,171,156,167,165,143,152,158,178,170,170,178,185,182,201,191,173,166,161,157,184,189,181,182,189
161,169,174,154,157,160,149,170,156,165,157,175,177,162,185,188,186,183,169,173,194,164,179,197,173,193
164,167,183,175,148,173,156,152,172,172,176,176,175,181,183,195,185,194,156,165,182,191,178,165,176,201
174,163,184,172,175,164,144,138,176,175,181,181,170,181,178,187,190,172,175,170,172,190,187,187,184,187
196,178,171,177,183,151,141,142,171,180,179,176,183,184,182,188,192,184,187,184,179,188,207,169,190,194
176,189,189,178,170,159,162,144,183,184,176,184,178,181,193,199,196,197,183,177,190,187,183,172,194,206
181,169,168,173,167,156,162,157,162,179,175,180,170,186,199,198,196,187,190,178,186,195,178,189,207,205
182,186,201,196,191,170,170,174,171,179,179,179,176,188,197,196,189,199,188,186,188,193,201,183,199,204
205,201,194,190,190,189,177,165,203,172,173,185,181,188,191,200,193,209,178,180,197,190,196,192,190,205
213,196,211,200,187,191,170,198,181,187,190,195,196,205,190,193,199,188,192,188,193,208,203,204,216,206
226,208,212,207,178,205,180,163,174,200,186,187,205,205,201,197,187,198,190,199,199,195,201,203,203,200
208,210,209,179,199,203,160,181,194,195,196,186,188,196,199,185,202,204,185,195,192,208,206,213,203,206
210,205,183,200,178,188,188,190,194,188,206,198,190,195,206,206,187,183,195,176,185,187,212,205,207,202
212,174,169,180,180,185,200,195,197,197,205,203,214,196,186,213,178,184,162,176,173,210,202,216,209,202
159,178,175,169,192,193,193,209,198,183,184,206,196,193,194,186,196,186,206,180,175,184,173,162,172,166
176,186,176,179,184,183,200,192,204,195,184,194,199,198,204,194,205,188,173,189,187,176,172,174,163,171
160,145,176,159,165,177,216,181,193,200,189,187,179,187,194,186,195,188,181,170,178,149,177,137,142,148
138,157,144,164,184,181,170,179,179,192,176,160,158,203,202,172,188,190,159,177,179,165,160,160,182,138
145,132,148,153,155,159,157,160,176,145,161,169,155,184,181,162,167,187,196,161,153,165,129,155,133,134
125,136,145,154,162,155,168,152,158,142,138,161,150,167,201,155,174,171,174,184,156,134,135,132,145,129
126,120,131,149,131,139,164,139,147,159,142,157,146,176,160,149,173,150,153,161,145,131,123,132,115,126
100,125,131,131,130,144,155,142,145,148,131,135,133,130,147,151,139,161,155,161,129,128,138,119,125,100
118,137,122,121,112,138,142,128,127,133,124,121,125,135,139,142,141,132,150,143,125,129,119,110,114,99
102,107,110,119,113,135,148,134,128,128,117,127,123,113,128,134,138,129,150,136,138,135,115,118,110,115
