200,205,210,215,209,204,212,231,215,226,222,232,233,234,237,239,240,245,250,251,250,249,248,247,245,129
200,202,207,204,209,206,217,228,221,232,230,232,237,241,240,240,243,248,253,254,251,250,248,247,245,129
197,205,196,206,206,227,224,227,223,233,236,230,237,240,239,243,247,250,253,253,252,251,248,246,246,129
209,207,207,208,216,215,221,227,231,234,239,230,244,247,244,249,251,252,252,253,253,253,249,245,246,129
204,206,206,220,218,222,229,227,233,237,241,241,243,247,250,250,252,253,253,254,254,253,250,247,246,128
219,220,217,224,220,226,231,234,232,237,242,245,246,248,251,253,253,253,254,254,254,253,250,248,247,129
230,229,224,223,224,232,230,234,234,238,244,248,248,248,251,255,253,253,254,255,254,253,251,249,245,122
235,232,227,225,231,242,230,232,240,241,244,248,249,248,250,253,253,253,254,255,254,253,251,250,254,130
238,238,235,233,237,247,236,239,245,243,244,247,249,250,251,253,253,253,254,254,254,252,251,250,241,130
239,242,241,240,236,241,240,246,248,246,245,247,250,252,253,254,253,253,254,254,253,252,251,251,255,123
239,242,239,243,236,239,243,247,248,248,247,247,250,252,253,252,252,253,254,253,252,251,251,251,243,131
243,242,237,248,243,244,250,247,247,249,250,248,248,250,250,249,252,253,254,253,252,251,251,251,129,128
237,240,243,245,245,246,248,250,247,249,250,251,252,249,247,251,250,251,252,252,251,250,249,249,128,128
240,243,246,247,246,246,247,249,249,250,250,250,251,248,248,252,249,250,251,251,250,249,249,249,128,128
235,239,243,245,244,244,246,249,249,251,250,249,250,248,248,252,249,250,250,250,250,249,249,249,128,128
233,237,241,243,243,244,246,249,248,251,250,249,250,248,248,251,250,250,251,251,250,250,250,251,128,128
239,241,244,245,245,245,246,248,246,249,250,249,250,249,248,250,251,251,251,251,251,251,250,250,128,128
239,240,241,242,243,244,246,247,244,249,250,249,250,249,248,249,251,251,250,250,250,250,249,248,128,128
236,236,236,237,240,243,244,245,244,249,249,248,249,249,249,251,251,251,250,250,250,249,247,246,128,128
241,239,237,238,240,243,244,244,245,249,249,247,248,250,250,252,252,251,251,251,250,249,246,244,128,128
236,235,233,237,243,244,242,244,244,246,248,248,248,249,251,251,253,248,253,249,248,245,241,129,128,128
231,234,236,240,244,242,240,242,245,245,247,248,249,249,249,250,247,248,250,246,252,238,254,126,128,128
232,235,237,239,241,241,242,247,246,244,245,248,249,248,247,249,255,251,248,248,247,244,241,131,128,128
231,235,236,236,238,240,244,250,246,242,243,248,250,247,247,248,241,244,245,247,246,252,239,126,128,128
227,232,235,237,240,240,240,243,244,241,242,247,249,247,246,248,248,249,239,238,250,237,245,128,128,128
230,234,235,235,239,240,239,240,242,241,243,246,248,246,246,247,242,237,241,232,221,248,237,128,128,128
230,234,233,232,235,238,239,242,240,242,244,245,245,245,244,244,247,241,232,240,242,235,126,129,128,128
221,228,232,233,235,237,236,237,239,242,244,244,243,243,243,242,245,235,240,243,229,237,132,127,128,128
224,233,232,231,237,238,234,236,237,235,237,249,245,244,241,245,244,236,230,238,228,233,128,129,128,128
222,234,237,232,235,239,238,238,240,243,244,244,241,245,243,237,239,241,233,234,215,232,128,129,128,128
