193,220,211,239,234,246,243,251,248,251,251,255,253,247,251,252,249,251,245,246,244,241,240,237,232,231
201,219,210,226,236,238,247,243,248,246,247,255,253,250,255,255,251,253,249,251,247,242,240,236,234,237
214,211,213,209,232,229,242,236,245,242,246,248,250,251,252,254,254,251,254,252,247,243,238,234,234,239
216,228,230,218,234,235,236,236,238,238,250,249,251,251,250,252,253,250,253,251,252,249,240,232,228,222
205,233,237,234,235,238,235,235,232,233,234,241,243,244,249,249,246,250,249,248,253,248,236,235,229,212
228,224,223,232,226,228,233,229,231,231,203,222,226,231,246,244,239,250,238,236,237,228,218,230,234,215
237,232,232,232,225,214,226,232,231,228,230,232,224,229,237,239,240,243,240,242,228,230,228,227,220,222
205,238,242,227,236,222,204,223,226,226,223,208,206,231,233,239,225,245,241,229,230,228,215,223,221,219
160,219,215,233,238,228,228,201,217,208,220,196,221,205,234,232,230,228,225,236,221,225,227,226,227,210
114,140,166,198,209,221,230,218,206,223,204,195,215,208,205,215,218,235,217,226,210,226,234,217,217,211
115,121,114,123,158,190,201,191,190,186,191,194,189,202,185,213,219,239,228,218,228,220,213,220,217,214
108,104,122,104,125,136,158,137,176,158,175,175,174,170,180,189,214,216,233,226,226,214,217,223,218,211
113,105,108,98,107,107,115,128,126,142,154,161,168,174,175,168,192,212,217,213,200,218,233,207,210,217
106,101,98,105,97,96,98,111,114,131,116,137,144,146,155,168,177,180,191,197,211,216,215,210,224,223
126,112,98,88,77,76,82,81,100,109,112,109,121,128,137,166,158,163,181,194,201,203,216,217,208,206
194,157,132,110,90,71,48,28,50,72,96,96,119,118,137,143,132,158,161,179,203,206,206,216,210,216
219,195,192,144,125,98,90,87,69,63,83,104,114,122,124,130,132,154,151,162,198,203,207,205,227,204
204,206,192,171,151,133,117,109,118,107,112,109,144,128,131,131,139,148,170,164,197,216,219,219,209,219
185,193,196,170,168,160,151,147,153,155,140,139,140,160,149,142,151,152,146,192,215,196,218,201,213,217
183,179,199,198,190,200,200,186,197,178,175,164,166,155,167,159,158,162,166,169,190,200,209,215,203,212
200,205,230,224,227,221,227,229,217,199,200,206,180,176,166,164,165,157,163,174,205,210,203,202,224,218
212,227,225,226,238,236,236,227,220,219,207,200,194,196,175,167,170,159,153,177,194,194,195,204,202,211
212,223,230,230,240,242,227,209,221,220,217,190,202,200,184,192,166,165,174,175,193,192,193,205,223,220
205,217,229,234,236,239,240,230,225,223,219,202,204,196,183,183,172,179,177,177,182,184,190,198,208,207
217,196,229,234,231,227,231,229,221,225,222,211,213,210,201,199,198,172,164,179,177,189,199,198,199,205
214,222,211,205,226,230,224,226,225,217,211,216,204,199,207,194,203,187,194,188,184,198,186,194,210,196
199,200,204,213,214,205,231,224,213,231,226,223,219,216,203,180,211,200,205,202,188,199,197,202,200,178
190,196,198,199,217,222,223,215,216,215,205,218,207,201,212,198,209,194,206,206,189,186,191,197,197,188
191,190,187,195,206,219,210,214,221,222,227,222,211,201,208,209,209,175,206,199,209,206,189,189,198,183
198,198,183,200,197,220,212,224,218,213,224,220,218,219,224,211,208,203,203,219,213,196,210,195,184,202
