128,144,117,137,107,124,138,118,123,116,69,63,64,50,31,36,28,9,10,10,11,9,24,43,39,12
138,140,114,126,117,132,142,136,106,92,72,65,65,35,36,33,19,10,16,12,13,26,45,41,6,10
118,124,124,123,142,135,149,127,130,84,73,59,65,41,28,29,27,30,33,26,28,44,33,5,29,49
134,119,108,136,114,137,111,125,99,83,81,58,49,45,41,26,28,27,20,42,50,22,4,30,39,67
130,145,131,130,95,97,78,73,112,95,79,60,43,42,35,32,26,45,55,40,9,14,48,45,59,97
139,150,154,148,127,127,133,117,111,96,93,63,36,34,22,53,54,48,36,24,35,53,56,68,74,126
80,97,114,113,106,107,76,75,62,52,40,35,51,55,56,52,38,16,39,54,62,61,72,75,90,131
56,56,52,56,54,59,64,65,54,60,53,54,54,35,17,46,38,65,61,63,66,63,72,92,117,154
52,57,50,57,53,56,48,57,44,45,43,38,38,57,64,61,63,67,64,68,68,81,97,99,144,155
62,60,53,56,55,56,62,65,59,62,64,67,61,72,74,70,66,68,75,77,99,99,89,130,153,165
73,76,72,70,67,66,72,72,70,72,70,76,78,75,79,80,93,99,86,108,99,107,131,124,146,158
102,101,88,88,84,88,87,94,83,87,94,85,93,113,117,104,134,113,128,122,137,133,116,122,157,175
146,126,126,125,103,104,114,100,121,112,131,135,137,148,131,160,148,143,167,165,156,155,127,116,156,162
171,168,173,146,160,152,185,182,164,177,185,192,170,175,184,164,173,178,179,173,176,138,119,125,137,163
191,199,195,194,202,185,186,197,181,185,195,199,194,176,201,194,167,172,155,150,153,153,117,141,183,169
218,221,199,216,193,224,193,206,206,220,204,208,207,175,207,185,192,170,169,155,123,124,136,176,183,194
218,218,216,224,227,218,219,197,206,205,211,194,213,194,182,189,177,156,161,136,135,138,188,197,203,202
226,228,218,219,216,234,232,228,220,229,221,216,201,196,196,191,182,177,156,147,141,132,207,213,213,204
218,220,214,225,222,222,222,232,228,219,219,219,218,206,178,194,188,181,171,140,142,155,220,220,210,221
223,217,225,216,231,231,228,232,225,225,214,215,221,199,207,181,176,177,146,159,142,177,216,218,211,206
225,217,227,231,229,230,224,228,225,225,207,220,216,217,204,189,175,176,146,164,145,165,213,215,212,197
221,224,225,226,225,226,205,220,225,224,232,224,213,210,213,179,193,190,145,148,148,167,185,206,199,185
221,228,225,226,222,224,221,223,231,224,230,214,224,214,199,184,177,169,157,140,101,174,181,190,195,173
220,220,219,224,217,220,231,227,228,225,223,209,222,207,202,186,183,173,187,130,129,134,182,188,179,148
218,221,214,221,224,221,225,233,218,222,228,219,215,209,205,182,165,186,121,155,128,107,191,183,172,121
214,226,212,216,230,221,221,229,222,226,221,220,220,219,181,182,180,183,176,166,146,131,149,169,149,129
208,218,216,211,220,214,215,215,229,226,220,215,220,207,195,183,181,188,177,163,126,125,111,134,149,136
212,211,229,218,213,213,224,219,226,208,233,222,219,205,190,173,175,193,187,170,169,125,110,104,111,99
211,202,208,199,210,206,223,213,224,214,216,218,210,202,210,192,195,205,182,181,173,149,127,103,104,86
202,204,209,206,204,206,211,217,217,212,210,218,218,209,191,201,198,211,193,174,180,160,144,106,102,93
