210,220,201,202,214,225,227,222,224,217,202,191,204,220,219,200,221,215,205,196,184,191,170,169,170,153
214,225,217,222,228,227,222,229,225,218,209,217,208,206,214,207,210,212,217,204,199,188,191,182,176,179
222,225,221,225,225,226,229,220,223,211,211,210,197,220,206,189,206,204,192,203,198,196,190,184,183,185
229,226,227,231,227,232,220,217,207,220,215,214,203,199,198,200,188,193,196,194,199,187,191,200,188,184
228,224,230,234,230,215,215,214,226,218,225,227,213,214,207,215,211,195,177,187,192,181,178,167,178,180
227,223,223,224,228,216,211,229,226,226,220,225,217,220,210,208,207,214,210,214,203,201,202,192,183,176
232,231,225,224,237,227,226,220,222,221,228,224,214,224,228,224,218,227,223,207,197,214,202,200,195,183
233,237,231,231,226,225,225,224,216,221,224,221,231,231,229,228,227,224,222,224,217,210,215,217,206,200
228,225,228,234,231,221,232,227,219,227,228,231,228,229,231,232,231,226,219,213,220,220,226,212,207,205
235,236,236,236,234,234,231,222,227,232,229,241,239,231,230,236,235,227,225,229,216,223,226,227,213,221
240,245,244,237,238,234,233,231,230,235,239,237,230,230,231,234,235,234,234,234,222,223,230,224,221,224
244,249,246,239,241,233,233,235,230,236,244,233,229,234,237,237,238,241,241,238,234,230,236,224,227,227
247,249,248,245,244,244,231,228,235,237,239,242,243,238,238,241,240,236,236,242,240,241,240,243,234,243
247,247,248,249,247,241,238,237,239,240,241,243,242,241,242,244,243,240,238,238,242,242,246,245,241,245
244,245,246,247,247,232,245,250,242,244,244,241,241,247,250,249,250,253,249,241,244,239,248,240,245,243
241,245,246,245,244,237,244,245,247,245,236,249,249,246,245,249,251,249,247,247,243,244,247,250,244,251
244,247,241,245,239,225,244,243,239,248,240,248,246,244,249,248,251,247,248,243,244,239,250,244,252,252
222,232,239,232,234,236,243,247,249,252,248,235,249,249,250,246,252,247,247,246,242,247,252,248,238,244
229,212,229,237,227,238,237,238,242,248,248,228,241,246,250,249,255,250,247,247,240,244,245,246,240,248
223,226,218,226,236,241,248,242,242,250,247,240,237,239,249,252,249,247,250,248,248,242,239,236,246,246
211,217,227,224,234,231,239,239,236,237,233,232,243,237,247,249,234,239,252,249,248,240,230,224,237,240
190,226,229,223,234,226,226,240,237,232,239,233,239,232,242,248,229,238,252,247,244,238,223,222,228,238
217,203,211,224,226,216,226,237,230,231,238,231,228,227,234,243,233,241,246,244,245,239,227,224,229,232
194,196,229,224,216,206,238,238,223,232,225,220,226,230,228,234,233,240,238,242,236,231,231,220,232,225
199,204,211,222,211,218,229,229,237,228,221,209,219,218,222,232,234,248,226,237,222,226,231,224,232,215
202,201,196,213,210,212,230,229,229,231,222,212,216,220,219,237,239,242,236,245,227,219,222,212,235,213
200,203,197,214,207,217,227,219,219,227,215,227,214,228,206,246,232,240,232,240,240,220,216,226,219,213
210,206,206,223,210,213,225,228,208,217,220,228,213,219,202,233,237,239,243,239,228,231,215,230,225,221
219,206,208,222,206,223,218,233,228,221,215,227,220,227,202,233,223,246,242,245,241,238,234,235,227,213
209,207,208,203,217,219,214,241,233,229,230,222,231,226,218,218,222,228,242,242,235,247,231,225,230,221
