90,107,92,74,37,51,59,81,77,87,85,94,97,99,111,125,129,131,163,160,167,177,180,185,179,193
102,102,101,77,70,91,106,85,72,95,95,113,115,149,148,152,160,164,169,172,172,186,187,188,180,184
112,93,111,118,135,142,112,112,114,118,110,134,139,153,173,159,173,175,172,178,175,183,180,179,179,179
127,126,136,140,142,143,151,134,136,151,149,135,154,161,176,160,176,171,175,175,183,184,195,181,185,188
137,148,149,153,153,152,151,153,162,155,143,139,169,171,179,182,190,181,183,178,193,196,202,192,202,194
144,141,143,153,161,149,171,156,165,175,167,174,175,181,187,197,193,192,191,192,197,199,206,205,217,200
141,153,156,155,162,153,175,168,177,184,171,181,181,190,197,195,196,198,201,205,200,197,206,198,204,197
160,169,160,171,180,168,179,188,187,184,182,188,200,188,208,194,214,209,213,210,207,203,201,198,213,214
168,174,177,178,176,181,182,182,186,194,200,210,211,201,213,200,203,209,212,200,202,204,201,204,215,218
173,175,179,187,189,188,181,194,200,212,206,207,215,221,223,222,220,221,207,208,206,204,209,223,228,224
180,184,185,192,194,184,197,205,201,223,225,222,224,225,240,224,217,221,205,202,207,216,224,239,235,207
179,183,184,196,205,200,207,212,208,211,225,209,231,235,234,228,236,231,224,221,231,227,241,238,244,230
172,186,189,196,200,196,193,222,204,240,219,231,225,236,225,225,237,234,229,226,237,236,244,247,244,242
186,196,192,201,206,212,205,212,201,215,222,230,237,235,247,236,231,243,239,238,238,248,251,244,222,245
196,205,200,212,206,206,216,220,223,231,236,238,245,242,244,247,240,243,244,246,237,236,234,248,242,243
191,195,200,229,219,210,221,218,227,234,237,235,238,233,242,242,244,241,241,223,227,245,240,233,243,235
193,205,211,206,215,215,214,221,226,226,229,233,245,233,241,230,240,243,241,247,234,228,240,245,239,239
192,201,198,211,208,209,198,208,221,219,240,239,228,249,239,230,241,236,237,217,211,219,226,246,251,239
182,179,175,182,202,199,213,210,215,217,221,227,243,240,241,240,229,229,231,228,213,215,219,222,236,246
158,174,188,192,186,192,195,203,198,200,212,210,219,211,216,224,223,210,216,206,200,186,196,207,220,227
165,167,176,162,181,179,186,178,190,190,196,192,184,190,183,194,192,213,196,207,194,187,175,194,201,204
144,152,156,163,153,157,163,170,168,157,165,159,159,173,177,172,173,171,169,181,189,181,160,179,190,199
152,153,152,147,148,137,116,122,126,124,116,117,140,123,116,133,156,166,167,177,167,164,162,162,160,172
116,117,128,122,121,116,103,104,105,94,103,101,94,103,113,100,116,123,155,153,149,158,134,144,164,181
103,94,86,76,81,102,85,90,91,98,99,104,99,96,108,106,109,120,127,142,137,136,131,137,155,170
112,104,100,94,91,89,88,97,85,89,80,104,100,100,94,106,102,103,123,132,123,137,135,130,138,161
84,96,98,87,85,79,78,74,77,86,90,90,93,100,104,95,115,119,110,123,138,128,136,128,131,154
91,97,93,91,94,77,82,81,86,79,86,83,94,95,96,108,115,106,116,118,124,137,134,131,132,152
76,89,81,72,86,93,85,90,88,92,83,89,92,100,95,93,110,106,103,113,133,139,125,126,126,145
112,107,94,88,81,67,87,88,92,101,91,80,74,82,92,94,110,112,111,117,130,139,142,144,135,145
