132,122,150,160,159,179,124,115,102,90,93,72,70,58,61,49,56,55,51,62,53,58,48,46,37,29
125,132,180,160,146,110,120,85,88,78,60,61,49,57,51,64,60,55,62,56,61,52,60,59,51,47
129,128,169,152,104,92,88,73,76,66,62,69,67,58,70,60,55,56,59,56,54,49,46,52,49,49
126,131,168,138,115,89,86,79,68,67,67,69,74,73,79,63,63,77,72,78,71,63,76,62,67,63
129,125,167,132,95,74,91,81,82,70,65,63,66,72,91,101,101,94,89,87,88,99,102,92,99,89
129,130,141,110,97,87,81,73,82,93,97,83,89,99,108,114,133,120,127,126,129,139,121,126,119,114
128,125,114,80,82,85,81,75,99,109,120,104,122,116,129,145,150,150,140,142,144,138,114,114,132,133
129,121,114,76,75,78,93,91,102,96,124,182,124,147,162,168,151,160,150,143,140,146,133,141,123,133
127,134,114,89,110,104,99,115,111,135,160,167,163,165,185,181,171,161,140,146,150,159,136,113,126,124
127,130,110,102,102,109,115,144,155,165,164,165,161,173,185,163,141,159,139,168,143,123,143,120,127,105
129,129,109,107,130,140,154,171,184,173,159,167,168,154,177,161,155,171,148,129,132,121,117,90,82,61
128,127,141,138,156,184,176,204,196,184,203,171,180,162,159,159,163,153,129,130,97,104,81,58,51,37
126,129,172,167,188,194,202,213,198,197,179,185,187,172,163,175,138,142,117,108,87,69,55,46,31,31
134,119,156,181,180,202,217,206,194,202,188,180,181,171,150,143,135,99,97,68,58,43,37,43,49,46
125,133,178,185,208,208,197,216,217,197,178,186,187,160,131,114,88,74,63,64,51,34,42,66,82,62
127,128,208,210,223,196,213,203,201,191,164,165,155,138,114,78,59,67,62,37,38,67,90,142,124,76
130,127,186,211,206,209,217,194,194,183,182,164,140,100,77,70,66,61,61,40,52,104,162,157,161,95
130,126,210,222,201,219,203,191,175,190,135,150,112,89,77,62,77,63,61,52,74,131,182,182,163,118
128,129,206,213,188,206,197,201,176,143,140,129,96,96,70,74,74,58,58,61,76,84,135,182,202,136
125,130,222,210,224,195,176,171,154,149,134,108,97,79,89,80,77,63,63,79,75,63,92,145,160,183
132,122,228,218,193,212,181,172,161,150,133,105,90,92,99,81,88,68,81,76,72,76,62,76,94,100
125,133,213,218,211,209,185,151,154,159,140,111,97,93,78,90,88,90,99,94,98,86,86,78,73,72
128,129,215,215,202,181,177,169,153,139,123,113,100,87,106,116,108,114,124,99,105,101,90,85,83,81
128,123,209,214,208,217,161,173,168,151,128,130,135,128,125,154,117,146,112,101,130,126,111,108,104,100
129,129,218,220,202,200,186,174,170,154,149,157,140,136,122,135,144,115,127,132,111,113,115,109,107,103
124,135,215,203,203,187,178,203,184,172,145,143,156,138,153,139,133,131,142,123,122,113,112,118,123,124
129,125,204,207,215,191,207,190,173,187,153,168,160,150,139,163,135,146,134,123,139,131,129,123,109,122
132,127,219,210,211,197,185,184,197,164,179,162,172,167,163,145,129,126,140,132,139,128,108,118,118,115
124,132,213,211,208,199,199,200,190,179,161,158,154,167,163,143,152,146,154,125,123,121,137,112,111,110
128,128,195,203,210,209,220,204,177,198,189,160,160,187,167,152,169,124,130,149,148,157,134,141,115,122
