5,5,21,28,21,0,5,5,7,3,36,57,58,73,76,68,90,85,100,112,86,65,45,25,37,23
21,16,10,13,12,0,2,5,4,1,19,28,48,49,46,60,63,71,57,55,47,27,14,19,20,16
24,19,4,13,4,13,3,0,15,11,0,7,14,27,51,39,36,34,35,22,20,29,17,9,0,11
33,30,13,21,17,28,22,9,13,5,0,4,1,11,5,6,1,16,3,3,15,8,15,25,15,5
16,27,20,11,16,15,27,7,10,14,28,6,0,4,1,0,5,0,0,4,0,14,9,0,18,12
8,8,14,13,27,11,29,16,27,2,18,14,3,6,0,3,0,5,3,1,5,9,11,5,2,7
21,22,16,30,22,20,12,10,15,21,19,7,9,11,11,11,9,6,15,0,9,11,0,5,9,3
36,21,21,13,9,1,23,23,13,7,8,15,7,19,16,11,25,11,6,24,1,1,7,2,4,13
23,17,14,27,21,4,14,26,13,3,1,0,2,2,9,14,3,0,25,10,2,6,2,8,16,17
25,15,25,20,16,7,11,19,4,11,10,18,16,7,20,8,2,11,13,3,1,8,0,6,7,4
26,12,17,13,28,13,13,5,11,23,11,24,17,12,5,17,25,3,6,12,8,0,4,3,1,4
18,17,15,15,14,15,9,8,25,9,25,33,4,10,32,11,5,28,25,3,12,2,1,8,9,8
26,0,13,6,30,19,0,8,25,10,18,8,8,10,13,6,5,0,1,0,3,7,0,7,2,0
22,0,9,6,29,4,7,6,2,25,1,12,17,10,11,0,3,2,0,5,6,0,3,1,0,6
9,4,16,6,14,5,18,10,17,18,9,27,6,5,11,7,23,7,3,2,10,5,6,15,2,2
3,24,15,4,9,12,16,31,21,15,0,9,17,14,4,11,10,29,33,38,27,15,23,29,21,17
18,22,7,0,9,9,4,2,13,9,24,10,12,11,31,15,24,18,41,32,39,24,39,44,45,42
38,9,4,5,8,15,3,12,15,26,39,24,35,37,31,42,36,54,48,41,46,37,48,50,55,53
27,25,7,25,0,6,13,33,30,29,39,41,48,57,67,68,76,67,61,58,65,67,66,60,60,54
0,19,28,17,22,22,35,38,47,43,58,62,72,73,69,80,92,86,67,62,74,85,75,68,63,57
39,31,39,41,40,49,40,47,45,57,59,60,65,74,80,97,93,88,70,68,66,74,64,60,57,57
48,54,45,51,49,55,48,52,61,56,70,74,75,68,67,71,63,66,67,64,66,66,56,53,52,59
57,51,55,54,55,53,59,52,62,58,66,59,63,69,66,62,64,62,58,58,56,63,55,56,58,49
51,51,56,49,56,51,64,55,60,68,63,68,62,64,64,61,61,61,58,58,55,56,53,58,52,48
49,45,40,47,45,48,57,54,55,65,57,65,60,61,64,65,64,63,61,57,57,54,53,52,48,56
57,55,48,59,48,55,45,43,42,45,53,57,57,57,64,70,67,65,62,55,51,48,52,47,56,64
70,74,75,70,56,62,54,51,51,45,52,47,55,52,59,66,64,62,59,53,55,56,64,55,69,66
86,78,71,69,66,63,70,67,68,69,66,58,60,55,55,60,61,59,58,57,67,76,81,68,82,86
104,92,77,93,84,74,72,76,74,89,92,85,76,71,66,68,71,69,68,72,74,80,85,90,94,106
71,80,77,92,88,86,72,94,86,98,105,86,93,88,81,82,88,84,81,87,87,78,85,118,100,94
