156,145,102,114,141,110,183,131,180,173,173,170,179,197,185,200,201,212,212,216,214,208,236,245,244,249
73,43,80,59,68,79,106,145,116,197,113,166,166,194,174,203,211,195,205,193,208,211,226,244,239,251
24,13,7,3,12,20,26,39,84,96,125,111,139,180,172,200,186,193,163,185,213,200,220,241,244,241
5,7,0,1,0,0,6,5,9,37,51,105,126,158,178,175,185,178,199,196,198,212,203,231,241,235
16,5,20,0,3,4,0,0,6,10,18,38,71,112,149,129,185,177,171,175,191,175,229,210,224,232
24,26,17,19,9,8,7,16,7,24,54,45,53,78,126,157,115,151,172,157,141,188,194,227,216,207
54,49,37,41,34,36,35,33,38,54,73,54,72,63,93,147,144,131,111,139,153,168,203,202,205,209
60,71,74,58,59,65,61,62,77,74,95,102,79,82,93,136,138,117,122,128,137,144,205,210,224,223
62,66,77,119,77,76,107,79,87,109,80,96,70,76,96,103,156,139,95,130,174,173,192,202,214,223
61,61,69,83,91,111,80,103,88,114,87,74,79,70,65,71,104,109,138,130,149,161,182,207,220,203
40,53,57,67,72,84,81,140,91,77,121,78,89,68,66,65,82,72,87,135,144,179,183,193,189,237
60,51,51,57,63,78,68,77,96,82,107,78,72,89,83,72,63,79,86,120,162,155,195,200,194,188
80,88,60,71,70,82,92,68,90,105,56,65,51,71,72,102,72,107,111,123,152,182,201,174,145,194
71,89,78,87,94,107,92,92,126,61,57,58,57,59,67,116,67,116,110,119,108,145,142,146,120,195
81,72,79,78,83,80,104,106,109,68,73,58,52,62,77,74,114,119,118,77,127,167,125,111,111,136
70,84,71,75,96,96,92,74,75,85,91,84,71,97,79,109,112,116,114,80,84,130,137,101,109,116
66,95,75,79,94,81,82,84,69,96,88,70,77,104,97,135,125,135,124,74,86,132,120,147,134,134
70,85,82,90,81,71,63,78,79,90,71,66,66,88,102,176,124,133,66,124,93,118,110,139,152,183
52,44,60,81,84,63,58,65,61,69,78,57,66,60,68,121,110,102,93,69,74,87,108,125,154,151
63,61,58,58,64,64,57,58,69,57,64,60,71,58,82,115,98,95,97,98,80,109,109,144,151,164
66,59,59,59,54,49,57,71,65,56,65,79,88,56,66,107,87,90,80,79,81,92,94,121,105,126
77,63,65,55,59,64,68,75,61,58,55,88,112,99,105,100,101,81,60,74,65,73,69,70,118,151
99,75,70,62,60,98,96,59,67,81,68,77,101,95,108,78,83,83,75,66,72,75,78,89,110,165
82,91,82,71,69,93,79,85,81,106,101,89,95,141,91,74,73,89,60,91,64,64,79,94,119,117
99,107,113,103,88,90,107,101,112,74,71,77,75,80,113,99,113,73,154,65,57,69,53,73,98,107
107,86,82,79,82,116,84,83,77,80,67,62,84,85,103,102,121,110,109,89,56,54,54,57,74,116
89,104,87,79,75,60,65,68,70,66,56,85,76,120,111,91,99,97,101,79,52,72,65,54,76,124
71,79,105,117,105,86,59,60,67,62,55,70,93,91,104,119,90,106,77,68,59,84,57,82,98,112
85,111,90,75,60,63,65,53,58,61,58,70,63,70,123,100,97,101,86,117,98,103,106,98,91,117
86,63,80,84,73,56,64,55,52,45,78,59,54,101,98,107,113,109,79,113,131,84,84,100,117,164
