212,190,192,187,178,194,179,170,130,74,68,48,55,127,130,127,128,128,128,128,128,128,128,128,128,128
157,170,195,154,200,214,189,188,179,188,117,91,69,130,127,128,128,128,128,128,128,128,128,128,128,128
175,154,141,154,185,193,203,190,180,185,162,129,126,132,120,134,128,128,128,128,128,128,128,128,128,128
167,200,195,179,153,124,169,144,162,135,155,153,128,129,126,129,128,128,128,128,128,128,128,128,128,128
205,190,182,176,194,178,163,133,139,163,139,133,126,125,134,124,128,128,128,128,128,128,128,128,128,128
177,174,175,153,190,206,173,170,147,136,161,123,127,132,129,127,128,128,128,128,128,128,128,128,128,128
144,162,176,141,185,170,140,150,151,149,132,130,133,118,127,130,128,128,128,128,128,128,128,128,128,128
157,128,154,167,167,187,166,167,151,157,126,128,131,127,131,127,128,128,128,128,128,128,128,128,128,128
198,167,179,186,182,206,188,170,164,191,130,127,128,127,128,128,128,128,128,128,128,128,128,128,128,128
178,188,207,202,217,207,153,168,181,128,128,125,125,130,126,129,128,128,128,128,128,128,128,128,128,128
170,201,215,217,207,186,200,172,169,122,134,127,131,125,127,129,128,128,128,128,128,128,128,128,128,128
180,192,203,207,210,212,174,185,129,133,127,126,132,124,129,131,128,128,128,128,128,128,128,128,128,128
215,227,227,224,220,211,220,208,126,123,126,129,127,131,125,128,128,128,128,128,128,128,128,128,128,128
207,207,223,228,215,218,211,133,133,128,132,129,128,130,128,126,128,128,128,128,128,128,128,128,128,128
191,219,218,231,224,225,130,123,120,134,127,124,128,126,132,130,128,128,128,128,128,128,128,128,128,128
195,196,231,213,215,216,128,130,129,129,126,132,127,128,125,128,128,128,128,128,128,128,128,128,128,128
205,207,209,195,221,129,131,126,128,128,128,128,128,128,128,128,128,128,128,128,128,128,128,128,128,128
207,225,212,212,220,130,129,128,128,128,128,128,128,128,128,128,128,128,128,128,128,128,128,128,128,128
214,209,216,222,122,131,130,126,128,128,128,128,128,128,128,128,128,128,128,128,128,128,128,128,128,128
216,229,218,223,132,127,124,132,128,128,128,128,128,128,128,128,128,128,128,128,128,128,128,128,128,128
224,186,220,130,121,133,129,127,128,128,128,128,128,128,128,128,128,128,128,128,128,128,128,128,128,128
200,212,128,131,128,123,129,127,128,128,128,128,128,128,128,128,128,128,128,128,128,128,128,128,128,128
196,199,129,126,133,130,126,127,128,128,128,128,128,128,128,128,128,128,128,128,128,128,128,128,128,128
186,133,125,126,127,127,128,130,128,128,128,128,128,128,128,128,128,128,128,128,128,128,128,128,128,128
128,128,128,128,128,128,128,128,128,128,128,128,128,128,128,128,128,128,128,128,128,128,128,128,128,128
128,128,128,128,128,128,128,128,128,128,128,128,128,128,128,128,128,128,128,128,128,128,128,128,128,128
128,128,128,128,128,128,128,128,128,128,128,128,128,128,128,128,128,128,128,128,128,128,128,128,128,128
128,128,128,128,128,128,128,128,128,128,128,128,128,128,128,128,128,128,128,128,128,128,128,128,128,128
128,128,128,128,128,128,128,128,128,128,128,128,128,128,128,128,128,128,128,128,128,128,128,128,128,128
128,128,128,128,128,128,128,128,128,128,128,128,128,128,128,128,128,128,128,128,128,128,128,128,128,128
