102,86,83,93,121,136,132,91,110,98,100,104,101,93,110,119,115,90,77,65,96,93,78,73,62,55
106,138,103,102,94,129,115,113,112,107,119,104,97,91,96,125,140,108,80,103,75,81,73,61,55,56
115,109,104,111,102,90,109,111,119,119,129,132,107,114,142,86,83,84,100,98,90,73,71,72,73,72
111,91,110,91,95,101,105,104,108,103,106,122,137,113,140,104,93,76,86,78,73,83,63,88,100,93
126,112,105,105,119,115,112,103,114,130,117,118,108,119,105,100,101,81,62,68,65,78,69,83,76,80
122,127,106,104,106,116,84,113,118,112,112,109,109,82,91,96,88,81,87,84,84,70,72,73,72,86
117,135,126,126,137,139,131,112,118,128,120,127,104,112,100,106,98,83,69,85,85,95,74,73,71,65
130,125,124,125,122,138,128,123,128,142,137,124,129,128,162,118,115,84,93,89,122,95,81,86,66,72
145,136,120,126,156,142,139,129,132,138,140,152,150,145,134,122,126,74,96,101,108,117,107,121,86,96
148,133,145,141,131,146,150,131,133,145,141,151,137,171,133,134,117,95,110,127,117,124,124,114,92,81
134,163,162,157,154,180,156,147,154,144,161,163,152,170,159,166,174,96,114,119,133,106,115,105,140,92
172,165,165,181,198,181,187,165,173,167,171,177,186,182,189,195,172,120,151,145,139,139,137,134,116,99
167,187,173,186,178,174,182,179,178,189,181,178,187,173,184,186,179,103,152,168,170,158,145,152,138,140
187,181,177,184,160,184,175,187,188,186,197,191,198,196,193,199,165,141,192,193,185,188,158,149,149,148
184,183,178,189,185,183,201,192,196,192,200,194,207,207,208,207,202,122,147,191,201,177,169,152,162,140
149,156,186,171,184,196,182,198,198,201,214,207,209,227,199,204,205,146,188,218,199,194,138,176,172,142
174,196,197,199,205,197,205,193,188,205,208,215,208,213,218,214,210,155,176,201,195,198,174,181,152,146
199,211,195,206,195,215,219,190,212,206,215,204,215,220,212,209,209,177,182,196,197,189,171,149,189,151
186,189,202,202,186,215,205,214,214,208,215,216,212,208,209,206,211,195,158,192,210,186,175,160,161,182
191,170,191,161,187,201,210,211,205,223,221,201,214,195,194,217,221,226,144,186,182,217,201,184,165,151
185,194,190,160,167,189,211,209,207,217,200,216,217,214,225,206,197,214,172,171,199,193,168,175,173,172
198,184,189,164,146,196,207,213,206,214,204,202,213,201,200,198,195,204,170,157,187,172,186,185,165,144
180,194,197,160,158,197,200,165,177,181,163,191,199,205,209,196,195,172,155,112,122,129,126,130,131,105
192,190,182,159,130,151,159,157,195,156,177,170,158,145,119,111,142,129,124,82,112,135,98,81,87,86
187,191,162,123,128,158,140,112,127,118,117,96,103,74,64,61,44,48,46,62,64,74,79,78,82,68
180,145,157,131,129,142,93,98,131,125,105,71,48,42,48,45,47,47,33,37,45,40,48,51,63,56
136,177,128,107,134,91,64,92,90,100,71,37,36,30,32,30,15,23,26,26,37,32,30,35,42,42
120,124,91,102,87,63,69,69,84,52,41,37,25,19,11,6,18,20,11,15,20,33,16,20,16,21
77,120,104,88,70,57,53,71,67,32,23,30,24,25,19,13,16,5,10,15,13,36,23,16,16,19
89,105,102,77,66,46,51,56,44,30,37,25,23,18,13,19,9,9,7,9,10,26,30,9,13,9
