151,143,152,144,156,132,141,138,146,149,145,146,124,130,160,129,171,187,208,211,229,217,218,214,218,228
143,148,135,165,130,170,126,152,139,153,131,127,156,146,137,148,173,186,198,218,217,204,200,192,185,191
127,125,150,156,172,175,158,144,145,160,153,137,141,145,157,139,159,167,211,229,232,217,202,202,198,191
126,148,145,163,166,171,182,143,181,148,171,166,155,151,147,158,152,184,197,223,236,238,232,233,222,204
135,138,162,158,175,172,174,171,169,191,181,173,174,177,168,167,157,171,188,210,230,234,234,237,238,230
140,153,164,158,172,166,169,172,187,166,189,182,149,175,169,167,175,166,194,194,217,227,241,240,243,243
164,156,158,138,158,166,150,160,176,188,175,173,178,172,178,166,169,162,172,195,202,211,232,233,242,244
159,157,141,141,133,148,162,154,167,165,188,177,157,166,146,152,154,167,170,173,200,209,199,233,233,238
147,162,136,153,150,167,133,132,139,164,152,136,165,144,139,167,145,156,152,178,181,189,215,207,229,229
174,151,150,140,132,134,121,133,154,150,146,169,142,138,159,145,157,149,141,176,184,187,186,207,207,224
123,134,130,137,142,133,150,136,160,153,152,140,142,161,152,165,168,176,167,155,180,169,194,194,208,218
147,129,139,139,126,128,138,138,150,163,162,166,131,147,166,145,176,157,157,176,153,175,173,189,193,191
130,136,129,139,126,142,133,129,148,168,170,160,133,142,135,145,163,156,185,172,183,178,164,187,195,194
124,148,130,138,133,133,123,155,153,154,156,134,147,136,158,159,148,167,157,183,158,166,168,186,198,197
144,159,144,138,134,143,150,157,169,173,154,150,130,129,149,147,135,147,151,165,188,181,177,195,194,198
154,154,138,173,133,125,132,144,170,171,165,151,167,164,159,137,140,171,140,162,176,174,182,148,194,197
159,165,185,141,122,117,145,154,137,158,150,158,162,164,171,158,160,130,167,160,158,189,162,182,174,183
178,151,131,133,129,154,163,131,161,167,167,149,172,163,161,171,147,170,160,148,186,156,164,177,176,188
166,153,154,139,144,144,147,178,150,188,153,171,161,165,152,157,159,137,146,179,177,165,150,157,175,179
161,153,129,137,132,152,182,186,192,177,185,169,173,155,153,169,162,171,196,175,183,170,157,184,193,185
163,134,153,122,141,140,166,198,196,204,187,154,168,156,192,177,161,191,163,195,176,163,180,158,190,196
179,175,140,137,127,159,163,194,194,205,194,177,176,196,167,182,163,183,196,164,180,181,175,191,182,200
172,166,160,133,130,153,171,191,184,189,198,189,195,183,194,167,189,180,151,172,157,166,187,149,203,187
173,159,150,149,157,144,165,182,198,197,205,204,194,189,191,179,188,181,184,156,172,191,177,194,184,197
173,176,168,164,124,152,167,187,199,196,197,203,198,192,190,191,191,182,180,161,195,187,191,192,207,200
175,168,173,146,177,151,166,186,187,208,195,197,192,194,191,204,195,194,187,197,198,213,200,212,208,202
183,183,156,164,152,167,184,185,198,203,211,197,183,199,192,202,187,195,210,206,209,205,208,207,214,217
168,149,151,167,172,156,182,191,182,187,188,186,186,199,194,185,186,195,197,202,195,192,205,211,199,206
143,127,133,153,135,165,161,164,159,165,164,161,163,167,158,159,162,171,152,176,167,167,150,172,175,160
137,143,137,147,142,178,184,165,167,162,164,161,157,162,134,168,138,148,140,144,160,140,150,146,163,171
