97,100,100,103,103,114,110,116,120,118,115,114,117,118,116,122,125,120,117,118,118,116,115,114,117,119
100,100,107,107,101,109,107,111,114,114,117,116,120,121,118,120,122,119,116,115,115,117,119,120,118,116
100,109,107,106,99,107,109,110,113,116,115,116,120,122,118,115,116,116,113,114,116,120,123,123,119,116
107,103,109,109,103,109,113,107,105,110,114,115,118,120,117,114,114,116,113,116,121,123,122,121,120,121
95,102,103,106,104,109,113,105,105,111,116,115,116,119,120,118,117,120,119,121,122,122,121,121,122,123
97,94,99,101,103,108,113,108,115,119,114,116,115,117,120,120,120,124,125,123,120,120,122,123,124,123
95,104,107,106,109,110,113,107,115,113,110,115,116,115,118,119,119,124,125,123,120,120,122,124,125,124
98,106,106,104,109,110,113,109,117,110,107,116,117,115,117,118,118,123,120,122,123,123,122,122,125,127
105,105,101,107,111,112,114,117,119,118,120,123,125,121,127,127,120,133,118,129,125,126,118,123,122,123
107,107,110,110,112,114,117,118,119,121,120,122,125,119,120,129,136,150,141,124,130,127,121,125,132,123
103,106,115,111,110,114,117,118,120,123,124,115,128,133,126,134,145,143,147,135,134,139,121,125,131,135
102,108,113,110,110,113,116,118,121,124,125,119,126,133,128,127,136,143,150,167,144,135,146,135,169,131
109,111,110,112,114,114,116,120,124,125,117,146,138,129,141,129,126,160,156,157,165,173,153,150,157,160
111,107,109,114,117,115,116,120,122,122,129,145,147,140,133,133,144,149,163,169,176,129,156,175,156,180
108,105,111,113,114,115,117,118,119,120,131,147,131,123,135,132,132,144,142,151,155,166,152,164,174,165
108,112,114,111,112,116,119,119,119,121,133,120,132,150,134,129,143,131,130,126,134,140,149,161,154,162
113,107,115,113,111,116,117,120,115,121,123,123,138,133,126,134,125,122,126,130,134,138,133,144,133,155
112,112,119,114,117,114,117,121,121,121,130,122,120,120,121,128,126,119,122,125,125,128,128,139,149,155
119,119,114,113,113,112,109,122,114,115,120,115,114,119,119,117,123,117,123,116,115,130,131,125,145,144
104,108,114,114,119,109,121,118,114,116,114,110,118,123,120,113,117,117,114,108,109,126,128,118,131,134
84,111,104,113,108,108,118,113,106,117,118,102,112,111,115,114,110,110,110,115,116,113,114,117,115,121
72,90,98,107,101,105,113,102,107,113,107,92,107,102,110,112,107,105,104,106,113,108,108,111,97,113
74,77,91,94,103,99,109,82,110,93,81,80,98,91,94,90,92,86,78,67,84,87,91,85,79,97
70,73,60,76,65,100,59,66,76,55,56,61,72,62,60,51,60,49,60,43,59,52,53,48,55,61
65,63,53,50,63,53,53,45,31,32,38,39,37,30,25,26,29,32,29,32,35,35,33,33,36,38
55,49,48,46,46,49,38,32,22,25,24,23,20,15,12,13,14,15,19,23,26,28,28,27,27,28
48,43,41,36,32,43,28,17,15,17,18,16,12,8,8,9,8,7,10,12,14,16,17,16,16,16
42,38,31,21,29,31,24,9,13,11,11,8,5,4,4,4,3,2,6,5,5,6,6,8,8,8
36,29,23,12,26,20,14,10,8,7,4,3,2,1,1,1,1,1,4,3,2,2,3,4,4,4
31,24,20,14,20,14,3,13,3,7,4,3,3,3,2,1,2,3,1,2,2,3,4,4,3,2
