129,132,124,111,117,104,111,125,115,124,116,146,141,144,127,128,123,127,114,116,97,124,121,116,124,108
127,127,115,102,120,118,127,118,117,117,126,121,118,144,151,154,158,156,154,165,162,158,151,155,151,150
128,126,117,110,116,122,116,116,123,125,147,147,158,158,170,173,166,183,169,187,183,190,166,177,183,177
129,128,110,101,103,111,118,129,164,166,166,168,166,181,179,181,194,186,196,201,192,207,190,197,194,187
128,126,103,107,121,140,158,175,163,173,175,184,186,211,206,204,216,208,206,204,203,201,198,194,204,189
130,127,102,115,130,145,162,175,199,194,205,218,222,210,204,214,216,202,203,210,205,209,229,213,217,214
126,127,116,136,150,163,184,196,202,208,216,201,212,216,220,219,210,215,218,212,215,215,202,212,213,215
130,128,131,152,167,178,199,204,214,210,217,229,236,224,211,218,220,227,227,228,215,216,216,219,200,215
128,124,149,172,192,202,222,219,234,230,221,221,225,228,218,225,222,233,206,206,207,201,212,214,216,214
128,131,177,200,214,220,240,237,232,235,229,219,226,232,226,228,210,204,204,208,213,212,203,186,178,147
131,129,191,213,236,230,245,234,216,231,228,230,228,226,228,209,210,221,210,202,188,167,136,131,100,84
129,125,202,222,236,229,239,244,244,216,228,223,223,221,195,212,215,210,183,159,134,116,111,83,18,44
127,126,221,225,232,243,230,233,232,225,213,219,223,214,207,194,171,153,134,127,120,82,65,47,27,24
130,132,209,237,241,226,232,230,231,217,222,220,205,199,175,135,144,131,120,86,84,88,88,86,65,73
125,130,227,226,225,234,232,232,208,225,234,208,193,156,110,138,150,98,77,83,118,163,153,99,95,86
130,125,223,234,236,225,225,225,193,216,207,181,145,120,131,139,116,74,71,142,192,199,185,128,102,109
129,125,236,229,234,231,219,206,218,214,183,153,142,151,153,124,86,90,117,186,229,214,203,146,112,116
126,132,228,232,234,210,225,208,198,179,154,156,156,152,148,120,108,98,131,170,205,219,232,166,117,109
129,127,227,221,213,220,212,202,190,164,160,161,154,146,150,119,111,122,130,139,160,191,209,196,140,114
125,133,212,223,213,216,210,192,182,164,161,173,156,154,158,152,172,152,139,136,135,135,163,183,160,113
131,125,221,203,216,206,201,189,183,172,174,179,162,160,160,165,161,188,162,150,143,159,146,147,144,138
128,126,226,218,230,222,197,188,178,176,187,182,182,184,181,180,179,166,166,165,169,155,160,152,139,135
126,131,217,220,239,219,206,188,187,191,192,195,189,199,183,185,181,181,177,167,174,165,172,173,155,169
129,127,224,208,226,201,203,198,203,196,210,192,209,186,191,187,186,184,184,200,174,183,184,177,177,183
127,129,231,225,219,213,195,206,196,204,197,211,201,207,200,205,193,196,188,178,183,182,185,179,180,167
129,127,220,221,232,214,214,207,200,208,203,201,200,196,195,183,185,190,186,186,192,187,185,182,185,169
128,126,220,216,212,204,216,194,206,214,207,198,205,199,207,208,195,186,189,189,181,185,175,186,175,179
129,127,214,211,218,207,212,202,213,211,199,205,211,201,210,195,200,182,194,191,188,188,188,186,180,182
127,132,200,216,216,220,208,216,217,214,203,213,208,194,211,196,200,195,204,196,194,183,175,176,183,187
126,128,214,216,229,214,206,203,206,212,208,214,205,192,205,200,204,187,194,205,192,200,195,182,186,193
