6,10,9,4,9,5,7,3,4,9,7,3,6,9,6,8,10,7,11,15,19,25,15,36,28,24
5,7,7,6,8,6,5,8,7,5,4,9,10,0,7,7,6,8,5,12,9,13,18,18,20,20
5,5,6,6,6,6,5,5,5,4,2,2,3,4,6,6,7,7,7,8,10,11,12,17,19,19
4,3,3,4,5,6,4,4,4,4,4,5,6,7,5,6,7,7,8,8,10,11,16,19,20,18
7,7,7,6,5,3,3,3,3,3,3,4,4,3,5,6,7,8,8,8,9,9,13,17,18,17
7,7,7,6,4,1,5,4,3,4,4,5,4,3,4,5,6,8,9,9,10,10,12,16,19,19
9,9,9,10,9,8,5,4,3,3,5,5,5,4,2,3,5,7,9,11,11,12,14,18,20,22
25,26,27,26,22,19,14,13,11,10,9,8,8,7,7,7,8,9,10,11,11,11,13,15,18,21
31,32,32,28,22,17,19,18,16,14,12,11,11,12,11,11,11,12,14,16,17,17,17,17,19,24
18,13,11,9,7,5,2,2,2,1,0,1,4,6,8,9,11,15,20,25,28,29,27,25,26,31
1,0,1,0,0,3,0,1,2,1,1,0,0,5,4,2,4,8,9,12,21,32,32,33,33,34
0,0,3,3,0,2,4,2,0,0,0,1,7,3,3,4,6,6,5,8,12,11,20,31,35,33
1,1,3,4,1,3,4,5,4,5,0,0,14,13,10,3,3,6,4,5,8,6,9,19,26,28
4,2,1,4,2,3,3,7,13,10,4,4,14,30,32,19,12,8,3,6,11,9,9,8,10,19
7,6,2,3,2,2,5,4,10,5,8,12,14,46,60,49,33,16,7,10,12,5,12,8,7,13
8,10,6,4,1,0,2,1,6,0,4,14,28,69,83,63,43,32,24,13,8,11,9,14,14,10
8,12,10,7,2,0,0,1,3,3,5,24,64,96,98,75,49,39,36,21,11,18,8,15,17,13
9,12,10,8,4,1,2,2,0,9,15,43,98,111,108,98,62,32,31,30,17,10,12,13,15,19
14,7,13,8,3,1,0,4,3,11,31,75,124,136,88,62,62,38,34,21,24,18,21,18,10,19
40,19,9,6,1,7,3,6,16,35,79,112,105,100,62,39,34,19,15,11,15,12,13,12,7,12
71,50,31,10,12,6,17,27,38,41,53,57,42,42,30,17,15,13,12,13,11,8,8,9,7,10
18,35,25,25,20,18,19,22,25,30,22,17,23,14,19,14,19,23,25,24,22,17,18,15,14,12
30,21,25,31,21,16,21,16,11,19,20,23,33,24,26,24,28,26,32,27,34,32,32,28,29,27
33,28,32,24,24,29,25,25,24,13,15,18,16,31,27,27,28,23,29,23,33,33,24,21,25,25
44,35,40,35,33,18,20,24,29,22,24,24,15,24,20,24,20,21,22,19,25,25,27,26,27,22
59,54,46,40,26,31,26,29,28,32,23,20,29,20,18,24,13,18,16,19,21,23,23,23,21,14
61,63,50,49,43,34,34,28,26,25,21,19,21,21,21,20,18,18,22,23,24,28,23,28,23,22
54,57,55,54,50,38,37,30,28,28,26,24,24,22,19,21,21,22,24,23,23,27,31,23,18,24
64,64,47,44,42,41,44,35,31,31,29,28,26,23,25,29,31,32,32,29,28,31,29,24,25,29
60,74,59,59,42,38,46,37,32,32,31,31,31,30,31,33,34,34,35,31,29,31,33,26,26,25
