205,216,220,230,214,225,222,233,238,241,253,252,238,240,248,243,244,243,239,249,248,236,238,239,240,127
219,206,227,228,226,223,247,239,248,239,242,250,249,248,247,241,248,253,246,238,237,244,246,237,240,127
229,220,219,227,242,238,239,236,244,241,246,252,250,247,247,247,248,243,245,249,251,247,240,241,241,128
231,226,232,250,236,245,254,253,240,248,253,251,249,250,251,250,249,245,249,242,238,240,241,251,241,128
236,238,240,240,242,247,250,252,249,250,251,252,252,251,250,250,248,250,248,247,244,236,241,248,248,124
237,239,242,245,248,251,249,246,250,251,252,253,253,252,251,251,248,248,245,246,246,244,236,235,247,128
242,243,244,245,247,249,250,249,252,253,253,254,254,253,252,252,252,253,251,249,244,250,239,243,233,128
242,244,245,245,244,246,250,254,253,254,254,255,254,254,253,253,249,249,249,247,239,249,237,248,244,128
240,242,245,247,250,251,252,253,254,254,255,255,255,254,253,253,250,245,245,249,243,249,231,242,233,127
246,242,241,246,253,255,255,254,254,254,254,255,255,254,254,254,255,250,249,251,242,239,228,240,245,127
249,245,243,247,253,255,255,255,254,254,254,255,255,255,254,254,252,253,251,248,238,229,227,237,243,130
242,245,250,254,255,253,252,254,254,254,254,255,255,255,255,255,251,254,252,251,249,238,233,230,129,126
244,239,239,246,252,253,252,253,254,254,255,255,255,254,255,255,253,248,254,245,242,234,233,231,128,128
242,241,244,251,254,253,252,251,253,254,254,255,255,255,255,254,254,248,253,244,241,235,234,232,128,128
250,251,251,251,251,251,252,253,252,252,253,254,255,255,254,253,255,249,252,246,244,242,241,240,128,128
254,254,252,250,249,250,252,253,253,251,251,252,254,255,254,252,253,249,252,249,247,249,248,247,128,128
248,249,250,251,253,254,253,250,254,252,251,251,253,255,255,254,250,248,251,250,247,251,249,247,128,128
251,250,250,252,255,255,253,251,254,253,252,252,254,255,255,255,251,250,252,251,246,251,247,245,128,128
250,247,247,250,253,253,252,253,252,252,253,253,253,253,253,253,253,253,254,252,244,250,246,246,128,128
236,236,241,250,255,253,251,251,249,250,252,253,253,252,251,250,253,253,253,251,242,249,246,247,128,128
228,246,240,254,250,254,253,248,254,255,255,246,255,246,252,251,253,253,254,251,252,251,247,128,128,128
234,219,254,248,252,252,244,252,250,246,249,255,250,248,252,250,251,250,254,255,251,253,247,125,128,128
246,223,239,248,243,239,241,246,249,253,255,251,255,248,246,250,255,247,251,251,250,250,238,133,128,128
243,233,221,247,240,235,241,234,239,255,244,244,244,254,238,248,249,249,255,252,251,247,238,128,128,128
238,234,237,239,243,249,240,238,238,230,243,234,244,245,252,246,248,251,249,249,247,236,236,131,128,128
240,242,237,224,213,239,230,243,233,225,226,229,226,236,232,239,218,241,235,242,225,229,244,123,128,128
228,236,218,213,188,215,223,234,237,233,231,215,218,227,228,236,232,230,243,231,236,225,121,128,128,128
212,213,226,221,210,221,233,230,220,216,214,200,177,217,226,223,223,226,229,224,206,220,131,127,128,128
192,176,204,189,216,211,212,224,229,203,182,178,199,201,193,220,220,223,234,231,224,217,132,124,128,128
67,103,120,143,158,204,173,205,206,203,205,191,173,191,194,168,199,221,209,227,210,207,127,131,128,128
