65,63,61,74,62,68,66,70,68,73,64,69,76,75,85,81,82,76,74,74,84,74,70,61,71,72
64,61,56,65,61,69,66,69,71,79,71,73,80,83,74,78,79,80,73,74,75,66,70,65,77,83
58,64,66,70,68,70,73,70,67,78,76,75,75,74,76,84,79,81,74,79,79,77,66,68,76,81
62,71,73,68,68,65,66,64,62,72,76,75,76,74,71,78,71,68,65,70,74,77,70,71,68,68
64,67,62,54,65,69,59,66,68,69,69,66,73,75,72,78,76,70,73,71,77,75,65,65,60,66
57,57,56,50,61,63,59,67,66,62,64,60,65,65,64,67,69,65,71,70,78,72,71,74,76,76
54,53,59,55,56,48,57,58,56,57,70,66,69,67,67,67,67,69,73,79,86,77,59,70,78,69
55,53,62,62,63,57,62,62,61,64,77,69,72,74,75,75,74,83,80,89,90,78,72,80,78,55
56,64,63,61,72,70,73,59,75,75,75,81,83,77,80,83,81,82,73,74,72,75,84,77,83,67
65,65,71,68,66,77,72,68,83,79,81,87,82,91,81,83,85,86,80,81,81,79,86,76,79,71
70,72,78,70,70,77,76,83,71,80,93,91,87,87,90,83,84,83,82,85,85,72,85,79,80,81
77,89,84,73,83,75,78,83,85,87,91,95,84,98,89,89,97,83,69,69,84,81,85,85,81,82
85,90,84,80,81,78,85,95,88,103,99,93,101,101,102,92,91,78,72,78,93,87,96,96,88,85
94,84,90,97,80,98,103,91,100,104,100,105,97,97,103,98,96,84,74,80,97,100,99,98,93,91
84,75,83,90,79,96,96,94,101,104,101,95,97,98,105,98,90,87,85,92,95,94,93,92,91,85
85,90,87,86,96,91,95,84,96,95,107,108,98,103,94,97,94,96,89,93,93,98,100,98,93,78
80,91,85,92,82,94,89,89,97,97,105,105,104,108,108,106,101,94,96,97,94,95,97,98,99,95
87,79,84,83,83,83,76,94,101,107,93,110,91,97,105,98,96,105,104,98,100,89,96,94,89,91
86,75,85,82,86,82,90,96,101,96,111,91,108,100,100,85,97,101,96,100,96,92,97,94,90,97
71,77,79,83,82,86,87,84,94,94,104,96,95,99,88,102,91,92,98,90,94,99,99,96,97,98
56,68,67,76,74,77,75,100,86,104,93,98,103,100,106,76,95,106,87,85,91,98,92,90,97,89
49,52,58,67,71,65,72,74,84,84,90,94,92,97,85,98,83,72,74,77,82,77,83,86,93,83
41,43,51,52,60,54,57,59,63,80,88,81,74,73,84,73,63,59,62,52,45,68,69,80,80,76
32,40,42,36,41,42,42,43,55,50,56,56,47,47,62,71,63,52,48,43,42,43,45,65,61,69
31,30,29,28,28,29,31,29,29,33,38,41,40,39,44,41,40,42,42,38,34,31,36,47,51,67
21,21,21,21,20,19,19,18,16,16,19,22,25,26,31,31,32,34,33,30,28,27,25,35,43,56
11,11,12,12,11,9,9,8,6,5,5,8,11,13,16,18,21,23,22,21,21,23,22,28,35,42
6,6,6,6,5,4,4,4,4,4,4,5,5,6,7,10,14,16,16,16,18,20,21,23,31,32
6,5,4,3,3,3,3,2,3,4,5,5,4,2,5,7,9,11,13,15,17,17,13,17,28,29
6,5,3,1,2,2,2,1,0,1,3,4,4,3,4,5,6,8,11,14,15,14,14,16,25,26
