61,49,66,53,53,50,52,52,53,59,58,60,58,58,62,68,60,70,61,68,66,75,61,71,71,78
52,58,53,55,56,58,64,64,61,58,61,68,65,61,76,76,77,73,76,70,74,70,69,58,60,57
50,60,58,66,68,69,70,67,68,67,65,66,60,66,67,70,66,68,70,71,69,73,63,70,72,66
58,70,80,66,74,70,58,55,54,49,57,67,63,68,74,74,86,82,95,98,99,122,119,118,124,116
63,73,67,43,52,48,51,62,74,85,86,88,99,93,97,98,100,102,93,93,115,117,121,132,117,135
58,54,50,51,69,74,92,90,85,94,97,101,94,101,101,89,102,95,99,95,100,107,103,103,111,121
52,48,73,84,89,90,101,95,94,97,95,88,91,92,91,101,97,97,114,93,94,110,95,89,113,110
48,85,76,85,89,94,91,94,99,91,88,99,92,102,96,101,108,94,95,95,101,93,91,90,96,103
79,83,83,88,90,92,86,96,93,92,87,90,99,99,89,95,104,107,100,116,99,89,95,86,95,94
76,85,77,87,87,89,94,108,90,104,100,94,100,104,97,94,130,152,150,102,100,96,91,91,90,86
83,81,70,79,86,97,101,93,93,103,102,100,100,104,107,103,251,245,217,126,103,111,85,92,88,88
94,77,85,74,74,76,104,105,125,125,105,114,108,121,133,127,140,155,106,109,118,125,97,102,93,83
100,98,65,43,43,57,93,105,123,119,128,127,126,124,137,106,104,113,119,142,146,174,128,99,86,84
114,108,50,25,46,49,65,121,112,116,140,151,119,123,123,107,121,164,166,201,249,249,126,126,84,90
118,90,41,37,43,43,71,124,125,130,160,185,163,128,117,157,186,242,245,248,255,254,246,186,109,89
125,65,31,8,26,53,103,244,166,153,203,215,207,143,159,184,231,255,254,255,255,255,244,214,138,107
80,38,34,12,27,49,139,168,102,140,141,236,222,166,173,200,243,250,244,255,249,251,244,212,180,128
51,44,56,29,21,44,48,59,63,57,75,122,112,156,169,200,237,248,252,245,255,250,231,204,192,144
23,9,12,9,19,9,21,23,32,33,50,59,74,112,187,185,224,247,248,248,250,243,224,167,185,141
2,7,7,13,13,13,16,20,28,30,40,44,66,118,162,163,217,241,234,234,246,236,221,163,174,147
18,7,16,16,8,33,32,23,21,28,28,42,142,169,165,158,215,226,229,233,231,238,210,195,172,161
19,4,12,31,33,43,39,41,30,26,48,99,164,158,163,156,182,236,171,182,228,219,197,172,163,167
20,14,16,28,47,46,38,35,34,59,99,92,119,114,127,88,128,115,65,79,154,169,162,151,146,157
67,20,14,29,46,19,19,37,51,79,125,101,87,93,93,73,78,47,48,64,126,118,120,124,132,139
69,43,21,16,19,10,18,26,46,89,90,85,86,82,87,72,61,51,56,64,70,76,90,130,118,124
80,44,12,11,9,10,14,16,37,79,89,84,71,94,59,43,43,40,49,46,62,68,119,122,124,141
62,33,25,12,19,9,8,11,37,82,98,83,113,96,67,55,40,38,40,67,70,88,109,128,120,131
30,18,11,24,13,11,42,51,60,65,76,73,91,83,68,58,47,29,32,32,47,78,82,102,118,133
19,17,32,26,42,42,57,63,41,33,28,41,49,49,47,40,37,10,18,19,49,86,76,82,95,103
39,19,32,21,24,34,26,14,17,13,25,45,51,47,43,33,33,11,19,41,65,83,77,77,76,82
