51,58,68,74,81,89,97,95,86,78,70,76,66,75,107,81,111,100,108,89,86,85,76,60,63,51
53,53,67,81,81,97,83,92,73,79,84,87,85,75,80,86,112,101,92,103,98,72,62,72,59,52
50,58,67,76,89,80,92,72,92,88,90,85,79,94,109,90,84,95,110,93,86,85,73,64,61,49
56,61,71,82,74,90,93,87,96,96,77,112,96,100,97,99,104,101,96,108,82,84,66,66,61,50
69,70,77,86,98,96,114,114,115,107,99,98,99,99,109,109,128,113,145,127,110,94,73,71,50,52
70,76,85,94,102,113,94,115,116,89,102,105,113,106,107,131,132,138,130,117,123,106,85,75,65,62
69,79,88,93,97,94,119,99,123,120,125,125,125,122,132,163,140,149,150,123,157,113,110,95,72,62
66,70,72,73,79,113,103,116,125,138,132,122,128,145,145,146,140,161,139,145,130,109,105,84,89,78
65,72,85,97,112,108,112,139,119,116,128,132,147,110,153,129,160,184,156,166,159,137,111,86,83,78
63,64,76,92,117,123,114,128,123,137,117,127,135,152,157,163,162,182,175,151,155,150,118,113,103,67
58,66,79,88,102,129,132,137,135,154,148,145,139,148,177,165,181,194,180,183,178,148,137,115,82,63
62,63,72,84,103,110,129,126,143,146,150,158,169,179,195,178,212,209,207,201,189,176,162,116,101,65
48,59,70,76,104,105,120,124,123,127,135,173,173,189,192,212,216,227,219,201,202,170,136,115,81,63
37,53,64,66,85,96,116,119,137,145,152,161,151,193,200,216,217,215,210,215,196,181,140,112,86,53
42,46,51,58,82,97,99,138,145,159,163,183,206,206,206,213,209,220,225,216,202,193,128,107,73,69
42,45,49,53,69,84,109,145,164,141,160,179,171,190,204,213,219,219,208,212,203,177,139,91,60,41
35,42,49,52,61,89,96,123,135,156,164,170,188,185,203,205,217,209,215,200,205,186,134,91,68,51
38,35,41,53,66,87,95,126,129,153,153,175,175,188,185,211,208,219,213,210,196,175,136,85,49,53
36,41,46,52,60,77,95,124,102,131,172,160,178,192,203,210,210,212,216,209,198,171,145,73,65,63
29,40,49,55,68,79,93,106,129,147,177,172,177,192,207,221,227,227,222,207,202,164,122,90,77,52
39,41,48,59,60,91,106,140,120,147,152,165,188,204,217,226,230,230,230,221,197,179,125,95,72,56
39,41,51,66,70,83,132,134,147,150,166,180,190,209,221,228,230,229,228,222,212,187,138,106,77,58
35,43,53,63,73,92,133,137,165,180,169,205,195,210,218,227,237,239,235,226,211,192,171,118,86,75
41,44,55,70,82,118,126,150,172,152,186,186,189,207,216,226,239,243,242,238,236,192,175,129,106,84
44,47,63,85,115,110,138,143,154,164,174,180,178,202,216,227,238,239,237,235,227,222,210,146,94,64
51,60,68,75,107,119,136,149,153,164,160,175,198,213,215,221,235,241,241,240,235,229,205,170,124,79
68,59,76,76,110,131,128,161,170,156,183,188,194,211,214,234,238,241,247,243,238,229,220,198,170,119
70,84,79,101,123,123,146,145,174,171,163,192,189,206,224,235,238,238,245,248,240,238,223,212,186,164
74,77,84,95,120,136,142,132,164,160,173,177,199,201,218,225,243,248,246,242,252,239,224,229,205,187
79,93,102,116,114,135,135,151,148,176,183,186,195,205,221,227,237,240,247,249,247,243,236,227,206,197
