189,200,198,202,201,191,200,202,198,170,181,173,163,145,144,159,152,157,134,136,117,158,156,145,134,133
200,199,196,208,205,205,212,195,197,156,169,164,148,151,157,162,134,147,159,109,130,136,152,107,112,87
203,191,194,192,203,207,206,195,195,184,169,159,129,154,137,152,132,136,87,103,126,128,102,100,105,99
193,202,199,199,206,203,215,199,199,175,160,155,126,145,130,151,137,120,90,112,128,95,73,68,89,90
190,195,191,216,196,204,206,209,180,187,178,113,123,101,149,121,109,81,84,78,72,67,62,70,75,72
201,186,196,195,204,201,202,185,189,174,154,128,117,134,104,83,58,58,48,53,57,47,59,49,47,35
191,197,195,189,199,198,194,195,166,154,146,116,117,133,75,61,42,39,30,31,38,46,50,59,62,65
198,187,199,209,200,193,189,184,181,146,153,113,123,128,101,60,58,45,37,46,61,83,88,128,78,123
188,185,183,199,203,203,210,198,186,157,135,147,121,131,117,107,86,66,69,65,86,101,105,130,127,156
179,193,189,200,209,206,194,184,183,147,120,139,120,130,114,121,123,137,126,113,87,122,124,126,129,135
176,183,189,196,202,197,200,199,196,172,128,96,128,155,147,121,127,114,146,139,139,120,118,125,128,139
186,188,184,191,207,204,195,186,178,159,132,155,146,149,159,152,137,159,164,146,157,148,152,121,151,131
185,188,185,191,201,195,185,185,161,180,165,138,156,144,158,158,158,162,172,165,162,144,169,163,131,147
191,185,193,196,190,201,193,195,183,166,155,160,171,158,183,161,148,163,169,152,176,129,152,147,150,160
175,182,182,201,182,192,193,179,180,183,155,168,172,173,166,171,186,172,172,161,159,167,131,131,134,147
168,165,187,179,187,181,185,180,181,176,163,175,160,165,184,176,176,181,157,167,160,166,134,145,147,137
155,170,193,186,189,206,195,182,186,184,171,172,164,192,192,189,179,168,171,169,150,155,139,143,147,139
129,161,178,191,174,191,188,190,207,203,182,180,177,178,180,177,172,176,165,183,163,154,137,148,137,145
150,150,169,168,185,182,197,180,171,180,178,165,176,179,192,183,178,167,155,164,159,160,146,145,148,151
147,156,141,158,172,195,184,195,174,171,192,183,186,173,169,170,186,169,179,154,149,158,154,163,153,148
142,139,161,153,167,181,180,191,179,175,194,172,171,166,184,171,177,173,160,163,160,157,162,149,154,153
126,149,157,156,162,166,174,183,184,173,184,178,184,171,175,171,174,160,181,187,176,162,155,162,154,156
123,126,145,139,157,162,168,175,185,172,181,163,177,177,171,173,172,180,177,190,159,163,162,166,156,165
123,122,127,133,140,157,163,170,170,178,161,175,171,181,183,182,160,178,175,174,154,159,157,163,159,159
100,122,126,109,144,150,160,170,149,161,169,180,176,179,178,172,177,169,168,176,155,169,166,158,156,163
106,114,132,109,130,146,163,161,179,177,171,181,174,175,172,172,183,172,170,161,164,162,163,169,168,162
96,88,126,112,126,140,136,158,141,152,150,171,173,191,185,169,179,185,177,168,172,171,173,186,185,175
80,90,77,123,87,115,143,142,151,159,152,184,169,175,185,169,183,188,172,188,178,192,192,190,185,185
53,59,60,67,76,74,112,133,149,148,161,170,176,185,175,185,177,181,174,175,174,181,186,188,185,174
50,57,47,54,54,64,82,97,132,134,150,165,168,174,181,178,181,173,192,177,157,175,179,182,189,180
