63,65,66,68,74,86,67,77,67,52,56,61,91,86,132,126,151,150,128,167,195,170,204,204,210,214
66,58,82,59,71,67,66,64,61,57,49,70,75,103,100,152,157,158,151,134,166,174,195,185,195,196
68,58,64,58,56,53,51,46,49,54,56,62,61,96,103,139,163,151,149,160,168,156,171,192,161,192
100,82,95,67,57,53,53,54,54,55,63,83,118,130,159,122,161,147,169,131,177,166,162,146,177,176
125,123,100,93,73,66,75,61,80,82,97,134,155,168,183,153,178,160,171,156,181,149,161,152,113,168
102,106,95,118,111,113,109,90,106,170,151,201,184,179,190,172,190,182,181,160,155,173,148,128,135,177
74,76,90,80,85,128,121,117,163,158,118,127,136,124,160,196,214,203,214,180,179,190,180,143,135,168
70,80,88,76,85,95,107,106,111,105,102,91,105,124,105,128,168,218,190,209,209,159,168,160,150,160
74,74,74,80,73,92,97,84,94,98,115,107,112,120,113,103,112,134,197,236,206,174,174,150,132,163
80,65,76,75,79,84,91,100,92,78,99,104,124,121,134,107,102,119,153,173,201,213,147,127,96,108
91,78,83,93,96,96,81,85,81,87,103,105,113,108,113,122,112,109,109,135,181,162,116,128,95,91
65,76,87,81,110,105,95,111,93,74,73,91,110,115,108,111,103,95,103,77,121,130,110,109,88,98
42,52,58,58,86,85,102,106,61,54,73,79,75,90,99,112,111,102,85,85,81,75,103,107,97,64
48,40,47,37,37,31,32,38,40,36,32,39,39,53,43,53,60,50,71,61,51,56,68,67,57,50
66,67,77,65,56,57,52,59,61,56,59,46,44,62,48,57,41,41,51,46,38,39,39,40,38,38
117,102,108,123,94,100,81,87,84,94,91,88,78,92,113,84,103,60,106,131,65,68,60,39,35,22
151,168,154,181,122,96,119,123,128,137,125,132,142,120,125,149,160,132,142,132,133,101,111,68,36,34
157,147,151,118,120,117,125,135,149,140,166,187,190,185,186,182,181,180,166,170,159,121,112,76,66,70
133,138,141,116,107,115,125,151,151,166,177,178,209,200,169,183,184,168,173,163,144,127,115,114,118,130
97,112,122,112,121,105,120,129,139,170,163,180,209,192,152,189,161,142,160,149,162,148,175,180,166,169
83,98,102,79,103,112,100,111,127,126,144,180,182,174,171,144,136,139,153,179,205,189,193,174,187,187
100,95,82,88,92,73,75,113,77,108,140,132,122,119,131,148,145,129,173,186,203,203,193,186,190,174
108,111,110,106,110,119,112,106,109,120,122,101,117,141,119,159,156,156,190,193,201,186,176,174,186,180
65,95,96,73,94,90,109,111,106,111,107,124,118,131,120,130,127,162,165,178,185,176,196,187,204,192
57,62,61,68,67,73,74,68,66,90,97,98,98,114,110,120,119,118,150,180,169,188,173,194,192,189
57,48,54,62,54,59,57,60,53,64,73,79,94,104,95,120,126,139,134,153,166,158,182,198,177,198
60,65,58,53,67,55,66,67,60,67,61,80,82,90,100,98,115,116,134,160,173,182,200,186,188,202
82,71,59,68,72,73,75,67,64,70,74,72,76,98,116,132,134,139,140,159,179,176,189,197,211,205
95,72,76,86,75,90,89,91,85,66,91,87,91,108,149,125,136,154,150,157,176,188,200,209,191,193
102,93,81,96,99,97,96,88,94,90,111,109,100,117,126,131,140,146,173,178,185,183,180,187,171,190
