209,209,221,224,216,227,229,229,225,230,222,231,226,211,226,235,219,230,232,228,232,235,231,228,232,128
219,215,231,233,226,230,232,218,239,223,225,235,231,227,230,235,237,225,244,223,237,239,235,230,234,128
220,219,232,224,232,231,245,229,230,247,244,235,228,223,229,235,233,237,233,221,252,229,230,232,230,128
209,227,234,236,231,232,242,241,236,249,242,238,235,230,234,237,235,245,237,244,225,236,230,234,224,127
218,215,227,228,241,242,239,242,240,243,246,244,246,237,240,236,237,243,244,238,231,237,233,247,237,124
219,218,238,239,235,241,250,239,248,249,243,244,243,244,247,247,237,242,237,239,236,238,236,237,229,130
225,238,237,231,238,239,245,249,246,248,241,249,247,251,249,247,247,251,244,250,246,244,247,239,224,125
233,233,236,244,241,236,244,238,243,246,243,251,252,252,249,244,244,246,245,247,239,237,242,237,238,131
234,234,235,245,239,236,243,238,248,248,247,247,251,248,252,249,250,247,255,251,244,243,242,242,224,130
230,244,238,233,234,239,243,250,249,249,250,247,252,246,253,250,251,244,253,248,248,246,237,235,232,125
232,232,243,246,232,244,249,243,246,249,249,251,253,249,252,249,252,249,251,248,254,246,239,235,227,134
238,236,238,241,240,247,239,248,248,251,246,253,251,254,253,252,253,255,250,249,255,242,243,239,127,129
239,244,244,240,242,244,245,246,247,249,250,250,251,253,253,252,247,254,252,245,250,247,246,234,128,128
233,241,246,246,248,248,245,244,250,251,252,252,253,254,254,253,250,253,250,245,249,242,243,238,128,128
239,245,246,244,245,247,248,250,252,253,254,253,253,254,254,252,251,251,249,248,253,244,250,252,128,128
237,244,249,250,252,251,249,250,252,252,253,253,253,253,253,252,255,253,250,248,250,240,243,245,128,128
239,245,249,251,253,254,253,254,251,252,252,253,254,254,253,253,254,255,251,248,251,241,241,238,128,128
249,250,248,248,250,252,253,255,252,252,253,254,255,254,254,255,251,254,252,249,253,246,247,241,128,128
246,249,250,253,255,254,249,247,253,252,253,255,255,254,254,255,253,255,252,248,249,240,241,238,128,128
246,246,246,248,254,255,253,253,253,252,253,255,255,253,253,254,253,255,253,250,251,241,246,248,128,128
241,247,248,246,253,255,248,253,253,251,251,253,254,253,253,255,255,253,244,255,245,248,249,130,128,128
243,242,243,243,251,254,250,254,251,252,253,254,253,254,255,255,255,251,255,248,253,247,236,125,128,128
249,242,241,241,246,251,250,252,247,251,253,252,250,252,253,254,250,255,246,246,240,244,255,129,128,128
253,245,243,239,241,249,251,251,252,253,254,254,253,252,253,255,255,247,249,251,239,240,242,123,128,128
249,246,245,237,237,249,253,252,254,251,251,253,253,249,248,251,252,255,255,237,253,244,244,130,128,128
248,249,248,238,237,246,249,251,252,249,248,251,251,247,246,247,252,248,251,247,237,241,236,130,128,128
252,252,249,241,241,244,242,250,250,252,253,252,251,252,252,250,253,251,246,246,243,237,131,129,128,128
252,251,247,244,247,245,241,253,242,250,252,247,245,250,252,247,249,251,251,243,236,238,125,129,128,128
250,249,250,250,248,250,250,246,244,250,242,244,248,244,245,245,250,247,245,237,238,238,129,128,128,128
249,251,252,250,247,249,245,235,234,239,236,241,245,245,249,249,245,245,238,236,238,234,131,125,128,128
