130,129,119,129,129,126,106,36,28,4,21,66,77,92,88,87,97,94,84,87,89,60,91,96,92,99
127,131,131,127,134,124,131,105,31,27,2,16,53,85,96,91,82,113,93,99,87,69,80,87,93,81
126,131,128,137,131,153,120,143,86,31,25,12,7,61,91,97,93,105,109,84,108,66,64,95,81,80
129,124,141,136,126,156,139,131,139,111,34,28,18,1,33,83,100,110,99,106,96,92,67,70,67,63
128,126,126,127,123,182,121,138,128,127,105,40,29,33,9,6,45,104,106,111,113,107,58,84,103,45
129,132,128,124,144,143,141,123,136,144,111,125,58,36,30,23,11,5,44,105,101,113,96,82,41,38
128,121,115,132,136,150,162,143,146,143,127,137,119,112,51,32,27,18,15,12,9,58,68,42,42,81
130,127,129,125,146,148,160,157,148,123,134,141,143,141,129,135,49,37,35,33,21,22,18,6,12,28
128,128,129,130,141,131,177,157,149,127,150,156,140,141,129,126,128,115,74,40,40,31,28,35,30,25
124,131,122,152,139,143,155,129,153,137,151,171,157,128,139,136,144,130,119,109,94,65,46,27,37,23
127,133,114,122,145,160,139,161,147,125,173,151,151,158,164,146,121,126,129,128,120,101,93,80,87,69
130,123,131,148,145,159,140,154,139,155,173,143,160,150,146,161,154,132,144,149,110,100,118,94,85,80
128,128,126,140,141,158,141,139,137,154,148,147,150,174,155,161,141,145,126,147,124,130,116,96,98,83
125,127,132,124,122,128,141,149,152,138,146,138,150,174,165,151,168,150,152,158,143,130,133,111,113,117
134,124,126,106,138,152,145,157,146,163,138,156,162,164,167,162,167,168,175,174,155,134,133,108,107,128
122,131,127,110,118,143,163,131,147,138,136,159,170,158,180,164,175,156,165,138,144,145,119,125,119,128
128,125,129,112,119,125,148,158,145,143,134,153,156,138,180,167,175,163,167,160,179,137,137,134,116,126
131,129,129,106,120,135,190,161,146,138,146,153,167,177,146,138,179,165,164,168,163,140,149,144,145,136
128,125,132,92,115,131,157,167,157,138,155,151,154,154,161,146,173,172,143,166,152,156,162,144,142,144
128,127,130,93,103,122,141,169,170,165,157,162,155,146,147,156,163,164,161,163,146,144,131,144,147,162
128,126,129,129,121,115,128,172,170,171,144,152,138,143,153,158,157,142,161,165,131,149,154,150,148,164
129,129,127,129,111,131,145,143,154,178,144,151,155,144,151,142,166,151,148,141,157,156,143,150,163,168
128,130,128,126,120,126,143,131,170,151,163,158,156,146,156,127,159,168,165,152,137,155,156,150,163,149
126,134,121,135,97,116,125,141,160,157,142,160,170,151,156,150,160,176,150,154,152,163,163,156,146,162
130,125,132,125,80,105,131,139,140,162,119,165,157,162,131,156,143,174,154,139,133,140,181,163,180,161
127,130,126,131,91,125,123,134,152,145,165,160,169,152,152,143,157,176,154,166,162,144,165,160,163,166
126,130,128,126,130,128,124,130,132,162,153,156,160,149,154,150,167,170,154,160,133,148,165,149,170,163
127,129,128,127,129,126,135,126,140,176,160,149,156,159,146,173,143,164,164,150,155,158,155,158,177,173
131,127,128,129,124,130,130,138,142,171,130,146,168,180,180,149,141,163,161,134,165,149,145,184,194,157
125,125,127,128,132,101,143,117,130,154,147,148,140,178,160,159,164,176,145,155,174,147,163,149,160,167
