21,20,19,22,28,34,40,47,42,34,37,33,25,27,23,21,17,18,24,27,27,27,38,38,36,44
45,49,47,43,41,40,43,51,42,33,39,35,24,27,26,23,15,14,22,25,24,26,23,43,46,41
75,60,52,52,52,48,48,44,51,51,44,43,30,38,32,28,25,23,21,18,17,18,25,38,36,33
82,64,69,71,63,61,66,51,59,50,58,51,45,45,50,42,32,24,18,17,20,24,25,29,32,36
81,89,82,61,84,79,80,68,60,63,58,65,49,52,43,38,30,24,20,20,23,27,25,22,26,30
80,70,88,69,58,71,41,31,30,24,26,22,17,18,15,14,14,13,12,13,16,19,22,21,21,21
68,31,25,25,27,24,25,19,20,16,18,15,17,19,13,12,9,7,6,8,11,14,14,21,19,22
21,26,19,14,24,28,26,24,15,21,16,24,21,26,20,19,16,13,11,12,12,12,9,17,15,26
16,27,11,16,4,7,10,5,7,0,8,1,10,8,10,11,12,13,14,15,13,10,10,15,12,23
12,1,4,5,1,0,0,1,0,4,0,0,2,5,4,5,7,9,14,19,19,17,15,18,12,20
2,2,0,2,5,0,0,6,0,0,3,5,9,6,11,7,5,3,3,12,22,16,20,20,12,16
1,6,2,0,5,3,6,1,2,13,9,0,4,9,39,44,22,14,11,1,3,18,17,19,15,15
14,0,5,8,1,5,6,0,12,35,25,5,5,8,56,134,85,48,18,12,8,10,13,17,20,17
32,13,0,4,0,3,5,0,5,17,13,2,3,10,80,178,98,73,33,25,14,0,7,13,23,19
86,14,7,3,9,8,0,1,0,0,0,0,1,21,106,160,87,67,32,18,9,4,3,9,19,17
172,44,3,6,3,3,0,2,1,0,5,1,8,40,80,91,64,29,15,9,7,9,4,8,14,15
195,149,18,11,6,8,1,0,0,0,1,3,11,40,30,11,11,1,12,9,6,9,13,16,15,18
111,167,47,11,1,6,2,0,3,2,3,7,5,12,10,8,9,12,12,11,17,14,23,25,19,24
24,34,47,28,12,7,8,3,8,1,11,6,14,13,17,5,15,13,17,18,31,21,28,19,25,29
14,20,21,14,14,8,11,12,7,20,15,20,12,14,19,26,12,15,23,21,16,23,24,30,33,32
25,23,29,19,14,18,23,22,19,24,18,16,12,16,16,19,12,23,24,27,25,25,31,19,34,36
34,25,32,26,23,35,23,20,22,20,24,20,23,23,24,21,19,16,27,28,28,34,39,43,49,55
46,41,32,31,34,33,27,27,23,28,28,33,27,22,33,14,32,28,25,34,39,34,48,63,51,69
36,38,32,32,30,29,38,37,39,32,32,28,30,28,39,38,33,18,29,42,41,60,53,57,46,67
32,39,44,51,51,57,44,38,43,36,41,31,41,45,42,42,50,45,46,51,64,58,76,61,74,87
46,62,53,60,61,51,55,44,33,51,50,52,40,43,55,47,53,41,50,55,105,90,102,94,89,108
59,66,71,62,58,60,52,45,42,58,45,57,47,54,52,60,68,59,61,65,89,108,93,90,125,117
73,87,107,52,64,64,78,70,52,81,68,53,70,39,57,53,72,94,101,111,83,97,104,104,105,104
77,92,116,97,81,83,73,56,78,68,56,64,59,48,50,83,78,84,83,130,138,121,99,91,107,118
103,104,97,101,84,82,110,74,75,57,78,49,67,71,77,85,100,118,125,143,120,117,102,107,94,126
