239,194,229,160,242,237,237,224,227,162,214,208,190,224,122,230,191,226,210,131,128,127,129,127,128,128
240,211,197,238,195,245,238,210,238,192,200,228,214,198,215,215,190,173,186,179,127,131,124,128,128,128
229,236,204,175,218,221,248,249,233,225,240,133,243,180,238,210,220,202,203,235,130,124,127,130,128,128
244,225,248,186,246,250,249,243,238,194,235,175,222,231,251,219,226,233,234,191,123,129,134,127,128,128
219,214,197,155,165,197,211,230,241,220,220,203,185,211,242,234,233,231,197,234,129,130,125,123,128,128
223,227,148,220,224,236,223,226,206,189,164,176,205,179,205,212,180,241,220,249,238,124,130,132,128,128
240,190,202,145,216,235,224,220,222,128,231,197,199,215,228,208,233,214,205,197,238,128,128,127,128,128
221,208,150,215,169,203,211,192,204,166,205,221,226,213,227,224,209,191,190,223,139,129,128,127,128,128
232,196,167,155,232,198,175,214,153,214,216,143,216,203,222,215,215,200,196,172,195,126,134,127,128,128
222,203,156,191,240,224,165,194,230,225,207,191,154,212,143,215,177,193,217,201,230,206,121,129,128,128
186,117,189,214,160,153,129,206,205,116,190,202,191,235,220,227,216,208,213,201,206,189,133,128,128,128
143,207,216,164,179,207,197,165,128,217,185,162,179,208,206,205,182,231,205,204,204,142,126,126,128,128
181,178,118,196,183,123,188,186,152,197,139,207,192,137,183,203,185,180,208,219,212,221,128,129,128,128
120,154,193,140,96,197,200,151,186,204,174,163,199,186,145,218,208,212,135,192,215,183,134,126,128,128
147,214,176,124,196,176,108,184,180,130,191,203,125,154,199,160,188,201,217,164,153,193,121,130,128,128
189,140,192,181,124,146,201,141,129,169,170,151,203,174,140,193,179,142,189,224,169,190,178,130,128,128
146,148,216,156,169,216,147,110,183,139,128,184,161,153,175,205,158,113,198,161,129,204,178,127,128,128
155,200,123,211,192,119,203,167,104,201,148,142,207,141,175,172,131,178,117,172,194,111,185,128,128,128
178,211,116,238,146,196,181,175,193,142,194,175,130,205,165,154,136,164,182,117,191,183,190,130,128,128
238,163,206,137,213,181,118,230,126,179,186,131,215,120,176,132,153,134,192,189,138,177,161,122,128,128
160,155,200,110,215,136,205,145,235,175,160,188,195,208,107,208,135,176,165,190,159,173,121,126,128,128
127,183,194,200,118,223,139,209,135,187,182,141,215,189,171,142,195,182,185,118,183,196,201,200,128,128
211,117,214,133,194,128,227,155,181,130,220,182,173,191,217,207,181,155,219,176,194,207,203,207,128,128
173,206,110,220,146,210,134,218,162,210,157,195,198,216,222,230,223,219,197,239,204,235,170,245,128,128
170,197,202,201,213,207,223,236,240,212,209,201,243,196,240,187,251,198,227,237,246,224,218,246,124,132
225,239,220,244,254,205,247,174,247,245,240,186,247,192,245,171,250,183,254,218,253,158,250,199,128,133
253,201,243,200,231,192,244,221,246,239,235,168,244,190,245,203,239,188,216,172,210,135,90,54,129,120
247,195,232,158,242,187,205,200,195,201,133,118,82,115,85,104,83,83,95,81,60,74,48,43,130,131
27,41,31,50,42,52,69,47,63,49,58,61,76,68,62,84,95,96,93,110,92,64,56,36,126,123
10,29,28,36,35,46,49,46,43,51,55,56,58,79,86,87,93,95,94,92,90,96,103,52,127,135
