35,28,38,34,31,28,35,40,43,40,39,43,43,43,44,41,39,45,52,51,47,47,49,55,54,61
70,64,54,46,54,49,47,49,58,48,45,54,48,51,56,62,58,50,52,57,62,67,66,61,75,65
102,100,70,86,65,66,72,54,64,59,55,51,55,55,50,58,55,70,61,55,76,73,70,86,75,69
112,87,88,97,93,88,79,74,64,65,65,56,48,49,57,54,53,61,66,63,85,80,71,84,94,88
114,114,94,106,98,99,100,89,74,61,69,47,53,48,50,53,51,66,59,69,77,81,95,88,100,102
133,135,119,123,112,113,110,98,86,86,64,56,54,46,48,45,58,54,59,56,69,72,98,84,89,95
118,129,123,144,115,107,116,93,96,75,67,47,47,35,49,47,43,49,43,57,56,66,86,80,92,98
123,101,106,97,100,67,63,51,42,38,41,46,34,41,41,38,46,38,45,44,53,58,75,77,91,113
65,61,47,56,62,53,64,54,51,41,55,44,40,36,31,40,40,43,38,42,45,53,57,83,94,104
61,65,69,88,56,67,82,69,59,57,48,42,52,41,41,42,36,35,41,41,47,47,58,67,82,113
64,56,46,49,28,37,39,31,35,40,37,42,38,39,51,45,43,34,42,43,41,48,46,62,79,103
36,23,30,15,18,4,20,9,23,8,10,30,28,36,38,44,46,43,46,39,42,46,49,64,78,98
38,36,6,11,7,14,8,4,0,12,2,17,19,18,29,33,53,48,50,48,41,52,46,61,65,90
49,24,35,21,0,30,26,28,38,5,3,8,33,38,25,32,38,45,51,42,48,45,53,55,78,88
54,38,27,30,30,39,40,38,24,8,6,10,38,54,42,26,37,35,46,53,44,47,50,63,67,93
40,34,31,32,25,56,244,52,18,10,12,5,33,54,46,32,25,32,46,48,56,49,56,48,76,89
38,38,38,20,25,57,122,55,25,10,3,12,31,50,39,21,27,26,35,44,47,51,60,56,84,92
42,36,41,6,5,25,4,2,16,22,2,1,35,51,38,28,33,33,34,35,46,50,51,57,72,83
35,22,10,12,1,2,2,7,4,9,19,11,28,36,35,37,35,31,45,50,46,48,52,59,82,97
34,3,10,0,0,4,3,6,14,5,18,29,31,35,33,45,44,46,48,56,50,54,51,72,87,90
56,35,7,7,12,12,14,13,24,29,38,37,35,45,41,48,54,45,55,50,55,57,58,69,88,97
96,40,30,17,25,38,34,46,53,49,44,42,44,45,54,57,47,55,53,63,64,74,61,95,106,123
51,43,47,52,38,48,47,51,62,52,41,47,45,54,54,50,51,52,68,63,82,88,95,103,95,117
46,49,53,41,54,48,40,51,34,59,53,35,56,50,54,61,58,76,74,80,89,97,109,97,109,132
53,44,49,51,44,42,50,43,55,51,45,58,43,45,56,64,68,73,81,79,93,86,118,99,128,131
56,58,48,45,43,61,60,50,47,58,52,54,56,63,74,84,78,85,91,102,110,95,120,124,143,131
65,67,82,64,69,67,56,61,56,63,55,64,75,56,77,79,104,101,102,116,108,122,116,128,117,143
92,73,59,57,53,56,68,65,60,66,69,69,67,86,95,96,117,117,134,122,115,120,125,131,118,140
66,67,68,76,70,72,58,81,77,89,94,87,105,90,122,156,128,139,136,139,141,150,129,135,150,132
77,70,91,70,86,83,84,82,79,101,96,102,104,110,128,150,155,135,126,94,160,135,138,130,144,137
