127,153,116,123,129,169,246,78,30,39,39,44,58,42,89,213,201,48,7,37,185,181,173,112,37,126
61,54,110,107,57,102,60,60,34,37,39,41,45,41,155,204,178,36,14,61,171,178,159,84,39,127
62,68,59,64,57,38,36,39,39,50,34,41,43,50,180,204,107,11,38,121,155,185,163,78,38,128
77,70,53,70,54,33,39,42,44,36,39,39,43,86,194,202,22,23,41,186,158,188,160,104,34,128
82,72,43,38,37,39,32,37,44,28,37,37,39,105,199,45,10,34,98,193,197,179,183,93,38,129
99,89,43,41,39,45,47,45,38,39,38,48,49,194,113,3,32,38,201,198,192,197,175,82,37,123
80,97,66,40,40,39,36,48,40,32,31,43,62,57,2,30,28,157,193,198,199,197,126,65,41,127
101,76,31,39,45,45,48,34,35,36,41,35,39,8,32,19,67,216,214,187,187,186,138,31,35,121
101,86,37,37,45,44,41,31,30,37,37,24,18,27,23,56,196,216,209,187,181,155,92,39,40,128
82,52,43,34,40,70,56,39,50,42,23,21,35,32,60,184,195,206,188,203,182,153,62,33,31,135
45,42,43,45,42,193,40,34,19,8,37,47,25,94,211,203,186,211,214,177,187,116,47,36,44,122
47,49,45,33,43,25,13,30,34,48,32,51,186,209,209,210,224,210,199,173,181,98,42,34,125,129
23,10,24,28,33,36,38,33,30,63,197,207,212,203,209,199,193,177,170,191,145,56,39,40,128,128
43,39,36,29,11,26,68,208,233,213,218,215,222,203,207,209,194,188,160,170,137,42,41,40,128,128
35,53,108,212,235,229,240,227,229,233,231,222,227,212,199,215,185,185,197,135,80,44,50,48,128,128
234,235,245,238,247,251,237,234,242,233,239,220,213,213,200,190,203,213,174,149,63,53,62,44,128,128
242,249,239,249,245,237,243,237,233,240,230,233,235,194,182,214,198,185,176,114,71,59,40,49,128,128
248,242,240,245,249,238,243,226,235,233,235,230,213,213,209,204,199,173,150,70,53,73,48,42,128,128
248,239,253,235,235,232,243,226,238,224,229,224,216,206,198,194,178,154,106,51,56,74,113,118,128,128
245,243,242,251,244,242,239,235,212,234,227,212,231,210,219,181,162,160,44,38,50,84,126,150,128,128
245,244,248,244,241,244,242,239,232,234,229,220,217,205,202,189,170,91,44,52,70,118,160,130,128,128
244,243,247,242,238,239,232,227,231,235,224,209,194,190,196,178,149,61,48,62,97,155,210,125,128,128
240,238,243,240,237,238,231,226,227,230,223,217,202,192,172,165,113,52,53,90,141,183,225,129,128,128
242,240,244,241,237,238,233,230,229,223,225,205,214,182,184,174,63,69,106,122,148,184,217,128,128,128
244,242,247,243,237,235,230,227,230,235,220,212,196,166,193,144,67,80,127,122,126,175,201,127,128,128
234,234,241,241,237,235,228,225,225,229,227,205,205,178,136,97,95,126,113,158,134,173,200,126,128,128
229,227,235,237,236,235,227,222,229,207,215,204,198,151,150,56,73,152,146,149,156,196,120,132,128,128
239,233,235,235,233,231,221,214,225,218,220,193,161,163,116,61,107,128,157,158,163,181,129,127,128,128
234,237,231,233,227,226,226,228,212,213,205,171,165,138,62,65,153,168,161,162,146,167,130,126,128,128
234,233,223,230,226,223,208,227,219,213,192,161,168,123,56,127,207,189,182,173,142,180,125,127,128,128
