247,250,248,251,243,251,254,247,248,253,241,243,246,246,248,251,248,244,242,219,228,244,131,129,128,128
250,251,242,251,245,245,243,237,245,227,252,244,241,247,247,247,231,238,241,238,237,217,125,130,128,128
248,255,243,243,241,236,234,237,234,244,243,244,246,238,236,240,243,242,240,228,247,126,126,126,128,128
243,253,245,239,247,246,241,240,247,243,242,243,223,241,230,241,222,232,215,230,230,125,130,131,128,128
253,244,244,239,249,241,237,238,234,247,238,231,247,236,239,240,238,233,219,214,209,133,128,126,128,128
246,245,251,222,223,234,244,236,240,251,241,237,246,240,234,231,234,226,221,222,216,127,129,126,128,128
246,253,247,244,240,247,243,242,242,237,241,238,242,241,247,242,222,208,217,220,128,128,128,125,128,128
246,246,243,247,243,242,237,243,236,243,249,236,234,238,239,224,217,220,224,222,129,127,131,131,128,128
237,247,248,248,245,246,239,237,248,233,239,242,231,222,229,229,230,225,216,215,132,123,125,126,128,128
236,246,246,239,238,246,247,246,226,240,239,233,238,232,223,226,226,226,228,224,127,132,129,128,128,128
244,246,245,241,240,236,236,240,236,238,241,242,237,236,235,232,221,224,218,124,133,125,127,129,128,128
244,248,247,238,238,235,234,233,236,239,237,225,213,229,235,223,222,220,224,130,121,128,129,127,128,128
240,245,241,224,229,238,247,243,235,248,232,229,237,225,212,237,234,217,214,130,129,129,130,126,128,128
240,242,242,234,238,232,232,229,231,234,232,228,213,220,225,225,209,206,207,129,128,126,132,125,128,128
252,244,234,237,239,233,238,240,219,219,242,225,214,210,225,212,208,198,129,128,126,131,130,127,128,128
245,244,231,234,241,223,230,224,231,228,219,226,222,222,213,213,195,204,126,128,133,126,124,130,128,128
234,240,243,228,235,235,238,233,242,213,223,227,227,202,221,209,192,181,126,125,127,133,125,129,128,128
241,237,235,237,236,234,237,231,234,230,216,227,230,227,226,212,220,194,133,126,132,126,128,127,128,128
237,219,226,234,226,244,224,218,215,233,218,213,205,220,230,221,212,127,129,130,120,128,131,127,128,128
232,222,220,240,227,242,232,240,228,224,211,239,219,231,220,207,215,131,121,134,136,124,128,125,128,128
225,233,190,233,226,201,222,241,239,224,219,218,231,203,202,217,200,130,126,128,123,129,130,131,128,128
226,238,218,208,221,237,217,237,228,221,225,230,224,217,205,200,125,129,127,131,129,129,125,127,128,128
236,240,227,221,226,216,223,209,221,206,233,238,227,204,206,182,128,128,128,128,128,128,128,128,128,128
227,233,236,228,238,213,234,228,221,243,232,228,213,197,193,202,128,128,128,128,128,128,128,128,128,128
222,238,223,237,225,202,223,222,246,218,231,233,217,203,174,122,128,128,128,128,128,128,128,128,128,128
218,223,231,236,240,224,237,232,230,237,235,227,205,211,173,130,128,128,128,128,128,128,128,128,128,128
227,213,234,217,224,239,234,242,238,226,229,231,213,200,180,129,128,128,128,128,128,128,128,128,128,128
241,237,229,226,213,230,238,244,249,234,216,224,202,196,131,129,128,128,128,128,128,128,128,128,128,128
228,232,229,237,235,216,247,240,235,234,225,201,214,189,129,126,128,128,128,128,128,128,128,128,128,128
248,236,236,246,227,218,226,241,233,230,210,211,208,127,129,128,128,128,128,128,128,128,128,128,128,128
