24,33,47,53,46,57,51,43,51,52,55,59,58,44,45,48,52,47,46,37,33,24,20,12,9,12
25,27,35,31,35,48,59,51,67,66,52,47,41,43,43,43,56,42,35,42,22,29,16,19,17,7
22,20,26,36,37,42,53,61,57,47,62,58,54,43,43,45,44,51,42,43,28,23,24,22,15,13
21,28,32,31,38,46,37,45,42,37,63,53,43,44,47,49,50,49,45,35,31,24,23,24,19,17
24,32,34,31,39,29,45,52,47,49,46,58,53,51,46,53,57,55,59,49,40,31,26,26,24,23
28,29,33,36,38,35,41,56,50,49,54,68,60,64,50,75,49,55,48,61,48,40,33,31,29,27
28,30,34,37,39,46,50,52,50,66,69,72,77,65,80,75,78,55,48,43,49,45,41,37,35,31
28,35,37,33,44,44,60,55,60,80,66,70,85,82,85,85,79,83,63,54,45,48,46,41,38,33
29,35,38,36,45,50,46,51,58,58,69,68,78,86,94,83,78,79,82,75,48,54,49,40,36,32
31,30,37,47,42,51,58,45,50,58,67,72,87,87,91,86,99,86,87,63,55,60,51,36,33,31
29,33,33,37,43,42,45,58,53,60,76,74,72,87,92,96,96,93,91,81,69,55,56,40,35,25
33,26,35,37,42,40,52,45,57,60,54,66,82,94,94,94,95,94,94,91,73,59,41,48,38,33
26,34,35,35,36,42,44,55,48,51,63,59,76,89,92,98,100,93,92,89,79,68,59,59,27,26
22,30,32,39,36,48,45,42,50,53,64,61,78,77,85,88,87,89,88,86,74,66,41,48,40,28
31,26,29,26,40,59,36,68,61,63,76,62,85,66,85,88,75,72,70,83,82,62,57,41,31,29
26,41,72,97,96,147,138,113,131,177,167,183,166,199,183,202,204,185,177,103,97,95,55,52,48,45
107,133,142,150,152,169,188,176,185,170,180,190,195,206,219,229,238,230,213,218,231,196,234,186,175,97
168,171,175,167,169,178,174,196,167,185,182,187,195,216,216,216,240,237,217,227,217,246,212,224,238,228
165,182,180,174,150,171,176,179,170,177,184,218,201,215,225,224,210,219,214,229,231,214,226,221,242,248
165,178,171,146,181,172,187,189,194,199,184,235,206,219,222,199,213,237,231,219,211,237,231,236,220,244
188,175,179,175,181,170,185,186,176,191,185,214,197,222,221,237,237,207,233,240,223,242,245,238,244,236
173,169,178,172,145,199,199,221,225,217,233,228,230,244,247,245,241,249,248,238,242,230,226,233,197,242
207,233,206,230,233,241,248,255,238,253,248,253,254,244,255,255,249,255,252,255,255,248,255,247,243,254
247,248,244,242,235,243,234,234,255,234,238,233,248,240,236,250,253,249,254,250,255,251,251,255,252,246
239,231,231,195,189,205,196,212,210,196,210,213,212,229,222,230,235,236,238,250,238,255,253,251,255,255
167,191,160,187,176,184,206,162,199,115,188,204,128,217,188,216,224,230,246,237,243,237,246,240,235,251
146,173,133,181,144,171,194,185,182,189,200,180,202,207,198,231,217,226,232,230,233,234,243,249,244,243
180,196,170,196,178,186,185,181,188,150,185,202,129,199,220,221,235,242,242,244,247,254,236,244,204,239
181,182,197,192,174,188,195,156,179,162,167,128,147,146,172,184,221,236,240,246,235,246,244,244,241,244
175,182,131,148,159,110,104,119,132,112,139,103,114,138,149,160,166,184,207,231,229,237,240,252,245,241
