75,70,71,63,62,61,72,55,70,51,71,53,60,76,86,82,88,90,86,95,69,79,93,91,99,84
84,94,74,62,54,70,68,72,56,70,70,53,80,82,103,85,87,93,88,93,81,97,92,86,86,99
88,95,73,74,63,73,75,57,60,69,61,88,80,82,77,99,99,111,95,81,95,81,89,107,91,84
82,96,84,74,62,74,69,73,72,71,78,66,94,106,104,84,111,96,78,85,75,94,83,86,86,95
87,93,76,73,80,68,81,85,76,73,74,91,82,106,91,92,94,93,91,69,81,90,93,101,85,78
94,86,81,64,85,86,85,85,84,101,103,94,101,98,102,101,104,93,78,81,77,98,97,93,100,83
91,83,74,74,100,98,95,84,91,102,103,93,87,86,93,99,103,82,88,80,94,92,96,101,92,84
92,103,99,94,95,98,91,104,100,88,89,105,91,89,95,96,84,88,91,84,88,83,92,93,88,77
121,84,104,104,104,93,79,88,82,109,111,90,90,96,102,85,85,87,93,90,78,88,103,79,96,67
105,122,96,99,87,88,98,93,96,98,97,88,106,95,88,90,99,82,93,86,88,79,87,90,74,92
109,105,98,82,104,89,97,85,98,95,95,87,89,74,82,105,97,93,82,80,80,68,92,71,76,80
111,102,108,94,99,101,91,101,83,85,93,96,104,85,95,85,94,89,88,70,69,84,72,62,93,83
85,102,102,100,94,93,91,90,84,91,91,91,78,74,77,84,85,82,77,72,61,60,57,71,93,90
103,98,101,99,104,83,86,75,88,90,84,85,98,85,80,79,81,68,72,62,60,51,61,91,99,89
116,108,102,92,93,95,88,88,86,69,102,94,87,70,77,79,59,80,65,54,60,47,119,120,125,109
104,105,114,93,101,83,111,93,90,76,95,74,79,77,69,75,70,56,58,69,82,96,133,115,128,118
116,113,102,104,102,113,103,95,92,85,102,92,85,76,75,68,53,62,57,102,134,120,114,102,120,125
123,118,110,110,119,112,101,97,95,90,84,91,96,87,68,53,69,77,129,109,94,113,131,125,128,126
120,120,106,104,102,120,109,101,82,92,103,95,73,77,66,92,82,74,93,108,118,116,142,128,130,129
111,112,118,115,111,107,107,106,102,95,79,94,88,63,103,62,49,95,106,119,138,142,129,124,123,121
121,101,114,121,133,118,108,102,100,95,92,88,76,96,84,59,91,125,108,119,132,128,128,112,117,100
111,117,128,111,96,110,128,112,102,90,94,90,117,56,73,71,76,118,135,137,142,145,125,121,103,118
108,112,106,110,102,97,98,89,95,88,102,124,74,71,86,78,67,119,135,130,155,142,137,132,96,103
97,105,115,109,99,102,100,93,109,73,116,96,121,80,114,73,96,127,125,136,142,142,116,110,99,71
86,107,116,113,106,110,97,118,110,119,103,97,84,126,84,67,84,115,129,127,127,134,110,75,61,24
91,104,92,114,111,95,92,100,112,76,84,109,88,79,77,65,80,91,113,117,103,113,90,53,14,0
102,101,105,111,95,102,126,98,108,114,119,100,72,81,80,73,65,63,73,79,87,72,16,20,8,16
109,95,109,120,129,140,127,147,100,95,104,91,85,85,65,60,60,40,56,84,90,82,61,57,44,42
104,102,105,115,137,126,113,134,93,85,62,81,109,120,124,84,48,70,119,122,106,76,59,26,42,66
109,113,99,141,135,138,138,139,140,149,131,142,121,140,157,151,163,181,193,195,198,178,154,78,49,46
