191,193,180,177,171,159,140,116,143,144,131,133,138,165,137,130,140,121,103,95,105,148,134,147,130,109
191,196,180,165,151,149,151,129,140,130,121,119,142,137,141,153,114,123,90,87,107,105,113,97,92,82
176,174,148,182,139,156,147,152,146,132,122,119,118,137,156,118,144,138,103,109,66,89,107,98,79,60
175,176,153,166,166,190,153,153,108,135,141,153,140,147,121,159,145,96,125,115,90,74,72,73,61,67
188,173,136,171,155,173,165,165,120,128,145,155,171,154,168,128,138,132,152,119,96,73,81,56,65,66
182,173,174,174,155,154,136,151,151,101,155,156,166,137,170,158,154,139,136,126,106,78,74,73,66,62
175,164,172,169,167,141,169,176,134,126,145,164,152,152,153,174,173,154,142,132,113,94,87,102,71,69
157,157,160,158,161,161,142,172,136,144,146,177,163,162,168,154,171,150,159,143,118,109,110,104,91,89
178,161,171,155,179,141,148,137,148,161,169,149,168,165,156,144,130,132,157,158,129,122,125,107,106,95
183,169,138,167,170,150,151,165,156,164,164,162,146,162,171,160,130,138,162,172,131,150,122,126,133,110
154,158,155,149,162,153,140,164,180,145,170,184,168,148,171,190,148,150,157,146,143,131,154,127,124,123
164,172,160,157,157,137,182,146,163,165,174,179,181,179,163,171,163,160,148,155,142,123,140,120,108,116
160,172,144,156,137,168,165,177,177,165,183,194,175,155,153,148,153,157,147,143,122,124,116,120,96,140
188,143,157,120,158,171,151,156,149,150,174,168,165,155,150,159,194,124,134,136,101,111,101,100,114,110
177,159,154,153,161,179,159,157,160,151,164,177,153,145,131,143,134,115,135,126,118,108,107,75,100,112
149,144,152,159,171,175,133,147,148,176,133,145,143,128,157,142,103,109,120,128,116,105,110,97,109,109
154,154,141,141,163,161,160,156,164,152,159,143,135,130,132,148,123,110,89,128,142,124,110,103,119,118
149,146,151,160,170,139,156,160,133,152,122,146,128,143,135,139,115,106,111,113,106,117,139,126,101,108
172,148,149,157,125,140,144,138,148,120,133,133,124,147,105,118,126,105,108,112,109,113,116,119,133,118
145,146,126,128,139,129,116,121,120,116,134,110,122,113,120,121,127,119,118,116,108,112,130,128,125,111
152,150,107,132,149,117,94,113,98,114,113,119,97,126,109,131,118,111,131,114,105,123,120,116,118,102
156,138,83,96,97,127,125,97,106,106,107,109,121,130,101,107,110,114,119,109,134,116,121,139,117,102
163,132,114,122,114,130,119,111,93,113,103,102,105,107,117,118,102,110,117,140,129,129,107,125,132,142
126,101,119,105,85,118,110,116,111,116,115,106,101,111,104,121,109,116,132,106,145,130,128,121,126,124
108,95,114,126,88,104,112,104,120,114,101,106,110,94,104,99,122,107,131,115,138,132,124,126,105,131
93,99,107,128,98,99,120,105,104,105,102,96,100,103,108,117,126,140,128,147,139,142,125,132,103,85
113,105,110,111,106,88,86,98,96,97,89,94,101,87,108,119,140,144,124,123,120,131,96,88,50,59
94,100,98,86,87,89,101,77,73,104,95,86,108,111,98,115,133,145,146,89,94,70,59,57,44,33
93,100,94,105,87,62,65,61,61,80,98,84,83,90,119,117,112,118,109,92,66,56,44,32,31,35
90,90,73,75,83,68,52,45,55,48,58,62,76,75,84,98,86,74,71,46,45,24,23,32,26,47
