156,149,170,189,199,206,220,223,214,219,211,218,224,226,215,206,214,227,236,246,248,249,250,252,253,254
148,159,175,194,206,220,217,218,204,218,219,218,213,221,221,213,214,225,235,240,247,248,249,251,252,254
149,155,198,195,205,208,200,224,218,211,202,216,207,215,223,222,221,230,238,235,244,246,248,250,252,253
168,193,195,218,205,213,220,207,222,209,207,219,212,200,204,218,220,223,231,235,242,244,246,249,252,253
197,203,201,202,212,196,216,210,199,213,223,209,208,206,215,216,210,229,227,222,246,246,248,246,251,254
203,203,216,211,195,200,199,191,207,206,202,212,197,224,192,212,222,200,235,237,237,240,245,249,241,250
211,202,203,196,196,189,200,181,193,203,186,200,213,189,210,208,215,220,217,234,243,241,239,244,240,242
210,196,191,188,173,164,163,147,153,173,185,180,201,194,197,199,217,220,214,218,220,238,245,237,233,226
200,184,188,165,163,151,150,123,145,174,173,195,197,196,193,198,201,213,221,226,230,231,234,238,219,210
187,179,146,136,112,114,110,120,153,162,174,192,190,184,177,192,180,190,216,215,226,228,234,239,197,199
170,122,119,98,97,76,85,100,119,134,155,171,185,189,177,175,191,192,187,207,222,218,228,217,143,88
123,92,76,56,46,19,5,17,39,74,133,156,172,170,174,158,176,182,168,186,187,210,196,102,38,3
77,56,9,0,1,0,1,0,0,0,53,111,152,154,152,180,164,174,182,181,203,201,94,3,0,2
47,4,9,2,1,5,0,0,3,16,19,50,105,128,148,142,134,154,147,186,192,152,77,8,0,1
27,5,1,0,2,0,0,6,5,46,41,35,56,110,123,122,119,121,134,165,173,88,91,52,0,9
16,20,4,2,0,0,7,0,35,53,63,50,52,82,112,107,98,105,119,144,175,97,102,88,0,8
21,6,11,3,4,3,2,24,55,68,68,55,50,63,90,94,85,84,97,114,139,135,158,116,57,0
29,17,8,5,9,7,1,47,49,62,62,52,50,51,59,60,70,73,69,90,108,106,109,86,66,52
23,30,9,14,7,13,11,9,36,20,28,35,38,54,17,27,48,46,65,68,74,50,64,50,58,73
25,12,14,8,16,19,12,8,6,14,18,26,11,29,20,20,32,41,42,47,44,39,37,35,55,46
7,9,23,20,14,31,11,5,19,7,1,17,15,12,12,16,23,23,39,38,25,31,28,35,33,40
7,12,15,7,32,34,22,24,3,5,26,5,7,12,7,6,10,26,34,21,32,23,23,29,24,40
15,19,14,33,21,22,25,38,16,11,23,7,1,3,11,31,19,13,18,29,13,12,13,12,12,22
13,17,16,22,16,17,28,26,23,16,10,19,29,14,3,10,12,18,19,16,2,4,13,24,34,30
20,28,25,26,12,11,29,19,17,20,29,26,31,17,13,11,9,3,16,36,16,6,20,25,16,18
14,22,30,17,9,9,14,18,17,14,41,33,33,29,29,20,28,19,10,9,13,20,35,31,11,13
21,18,13,18,19,19,4,17,15,8,32,35,26,12,10,26,47,30,8,20,11,17,18,15,4,8
1,13,13,20,10,14,13,30,17,27,33,26,23,30,24,28,39,33,4,11,5,4,23,39,7,3
0,3,1,4,3,0,13,20,35,17,17,19,17,21,15,19,20,14,20,32,22,19,18,1,5,13
7,4,2,0,23,18,19,12,14,3,13,24,30,20,15,3,9,17,5,12,16,16,26,2,24,9
