54,53,55,77,74,74,64,82,72,74,61,70,75,76,79,79,77,76,72,66,67,55,51,36,20,34
49,50,54,63,71,70,73,67,73,62,65,66,76,72,71,71,68,68,66,57,59,47,51,38,28,29
39,42,51,62,65,69,72,64,67,69,55,53,57,78,72,75,65,69,46,52,47,40,34,38,29,27
36,39,47,54,58,59,68,72,71,64,50,51,54,59,57,71,65,66,59,50,46,35,30,31,31,28
32,36,41,45,63,61,70,74,69,60,54,57,64,54,63,68,65,63,48,44,48,36,33,28,31,24
32,38,42,43,56,56,64,65,58,57,60,61,54,67,62,73,75,60,54,52,44,36,34,31,31,27
34,42,48,49,48,50,56,57,49,45,47,44,61,70,78,78,72,72,50,55,50,43,37,38,33,34
35,42,47,49,55,53,52,57,52,41,42,42,53,64,68,84,74,79,82,66,65,55,43,45,39,43
37,41,45,47,54,53,46,51,55,50,54,56,65,63,79,82,76,87,88,80,78,68,58,53,48,48
38,42,46,49,48,54,43,42,48,50,51,45,60,69,79,78,88,89,100,103,100,89,81,63,51,39
39,40,46,48,58,59,53,58,54,62,57,73,70,81,80,80,92,96,94,99,99,96,93,82,65,52
33,36,44,49,54,61,57,61,58,53,57,69,74,82,83,85,95,101,101,106,100,94,88,76,58,46
32,34,43,49,47,53,51,60,67,59,66,71,79,83,87,89,94,100,103,104,99,89,81,69,51,37
34,33,39,43,47,48,47,56,62,58,56,63,81,83,89,92,93,99,103,100,97,86,76,65,48,34
31,30,34,37,41,46,55,63,63,74,68,89,81,83,91,96,95,101,106,101,98,86,74,61,44,35
28,28,33,37,44,47,56,60,57,73,60,81,82,85,93,97,96,101,105,101,100,87,73,56,39,33
28,29,35,39,42,48,57,60,65,79,70,82,82,86,92,94,95,99,103,101,102,92,77,56,37,33
30,30,35,37,41,55,66,64,67,70,71,78,79,84,89,91,94,100,105,106,105,98,84,63,42,36
30,34,34,36,43,45,60,58,65,70,73,76,75,81,89,84,99,102,104,105,109,103,87,73,39,39
21,28,43,42,44,47,61,59,63,78,100,106,133,185,209,217,211,205,178,144,139,111,95,72,48,32
28,30,27,44,60,70,111,166,209,219,224,218,216,223,210,236,242,237,244,243,248,246,249,243,219,103
36,40,63,97,168,209,215,211,225,212,208,215,225,220,218,223,235,239,244,244,247,237,253,253,248,252
62,105,189,207,209,212,218,214,207,209,222,202,215,213,219,222,231,243,243,243,245,242,244,245,255,255
186,196,202,201,210,212,210,213,222,210,210,217,210,219,231,229,214,238,230,242,242,248,249,244,255,248
201,210,198,210,207,212,216,206,211,213,208,202,212,211,165,230,233,211,233,216,246,245,244,248,248,255
208,205,215,208,213,204,212,202,201,209,212,205,218,218,214,226,220,223,236,240,250,254,243,247,217,247
208,200,225,198,212,215,198,202,212,206,199,205,215,206,213,221,213,220,229,232,248,250,250,253,250,255
199,209,210,206,212,189,202,208,163,191,209,198,209,224,215,227,228,223,243,225,248,242,240,250,249,251
217,206,207,199,194,209,168,202,202,205,198,206,214,218,217,222,232,233,235,245,244,248,249,251,244,246
205,157,187,211,211,202,206,205,191,190,199,163,208,213,171,241,217,214,240,206,242,251,251,252,248,253
