20,11,85,157,184,185,181,189,200,186,206,216,220,222,226,230,234,238,241,243,239,233,237,212,46,12
17,66,134,191,185,182,191,191,198,188,198,198,215,220,225,230,234,239,242,243,243,242,228,223,92,15
54,122,162,190,195,192,200,202,190,210,197,201,211,219,226,229,233,239,242,241,240,242,228,226,210,24
111,179,181,183,189,185,201,209,211,195,200,190,209,219,228,231,235,242,246,245,240,237,241,224,218,79
164,175,170,198,201,197,201,201,203,211,205,209,214,211,220,232,237,241,246,246,245,234,239,235,222,151
162,181,184,195,196,196,202,208,209,200,202,206,217,215,221,230,234,240,247,248,236,241,241,227,228,201
175,179,188,180,182,202,196,208,205,220,217,205,214,216,224,232,237,242,246,246,246,243,237,232,236,220
150,171,180,184,197,199,203,200,216,212,218,203,212,217,225,232,237,242,246,246,242,243,239,234,234,222
162,181,188,195,203,204,208,205,206,214,208,205,218,221,224,227,233,240,246,250,245,243,239,239,233,224
182,187,186,193,201,201,218,198,216,219,219,206,219,223,225,228,235,239,242,247,251,244,237,240,232,228
165,178,169,185,206,203,203,218,217,218,208,210,215,220,223,230,239,240,239,243,240,246,241,233,226,234
141,175,199,185,190,204,202,215,207,207,207,207,214,217,218,226,237,238,239,246,246,244,243,242,234,221
139,165,156,202,198,210,216,209,220,220,214,217,219,216,228,234,233,235,239,242,244,237,242,242,230,227
161,153,180,206,211,214,215,210,217,212,213,221,224,222,228,229,230,240,240,236,247,242,244,242,231,225
171,171,185,202,210,218,216,206,209,210,218,217,211,219,232,231,228,236,243,248,247,245,247,245,236,229
177,179,181,212,206,215,216,209,210,211,219,214,216,214,222,229,232,235,236,241,246,247,247,247,243,235
188,176,196,215,214,211,215,218,221,210,214,217,216,213,217,223,229,233,232,237,244,246,246,248,247,238
174,200,196,210,221,215,218,213,218,213,209,212,210,217,222,219,224,232,235,242,242,244,245,248,249,242
177,188,212,205,220,219,220,200,210,218,206,205,216,218,219,217,228,237,233,234,241,242,245,247,247,246
200,203,201,209,222,214,216,196,209,218,201,207,202,207,216,222,229,230,230,242,243,243,246,246,243,243
194,207,210,196,210,209,214,206,209,205,217,207,204,195,219,209,228,228,229,234,234,244,240,241,251,243
190,196,197,207,201,203,224,203,198,207,196,204,181,193,199,205,223,233,231,232,236,243,238,248,237,251
202,197,190,191,207,205,209,194,186,197,191,186,174,183,185,210,221,221,232,232,238,234,238,232,232,235
192,188,188,194,188,195,202,200,183,181,190,174,192,184,187,195,207,192,218,223,226,230,231,237,229,231
173,189,169,170,178,175,180,181,195,191,186,169,169,178,185,179,215,206,217,227,221,228,225,224,221,213
127,134,152,148,149,173,168,170,193,171,178,177,177,163,184,197,203,212,216,203,204,196,210,185,157,142
48,43,25,61,99,140,142,166,187,165,174,160,169,174,165,173,195,206,194,212,210,166,87,49,47,44
75,63,45,45,51,85,130,157,157,163,173,167,167,174,176,181,182,201,203,197,126,45,25,47,63,65
115,111,82,76,84,97,95,166,165,174,170,169,169,166,161,173,188,188,199,119,57,60,77,97,99,115
125,129,129,121,122,122,107,120,134,166,163,143,157,163,165,173,179,187,187,164,155,169,177,179,170,141
