41,63,92,88,105,143,177,191,166,172,155,156,173,159,126,174,188,173,176,185,152,134,130,112,103,91
36,64,57,73,121,122,157,143,149,149,142,181,161,177,130,142,160,162,171,164,155,135,127,106,102,89
41,59,64,76,82,105,133,137,184,143,174,162,155,152,119,152,139,160,162,163,140,133,118,107,85,76
39,56,59,63,81,86,106,133,134,152,161,161,140,123,113,146,117,135,142,134,119,122,128,109,98,85
48,70,78,75,72,83,94,110,122,147,154,148,122,144,100,114,161,126,141,147,154,112,117,118,108,74
50,66,70,62,78,99,98,118,107,122,121,145,129,125,109,130,145,138,148,153,134,115,127,111,113,110
61,71,77,78,85,105,115,112,115,134,131,112,95,90,100,131,127,146,153,168,174,140,121,153,139,125
72,70,65,69,86,111,105,128,122,91,109,105,102,87,90,117,128,151,160,161,169,191,160,179,163,157
57,70,77,92,91,105,109,112,137,100,137,119,109,95,96,108,129,178,156,183,185,193,209,203,192,210
55,72,70,76,96,86,129,127,114,130,116,91,106,120,130,119,142,155,164,195,212,220,219,226,224,197
37,58,59,68,78,102,119,124,141,135,104,115,130,128,139,152,147,177,183,205,204,223,227,232,227,221
42,37,57,68,99,84,107,99,140,142,145,129,130,129,173,166,179,200,192,208,232,232,236,239,222,206
28,36,57,61,60,117,115,114,146,157,148,155,146,166,155,179,182,212,219,220,225,236,234,246,233,212
39,23,48,61,67,85,102,102,151,133,149,151,133,162,194,188,185,192,202,222,225,237,245,235,227,238
30,32,43,53,69,59,91,99,98,120,135,159,175,167,198,178,200,205,204,219,223,244,238,241,230,222
22,34,35,57,66,84,76,84,105,124,150,142,155,169,153,191,195,203,218,224,222,231,237,236,231,230
24,30,45,48,81,72,89,78,105,134,146,145,174,181,171,199,192,193,210,221,215,241,240,243,233,216
29,26,34,50,61,91,88,80,106,124,163,145,167,169,185,205,204,207,222,240,231,237,232,240,240,222
34,29,41,49,67,72,77,73,107,152,136,156,175,164,163,201,210,210,213,218,227,232,236,239,239,231
43,35,43,46,65,81,83,77,104,110,146,150,134,161,197,202,209,201,212,205,230,233,236,239,241,235
93,27,42,48,60,83,65,85,111,156,160,150,142,166,186,194,199,214,215,217,231,232,235,239,243,240
65,52,41,57,59,72,84,95,125,113,145,151,155,170,192,192,204,208,210,218,227,229,234,240,245,244
51,130,57,58,77,67,96,103,103,128,138,146,151,181,196,205,200,223,211,216,222,227,234,241,246,246
50,162,64,58,71,76,73,101,141,131,142,163,159,173,192,180,201,211,220,211,223,228,236,243,247,247
51,63,138,58,84,76,105,119,144,154,166,149,169,187,199,201,201,210,221,219,230,233,239,244,248,248
56,67,175,88,57,85,116,119,139,142,148,161,154,178,190,197,196,212,226,217,238,238,241,245,249,250
66,67,90,130,99,93,114,140,167,158,174,181,183,180,179,205,191,213,208,220,222,238,241,244,252,251
65,64,93,204,91,112,120,142,128,176,176,155,173,170,199,200,199,214,218,228,225,240,242,245,253,253
77,75,92,102,128,105,143,141,178,146,149,171,153,195,193,196,214,213,215,232,229,242,243,247,254,254
84,82,93,85,197,116,135,133,144,148,148,161,159,196,184,194,199,204,227,235,233,243,244,248,254,254
