169,184,161,146,132,125,112,106,93,71,73,53,44,42,32,27,4,6,0,124,130,126,125,128,127,127
172,169,165,163,144,145,139,120,95,85,62,61,42,46,46,28,19,10,1,3,127,128,131,123,127,127
191,190,170,177,148,155,125,120,109,101,94,77,58,45,44,40,38,0,8,0,125,125,131,127,127,127
191,191,187,178,180,172,155,162,114,116,101,78,84,53,37,60,45,16,6,1,126,133,125,126,127,127
193,194,199,191,183,172,159,166,154,136,100,104,81,60,55,43,54,33,32,4,124,124,128,127,127,127
193,214,205,215,192,194,167,180,153,159,130,111,105,81,59,60,49,54,35,12,8,128,128,127,127,127
201,219,213,212,211,205,193,195,166,171,172,133,124,94,59,61,61,52,41,26,4,127,122,128,127,127
218,215,211,218,202,213,218,201,189,186,168,157,142,119,82,65,67,55,50,36,13,127,132,126,127,127
222,228,225,219,217,222,225,212,204,205,176,185,165,146,108,65,76,58,57,24,22,128,124,130,127,127
223,227,226,226,224,223,223,213,212,209,210,188,164,159,139,91,77,65,63,58,26,6,126,128,127,127
234,234,230,232,230,226,227,225,226,205,204,193,195,165,153,135,70,72,53,50,41,22,128,129,127,127
242,242,236,236,235,231,233,233,228,238,206,201,196,195,175,142,124,85,65,57,54,35,125,125,127,127
235,242,239,239,239,234,233,232,231,216,214,212,219,191,203,176,145,105,91,68,55,42,128,128,127,127
232,242,239,236,237,235,235,234,236,234,224,227,211,209,195,192,169,133,96,75,66,47,127,128,127,127
237,246,241,236,238,235,235,237,232,240,229,229,226,220,203,210,181,163,118,78,63,46,133,123,127,127
238,248,245,243,244,235,231,233,226,231,229,236,227,204,213,206,199,175,138,111,76,63,38,129,127,127
245,246,244,249,239,238,247,230,226,232,226,228,232,226,208,210,199,170,180,117,91,58,48,126,127,127
247,252,241,245,243,242,236,237,243,231,238,221,228,232,230,210,197,204,182,160,116,84,47,125,127,127
242,240,231,227,246,230,225,232,228,234,235,227,227,218,228,223,210,203,184,148,120,90,81,128,127,127
212,231,218,233,221,234,229,233,226,228,227,227,237,218,228,225,231,203,199,190,152,108,80,127,127,127
143,178,190,209,169,188,214,210,220,215,222,222,208,241,230,221,218,224,213,197,167,137,96,127,127,127
114,100,125,151,146,141,170,150,189,177,161,209,207,201,211,227,219,217,215,197,190,132,101,89,127,127
108,88,99,117,95,103,131,157,159,140,164,147,191,210,205,227,215,217,218,199,189,167,138,96,127,127
45,62,104,107,97,101,91,99,111,117,118,122,122,168,184,210,214,219,227,203,199,183,142,131,127,127
45,54,54,73,98,88,89,107,101,90,110,111,157,134,147,150,135,189,221,209,200,187,165,134,128,125
48,59,70,75,74,76,98,97,91,125,96,109,115,126,118,114,105,104,108,158,163,196,165,138,130,129
69,77,65,82,79,79,71,80,89,89,93,106,151,109,122,107,94,108,152,160,183,206,176,161,121,125
93,96,118,110,116,119,128,128,136,108,111,115,133,111,129,117,99,104,124,166,167,171,178,164,130,132
131,120,136,134,138,146,141,175,181,172,182,140,135,114,140,114,119,95,121,183,142,164,194,175,125,125
168,160,167,122,162,166,148,159,170,194,197,171,163,144,153,125,122,140,82,122,193,141,134,174,132,120
