128,128,128,128,128,128,128,128,130,124,131,128,130,128,252,253,252,201,146,165,160,183,173,182,172,165
128,128,128,128,128,128,128,128,126,130,133,120,129,126,254,255,253,239,162,157,148,163,180,168,161,152
128,128,128,128,128,128,128,128,128,130,123,129,130,128,126,255,255,247,190,143,163,169,138,170,173,158
128,128,128,128,128,128,128,128,125,130,129,133,125,127,130,255,254,255,234,154,139,144,164,132,149,173
128,128,128,128,128,128,128,128,132,128,125,124,127,123,131,125,252,252,255,165,143,147,129,133,158,148
128,128,128,128,128,128,128,128,127,124,128,133,130,133,128,130,253,255,254,235,132,143,121,131,113,145
128,128,128,128,128,128,128,128,131,126,127,128,125,121,130,124,124,255,252,252,176,148,115,115,117,134
128,128,128,128,128,128,128,128,125,130,128,124,130,130,126,131,131,250,253,254,247,132,128,121,113,135
128,128,128,128,128,128,128,128,128,128,128,128,128,128,128,128,129,253,255,249,255,215,142,148,126,127
128,128,128,128,128,128,128,128,128,128,128,128,128,128,128,128,128,126,255,255,254,254,232,131,119,122
128,128,128,128,128,128,128,128,128,128,128,128,128,128,128,128,126,132,250,251,252,253,253,84,118,104
128,128,128,128,128,128,128,128,128,128,128,128,128,128,128,128,130,126,130,255,254,252,255,157,110,101
128,128,128,128,128,128,128,128,128,128,128,128,128,128,128,128,127,128,124,253,253,255,249,179,122,94
128,128,128,128,128,128,128,128,128,128,128,128,128,128,128,128,130,129,133,131,251,253,255,191,149,132
128,128,128,128,128,128,128,128,128,128,128,128,128,128,128,128,129,127,120,125,132,250,255,183,146,132
128,128,128,128,128,128,128,128,128,128,128,128,128,128,128,128,125,133,127,130,129,253,252,200,145,151
128,128,128,128,128,128,128,128,128,128,128,128,128,128,128,128,128,128,129,131,128,129,252,202,155,132
128,128,128,128,128,128,128,128,128,128,128,128,128,128,128,128,126,130,132,125,126,129,255,210,168,135
128,128,128,128,128,128,128,128,128,128,128,128,128,128,128,128,133,127,123,132,123,127,122,212,154,132
128,128,128,128,128,128,128,128,128,128,128,128,128,128,128,128,126,126,129,135,125,133,130,237,145,137
128,128,128,128,128,128,128,128,128,128,128,128,128,128,128,128,131,128,126,122,130,128,129,124,151,135
128,128,128,128,128,128,128,128,128,128,128,128,128,128,128,128,126,128,129,128,130,132,121,130,128,144
128,128,128,128,128,128,128,128,128,128,128,128,128,128,128,128,130,127,128,129,127,122,133,128,132,151
128,128,128,128,128,128,128,128,128,128,128,128,128,128,128,128,128,129,128,128,128,127,129,126,125,129
128,128,128,128,128,128,128,128,128,128,128,128,128,128,128,128,128,128,128,128,128,128,128,128,129,124
128,128,128,128,128,128,128,128,128,128,128,128,128,128,128,128,128,128,128,128,128,128,128,128,131,125
128,128,128,128,128,128,128,128,128,128,128,128,128,128,128,128,128,128,128,128,128,128,128,128,126,128
128,128,128,128,128,128,128,128,128,128,128,128,128,128,128,128,128,128,128,128,128,128,128,128,126,128
128,128,128,128,128,128,128,128,128,128,128,128,128,128,128,128,128,128,128,128,128,128,128,128,134,125
128,128,128,128,128,128,128,128,128,128,128,128,128,128,128,128,128,128,128,128,128,128,128,128,130,129
