128,128,128,128,128,128,128,128,130,128,133,124,130,128,24,19,14,8,19,24,22,20,27,15,12,11
128,128,128,128,128,128,128,128,128,126,127,132,127,131,19,29,12,21,17,16,30,29,10,17,14,16
128,128,128,128,128,128,128,128,127,130,129,126,127,129,126,8,23,14,22,23,21,17,7,15,17,18
128,128,128,128,128,128,128,128,128,130,129,128,127,127,128,20,10,11,15,10,27,17,3,10,26,30
128,128,128,128,128,128,128,128,131,126,124,130,125,132,123,127,19,18,21,21,20,7,6,21,34,41
128,128,128,128,128,128,128,128,126,126,131,132,128,123,133,130,12,15,19,17,11,17,9,17,25,34
128,128,128,128,128,128,128,128,132,131,125,125,127,133,123,127,125,9,4,23,10,3,8,23,15,26
128,128,128,128,128,128,128,128,124,128,127,132,127,129,127,128,129,10,18,4,16,5,4,20,20,25
128,128,128,128,128,128,128,128,128,128,128,128,128,128,128,128,131,5,11,16,1,3,5,20,19,35
128,128,128,128,128,128,128,128,128,128,128,128,128,128,128,128,123,131,16,15,10,0,5,5,5,21
128,128,128,128,128,128,128,128,128,128,128,128,128,128,128,128,134,123,2,10,1,2,5,3,12,19
128,128,128,128,128,128,128,128,128,128,128,128,128,128,128,128,122,134,126,12,8,16,11,4,18,10
128,128,128,128,128,128,128,128,128,128,128,128,128,128,128,128,129,131,124,2,0,8,4,6,7,10
128,128,128,128,128,128,128,128,128,128,128,128,128,128,128,128,127,128,126,133,0,2,10,12,14,14
128,128,128,128,128,128,128,128,128,128,128,128,128,128,128,128,129,124,128,132,126,6,4,19,22,37
128,128,128,128,128,128,128,128,128,128,128,128,128,128,128,128,127,135,128,122,131,6,6,14,23,37
128,128,128,128,128,128,128,128,128,128,128,128,128,128,128,128,127,130,126,126,128,127,13,21,22,17
128,128,128,128,128,128,128,128,128,128,128,128,128,128,128,128,129,128,123,133,130,129,6,20,19,41
128,128,128,128,128,128,128,128,128,128,128,128,128,128,128,128,125,132,132,123,128,127,128,19,24,33
128,128,128,128,128,128,128,128,128,128,128,128,128,128,128,128,130,131,125,123,130,128,124,12,23,39
128,128,128,128,128,128,128,128,128,128,128,128,128,128,128,128,125,128,129,136,127,134,125,133,14,27
128,128,128,128,128,128,128,128,128,128,128,128,128,128,128,128,131,128,127,128,124,123,130,123,131,18
128,128,128,128,128,128,128,128,128,128,128,128,128,128,128,128,127,127,129,129,131,134,127,130,125,20
128,128,128,128,128,128,128,128,128,128,128,128,128,128,128,128,131,127,129,128,129,123,129,127,128,130
128,128,128,128,128,128,128,128,128,128,128,128,128,128,128,128,128,128,128,128,128,128,128,128,127,127
128,128,128,128,128,128,128,128,128,128,128,128,128,128,128,128,128,128,128,128,128,128,128,128,126,128
128,128,128,128,128,128,128,128,128,128,128,128,128,128,128,128,128,128,128,128,128,128,128,128,132,131
128,128,128,128,128,128,128,128,128,128,128,128,128,128,128,128,128,128,128,128,128,128,128,128,125,128
128,128,128,128,128,128,128,128,128,128,128,128,128,128,128,128,128,128,128,128,128,128,128,128,127,131
128,128,128,128,128,128,128,128,128,128,128,128,128,128,128,128,128,128,128,128,128,128,128,128,130,125
