19,24,25,25,27,28,29,30,26,36,40,35,34,33,36,40,29,52,77,86,84,76,61,40,22,122
10,16,22,22,25,27,26,30,35,31,27,38,38,37,33,38,60,53,60,75,79,81,56,43,22,130
12,10,8,19,19,27,28,31,27,34,37,41,33,35,34,34,59,85,57,63,87,80,72,43,24,128
15,16,17,23,18,21,22,25,33,40,38,30,40,29,38,34,49,58,60,49,55,81,64,35,24,127
42,43,43,46,43,52,58,62,61,41,42,42,34,38,29,28,28,32,38,43,51,69,61,51,26,126
40,39,38,41,45,58,66,67,75,66,36,53,55,48,35,43,38,31,38,36,30,51,71,50,30,126
42,42,46,47,51,57,62,59,81,50,57,53,49,49,38,40,37,28,35,30,45,45,52,69,35,127
45,47,53,53,54,55,63,64,65,79,75,74,67,61,47,48,42,48,49,35,37,45,66,49,40,128
35,35,42,43,47,49,61,66,52,61,77,86,63,79,56,61,53,62,39,41,44,46,71,70,43,128
25,22,31,35,45,45,53,54,57,57,65,70,68,71,62,72,65,58,57,61,44,60,61,58,44,128
7,7,12,21,28,36,46,54,63,55,74,84,84,77,79,74,68,74,85,78,56,52,60,57,44,129
6,5,9,12,10,17,29,34,50,61,64,70,86,81,83,81,74,74,65,71,65,63,78,63,49,129
0,2,0,5,20,16,10,21,28,40,55,54,71,77,75,90,88,84,93,86,73,75,79,82,56,129
25,17,6,0,0,8,16,16,15,23,27,45,56,57,77,85,87,78,97,93,88,95,85,88,66,129
70,88,62,16,3,5,9,22,23,11,17,25,41,60,63,77,88,89,93,100,99,94,90,79,77,128
102,108,102,68,25,3,1,1,16,27,9,13,29,41,53,62,75,86,99,102,99,100,102,102,86,127
116,116,110,96,70,31,6,7,6,18,20,14,13,26,31,51,68,75,93,93,96,105,98,97,93,126
107,110,115,109,86,57,26,0,4,9,19,28,11,15,30,39,40,65,75,92,100,101,110,98,97,126
104,110,116,116,94,86,42,17,5,5,7,17,26,23,22,32,40,53,72,89,99,103,103,103,98,127
101,103,105,103,103,92,36,24,44,25,7,9,22,30,33,36,35,49,68,86,97,103,103,102,99,127
98,109,113,102,71,41,30,32,23,38,44,28,15,25,40,45,47,53,64,78,94,105,108,106,100,127
71,44,45,30,28,32,27,32,34,33,43,51,44,38,40,43,50,61,76,90,101,108,107,104,102,128
25,33,33,48,80,77,75,68,55,59,79,96,87,68,56,51,60,75,92,100,102,105,108,109,103,128
60,63,79,81,99,103,96,96,94,96,96,95,97,101,95,82,85,91,96,99,103,110,114,113,104,128
71,81,94,103,99,94,108,104,100,97,96,100,104,102,100,102,97,100,102,105,111,116,113,105,106,129
34,41,44,58,80,88,92,101,103,109,107,102,104,104,103,106,101,107,109,105,103,106,109,108,106,129
96,100,103,109,107,108,114,104,109,108,106,107,107,104,102,107,103,106,107,106,109,113,111,107,110,128
89,96,101,106,104,112,103,113,113,111,111,102,103,110,105,107,105,106,108,109,108,108,109,110,110,128
75,78,87,100,98,105,111,106,108,101,110,110,111,109,100,105,107,105,105,109,109,107,109,114,110,128
103,69,90,89,101,101,95,105,107,106,112,107,109,111,111,109,109,105,104,108,110,110,111,113,110,128
