72,51,49,48,49,49,46,42,32,21,19,7,7,7,0,0,4,4,2,7,3,8,30,20,16,18
66,62,41,46,40,40,27,35,29,25,18,11,2,1,1,0,1,3,7,25,45,35,35,43,44,33
43,43,45,51,47,48,37,41,29,18,5,1,7,0,3,10,10,40,48,53,56,62,63,55,59,46
47,54,44,41,41,35,34,29,25,14,21,28,26,50,71,74,90,96,101,99,99,76,69,67,59,76
40,43,49,38,37,33,36,31,35,33,45,61,84,103,117,139,159,163,147,133,100,83,77,74,86,100
68,73,71,53,40,45,48,53,56,59,85,113,122,147,168,191,212,181,146,114,108,92,78,99,114,141
91,93,89,72,59,59,65,78,94,105,126,152,184,191,197,205,187,168,128,115,108,108,113,150,164,157
115,111,97,98,112,108,116,120,152,169,191,200,216,213,210,196,158,149,119,117,128,137,147,170,167,183
126,126,143,148,155,159,166,181,214,204,212,221,205,211,192,171,157,140,123,164,173,191,178,193,199,199
156,177,176,188,187,203,201,206,214,215,219,212,199,191,164,169,153,166,183,194,192,203,207,214,209,196
182,184,185,191,185,197,211,201,198,201,210,196,199,184,178,184,177,190,210,211,215,212,215,210,215,214
158,172,170,171,178,173,201,181,191,192,185,194,186,199,191,207,208,216,222,215,219,213,222,220,227,231
141,158,155,165,178,167,168,158,174,178,178,199,209,213,218,215,235,230,231,224,224,223,231,235,235,234
141,149,151,165,167,179,160,183,192,205,203,221,226,234,227,239,236,236,233,236,236,238,236,236,235,233
152,164,175,175,170,189,179,201,201,213,232,225,230,222,232,239,241,241,243,242,238,242,245,239,241,235
191,173,178,171,183,198,216,214,219,230,228,227,227,234,239,242,243,245,242,242,238,240,242,229,242,240
168,170,191,197,189,207,213,220,219,219,228,234,239,237,234,240,244,241,241,243,239,237,240,238,233,235
158,161,173,201,187,185,191,217,222,217,225,231,236,235,234,238,242,242,243,245,242,241,244,241,238,239
149,144,147,172,166,181,189,197,202,210,223,226,229,228,229,234,240,243,237,240,239,239,241,240,238,240
119,111,124,149,145,155,162,185,200,203,217,220,222,224,228,231,235,238,235,238,238,237,238,239,241,242
116,113,108,127,125,129,135,179,201,197,207,213,218,224,231,231,229,230,234,234,235,233,232,234,237,237
88,85,94,97,105,122,131,166,180,191,202,210,214,217,226,228,228,231,232,232,232,230,227,229,231,228
82,85,86,93,103,110,125,164,169,193,194,207,211,211,219,223,226,233,234,234,236,235,231,233,234,228
88,94,87,100,111,115,135,168,163,201,181,202,212,213,219,221,222,229,231,230,235,236,233,236,235,227
88,98,110,118,128,127,154,167,194,208,208,202,209,216,218,226,217,226,233,223,231,231,229,231,227,223
92,104,113,110,130,154,159,187,207,202,219,215,218,221,218,222,213,218,219,229,224,233,229,231,224,127
104,122,134,147,158,166,194,198,195,203,213,216,216,220,218,222,219,222,216,227,233,221,227,219,229,130
116,139,160,153,182,191,191,196,216,206,209,216,214,218,214,217,219,219,226,218,220,218,224,228,123,127
119,144,157,168,171,187,186,197,206,219,208,216,214,216,212,216,219,220,217,216,216,237,229,124,131,127
116,146,162,173,165,181,184,187,201,210,206,212,214,217,214,223,225,229,226,224,234,228,122,131,130,121
