93,87,77,67,64,57,61,57,52,53,60,51,68,82,95,130,113,131,126,119,128,135,137,119,132,122
74,72,64,57,65,78,53,67,59,62,81,82,77,127,112,134,136,132,131,108,114,128,134,143,132,129
69,66,68,55,59,70,73,76,86,98,99,113,138,94,128,131,127,133,129,143,130,133,120,126,144,105
83,63,72,65,82,96,122,128,117,124,113,127,122,124,135,131,147,113,124,126,150,132,129,130,126,136
95,105,81,132,126,111,157,152,141,131,142,136,124,141,140,130,136,140,141,114,148,126,149,131,126,103
122,137,146,146,167,154,159,148,138,128,155,137,138,142,126,136,130,134,132,131,124,140,147,108,96,78
151,128,157,151,156,164,162,165,161,164,138,126,131,128,139,133,143,133,129,141,148,133,147,85,70,113
179,181,164,179,179,145,152,176,152,156,129,140,130,148,143,125,129,137,125,128,140,147,113,94,109,114
165,162,204,178,162,183,166,166,167,163,151,148,137,138,153,136,138,129,120,142,135,127,113,131,133,136
171,180,170,198,173,172,170,161,152,145,161,148,128,145,147,151,129,148,144,128,143,117,129,154,155,162
173,180,186,178,169,178,189,170,156,169,163,159,137,130,110,143,142,135,124,142,131,163,186,169,175,194
192,177,177,188,166,169,182,184,170,170,145,139,137,133,140,137,136,130,127,127,175,195,197,202,194,192
190,178,175,197,165,175,165,162,182,150,144,145,142,142,152,143,117,127,135,188,198,203,213,196,206,168
181,165,182,175,183,177,144,152,143,164,162,163,139,144,138,92,132,117,156,187,223,200,200,220,211,195
180,186,183,177,180,181,171,163,166,157,156,143,151,138,123,111,94,143,179,202,190,197,209,195,170,168
179,188,207,173,171,166,170,160,154,155,128,151,141,131,126,128,113,133,215,199,220,203,207,191,187,160
186,187,193,194,183,153,178,163,159,147,148,129,127,127,119,133,106,142,193,192,199,209,161,148,125,113
182,175,182,213,176,175,172,167,153,156,152,126,143,138,124,108,101,155,184,149,164,147,113,109,41,21
179,181,185,177,192,174,166,167,147,154,142,133,142,112,121,123,92,146,171,152,134,107,63,45,4,5
193,195,184,172,183,173,166,182,163,149,139,132,129,122,139,95,91,109,140,135,123,105,55,21,8,7
183,177,175,183,173,185,184,168,155,158,143,140,120,127,139,109,92,98,126,104,109,57,46,29,20,15
185,179,180,170,177,173,164,168,148,154,158,149,139,142,117,127,102,79,97,99,72,70,64,58,47,36
186,178,164,179,185,174,173,174,164,151,158,141,148,148,145,105,100,82,64,77,77,60,67,72,81,64
178,185,163,168,168,174,188,167,144,158,140,167,144,139,125,127,112,80,67,58,62,54,79,87,76,88
175,178,180,173,176,173,188,174,159,165,132,150,139,149,116,134,124,113,76,55,52,45,61,55,65,77
170,176,174,169,183,146,167,150,137,139,176,158,148,124,137,122,119,113,84,62,51,48,46,56,59,59
176,176,159,184,169,167,170,177,164,155,161,149,152,157,139,123,129,109,83,81,72,60,57,55,59,54
181,192,175,173,206,175,171,167,170,166,169,171,153,143,143,137,132,146,117,119,87,80,68,68,58,77
122,153,172,174,166,179,174,173,181,156,160,163,149,144,143,121,139,136,144,109,122,93,96,97,83,87
150,153,166,171,171,170,168,170,143,183,166,146,157,131,157,145,123,131,132,119,112,131,114,132,106,110
