181,150,145,151,161,162,161,161,157,159,157,159,113,100,97,95,98,109,105,116,91,75,98,84,49,22
158,150,155,162,177,145,164,162,164,163,151,158,95,60,69,81,108,106,100,102,82,67,77,66,77,97
148,156,154,151,155,163,170,166,174,159,155,143,145,103,85,78,77,76,114,100,89,63,67,65,99,96
137,147,156,159,158,165,144,155,158,176,152,158,154,136,124,102,104,97,79,77,72,62,77,80,82,93
153,166,152,149,166,175,172,149,155,155,168,157,149,119,145,99,99,107,89,83,95,84,85,89,81,99
146,135,162,144,158,156,134,157,153,160,141,115,147,135,136,151,104,102,90,94,85,77,81,94,89,92
141,153,129,153,155,148,151,156,149,156,147,159,145,133,131,142,119,95,77,50,72,77,84,81,77,85
139,127,140,153,149,132,143,153,162,160,168,169,164,149,124,123,108,79,44,59,70,67,83,69,82,87
148,133,137,151,160,147,153,151,151,154,160,165,142,135,103,102,87,64,80,83,75,84,77,78,101,86
141,132,140,139,154,166,164,177,151,167,159,139,145,140,83,103,104,99,80,92,94,77,92,79,84,93
135,134,137,147,153,171,164,131,154,143,150,158,126,133,97,118,136,140,96,104,84,80,82,78,83,96
141,145,148,125,155,152,136,151,138,138,144,119,123,131,130,116,145,104,126,103,85,91,106,92,44,43
106,117,161,151,160,148,131,148,137,118,119,106,112,125,116,106,103,93,56,79,87,108,82,31,27,40
105,142,151,151,144,150,148,145,143,138,116,94,113,121,118,83,74,54,11,55,85,63,75,25,37,52
101,130,142,149,140,139,150,130,137,136,129,127,124,101,99,89,91,62,15,75,76,74,82,28,17,22
107,117,158,138,141,135,134,132,156,139,127,127,115,115,100,92,81,51,25,66,63,65,72,24,15,17
116,124,148,127,143,138,139,129,130,130,120,91,86,101,97,89,70,52,22,44,54,60,13,18,15,19
148,127,137,150,134,129,139,121,144,118,111,114,87,99,94,88,89,51,16,18,6,28,21,11,11,18
139,135,137,148,136,144,143,130,126,121,112,85,89,99,112,88,83,41,29,38,7,9,12,9,4,14
139,148,148,147,153,155,141,138,124,122,108,90,82,96,105,85,88,52,45,25,11,12,26,11,6,18
152,148,154,155,149,148,149,127,119,118,131,94,84,96,93,105,67,33,41,42,12,16,15,8,11,1
127,155,165,143,145,143,141,112,97,105,108,84,67,80,104,95,55,30,68,48,12,16,14,19,8,13
135,159,148,146,135,132,152,129,122,102,98,81,79,80,84,52,46,44,67,52,17,8,16,7,6,10
127,135,145,151,139,143,139,132,112,115,87,97,72,80,106,32,24,59,68,47,19,54,14,11,15,15
135,138,125,140,133,135,118,113,104,102,104,98,69,77,94,23,9,2,23,8,2,29,12,8,15,33
144,131,139,147,135,143,113,123,115,95,111,103,76,85,71,21,14,8,0,7,5,7,17,7,20,17
112,137,131,148,137,129,127,111,120,118,110,107,82,70,79,26,12,2,7,1,6,4,13,15,5,24
137,134,136,142,129,138,122,132,107,119,120,112,79,64,76,44,15,5,11,11,5,6,10,8,12,20
133,143,140,146,125,123,117,128,107,135,118,108,79,63,65,57,15,2,5,12,3,11,9,13,12,14
150,138,140,138,124,123,125,114,121,115,99,95,86,70,51,55,18,5,4,9,4,12,9,16,14,9
