94,107,99,88,94,99,91,76,73,80,67,68,71,61,57,61,60,71,52,46,66,70,68,68,67,91
77,97,110,84,86,102,99,100,104,93,86,101,90,96,74,73,61,51,35,44,49,50,51,60,70,68
97,112,103,105,112,119,110,117,130,115,124,130,121,113,99,95,94,76,46,37,32,40,48,58,70,69
117,111,115,116,115,139,140,125,123,125,126,131,151,132,114,107,108,104,65,38,36,40,44,54,64,82
141,130,131,144,130,127,117,115,118,115,133,126,132,138,126,125,100,85,67,58,60,53,48,57,70,86
131,121,136,129,120,135,127,130,128,115,122,122,123,131,123,103,96,83,67,75,69,75,76,74,86,84
117,106,125,129,122,115,93,105,106,100,107,104,111,110,118,92,95,83,81,87,78,95,107,95,95,91
114,119,110,118,119,131,125,117,93,97,105,103,108,102,98,94,90,102,103,109,109,113,122,114,102,108
91,87,105,113,102,118,121,122,114,116,112,117,112,113,105,120,135,128,130,113,112,117,126,129,128,98
98,96,124,129,118,127,126,130,121,123,127,128,136,133,130,127,136,127,132,123,121,128,135,136,141,121
108,117,126,106,109,142,138,116,103,126,133,120,124,122,126,128,132,129,127,131,119,113,122,130,132,101
115,106,108,109,116,119,112,121,115,118,121,122,132,134,120,121,119,130,127,132,122,125,124,114,121,117
116,105,98,95,108,117,111,107,101,112,117,118,127,137,139,149,138,138,140,140,125,124,118,103,103,101
94,94,105,103,104,104,102,106,111,124,125,128,137,131,135,134,137,136,134,131,111,103,108,117,108,93
78,86,85,91,90,94,102,105,110,114,119,122,124,122,129,123,123,116,124,104,89,87,84,86,82,90
71,78,78,89,83,87,102,107,113,111,113,125,120,120,106,96,96,100,109,83,69,66,65,78,75,87
65,73,71,73,72,82,90,99,98,101,101,112,101,80,87,100,96,94,64,50,44,44,52,49,49,41
55,60,54,57,58,69,75,81,82,90,84,73,76,70,71,57,40,50,53,38,46,41,46,54,34,29
42,41,45,49,61,50,57,39,41,37,39,40,25,36,38,18,33,29,29,40,39,42,47,27,41,20
17,28,28,39,41,45,43,48,38,34,44,45,44,40,32,34,32,25,40,37,33,29,30,28,36,31
21,31,28,25,26,25,36,34,35,34,35,32,38,39,28,41,32,33,38,35,28,35,17,27,22,33
3,10,22,23,19,38,25,26,23,45,33,31,21,26,16,28,34,35,30,14,28,23,20,25,11,22
0,8,17,14,21,28,28,10,13,28,27,17,24,15,17,30,28,34,36,21,3,8,26,15,27,7
10,29,18,9,8,17,34,33,30,28,39,31,22,23,32,17,35,33,29,30,21,30,13,23,10,12
12,10,18,8,25,29,30,20,31,35,30,28,42,32,33,33,38,35,33,21,24,39,31,32,27,23
29,29,38,22,16,17,22,23,42,39,40,28,50,38,46,42,35,35,36,26,20,16,40,38,27,129
34,30,37,18,21,16,20,31,30,25,35,25,21,27,27,36,26,37,26,27,31,36,20,43,45,126
12,1,8,9,4,12,11,17,34,26,32,35,27,32,42,25,30,23,35,38,11,16,36,30,131,129
18,11,10,6,22,19,12,25,31,39,18,40,26,46,35,32,24,18,26,15,23,28,34,131,129,126
30,33,23,31,38,41,32,26,38,31,24,35,43,36,36,36,36,35,34,32,24,37,128,125,129,127
