128,126,128,127,131,157,176,158,167,175,153,177,162,165,173,142,154,158,139,128,127,142,119,113,117,128
125,129,129,125,131,156,160,154,139,164,163,184,165,154,146,160,125,141,122,127,142,135,127,126,139,125
129,130,129,125,128,136,145,141,152,152,173,172,179,160,150,135,137,119,130,129,126,128,124,129,122,114
131,127,128,128,130,121,157,141,127,164,158,155,159,169,150,147,142,130,115,120,116,118,117,109,122,124
128,126,128,128,132,125,157,147,143,144,165,151,161,132,136,122,112,119,121,117,120,128,108,118,113,118
126,132,130,124,129,131,133,142,154,146,158,161,160,155,132,124,127,128,129,120,117,120,116,117,110,113
127,130,127,128,131,127,130,146,142,145,138,164,151,140,132,138,120,122,122,119,115,115,115,115,108,106
127,130,127,127,130,127,129,141,149,133,144,146,153,152,135,140,128,128,124,115,109,111,114,116,106,114
127,130,128,126,129,127,128,135,132,127,143,152,147,154,119,122,125,127,124,119,118,122,122,118,117,114
127,130,128,126,128,128,128,130,141,128,124,128,145,145,143,134,130,137,139,131,124,121,117,112,113,108
127,129,128,127,128,129,129,128,126,126,113,135,143,141,142,133,133,143,145,132,117,111,111,112,109,114
127,128,128,128,128,129,129,128,140,126,135,130,162,143,154,139,125,128,126,120,114,111,110,109,112,116
128,127,128,130,128,128,129,128,132,118,116,128,155,160,146,126,120,115,111,110,112,111,106,102,106,107
129,126,128,130,128,126,128,128,111,122,119,135,137,142,132,118,111,109,107,106,105,105,108,112,107,114
128,128,128,128,128,128,128,128,128,111,121,126,140,127,138,111,104,102,101,104,100,112,131,148,151,163
128,128,128,128,128,128,128,128,128,124,126,115,117,122,111,119,123,134,167,178,173,194,175,171,183,194
128,128,128,128,128,128,128,128,126,189,197,188,196,189,199,191,181,193,190,183,180,177,174,187,193,183
128,128,128,128,128,128,128,128,133,189,202,200,180,188,184,194,193,178,166,168,172,165,177,172,182,175
128,128,128,128,128,128,128,128,125,130,190,193,186,170,168,175,169,178,170,171,167,173,151,168,161,161
128,128,128,128,128,128,128,128,126,131,192,195,171,182,175,166,183,158,160,148,165,151,166,158,158,168
128,128,128,128,128,128,128,128,127,130,192,174,170,183,173,155,162,168,145,161,150,140,147,154,150,152
128,128,128,128,128,128,128,128,129,127,126,167,178,155,165,151,143,142,155,146,150,150,162,153,147,162
128,128,128,128,128,128,128,128,131,123,129,168,161,173,152,161,162,158,141,112,143,129,123,144,148,140
128,128,128,128,128,128,128,128,125,129,127,159,143,151,134,135,148,126,144,135,125,123,140,133,149,151
128,128,128,128,128,128,128,128,130,130,127,128,133,130,141,133,142,124,143,139,114,111,125,114,133,149
128,128,128,128,128,128,128,128,126,124,131,124,142,133,142,125,126,123,122,119,115,113,115,118,120,127
128,128,128,128,128,128,128,128,132,129,127,127,127,132,121,120,123,120,112,112,112,113,113,113,115,114
128,128,128,128,128,128,128,128,126,126,131,131,126,125,108,113,109,113,109,113,116,115,117,118,118,118
128,128,128,128,128,128,128,128,130,129,128,122,125,118,117,121,113,120,115,113,117,109,110,110,110,114
128,128,128,128,128,128,128,128,124,133,122,134,130,125,114,110,112,107,109,112,111,111,125,115,118,112
