164,162,129,114,84,107,125,137,115,126,113,95,96,101,112,117,123,170,203,222,209,198,152,142,216,135
197,176,138,113,119,130,134,119,127,115,97,92,92,113,124,114,158,145,117,117,173,197,201,173,118,164
179,151,128,122,107,124,129,91,98,85,66,79,122,153,180,213,197,175,154,143,151,151,165,138,150,154
162,162,183,208,205,216,226,223,216,186,135,133,95,77,91,96,116,145,128,153,174,143,163,142,147,147
154,96,78,65,88,90,113,113,91,87,99,90,97,89,96,122,150,148,152,149,148,167,166,161,160,164
108,75,81,94,113,138,120,104,116,119,111,110,109,106,123,148,145,132,151,149,155,161,148,149,146,160
89,107,69,109,155,136,117,116,120,115,121,116,104,139,144,150,152,153,147,171,166,166,159,145,162,165
103,129,111,132,139,141,130,119,115,115,128,129,138,167,150,155,163,159,155,167,179,144,165,173,174,152
149,143,151,155,134,139,144,133,131,127,151,154,157,176,171,155,156,162,155,176,148,156,139,150,161,157
146,155,139,162,141,151,143,133,160,153,157,167,163,179,177,156,155,161,163,148,155,161,154,164,163,177
167,158,158,138,155,152,138,155,169,166,172,179,159,187,157,160,164,159,142,149,156,149,142,152,176,145
136,146,160,163,141,149,169,169,168,188,172,178,161,152,143,158,146,156,168,144,161,163,163,159,158,140
151,158,165,116,121,144,156,159,170,153,184,174,152,159,157,168,154,151,186,147,163,172,170,159,149,108
177,165,164,180,143,175,167,182,176,176,170,156,161,161,176,180,156,142,158,172,145,171,145,135,89,116
173,178,149,168,174,155,191,156,159,164,167,178,180,150,157,160,164,165,164,144,187,171,144,105,120,129
182,156,175,166,160,193,193,157,143,165,159,147,158,143,140,156,114,145,152,149,157,145,121,133,123,168
176,164,185,161,179,184,184,169,157,143,178,165,169,155,156,152,143,168,147,148,178,131,105,146,147,159
187,192,197,193,175,162,177,171,178,145,160,167,162,149,137,141,136,157,156,165,135,138,150,154,165,182
204,193,189,194,181,188,175,179,150,186,164,160,153,152,153,138,129,160,146,139,145,151,161,179,149,190
182,176,204,189,194,185,160,180,163,168,189,158,141,149,161,146,151,132,144,125,136,167,191,196,150,191
186,172,197,184,181,175,161,152,163,159,160,156,184,154,132,161,114,131,137,135,165,170,185,193,182,170
181,178,190,198,190,184,148,156,156,178,171,155,150,152,152,139,140,128,123,176,153,165,183,173,166,159
164,189,173,175,180,186,162,140,177,176,185,165,171,129,154,134,136,138,112,161,156,150,159,182,153,126
137,180,179,182,199,186,183,206,165,148,162,157,148,123,126,135,132,111,131,187,166,150,145,138,132,129
168,172,181,186,193,162,175,186,190,148,164,152,155,147,129,122,149,118,142,187,168,140,137,125,107,90
193,174,186,187,185,181,168,172,178,149,156,153,143,153,140,133,146,128,146,152,158,140,121,92,62,37
200,180,196,180,159,166,166,177,154,176,165,152,151,143,144,130,141,126,123,157,172,135,114,60,27,19
183,171,196,186,172,174,185,154,161,182,139,142,135,157,141,152,141,134,112,133,146,118,80,49,22,12
190,175,177,153,181,173,178,175,163,177,176,152,154,146,150,135,143,149,113,110,134,106,82,51,32,20
191,166,174,181,178,158,192,178,161,158,160,167,158,151,151,162,160,129,112,86,114,122,103,66,48,40
