123,133,128,133,121,196,189,186,190,206,188,183,144,140,171,201,185,205,167,183,184,168,176,145,158,150
125,130,120,132,134,198,195,176,187,186,178,184,129,154,173,180,165,143,180,178,192,169,145,174,136,136
132,127,132,124,126,131,186,191,195,181,177,168,165,164,176,166,168,188,143,170,180,158,146,155,144,153
127,124,131,129,134,121,186,184,185,192,179,179,156,149,177,194,160,172,186,158,183,169,154,141,165,153
128,132,128,128,121,133,202,209,160,159,161,183,118,144,180,187,181,141,168,166,157,164,157,134,143,139
129,124,130,131,128,127,179,178,175,169,171,143,128,144,156,161,153,161,143,146,134,149,129,133,133,121
127,128,127,129,127,129,129,185,160,172,156,144,120,168,192,176,147,151,161,134,158,118,125,128,117,110
128,128,126,129,127,128,129,184,184,145,158,155,148,132,174,163,151,126,155,147,142,134,132,124,95,119
129,127,127,129,126,127,128,176,171,167,172,156,139,131,138,158,174,133,140,131,116,121,109,121,122,96
128,128,128,128,127,129,127,158,169,156,166,126,136,148,151,177,151,154,119,113,129,136,134,113,101,108
126,129,130,127,127,131,125,137,176,153,191,151,136,146,170,148,119,121,129,123,109,106,104,110,102,119
126,129,131,127,127,131,125,126,147,163,143,112,128,163,161,131,163,48,112,109,125,96,118,84,103,111
128,127,129,128,127,129,127,125,138,141,142,117,131,153,162,134,125,105,99,103,107,86,91,78,78,82
130,125,128,129,127,126,129,130,142,140,148,103,129,151,141,135,131,110,101,77,80,97,83,60,97,80
128,128,128,128,128,128,128,128,126,116,137,106,120,150,166,92,98,89,97,98,58,94,63,64,71,46
128,128,128,128,128,128,128,128,129,129,132,81,124,132,113,110,102,113,75,82,97,70,69,56,88,74
128,128,128,128,128,128,128,128,125,158,113,99,143,100,120,116,102,76,88,92,62,53,64,62,84,100
128,128,128,128,128,128,128,128,130,141,123,125,144,137,117,124,114,101,95,78,61,60,73,94,83,105
128,128,128,128,128,128,128,128,128,128,126,115,159,134,120,115,103,96,105,67,77,47,86,60,91,78
128,128,128,128,128,128,128,128,127,125,129,109,152,107,120,114,113,102,105,89,44,66,85,57,65,68
128,128,128,128,128,128,128,128,126,133,123,130,127,126,117,126,109,127,103,75,85,76,62,58,73,60
128,128,128,128,128,128,128,128,128,125,130,120,138,163,118,132,115,115,104,87,72,74,46,51,67,66
128,128,128,128,128,128,128,128,126,131,127,130,170,136,108,95,121,112,109,77,68,62,71,42,43,48
128,128,128,128,128,128,128,128,128,122,129,123,144,136,72,82,119,110,103,89,79,77,68,49,34,33
128,128,128,128,128,128,128,128,133,131,125,128,136,142,94,66,124,110,100,109,84,71,69,36,36,36
128,128,128,128,128,128,128,128,122,130,129,127,157,136,92,109,138,128,115,101,104,63,78,55,36,43
128,128,128,128,128,128,128,128,131,130,126,126,164,147,116,133,110,106,114,121,83,73,59,47,42,55
128,128,128,128,128,128,128,128,123,126,132,130,123,131,132,127,108,131,112,106,94,50,63,49,47,51
128,128,128,128,128,128,128,128,134,127,128,125,128,141,115,128,121,122,127,113,85,74,50,56,66,57
128,128,128,128,128,128,128,128,121,138,121,130,129,127,130,113,110,130,104,116,90,86,64,75,74,68
