7,4,5,5,5,7,6,5,6,8,10,12,14,15,14,14,15,16,18,17,20,23,21,20,18,14
12,8,8,9,12,15,16,15,15,17,16,17,19,19,17,17,19,20,18,18,22,26,28,29,29,25
22,19,19,20,20,22,24,24,23,22,26,24,23,25,28,29,28,26,29,29,31,44,40,41,40,49
36,41,34,38,40,39,35,32,33,36,38,36,33,33,34,35,34,33,32,35,36,43,38,38,35,39
53,56,55,54,52,48,43,39,36,35,33,31,28,26,26,27,28,29,30,31,28,27,25,31,36,40
68,65,62,58,53,47,42,36,31,28,23,22,21,19,19,21,23,25,25,28,29,29,27,28,29,30
75,68,55,55,52,44,34,28,26,27,19,19,20,20,21,22,24,25,27,29,33,35,36,33,33,34
77,66,54,51,45,37,31,25,22,20,19,20,22,23,24,24,25,25,28,27,31,33,38,37,43,45
73,60,53,45,36,30,29,26,21,16,23,24,25,27,28,28,27,26,25,28,34,33,39,40,44,41
58,46,42,39,33,29,27,25,24,23,21,22,23,25,26,26,25,24,25,27,31,24,34,44,57,56
49,46,36,35,33,29,24,24,26,24,21,25,25,27,23,15,17,18,15,14,16,15,23,31,47,50
53,39,42,36,30,27,24,24,25,23,20,26,16,12,16,15,12,9,10,10,10,7,10,12,12,18
45,42,45,35,29,29,28,27,25,22,21,25,16,17,27,21,11,8,6,9,9,8,13,14,12,15
64,45,38,31,29,32,30,25,21,17,21,21,28,48,48,25,13,13,12,12,10,8,12,10,20,8
59,57,33,29,30,32,26,20,17,15,23,25,47,71,53,20,12,15,11,9,9,12,18,14,46,17
59,46,38,33,31,28,21,18,20,21,33,43,64,73,45,15,13,15,18,14,12,16,16,8,43,15
63,52,46,38,29,23,19,22,28,30,42,61,68,62,41,18,13,17,16,13,12,22,21,19,45,44
63,55,48,37,25,18,18,26,33,33,44,65,62,52,42,20,9,17,12,9,5,15,11,13,25,50
62,56,40,26,21,23,23,26,35,40,40,49,57,60,52,29,11,9,12,8,7,10,9,14,16,40
57,42,35,24,21,25,23,22,27,29,38,45,54,61,60,43,20,5,14,10,12,17,12,11,17,46
56,45,40,31,28,30,28,26,29,32,29,30,35,42,47,47,36,22,13,8,10,18,16,21,41,79
58,53,42,36,32,32,31,29,31,34,34,29,27,26,25,31,35,31,17,14,14,25,26,38,63,97
72,65,47,43,38,35,33,31,30,31,38,32,32,31,24,24,28,28,26,28,29,38,37,47,60,74
70,65,62,56,44,35,33,32,31,34,31,28,30,33,32,29,28,27,28,34,34,42,42,51,58,57
77,74,66,60,45,35,35,34,32,34,31,31,29,28,31,31,28,26,30,36,34,43,43,56,66,62
89,77,61,60,51,46,48,44,36,33,29,34,31,26,30,35,34,34,38,44,42,50,47,57,67,63
88,82,77,64,50,48,47,46,40,36,28,34,31,32,29,34,33,38,39,49,47,51,56,68,60,66
95,96,76,72,70,58,54,44,45,45,43,43,31,43,29,37,29,40,46,43,47,45,62,64,65,67
92,97,93,90,74,67,49,48,41,44,42,39,40,44,45,40,39,41,44,45,46,56,60,75,71,76
96,103,105,93,89,75,75,57,53,47,51,49,56,44,51,44,49,42,47,49,60,53,60,66,75,76
