68,60,47,40,33,19,17,18,16,21,17,15,14,16,17,16,15,16,14,16,20,21,18,15,21,29
96,96,81,79,67,54,23,20,12,12,16,14,11,11,14,16,17,16,9,15,20,20,18,19,24,28
108,108,118,93,84,66,68,34,23,19,7,9,13,15,17,18,17,14,9,15,19,17,15,17,20,19
132,128,124,124,98,89,71,61,45,24,22,16,10,6,5,7,12,16,12,16,18,16,14,15,15,15
162,154,134,132,110,120,101,78,79,53,32,19,11,13,16,15,13,15,14,14,15,17,17,17,18,21
160,163,142,145,152,119,112,124,76,71,68,43,18,10,11,10,8,9,15,13,15,18,18,16,18,22
161,171,162,178,169,141,141,98,101,79,68,54,35,23,18,15,13,11,12,14,15,16,14,13,14,15
169,176,183,179,169,181,143,151,160,115,100,93,74,46,24,15,14,14,8,13,16,14,12,13,13,12
201,184,200,190,185,190,189,180,171,168,151,134,103,72,63,43,18,18,7,10,12,15,18,15,12,13
197,191,204,200,193,193,204,208,185,155,171,167,150,107,81,57,48,15,19,12,16,6,20,10,16,12
197,196,205,202,204,210,208,200,197,201,177,193,167,142,99,77,73,34,19,14,6,12,15,21,16,15
204,196,208,213,213,209,207,212,216,216,219,199,201,178,161,110,85,81,56,33,18,4,11,9,16,14
207,204,215,217,222,225,222,216,212,211,212,224,214,207,191,174,140,108,65,43,32,19,21,13,16,10
208,214,221,222,220,219,226,230,219,204,225,218,217,210,207,179,163,118,91,68,43,32,14,12,8,6
217,217,222,215,217,226,221,208,211,226,221,209,222,208,203,211,176,157,107,80,69,45,39,18,20,8
222,218,222,218,216,218,219,216,209,203,209,223,206,214,227,196,192,174,144,115,88,67,44,30,24,16
216,212,220,205,226,209,215,189,194,208,209,208,215,217,220,195,193,180,160,142,101,75,62,48,28,30
201,219,207,218,197,201,196,203,202,207,209,208,215,221,214,205,189,169,165,134,114,72,79,61,40,24
207,207,213,189,177,194,207,205,190,204,207,209,202,211,198,183,186,176,161,151,114,100,80,66,57,46
218,183,202,183,185,177,211,202,183,191,182,171,185,201,176,156,175,137,148,146,113,101,78,69,65,44
170,189,177,169,176,179,177,187,206,183,176,168,182,168,145,142,149,143,120,131,141,111,76,82,63,56
158,152,175,177,165,158,175,167,158,169,138,147,128,146,123,98,109,110,103,103,111,104,86,86,64,57
128,135,140,136,138,118,142,143,126,136,121,76,92,106,81,93,77,78,91,90,97,92,92,61,72,64
97,89,98,93,89,87,78,77,84,83,77,84,76,63,67,73,77,90,80,88,84,77,65,63,53,43
63,57,59,60,67,58,61,58,42,57,54,37,52,47,55,71,78,71,86,67,66,57,55,49,35,40
41,32,41,35,37,35,33,39,37,32,35,44,36,37,39,41,43,43,36,48,41,29,38,37,35,27
43,38,38,40,39,38,32,33,38,26,37,47,38,41,54,49,47,43,53,53,40,50,42,54,45,36
36,38,32,41,36,33,38,40,45,49,49,48,38,55,42,62,39,37,42,63,75,48,67,76,68,70
38,31,35,39,48,54,57,47,31,29,33,32,49,47,60,57,68,69,68,64,72,67,66,69,53,49
38,60,64,38,35,31,23,37,63,80,84,101,100,102,116,101,121,127,127,133,124,101,151,152,151,130
