49,56,56,54,53,48,49,53,39,36,33,27,34,26,23,31,30,33,32,29,37,29,24,28,16,12
52,57,56,53,55,56,66,59,60,58,49,54,40,45,46,30,34,45,47,48,45,40,43,28,19,24
64,64,57,62,68,74,71,77,60,62,70,57,58,56,54,65,66,48,52,61,50,53,58,52,43,29
74,64,72,75,78,75,86,77,84,80,84,67,71,78,78,71,65,80,76,75,66,74,62,70,62,33
81,86,80,95,72,93,88,82,94,90,94,96,86,96,89,73,85,84,95,83,83,86,73,72,70,58
89,87,96,106,113,96,104,106,103,89,106,92,94,110,97,91,108,98,88,86,88,78,91,79,76,71
90,89,98,104,112,88,88,122,102,98,93,110,118,105,103,117,122,120,101,107,95,87,99,88,83,71
94,97,107,113,106,106,115,115,118,108,122,117,112,128,120,114,134,120,130,128,102,115,101,92,97,93
103,111,117,106,132,117,112,112,112,119,138,135,144,125,146,144,131,140,130,119,123,103,95,87,86,111
130,109,116,130,122,125,93,119,129,118,136,154,143,146,146,158,144,130,149,127,123,114,95,110,123,126
133,131,150,139,151,139,135,128,137,132,140,159,168,160,162,168,126,108,114,127,131,142,147,131,163,151
162,141,177,161,166,157,170,178,161,162,167,187,172,161,168,163,162,164,159,159,179,165,167,152,155,177
174,169,175,176,174,177,160,171,174,190,177,192,181,182,164,162,167,175,164,159,177,184,168,176,154,175
197,188,198,168,178,180,185,188,187,177,194,179,196,195,177,188,180,169,175,188,179,190,183,184,179,182
181,197,177,171,175,174,185,197,183,173,208,197,198,203,195,191,188,162,189,192,202,194,197,192,181,189
194,181,183,200,165,177,196,173,180,199,205,202,195,199,186,207,188,213,198,184,193,211,191,190,194,185
187,181,171,168,173,182,199,192,196,188,193,182,178,181,192,183,185,195,172,176,191,186,192,196,184,205
171,168,189,185,177,191,178,183,172,183,173,183,163,154,143,180,171,169,148,152,162,182,197,163,162,183
164,157,179,180,185,177,170,176,160,157,140,133,128,129,126,139,136,141,134,124,151,157,165,159,178,161
152,167,160,165,176,179,172,151,148,150,118,87,71,63,82,86,100,92,84,97,104,115,127,109,141,133
145,157,166,176,130,156,123,120,99,83,74,75,64,67,62,63,79,73,65,60,66,62,75,76,77,93
105,86,107,105,125,78,69,77,60,60,49,52,52,79,83,71,61,45,50,52,41,34,34,49,57,51
75,51,40,49,38,44,30,26,29,29,33,34,41,34,43,36,34,28,19,34,37,27,27,26,15,41
21,23,29,27,27,28,29,26,28,31,31,26,37,26,32,32,25,37,38,34,33,39,35,33,36,36
24,30,25,34,25,20,23,29,21,34,34,28,45,32,24,37,37,33,37,41,45,37,36,36,41,41
32,26,22,21,25,19,18,13,15,25,28,31,41,49,55,55,65,58,56,50,53,51,49,37,38,24
12,16,13,9,18,28,38,53,62,66,77,108,90,105,103,109,119,154,134,126,120,119,154,140,153,162
19,24,47,63,74,83,73,93,93,98,81,86,85,81,78,80,89,106,97,131,148,148,157,162,163,180
57,80,76,90,90,86,76,87,82,89,87,102,89,87,91,97,83,93,94,104,156,155,151,153,170,172
86,90,87,81,80,73,86,86,86,89,87,99,77,103,79,101,95,92,124,108,142,136,133,136,162,169
