182,194,188,199,198,211,208,199,209,201,203,205,198,202,190,205,199,202,195,186,201,201,193,195,209,200
196,205,193,204,209,202,199,210,218,215,213,218,222,211,210,201,207,202,197,196,187,201,194,205,218,189
194,202,201,202,209,207,205,211,218,229,223,225,222,220,222,210,211,208,207,200,187,193,199,205,184,198
192,186,194,193,200,210,212,206,210,224,228,234,227,234,209,200,190,207,192,200,172,173,201,201,184,176
186,197,178,184,196,192,200,212,207,212,232,219,214,207,208,206,197,199,196,195,192,184,196,188,191,164
165,190,175,176,186,167,178,208,200,210,216,216,197,188,167,195,197,205,191,182,195,174,170,153,156,158
141,161,170,168,154,140,151,171,181,193,211,201,192,150,150,141,182,169,170,184,163,158,160,149,150,139
129,153,154,164,121,115,123,127,162,160,160,175,167,155,125,113,162,163,164,159,153,172,154,149,127,126
91,103,124,136,90,99,124,104,116,130,153,123,150,135,124,111,114,152,141,153,150,147,118,132,132,115
77,78,92,117,113,69,84,79,86,89,95,123,108,107,98,115,91,126,123,130,131,115,116,117,132,142
62,64,91,108,128,80,80,71,67,68,65,108,85,89,87,84,82,119,139,123,110,116,107,123,108,140
68,74,87,79,75,66,56,48,48,56,59,65,69,70,74,76,113,101,113,107,107,109,116,107,134,137
79,71,75,65,47,55,44,51,52,53,59,68,59,55,80,76,89,90,97,92,130,91,120,128,140,140
62,57,59,55,52,50,40,49,43,46,53,45,54,60,78,81,100,105,115,124,128,120,133,151,122,141
44,50,54,49,44,34,25,32,28,43,50,49,53,53,82,95,103,98,104,108,111,121,123,138,104,150
50,45,44,49,32,30,23,32,27,37,42,47,51,81,91,98,94,112,122,128,100,129,127,145,142,160
43,38,33,28,29,25,30,36,31,34,45,45,63,88,97,102,106,99,112,136,120,127,136,147,156,154
46,39,37,28,34,32,39,44,50,45,50,66,71,103,88,100,124,113,122,118,120,139,152,175,155,170
50,48,34,42,46,43,59,51,53,51,66,77,92,102,107,100,96,132,133,112,120,127,161,161,166,172
51,46,48,46,51,54,54,57,78,73,83,93,81,108,101,123,101,115,130,131,136,144,160,160,172,171
56,47,51,66,59,68,75,77,76,80,85,90,86,95,96,124,107,128,134,144,162,157,164,172,182,186
59,61,75,70,63,75,69,84,86,80,96,95,116,102,128,132,124,164,148,159,170,166,180,173,194,197
61,68,65,71,70,77,83,94,89,95,100,108,101,128,132,147,158,143,159,180,172,199,196,194,191,197
73,68,74,75,84,82,81,93,101,113,108,116,107,144,153,154,159,161,176,180,190,197,202,206,185,202
69,69,79,67,94,97,92,111,104,124,108,119,152,145,167,175,175,183,196,191,193,197,193,205,195,201
66,66,79,94,100,94,106,110,132,141,135,162,144,169,173,178,197,192,206,198,197,202,196,212,209,128
80,83,80,113,96,121,110,127,139,145,165,178,182,175,194,170,197,189,203,208,213,204,196,206,205,127
87,93,107,101,119,118,135,128,161,157,163,175,186,197,193,208,195,213,207,207,201,193,204,208,127,131
95,98,101,106,127,148,153,157,166,173,199,197,200,198,209,208,206,210,219,192,204,214,195,127,127,130
108,108,112,147,145,162,169,179,188,211,209,208,202,202,206,211,208,215,206,197,199,184,129,130,128,124
