38,35,28,27,22,32,34,33,41,52,37,33,49,52,56,76,97,194,220,228,226,95,45,28,45,125
50,41,35,43,38,41,44,53,35,54,45,49,54,74,58,94,50,68,72,87,132,137,230,83,27,133
58,68,53,57,72,65,60,58,50,53,83,82,83,70,81,96,109,100,131,101,101,140,107,233,36,125
85,92,102,93,87,74,56,74,84,74,70,70,62,71,110,76,108,121,118,124,129,146,67,247,39,130
110,110,119,114,110,99,88,110,105,86,95,104,133,69,123,98,119,121,132,158,153,85,51,203,47,131
114,126,136,124,135,149,122,100,120,142,136,133,125,127,149,163,170,170,172,170,190,89,91,178,30,123
53,67,101,122,147,164,147,137,127,143,129,142,127,121,191,193,173,175,148,202,176,124,96,119,55,135
107,106,70,64,89,134,177,163,176,169,171,161,137,155,194,216,201,199,151,33,18,20,9,10,11,117
104,104,119,156,115,54,93,149,138,168,172,165,159,177,179,212,231,218,88,203,128,116,136,46,42,132
83,85,134,138,149,167,110,74,119,188,184,172,176,197,183,194,225,227,102,121,109,145,111,87,63,132
105,127,120,128,139,165,158,186,100,94,141,183,178,176,199,204,223,233,220,111,201,185,118,152,83,122
116,166,157,133,144,171,184,170,164,113,54,126,142,191,185,215,216,241,219,220,220,196,123,142,124,132
17,38,63,91,160,139,188,183,154,180,99,81,139,148,197,214,226,232,242,224,228,167,135,179,134,127
19,10,12,26,57,151,160,213,193,191,142,91,78,125,179,207,206,224,232,243,234,213,140,187,161,129
25,25,18,16,22,29,104,190,199,195,179,105,128,123,145,202,218,226,239,238,242,213,186,178,174,127
31,30,18,37,28,21,25,104,214,200,207,192,90,144,152,181,209,222,237,239,239,218,215,204,179,124
29,101,100,206,200,24,27,35,77,153,207,179,187,108,133,180,214,233,230,244,234,240,200,220,211,133
36,72,177,216,244,231,29,24,30,72,119,176,182,159,112,160,192,215,229,234,239,232,215,245,202,127
26,43,189,235,246,254,171,31,31,31,40,93,141,200,193,174,180,210,221,234,232,233,211,250,215,128
19,31,204,241,238,240,165,124,39,25,39,43,89,142,198,180,189,202,229,227,237,229,216,255,214,129
21,131,205,233,243,201,115,74,33,28,37,22,72,133,168,153,191,213,224,239,237,223,221,243,207,126
75,121,96,96,74,82,72,62,48,44,56,67,90,107,199,173,187,212,221,244,239,229,230,237,206,125
141,116,82,79,92,122,87,106,90,96,110,66,126,191,182,205,202,200,234,236,243,234,224,236,214,129
121,93,155,162,123,160,172,153,189,171,157,161,137,175,197,197,215,209,230,244,241,228,214,228,215,129
132,127,156,177,178,195,198,197,195,198,210,197,196,209,211,218,218,228,218,244,229,224,224,232,212,127
99,142,114,163,148,125,178,210,194,211,202,193,211,229,220,232,237,243,232,224,216,222,232,242,214,129
121,136,152,154,188,184,181,212,190,205,219,200,181,173,204,190,190,194,190,212,220,226,232,227,226,125
53,81,76,109,134,128,118,152,146,200,192,189,195,190,221,209,212,222,204,217,233,222,241,232,228,126
76,61,97,101,98,140,139,177,165,214,205,209,211,206,216,226,224,216,222,226,231,233,244,237,232,127
70,114,77,124,113,156,140,198,193,206,191,212,212,222,220,218,224,226,230,230,238,249,236,250,236,129
