58,64,57,49,63,65,55,69,58,69,58,47,62,48,48,46,44,45,46,40,40,47,46,35,44,43
72,60,57,60,75,67,84,72,76,82,64,49,55,58,49,44,71,58,42,47,53,49,43,38,46,40
82,74,67,72,65,70,70,69,61,72,71,69,61,53,45,66,68,63,48,55,58,59,59,79,61,68
88,85,64,72,65,61,60,67,81,74,75,63,63,66,75,61,57,63,77,58,53,45,64,65,70,88
94,89,88,75,79,65,70,68,78,86,73,76,80,100,84,83,78,78,75,92,57,60,80,70,81,86
100,82,70,88,82,89,83,77,63,78,71,79,85,79,96,88,78,75,102,76,70,88,82,83,80,77
97,88,87,94,87,100,103,89,96,78,77,59,83,87,85,96,109,90,94,101,84,98,94,89,96,80
109,105,128,98,97,98,106,87,90,89,89,99,75,85,88,87,116,95,106,108,95,105,96,104,105,119
141,119,139,137,135,125,136,116,115,88,103,103,106,114,99,115,110,120,111,99,104,125,128,127,143,139
147,146,182,145,155,159,143,156,111,120,116,129,129,132,111,125,134,117,125,91,123,152,149,151,154,151
184,164,171,160,163,150,146,146,125,125,104,124,121,105,144,127,143,160,142,135,140,156,144,168,172,165
177,175,176,183,158,173,162,138,140,119,128,130,132,157,155,141,121,131,163,152,162,176,182,162,187,186
181,178,194,186,186,171,161,175,166,160,143,154,159,171,144,150,142,164,193,172,187,192,206,175,190,192
189,188,190,181,179,186,188,188,166,174,191,162,171,176,172,183,174,183,200,202,192,185,209,186,205,206
204,187,193,203,214,187,212,181,182,189,203,187,198,187,185,195,189,196,200,217,201,199,215,218,210,201
208,207,185,206,215,202,218,205,195,197,182,197,198,198,181,210,209,218,225,235,216,225,223,208,213,230
218,217,203,229,216,213,214,215,200,212,196,193,176,190,224,211,212,219,234,229,243,231,222,224,227,239
232,228,222,216,209,216,221,214,217,186,208,209,208,214,218,215,237,236,227,248,243,235,236,239,230,224
228,224,228,221,238,225,220,219,217,228,212,234,220,224,211,229,242,238,235,234,243,231,238,240,235,220
211,214,232,250,242,231,223,212,208,221,214,223,210,214,214,231,238,239,231,234,232,248,224,223,227,224
206,210,233,245,230,231,232,229,217,223,225,224,209,200,206,242,228,222,248,237,244,237,242,215,219,202
201,208,230,217,239,228,238,230,236,216,223,215,209,221,212,231,237,228,231,236,224,219,207,217,208,213
183,181,209,211,217,233,213,245,234,226,221,230,225,226,230,236,232,243,215,221,229,214,187,207,182,187
142,186,212,213,222,223,223,231,231,234,183,208,218,244,196,243,236,213,218,206,210,223,176,190,168,179
123,168,177,207,223,221,219,219,225,221,200,202,224,220,212,208,190,203,192,166,187,195,172,139,109,143
89,114,167,191,200,205,220,214,222,223,222,213,209,221,194,196,199,179,202,177,198,128,148,113,110,106
70,103,123,160,187,174,214,219,232,222,183,215,219,190,196,214,191,209,193,166,171,147,108,103,91,65
41,54,117,119,145,163,206,192,215,232,215,220,222,195,212,171,183,182,149,154,119,123,136,90,70,47
50,64,96,99,107,135,185,195,168,217,205,204,213,189,230,175,166,153,122,107,86,91,48,48,30,39
47,52,65,80,69,107,167,200,207,173,213,200,201,188,194,179,110,132,115,97,79,71,34,33,23,23
