76,89,97,101,111,101,107,118,112,126,114,116,90,124,107,90,86,97,100,80,95,84,89,109,114,95
92,93,81,90,95,103,108,108,112,100,97,112,111,105,96,107,112,112,98,119,92,96,112,97,101,105
79,91,93,99,115,102,119,124,99,106,121,108,121,115,100,118,95,107,112,103,100,98,88,100,106,97
83,89,80,107,133,111,92,90,121,126,122,115,123,122,98,102,122,96,106,107,98,119,113,93,88,104
98,92,81,92,100,113,123,106,121,115,123,124,131,118,116,115,109,105,106,109,109,113,101,92,107,97
103,102,88,102,99,99,97,127,108,123,122,121,128,123,119,120,125,121,111,105,110,113,119,107,105,135
105,88,101,130,102,119,115,125,125,123,110,135,122,114,99,105,121,97,115,113,117,94,132,118,98,98
106,112,115,112,114,125,121,115,132,122,148,117,107,122,130,128,120,98,117,107,131,125,125,97,133,105
120,108,101,123,106,118,122,125,127,118,124,138,129,132,137,127,117,126,123,133,128,116,123,103,131,113
101,115,105,110,119,113,123,124,121,129,128,125,120,128,141,143,136,127,126,137,143,137,141,124,117,123
105,117,116,108,134,132,123,134,139,125,130,112,125,119,138,141,141,148,148,139,125,132,132,130,143,158
97,112,113,114,127,126,116,129,130,149,141,136,134,137,125,148,124,139,144,136,139,135,142,159,150,139
113,126,112,133,135,127,139,138,133,142,135,138,127,124,143,146,165,136,147,138,135,153,159,174,159,141
117,123,127,140,128,129,117,122,137,125,138,141,156,147,139,150,101,138,147,143,161,151,159,140,157,152
122,108,123,129,123,135,129,136,142,156,143,131,137,141,130,131,156,135,150,150,156,149,138,136,159,145
108,105,102,119,123,116,127,133,126,138,132,126,145,139,132,144,134,144,136,131,161,153,153,152,158,160
93,120,102,108,99,122,137,98,119,120,115,120,126,132,132,141,147,137,116,133,145,148,150,179,182,151
87,71,84,84,82,69,85,92,111,89,88,96,92,125,131,124,134,118,132,137,139,144,156,158,171,182
58,76,71,77,79,101,67,98,93,113,77,103,135,121,117,111,119,97,135,147,137,135,142,138,133,149
70,55,70,48,61,63,74,57,88,86,81,79,67,71,96,95,113,116,129,145,135,119,148,148,148,161
54,54,57,65,62,59,70,66,63,54,69,54,63,72,105,84,99,115,87,94,115,105,120,139,163,157
42,45,44,39,37,45,48,52,43,55,39,45,61,54,59,80,83,86,92,78,88,104,84,84,117,141
29,26,37,37,36,31,41,27,28,36,42,31,41,56,42,46,59,51,47,46,64,53,68,64,72,84
27,25,33,31,28,23,22,23,29,26,23,30,21,27,24,29,33,29,44,45,39,42,42,42,51,61
22,22,17,15,19,23,19,23,24,23,25,25,23,22,21,22,24,26,24,24,29,36,41,38,37,48
16,19,20,19,18,14,11,16,17,18,20,21,20,20,17,18,21,23,24,24,26,28,29,38,34,37
10,9,11,17,19,15,10,14,15,14,16,16,15,16,15,16,17,20,23,26,27,26,23,33,30,30
15,14,12,15,15,11,12,15,14,13,14,13,12,14,17,17,17,17,20,24,27,27,28,25,26,30
18,17,13,15,15,10,12,13,12,11,13,12,11,13,14,16,16,15,16,19,22,24,29,24,24,29
19,18,17,20,21,16,18,17,13,12,13,12,10,12,7,9,12,15,16,16,19,23,25,30,27,26
