125,130,13,21,13,10,9,0,0,5,9,13,25,37,36,27,12,13,75,162,158,139,135,155,166,169
129,127,19,16,6,16,5,5,7,5,4,11,28,37,22,0,41,101,148,134,156,158,141,164,162,157
128,127,29,26,9,11,8,5,3,4,4,19,43,21,11,29,100,144,173,161,157,170,151,153,164,166
127,129,17,15,9,9,10,11,1,5,6,46,24,6,21,92,153,142,147,170,154,162,137,173,177,163
126,132,12,12,14,9,13,17,12,3,11,52,17,13,57,132,144,157,149,163,162,150,158,168,165,151
127,131,26,24,21,12,14,19,11,7,49,46,14,24,106,146,144,156,149,154,159,170,153,164,162,150
128,128,44,37,22,14,12,18,18,15,70,39,12,55,143,146,149,153,166,163,155,159,149,158,149,140
129,125,49,37,19,14,10,17,12,26,79,45,4,75,147,159,161,144,155,157,155,157,166,135,140,129
127,127,40,26,19,14,12,16,20,38,72,32,20,110,141,146,159,138,140,157,135,160,151,154,158,103
125,129,29,17,23,17,14,16,17,50,86,22,38,125,137,135,140,154,133,152,149,156,151,142,135,86
129,127,35,46,46,26,21,16,27,104,95,24,48,115,137,124,142,148,132,136,141,153,140,131,143,103
127,129,47,58,46,43,16,14,32,98,117,23,61,93,118,136,147,134,149,135,123,131,137,140,112,74
128,133,61,55,45,38,21,17,24,141,110,21,58,111,116,132,116,130,140,127,118,121,141,133,128,92
126,128,47,38,36,24,27,15,29,154,127,25,80,101,130,129,140,125,120,138,119,119,143,132,128,119
128,126,39,46,39,39,29,17,30,140,114,27,48,110,125,124,131,129,120,117,129,149,140,146,115,107
132,127,69,66,58,51,29,21,48,164,137,34,55,121,116,96,135,123,126,131,134,134,132,142,151,117
129,125,80,65,60,42,29,19,52,125,115,26,47,101,114,130,115,137,134,129,132,144,143,152,147,93
128,128,57,56,47,44,36,20,49,47,94,39,43,105,98,115,110,125,145,148,129,160,133,144,129,112
127,130,55,40,38,28,19,20,41,26,54,58,27,93,85,90,106,109,132,152,147,150,159,144,152,100
127,133,49,52,41,22,25,20,37,33,32,57,18,88,90,109,107,99,108,118,127,154,132,139,116,89
128,124,71,61,46,47,31,28,37,42,27,62,13,63,90,112,110,103,111,129,133,139,156,140,95,76
128,128,87,81,68,65,48,30,31,43,30,46,14,41,102,104,107,114,119,121,142,154,154,139,102,110
128,134,123,115,106,97,71,56,53,29,8,38,41,12,75,117,108,127,131,123,109,139,129,133,153,132
132,119,93,71,93,125,95,79,60,48,15,25,49,15,46,108,122,100,115,124,118,141,139,142,128,114
125,134,58,39,49,82,113,122,83,59,22,21,46,25,20,81,122,97,133,115,129,130,117,140,144,139
129,124,39,46,50,64,78,109,124,72,28,7,28,32,5,33,100,105,120,113,114,124,144,116,141,143
129,130,29,41,58,59,71,94,126,93,39,14,16,33,23,1,55,121,105,132,113,120,114,85,128,120
126,129,28,50,67,70,73,101,118,112,45,16,16,33,47,18,16,64,109,97,100,101,98,89,96,100
128,128,49,56,52,70,77,137,156,136,55,20,18,29,42,23,16,12,63,92,106,105,80,85,108,122
132,123,46,70,51,70,102,123,133,130,35,7,17,40,77,52,33,23,7,52,111,106,110,107,130,125
