168,165,136,133,136,145,130,142,148,147,150,144,132,129,134,128,132,135,138,129,137,138,139,131,131,132
170,159,158,156,154,143,154,138,145,144,138,129,130,130,122,132,121,130,121,124,125,128,126,128,129,125
179,166,159,167,163,169,179,166,156,151,152,143,149,139,141,150,140,134,128,138,134,137,127,128,129,128
175,180,174,166,174,165,176,168,169,157,157,166,155,170,147,147,140,156,137,140,139,144,141,139,138,143
180,180,196,188,193,176,177,185,180,177,177,184,171,166,172,163,153,153,159,152,152,145,151,148,139,140
192,207,187,199,195,193,185,202,179,189,177,188,180,172,160,167,136,146,152,158,161,148,156,157,156,155
201,201,200,206,202,194,193,189,190,193,197,173,175,176,177,159,140,151,153,170,160,154,156,152,158,153
194,199,203,202,188,199,176,175,189,184,183,180,181,182,167,162,168,162,159,172,143,158,164,157,164,152
202,201,197,194,210,188,188,180,183,185,190,179,181,175,167,169,160,173,167,154,163,158,173,160,166,166
194,216,199,216,187,191,173,184,178,198,183,191,170,190,169,176,167,161,160,162,165,165,179,162,176,157
201,197,220,208,191,189,179,183,200,199,202,181,199,177,172,175,171,178,168,159,175,164,176,184,177,164
205,223,211,210,203,202,199,198,184,193,194,177,192,191,177,168,163,169,178,171,168,174,179,189,187,171
217,208,195,200,200,201,200,195,188,198,211,179,179,168,164,161,168,175,184,179,174,189,183,191,184,184
205,206,201,204,181,208,187,197,199,195,199,190,173,176,167,172,182,178,189,181,191,194,187,199,187,212
213,218,215,224,207,207,220,196,195,185,189,173,191,174,190,191,196,195,194,201,201,199,206,205,216,229
217,224,224,227,225,223,213,206,208,208,187,188,170,196,206,211,222,216,205,207,224,202,224,226,223,231
227,220,222,228,230,228,223,219,213,207,209,190,190,201,215,222,220,229,213,224,227,226,231,233,234,238
224,220,237,238,228,228,219,217,215,221,207,209,215,211,217,230,229,229,224,232,235,234,238,241,241,244
204,214,225,235,228,236,228,220,209,215,202,207,218,222,224,228,229,233,231,238,240,240,243,245,245,247
186,188,221,238,230,229,224,214,205,205,203,202,214,229,235,231,231,239,231,236,239,240,241,243,244,246
187,178,215,236,228,213,219,214,216,207,205,213,221,228,232,234,235,232,230,234,239,240,240,242,245,247
203,202,208,228,222,205,217,214,223,206,208,222,227,228,227,230,235,231,235,236,241,244,242,244,248,249
210,211,228,235,217,203,209,207,220,207,218,227,230,234,233,231,239,239,239,237,240,244,243,245,247,245
223,227,237,235,213,212,213,212,225,218,222,230,229,232,234,235,241,237,240,235,237,240,240,242,243,238
218,231,238,230,223,218,217,208,218,222,227,226,234,225,229,224,233,230,227,223,217,222,216,217,214,205
217,231,238,230,224,222,222,216,216,215,224,217,222,218,216,201,201,201,175,175,160,162,151,154,142,130
222,230,238,230,224,222,220,216,203,197,193,189,181,165,155,146,141,135,137,141,133,135,140,144,139,128
218,215,224,216,206,200,189,185,166,159,139,125,120,130,131,123,126,143,136,137,138,129,146,135,137,127
198,190,177,174,165,161,150,149,140,140,132,132,130,132,135,133,131,135,145,144,143,136,144,127,128,125
168,162,149,149,142,141,135,133,140,144,149,136,135,148,151,128,123,139,133,137,131,142,133,129,125,132
