229,226,226,231,227,203,221,207,195,152,137,119,98,90,97,91,80,101,91,88,90,83,67,111,95,87
227,222,233,242,234,235,233,224,213,200,156,127,133,95,144,108,121,109,119,107,123,131,112,113,114,91
229,220,232,234,222,217,226,232,230,207,184,167,155,147,133,121,123,119,114,122,115,121,141,127,137,126
235,228,236,229,235,229,226,229,227,228,217,193,172,176,146,149,143,116,142,118,139,166,133,141,142,156
239,236,232,235,225,233,235,234,225,222,220,215,198,210,169,152,154,151,154,119,151,139,166,167,185,159
236,233,230,240,250,228,228,233,226,220,223,234,215,215,226,207,180,166,158,156,148,161,171,179,166,204
230,245,249,238,244,237,236,227,225,234,227,228,220,213,223,221,204,184,183,155,166,172,172,157,177,204
235,236,244,247,234,242,237,236,239,234,230,225,236,237,221,231,227,213,209,218,194,176,187,198,213,180
230,239,240,240,226,239,229,212,210,210,215,222,229,227,226,237,227,226,231,214,218,209,197,209,177,216
224,228,237,243,241,228,232,226,221,216,218,226,226,212,226,237,231,231,239,216,221,230,213,216,211,217
237,202,237,245,241,231,233,214,210,217,221,222,226,225,224,231,227,222,223,235,231,233,222,232,218,220
244,239,184,240,236,227,219,217,223,218,223,220,213,231,220,226,216,222,223,230,228,228,237,231,208,210
249,236,220,219,243,233,215,214,221,216,210,210,221,221,223,214,242,222,225,228,237,228,214,236,231,215
247,245,244,227,208,239,214,222,217,217,216,222,224,222,225,213,230,237,231,237,226,231,240,231,242,241
252,252,250,243,219,229,221,216,203,198,207,208,217,206,229,216,222,214,224,229,232,211,234,240,245,244
252,253,247,251,241,201,217,209,205,215,198,207,218,224,205,223,224,229,222,217,213,218,233,220,243,235
251,254,255,254,242,207,202,189,186,203,192,195,205,218,198,222,218,222,228,230,223,230,239,231,247,235
251,254,250,250,250,241,212,184,190,186,185,200,219,204,205,216,221,218,226,220,218,223,235,230,223,237
241,247,246,247,252,240,210,172,174,167,198,199,193,193,186,215,219,215,220,235,221,216,225,231,242,231
231,234,246,244,244,243,225,196,169,187,197,177,187,206,179,185,211,224,233,213,221,215,215,227,238,238
215,224,239,244,245,242,238,163,172,166,147,175,145,176,194,204,216,210,223,218,235,230,222,232,231,231
132,196,214,226,244,245,238,157,159,162,160,167,151,166,175,213,198,217,213,220,231,223,222,225,219,230
93,173,190,222,240,232,241,130,163,162,170,138,135,141,200,195,201,208,224,232,218,223,231,227,232,224
31,106,163,211,220,233,214,147,181,177,147,140,143,156,182,205,185,206,219,213,225,224,219,228,230,227
7,48,133,205,226,225,203,159,139,165,168,147,127,141,171,171,181,207,202,206,215,226,221,221,233,224
18,45,110,208,224,216,122,171,165,161,149,180,149,173,182,187,199,194,210,209,220,217,225,234,223,233
27,62,127,197,206,198,144,156,170,169,180,179,142,147,156,199,195,211,200,216,216,221,221,216,228,235
116,97,139,182,171,130,153,174,177,179,149,178,160,155,154,188,180,181,191,198,206,224,221,219,234,223
126,119,121,130,158,158,201,202,199,174,167,168,190,184,169,169,193,202,204,215,193,214,210,208,215,241
70,94,105,144,208,183,193,207,199,229,203,192,201,195,176,185,179,181,203,201,204,212,207,225,218,225
