128,124,132,131,128,127,128,128,13,22,29,25,35,30,31,41,47,52,73,57,52,47,59,62,46,73
129,132,120,131,122,131,127,17,22,25,30,32,27,45,42,57,49,50,47,52,48,75,77,57,58,61
130,129,125,131,127,126,127,17,19,31,26,38,38,33,56,44,40,58,55,65,77,62,73,71,64,81
127,128,132,127,130,129,132,17,25,26,40,42,52,48,53,49,58,48,68,45,65,65,63,70,68,95
133,130,118,133,125,127,131,20,27,29,35,46,53,63,50,66,71,48,54,77,63,74,80,57,75,74
123,128,136,123,132,131,10,28,27,36,33,42,53,50,49,60,61,76,58,73,77,73,54,91,63,66
127,130,127,127,125,130,20,32,36,36,56,43,52,51,49,60,52,75,68,70,69,64,71,67,94,101
130,128,126,129,131,127,30,25,32,49,48,55,45,51,69,68,86,79,80,67,63,77,81,91,91,103
128,128,127,127,126,130,26,42,47,41,48,47,59,63,63,53,63,39,62,89,103,90,88,117,97,92
131,127,132,131,127,26,34,32,40,45,71,74,48,56,50,50,72,73,76,112,96,102,114,84,96,100
125,126,129,126,128,25,37,40,46,56,68,64,48,60,61,58,83,67,77,87,110,106,97,83,102,90
128,130,129,130,129,27,39,64,41,70,55,41,42,71,76,77,102,63,79,75,98,86,112,108,103,73
132,121,127,131,127,41,44,50,67,65,31,55,65,77,61,68,77,73,74,60,66,91,97,72,92,100
127,127,133,124,124,50,57,53,54,36,61,73,82,80,69,86,68,43,53,82,72,69,59,54,59,48
126,130,124,133,131,49,55,36,46,73,68,73,81,62,88,47,36,53,42,51,60,33,44,52,38,52
127,128,129,124,31,50,41,63,52,60,62,77,64,61,38,54,48,29,39,37,41,40,32,34,41,49
125,127,129,129,31,54,67,57,64,62,59,45,58,43,50,35,26,25,21,18,21,28,35,39,42,28
130,130,130,126,45,35,65,54,54,56,49,59,31,34,23,15,18,20,21,21,23,25,25,24,25,22
126,129,125,131,70,70,47,75,68,51,47,48,14,15,13,7,10,12,15,16,17,16,12,9,8,10
128,131,127,122,64,74,71,61,72,35,32,17,8,3,12,9,10,9,8,8,9,9,7,5,13,9
129,126,127,132,82,71,55,64,47,21,12,9,9,10,7,10,10,8,6,6,7,7,7,7,2,0
125,125,135,54,77,62,50,58,24,16,10,11,14,10,3,8,5,5,6,8,8,6,5,6,4,7
133,131,123,70,72,62,48,25,13,12,10,6,9,0,3,3,3,3,5,6,5,3,2,4,1,2
126,128,127,87,70,75,24,12,8,12,5,10,3,5,8,6,5,5,4,3,1,0,2,6,7,0
128,127,129,76,58,43,11,8,11,13,9,8,9,8,8,7,5,5,9,0,4,3,0,2,2,4
131,127,130,90,45,26,14,8,15,8,13,10,9,10,2,8,12,12,11,3,5,8,8,9,3,2
125,128,128,87,30,8,13,11,12,19,4,7,7,8,26,15,9,7,0,6,4,0,8,7,15,17
132,130,127,54,21,12,10,15,21,11,14,18,19,20,17,17,10,2,21,23,21,29,17,23,13,19
123,127,130,31,13,10,17,23,16,8,16,14,17,25,15,16,17,18,26,26,24,31,34,30,34,31
132,121,128,30,18,22,15,16,21,25,18,22,22,13,17,20,27,21,35,45,49,38,41,49,47,19
