188,187,173,174,190,178,182,162,179,151,166,154,167,178,159,161,139,108,106,92,67,82,93,68,70,55
147,198,155,171,197,185,174,171,149,174,182,172,191,189,162,163,148,144,120,108,68,65,75,74,84,112
188,178,198,187,179,189,146,147,150,176,185,193,188,190,173,155,131,146,134,115,92,52,57,68,80,72
188,182,168,179,165,178,184,165,174,183,178,197,171,194,189,168,154,147,123,120,100,86,55,50,51,68
181,175,164,164,166,167,160,170,188,193,194,162,182,190,175,168,165,144,118,121,104,101,78,66,61,60
187,169,164,165,176,172,183,181,176,173,161,179,169,180,162,178,179,164,164,137,158,116,102,95,71,80
166,181,172,157,163,172,188,176,180,195,180,177,178,174,165,165,169,164,151,179,141,108,113,118,103,73
164,170,163,165,151,165,175,159,185,183,193,181,161,175,191,178,175,170,127,141,140,123,102,130,133,97
175,156,180,176,131,144,158,181,188,178,171,185,188,166,185,183,185,157,150,131,131,132,114,103,110,95
168,159,134,169,155,176,163,182,162,179,183,196,202,156,193,171,165,161,154,123,143,130,123,82,89,106
154,149,136,151,151,150,182,181,167,157,179,177,176,175,183,180,137,157,131,120,120,68,110,111,71,86
141,137,124,143,150,189,168,165,153,146,168,178,163,154,145,142,137,145,105,117,113,78,103,112,88,84
143,141,135,135,140,154,189,190,155,163,155,148,152,141,138,103,88,85,95,89,73,99,104,107,69,114
135,142,137,140,134,162,164,174,131,130,151,128,132,116,79,84,82,98,83,66,81,101,108,145,123,128
133,134,127,123,150,143,158,144,134,121,106,111,109,104,88,89,76,82,103,91,105,132,129,118,140,104
131,117,147,129,138,130,141,148,97,123,86,114,108,121,105,93,88,103,109,105,124,134,137,130,135,130
121,108,104,120,126,108,125,101,117,126,117,121,112,121,99,97,136,141,122,130,131,149,140,133,143,169
120,95,94,108,144,122,129,110,108,98,93,141,100,132,150,125,142,159,160,170,157,175,162,145,156,156
133,90,86,115,118,108,130,111,106,119,119,141,130,126,151,163,152,162,152,157,176,159,159,158,114,120
76,84,100,83,86,129,125,136,118,131,139,135,137,141,145,135,136,169,149,120,126,109,98,114,105,96
100,103,105,100,102,103,127,137,126,111,109,127,137,126,139,120,133,133,115,101,89,83,94,79,77,76
68,112,89,126,114,127,129,125,94,114,122,139,133,135,125,120,111,81,78,76,71,76,91,68,75,72
71,87,104,89,121,138,133,100,104,100,117,95,111,116,100,78,76,62,63,64,61,65,71,66,71,68
77,74,83,93,98,85,81,76,78,86,94,96,85,66,59,51,52,52,52,66,60,64,59,56,59,63
93,93,72,82,112,83,76,67,59,73,65,64,47,42,45,44,49,51,50,62,54,52,53,51,49,58
99,78,77,80,68,73,50,40,31,35,36,40,42,47,43,42,53,49,55,56,54,49,43,39,38,46
92,74,71,72,51,47,48,34,27,30,37,33,34,37,39,35,43,41,44,42,44,42,39,33,31,27
81,64,61,49,46,46,33,25,18,27,27,23,19,30,38,36,34,37,28,29,28,30,30,28,30,28
92,66,53,52,46,41,29,40,32,26,20,27,22,23,33,37,35,38,31,36,38,38,34,35,35,34
68,54,58,45,47,41,39,38,35,40,46,38,28,29,31,38,45,41,44,45,55,49,50,54,47,48
