25,23,10,6,9,11,4,19,21,31,35,39,44,35,44,49,44,37,25,16,24,21,7,14,20,26
23,16,6,8,7,2,3,10,19,17,18,18,21,15,10,14,19,16,21,18,17,9,8,0,10,3
22,26,23,22,17,17,17,21,19,22,15,16,14,18,27,12,17,20,13,10,13,6,9,12,17,14
34,32,27,28,25,24,39,19,32,25,33,25,29,38,32,27,30,26,40,25,19,22,31,40,38,36
29,38,38,33,30,35,41,41,43,46,44,41,46,30,34,31,33,40,49,49,48,44,50,50,65,55
43,49,47,39,41,38,51,49,66,46,53,43,44,56,49,53,45,47,72,65,65,71,67,82,89,71
51,47,53,66,44,56,56,63,63,53,63,59,60,81,76,68,58,69,82,96,102,114,85,105,87,69
63,72,68,53,58,85,86,79,76,73,104,99,83,96,72,83,80,70,71,95,117,126,105,139,141,96
59,53,60,63,67,84,87,100,88,131,129,97,109,100,88,76,105,87,108,149,125,147,88,111,140,100
57,78,69,66,68,94,103,107,107,118,124,96,106,133,100,109,117,93,111,125,140,161,143,164,163,143
79,77,70,76,81,86,97,122,129,122,128,94,105,94,108,107,132,113,110,111,134,143,155,144,107,130
80,88,99,97,91,121,92,104,96,124,96,74,92,83,124,134,112,130,117,144,121,124,135,91,151,131
93,77,81,86,72,84,105,92,90,92,92,68,93,97,101,95,108,88,119,99,131,123,143,130,137,159
61,64,73,76,77,69,67,67,66,59,50,71,60,77,76,72,82,85,87,108,103,114,99,111,107,105
65,63,64,66,73,60,62,60,57,57,58,53,46,76,49,73,65,60,66,86,88,77,76,72,71,61
59,41,55,50,45,52,53,53,42,39,47,48,47,43,54,45,56,54,58,52,52,52,51,52,60,53
31,42,34,41,31,23,28,18,14,15,3,13,20,19,14,12,9,13,25,26,30,29,35,31,38,34
17,24,16,14,8,9,10,6,6,7,5,10,8,9,9,8,5,7,12,11,15,15,21,17,21,23
20,24,18,9,4,9,4,4,6,4,7,6,6,5,9,9,7,9,8,6,12,12,15,15,19,26
27,25,17,7,6,8,4,9,16,17,20,20,15,10,14,15,17,21,18,16,13,11,14,17,16,26
39,31,25,18,25,18,18,23,32,34,32,37,30,24,26,30,35,39,38,35,27,33,29,24,24,24
54,45,49,43,46,38,36,36,41,42,37,42,36,36,35,43,48,49,53,48,51,51,55,56,57,46
57,47,63,50,44,47,41,41,45,47,52,52,39,44,40,51,52,48,61,57,56,86,83,77,109,77
58,49,74,54,46,60,50,51,54,56,71,66,51,60,53,64,61,55,75,73,97,96,128,128,103,73
79,52,75,73,84,71,70,51,59,56,70,73,74,64,54,67,76,64,80,92,78,97,122,143,140,131
85,86,74,96,78,65,67,62,66,63,73,76,66,73,66,67,71,67,74,69,88,103,111,112,185,126
76,86,77,67,66,81,61,69,63,71,52,67,60,73,72,78,82,82,83,77,77,92,159,128,128,167
86,86,68,46,59,71,74,68,75,79,82,73,67,77,74,75,73,70,68,62,91,96,126,145,140,152
92,49,48,78,61,84,73,55,72,64,57,58,43,56,57,54,58,64,65,58,63,60,101,108,91,120
61,58,46,69,52,64,44,57,41,48,40,45,42,44,50,50,60,56,57,57,51,44,85,67,103,103
