203,207,219,206,223,226,211,197,189,198,220,205,187,168,96,107,92,76,85,81,89,89,101,126,120,89
207,205,206,216,212,209,205,209,204,198,210,217,205,193,119,100,110,88,101,103,97,68,105,109,119,122
183,213,210,212,208,207,203,207,209,210,205,213,201,201,200,122,99,104,114,100,115,94,131,122,137,97
198,207,206,206,205,219,195,205,207,214,205,211,211,176,147,147,122,105,113,87,91,101,121,108,89,106
190,197,216,222,216,206,189,205,207,218,213,205,187,158,128,139,96,91,70,76,76,84,89,105,102,91
177,188,203,203,197,212,198,215,206,196,212,204,195,143,138,112,67,56,83,88,88,79,110,96,64,58
208,199,199,207,188,198,193,183,155,206,202,217,206,152,113,95,86,74,85,81,97,101,83,39,23,19
180,187,205,207,203,195,172,147,164,166,191,208,206,152,112,106,103,110,94,94,85,63,23,24,26,26
194,172,169,172,195,186,183,156,183,174,182,195,198,180,130,144,133,116,111,74,63,30,30,24,37,25
196,159,168,189,169,164,127,132,151,179,157,172,206,160,160,154,121,99,58,32,62,24,25,16,20,49
186,167,155,158,150,138,123,119,137,145,142,124,127,157,125,116,111,64,5,26,27,18,19,16,26,40
167,196,169,174,185,128,117,136,114,128,120,94,108,111,100,112,88,53,15,29,33,14,18,25,18,31
180,185,179,183,164,132,122,116,121,111,98,80,84,126,94,105,75,46,30,32,21,20,21,19,19,23
172,157,181,194,194,177,141,123,119,93,99,83,101,110,81,104,41,17,27,15,6,7,19,11,12,13
154,186,195,181,188,183,132,108,93,85,97,79,110,89,99,36,21,34,19,10,7,15,0,7,8,8
178,195,201,190,176,160,130,99,104,100,95,89,106,115,37,22,16,24,16,10,11,5,11,4,0,4
176,186,200,173,173,149,123,113,106,95,92,89,107,110,28,22,34,27,13,8,0,4,0,9,0,1
148,163,169,169,167,121,101,97,100,99,115,98,120,138,64,55,42,28,13,3,4,2,3,6,0,10
147,157,151,144,155,139,116,124,114,91,107,107,124,141,89,46,34,9,22,14,3,0,3,2,6,3
127,138,120,162,153,142,111,99,104,93,121,134,133,90,41,36,44,28,109,19,3,5,3,2,8,19
149,116,119,131,135,123,121,117,96,96,119,114,125,84,53,54,47,27,138,29,2,0,6,0,1,6
147,131,148,139,134,126,137,128,97,91,133,155,122,61,36,50,58,50,62,26,1,7,0,5,8,0
132,134,131,132,128,132,136,128,86,80,116,133,118,44,11,24,35,4,42,20,0,4,1,1,3,10
139,137,133,138,152,149,136,115,100,84,130,139,91,38,19,5,4,5,8,4,4,1,0,9,7,11
131,129,122,142,162,162,120,119,98,80,118,144,90,40,20,1,0,6,9,0,7,2,6,12,0,6
157,157,147,139,158,163,145,109,91,90,94,147,85,47,17,4,2,6,0,1,3,1,2,10,8,9
160,142,155,164,172,170,127,111,96,87,94,121,68,53,4,4,3,2,3,4,6,0,2,3,8,19
129,136,152,146,160,163,151,113,104,82,75,105,86,50,16,7,5,5,3,1,1,1,5,0,17,39
120,147,164,157,198,158,135,133,100,91,73,90,82,61,18,11,14,11,3,3,0,6,2,8,28,36
135,128,169,162,197,170,144,110,104,79,69,73,73,42,19,18,25,17,9,17,7,7,0,19,28,10
