21,15,14,10,5,4,2,3,5,7,8,8,7,6,11,12,9,10,14,13,12,17,24,29,31,47
24,20,26,25,16,10,13,11,9,7,7,9,12,13,14,21,19,16,18,17,13,15,19,27,34,38
26,28,28,26,27,23,18,17,19,14,15,11,16,18,22,22,19,26,25,30,25,23,24,24,52,50
29,28,28,27,27,23,26,24,24,18,19,14,17,17,22,23,26,28,33,36,39,40,38,50,40,40
27,28,29,27,27,21,22,20,20,15,17,13,16,15,18,19,26,23,28,27,37,41,31,39,37,47
24,21,19,16,15,10,11,8,9,5,10,9,13,12,16,18,23,21,22,22,29,33,29,49,37,49
11,8,5,4,8,6,8,5,5,1,7,6,9,8,10,15,17,21,19,23,25,30,28,37,36,43
11,13,13,12,15,14,14,10,10,6,8,5,7,5,7,11,11,18,16,24,24,28,25,24,45,40
23,25,24,20,20,15,16,15,17,13,15,9,9,6,11,12,12,14,16,22,26,30,34,36,31,50
14,12,12,12,15,12,15,15,20,18,21,16,15,12,9,7,9,5,12,15,26,30,37,37,37,52
8,5,0,0,3,1,2,6,0,12,24,13,13,18,12,9,13,6,21,16,17,27,28,40,55,49
0,1,0,1,3,3,2,4,0,7,1,2,17,14,16,18,17,6,10,19,18,29,29,33,50,44
1,2,3,0,0,0,9,2,1,0,0,20,8,8,11,14,21,17,14,14,13,27,33,48,34,42
6,7,11,8,7,13,10,5,16,10,12,34,24,8,12,8,12,14,20,15,19,21,26,40,42,48
11,13,17,13,11,17,68,39,15,18,13,47,95,39,10,9,12,17,18,16,24,21,32,35,41,55
16,18,15,6,2,5,19,17,16,14,5,59,126,93,40,12,7,15,16,19,21,24,19,36,44,42
17,19,12,4,1,2,7,8,13,0,15,107,127,111,83,24,27,1,15,24,22,25,19,41,49,44
21,21,10,2,2,2,7,1,1,3,36,155,154,114,66,42,98,16,14,15,22,24,22,30,42,51
24,16,16,0,1,5,1,8,0,6,106,162,143,111,58,89,54,8,22,20,18,25,21,45,43,48
26,21,10,1,1,1,5,0,13,49,193,197,131,105,71,109,32,26,15,16,20,20,32,32,43,37
36,7,11,3,0,2,0,18,45,163,132,81,49,29,28,113,13,15,25,18,11,9,21,26,54,48
65,20,14,9,2,16,26,38,44,36,21,24,16,14,10,15,16,16,11,20,20,20,24,24,31,46
21,26,25,28,21,29,21,21,17,23,31,28,34,29,41,30,29,24,26,19,30,39,28,49,41,40
27,24,24,23,34,27,35,28,35,33,40,33,35,35,34,31,28,25,25,37,34,44,32,43,48,52
34,35,24,30,22,25,26,22,35,38,26,35,29,33,32,33,33,41,39,36,35,37,30,52,65,62
46,29,34,33,32,28,28,26,24,36,29,32,30,27,34,31,69,25,35,50,38,42,41,56,44,45
49,35,35,34,25,31,26,32,34,24,28,24,37,25,28,30,32,35,31,47,36,46,54,52,55,47
59,51,38,41,38,42,44,26,24,36,28,40,38,26,44,31,40,48,49,46,40,52,77,56,51,64
53,58,54,42,46,38,46,40,45,38,51,41,32,44,50,51,41,52,48,39,52,56,75,66,59,64
62,58,60,52,47,49,43,41,42,51,44,49,37,40,45,51,51,44,63,50,78,84,89,63,69,97
