17,11,17,40,25,8,9,14,2,0,11,7,2,4,5,18,13,0,4,4,10,12,10,8,7,9
0,11,24,17,11,5,9,4,0,3,9,0,2,14,19,12,4,8,22,11,6,4,8,25,3,37
6,1,12,12,9,5,2,0,0,7,6,7,12,8,11,23,43,29,6,13,30,2,6,0,6,4
0,11,11,0,21,10,0,0,4,14,2,9,17,11,9,2,17,21,8,3,17,5,0,12,17,0
14,20,22,16,25,10,2,3,1,18,4,9,14,23,0,8,10,7,9,3,13,20,12,29,8,5
14,24,24,4,5,15,12,15,2,18,9,13,4,10,12,11,9,6,8,6,18,19,15,19,4,23
19,26,13,8,10,5,22,21,19,29,11,14,24,12,9,23,27,5,5,0,9,4,6,3,29,38
26,11,0,9,21,11,10,20,23,28,9,17,6,5,20,26,7,0,22,21,21,21,15,46,44,54
20,25,9,20,1,17,16,37,20,17,2,10,8,15,48,25,21,51,48,23,41,65,51,49,48,47
22,9,26,19,1,22,34,23,42,27,34,20,18,43,37,43,25,37,50,51,51,46,53,59,45,35
14,28,32,23,24,39,17,38,28,34,15,44,46,47,40,51,42,53,51,48,51,58,50,38,41,35
26,50,52,14,58,44,35,24,48,50,49,50,50,55,55,51,51,58,46,50,48,34,39,28,35,40
40,59,45,39,67,50,51,50,50,53,51,46,62,58,56,58,54,51,53,50,33,35,34,49,56,77
61,72,74,66,58,71,55,62,61,64,60,58,61,60,59,47,57,55,48,51,51,57,52,76,81,64
94,79,92,97,79,73,75,74,64,60,53,57,57,63,59,64,61,56,65,58,60,62,83,82,84,75
99,100,83,85,80,72,75,78,77,69,65,63,65,64,60,65,62,57,69,61,75,80,77,89,91,95
117,109,100,88,78,84,79,82,88,76,74,70,73,65,66,70,71,77,82,86,79,87,92,93,103,86
113,99,98,99,104,100,93,92,93,83,78,74,74,67,74,71,86,87,94,105,93,107,105,111,108,108
116,126,99,102,99,100,98,94,90,92,87,88,84,82,82,79,94,93,115,114,117,115,110,109,107,135
115,95,113,108,115,91,102,100,92,99,99,99,89,91,66,95,95,117,112,112,132,131,123,132,137,141
109,109,100,127,124,105,111,114,105,104,108,101,87,87,98,116,96,132,135,158,168,157,146,155,153,159
112,104,143,128,111,121,106,113,110,102,116,109,100,99,99,115,133,135,140,145,158,154,160,160,175,194
137,155,126,131,137,126,108,99,102,123,113,119,108,98,111,145,144,154,156,156,170,161,157,167,166,194
147,140,137,134,150,143,127,125,123,121,148,124,130,110,125,150,144,177,170,190,156,158,166,182,187,186
137,153,161,160,163,151,145,142,122,141,135,136,134,133,150,159,160,173,165,164,188,178,150,195,176,159
164,156,149,188,160,147,151,153,149,128,138,130,128,144,149,154,165,186,193,183,170,189,187,182,174,178
171,162,155,161,166,168,151,156,161,152,127,151,150,150,164,172,170,173,163,183,173,170,161,155,166,171
178,169,186,198,171,152,157,161,153,143,150,152,162,165,173,149,168,185,168,147,190,177,162,165,186,168
180,186,182,169,178,186,181,164,150,138,150,151,165,164,182,170,184,178,183,161,167,166,161,154,147,171
183,175,196,185,190,174,177,179,157,133,148,181,166,173,165,176,171,160,180,157,179,167,151,153,176,144
