96,86,69,98,124,159,140,187,214,210,231,233,241,227,226,239,239,244,246,250,244,246,232,218,204,169
12,8,9,19,45,76,120,161,153,206,216,215,213,205,215,210,217,237,234,242,238,227,235,161,61,46
8,0,0,0,2,12,46,112,200,182,201,203,186,177,183,209,225,231,221,241,227,198,115,25,3,0
41,41,38,16,12,12,37,76,147,135,184,187,200,185,187,167,216,199,226,209,206,152,24,3,3,2
86,88,98,71,69,69,87,101,113,127,174,161,164,162,163,178,172,185,188,190,175,135,48,40,46,37
116,111,139,143,160,145,168,129,113,140,123,157,168,150,160,150,127,172,163,163,173,179,170,181,154,198
104,81,118,157,167,170,162,144,132,98,137,151,156,153,152,139,150,146,159,152,172,182,214,235,234,226
51,70,73,100,133,159,163,155,160,158,137,123,143,167,149,176,171,179,140,139,177,198,230,220,221,204
68,78,80,96,150,153,169,179,197,160,162,136,142,137,127,149,151,172,176,176,159,214,210,207,211,176
105,122,123,134,132,155,147,178,188,174,171,162,145,154,133,148,147,174,190,223,226,230,205,240,200,207
144,147,144,158,141,142,147,169,154,178,173,153,167,161,136,153,175,201,206,218,221,227,217,232,225,226
140,152,154,135,126,148,135,159,140,154,156,174,164,170,159,180,165,189,193,200,193,218,219,206,241,224
147,147,128,130,115,140,149,137,140,101,145,156,169,172,164,136,168,169,200,216,189,191,206,230,232,234
128,131,104,119,126,136,139,124,150,110,132,176,168,162,158,133,154,157,186,181,153,200,185,201,237,211
147,110,121,114,150,143,130,156,140,112,128,99,126,150,146,128,119,148,165,203,194,212,215,216,220,237
150,117,131,122,133,132,148,149,123,151,150,133,148,151,134,138,117,146,176,203,185,225,228,215,219,233
120,99,132,123,151,133,145,137,155,142,124,132,149,154,159,165,157,170,174,166,198,200,220,236,227,234
113,129,130,134,138,128,149,153,150,135,151,167,150,144,155,166,156,159,145,171,203,203,210,219,224,235
112,146,145,161,157,123,153,121,132,123,142,148,153,145,165,154,176,177,178,181,197,210,212,210,217,216
143,134,137,133,149,134,116,129,136,134,131,138,146,140,116,168,148,178,176,190,196,201,203,209,222,212
123,145,144,133,138,109,134,106,94,126,134,178,128,155,137,171,137,164,178,195,199,204,195,190,219,227
161,141,136,118,120,122,118,118,124,119,112,143,133,150,141,141,140,143,162,191,209,180,201,217,210,220
135,94,127,116,136,132,136,153,151,121,104,112,101,102,129,127,134,135,170,176,204,207,218,200,192,198
131,139,117,141,139,154,160,164,169,153,144,136,132,126,109,124,121,180,188,216,228,203,225,196,190,197
148,154,148,129,149,139,158,147,145,162,165,164,166,169,175,165,176,190,202,210,238,243,249,232,204,172
142,154,127,137,117,95,81,100,119,123,150,202,188,214,207,183,188,160,173,177,178,186,224,227,229,217
110,101,98,102,88,79,94,98,96,118,112,139,189,181,155,147,106,101,115,105,101,131,139,157,209,218
86,100,109,93,93,101,89,98,101,98,96,122,111,132,117,115,109,121,111,142,138,115,104,112,102,152
87,86,107,93,107,98,106,99,86,91,99,103,109,137,133,128,108,123,110,145,102,114,123,106,100,97
89,86,103,97,122,108,114,109,97,85,107,103,119,124,131,115,105,113,137,139,144,143,143,132,104,85
