206,194,209,200,220,209,213,218,228,225,233,237,222,221,229,232,240,239,242,249,243,239,125,127,128,128
214,214,205,206,216,220,222,216,214,223,220,226,227,235,233,243,241,240,239,244,239,250,133,128,128,128
193,198,205,200,216,214,225,221,215,223,227,219,233,231,232,231,239,246,239,244,247,126,124,126,128,128
201,203,210,221,206,216,189,203,210,217,229,231,232,238,242,235,233,246,241,242,239,130,129,130,128,128
201,195,206,214,215,227,208,222,224,230,231,240,231,237,233,233,236,244,244,247,244,127,126,127,128,128
199,208,206,224,218,231,215,219,229,231,228,225,241,233,230,239,242,247,243,245,244,130,130,128,128,128
213,211,214,209,226,215,231,224,235,230,227,229,233,229,239,234,238,240,245,242,127,128,125,129,128,128
218,208,217,219,225,222,218,225,235,245,236,230,241,231,229,229,234,235,229,239,130,128,132,123,128,128
227,216,220,218,221,222,222,231,232,238,239,234,236,232,233,224,225,233,251,244,127,126,130,129,128,128
207,213,218,216,227,218,229,220,228,229,236,233,232,233,239,230,237,232,234,240,127,124,131,125,128,128
218,221,219,211,219,215,229,222,226,234,235,229,240,236,233,240,237,245,248,126,129,132,127,132,128,128
210,210,219,226,228,236,230,236,228,231,237,233,241,238,236,240,234,241,240,132,129,125,124,128,128,128
225,221,221,221,219,228,221,227,228,224,238,234,234,239,242,235,252,244,246,120,124,132,128,132,128,128
215,223,221,219,226,227,234,223,225,233,237,225,236,241,235,237,241,244,245,130,131,126,130,124,128,128
209,225,219,225,220,217,227,230,231,238,232,232,232,242,240,239,242,239,128,128,128,126,129,128,128,128
221,219,217,220,213,218,225,232,238,240,241,238,237,231,233,240,242,255,120,130,126,131,131,123,128,128
238,207,227,226,220,225,221,219,228,229,236,235,239,230,237,245,237,233,128,130,127,124,128,131,128,128
214,222,218,223,218,222,228,222,230,234,237,233,237,235,236,236,241,236,130,126,128,133,127,126,128,128
224,217,201,152,214,213,220,215,221,228,228,231,233,238,236,238,233,129,127,125,130,123,129,131,128,128
221,213,206,199,211,216,200,219,226,230,228,234,229,230,227,233,241,129,127,135,126,127,133,123,128,128
212,202,183,202,205,198,218,226,224,227,227,230,235,239,239,242,235,124,128,126,127,129,132,127,128,128
198,196,209,172,202,218,208,235,226,228,227,219,232,240,239,228,127,131,128,128,129,129,121,132,128,128
197,178,189,204,199,210,222,215,227,226,234,226,225,227,235,232,128,128,128,128,128,128,128,128,128,128
175,184,184,180,202,208,215,226,225,215,240,220,226,230,223,237,128,128,128,128,128,128,128,128,128,128
185,171,178,181,217,200,216,217,218,233,214,228,234,228,232,123,128,128,128,128,128,128,128,128,128,128
169,173,202,201,192,192,214,217,226,227,213,215,233,230,232,132,128,128,128,128,128,128,128,128,128,128
157,169,180,195,192,224,201,215,220,224,227,223,230,227,221,125,128,128,128,128,128,128,128,128,128,128
117,155,151,194,205,192,207,204,215,224,231,231,229,226,133,129,128,128,128,128,128,128,128,128,128,128
101,115,181,177,188,188,194,200,208,212,221,231,229,227,129,123,128,128,128,128,128,128,128,128,128,128
120,122,184,191,191,190,197,224,219,225,226,227,225,130,126,131,128,128,128,128,128,128,128,128,128,128
