36,30,32,38,36,6,9,20,21,13,13,28,16,130,127,128,128,128,128,128,128,128,128,128,128,128
10,25,16,29,28,19,17,2,4,0,2,12,8,122,128,128,128,128,128,128,128,128,128,128,128,128
30,12,42,27,20,7,37,27,0,7,22,10,123,130,130,128,128,128,128,128,128,128,128,128,128,128
22,34,44,57,0,21,14,11,13,0,2,5,131,127,128,127,128,128,128,128,128,128,128,128,128,128
13,36,8,47,40,17,6,6,6,18,2,128,130,132,123,129,128,128,128,128,128,128,128,128,128,128
9,42,21,46,50,36,21,1,0,17,7,131,125,127,127,131,128,128,128,128,128,128,128,128,128,128
14,9,13,33,24,24,35,33,6,19,127,128,126,130,132,123,128,128,128,128,128,128,128,128,128,128
14,7,4,20,12,0,11,0,1,16,126,131,127,126,132,127,128,128,128,128,128,128,128,128,128,128
29,11,4,2,0,7,0,4,6,10,126,128,129,127,129,129,128,128,128,128,128,128,128,128,128,128
34,15,17,9,4,6,13,0,5,125,129,131,127,128,131,127,128,128,128,128,128,128,128,128,128,128
27,29,4,5,10,20,1,14,10,131,124,130,128,127,129,126,128,128,128,128,128,128,128,128,128,128
17,12,12,16,9,0,6,18,127,126,131,126,126,131,128,125,128,128,128,128,128,128,128,128,128,128
17,12,9,11,7,4,24,12,131,124,132,134,126,126,127,130,128,128,128,128,128,128,128,128,128,128
36,37,33,8,29,27,21,124,128,132,123,122,132,131,133,124,128,128,128,128,128,128,128,128,128,128
36,36,26,12,13,16,124,130,127,128,134,126,130,124,130,126,128,128,128,128,128,128,128,128,128,128
26,36,10,28,35,22,126,129,128,130,125,130,126,128,128,129,128,128,128,128,128,128,128,128,128,128
17,4,18,38,22,126,130,127,128,128,128,128,128,128,128,128,128,128,128,128,128,128,128,128,128,128
20,9,21,10,4,128,132,124,128,128,128,128,128,128,128,128,128,128,128,128,128,128,128,128,128,128
2,18,34,18,124,131,120,133,128,128,128,128,128,128,128,128,128,128,128,128,128,128,128,128,128,128
19,24,13,10,128,134,133,125,128,128,128,128,128,128,128,128,128,128,128,128,128,128,128,128,128,128
8,5,2,132,126,127,124,129,128,128,128,128,128,128,128,128,128,128,128,128,128,128,128,128,128,128
10,5,129,127,127,128,128,130,128,128,128,128,128,128,128,128,128,128,128,128,128,128,128,128,128,128
0,20,129,122,131,125,126,129,128,128,128,128,128,128,128,128,128,128,128,128,128,128,128,128,128,128
5,129,124,132,126,129,131,125,128,128,128,128,128,128,128,128,128,128,128,128,128,128,128,128,128,128
128,128,128,128,128,128,128,128,128,128,128,128,128,128,128,128,128,128,128,128,128,128,128,128,128,128
128,128,128,128,128,128,128,128,128,128,128,128,128,128,128,128,128,128,128,128,128,128,128,128,128,128
128,128,128,128,128,128,128,128,128,128,128,128,128,128,128,128,128,128,128,128,128,128,128,128,128,128
128,128,128,128,128,128,128,128,128,128,128,128,128,128,128,128,128,128,128,128,128,128,128,128,128,128
128,128,128,128,128,128,128,128,128,128,128,128,128,128,128,128,128,128,128,128,128,128,128,128,128,128
128,128,128,128,128,128,128,128,128,128,128,128,128,128,128,128,128,128,128,128,128,128,128,128,128,128
