96,102,89,84,88,82,56,82,81,69,82,80,80,85,87,94,76,80,74,71,84,86,74,59,87,95
131,96,94,92,101,91,91,89,84,89,83,94,91,91,87,91,73,77,74,94,79,89,66,95,94,92
120,86,113,101,102,94,102,106,107,114,102,97,83,101,84,76,81,68,89,92,85,84,82,92,83,110
130,111,123,107,116,117,117,112,119,106,96,103,100,102,83,88,98,98,104,97,95,88,99,106,116,134
156,139,134,165,118,97,142,124,130,103,118,114,102,93,100,97,103,114,93,106,106,86,78,100,117,129
158,138,158,150,124,117,118,124,132,101,105,109,95,106,99,106,126,134,132,94,97,78,92,100,118,126
158,133,147,138,144,110,110,112,113,121,107,103,101,92,96,117,131,140,136,106,96,106,102,97,102,120
131,166,153,138,155,143,146,99,99,119,103,114,120,125,130,143,148,138,111,117,88,105,96,103,123,117
151,156,156,166,134,112,135,127,101,109,113,117,138,142,146,144,161,139,116,128,109,100,111,130,109,115
153,134,138,147,146,157,131,103,113,130,130,135,156,178,155,179,159,131,140,129,103,115,113,105,92,138
143,133,133,157,125,148,111,139,136,136,152,156,152,155,176,173,157,149,115,119,119,121,132,115,94,129
149,166,157,122,137,121,158,134,150,170,155,173,190,193,180,174,168,147,108,111,105,119,123,100,127,149
150,147,134,163,154,152,123,165,162,172,194,186,181,190,168,162,148,147,136,121,95,120,112,97,131,143
167,165,154,173,156,165,170,176,159,200,182,177,169,187,147,157,169,132,147,138,100,115,98,122,129,153
166,177,164,151,153,171,165,151,175,166,165,177,187,173,161,144,155,139,138,135,98,116,146,129,119,122
136,155,169,164,163,160,173,183,197,199,194,189,202,168,187,168,155,132,143,126,130,105,124,107,133,126
170,149,163,189,174,174,176,188,189,194,190,193,193,196,183,166,170,131,151,144,126,128,112,113,105,121
186,176,178,182,172,180,173,205,198,194,211,185,201,190,167,177,145,134,151,158,140,94,109,100,115,109
167,186,193,180,185,193,183,192,191,191,197,185,183,191,171,169,165,161,159,129,117,88,93,119,91,79
179,193,201,201,206,220,202,204,204,204,198,192,187,180,158,168,161,166,170,158,103,86,88,79,95,94
200,200,203,200,191,218,193,220,207,181,193,188,193,175,180,163,177,150,164,119,118,80,92,92,108,103
205,202,194,200,215,231,224,210,221,214,206,209,159,168,161,183,179,168,143,118,93,91,90,103,106,96
208,221,215,220,201,206,205,222,228,201,174,198,177,157,152,179,171,155,125,117,78,91,98,110,86,108
207,211,220,198,203,192,212,225,211,226,214,198,162,181,188,186,158,144,141,89,84,102,119,130,131,133
213,212,207,228,221,212,211,229,205,196,200,187,195,182,199,179,183,193,105,101,102,129,152,154,156,166
215,233,213,229,227,200,206,227,204,194,196,190,210,178,180,159,179,143,112,102,116,146,153,182,186,177
219,201,213,214,223,227,218,215,191,202,202,213,168,188,181,175,177,149,111,96,170,199,210,197,191,211
205,197,217,237,209,222,205,178,198,207,199,185,192,179,166,165,191,157,99,168,206,206,212,218,208,205
217,221,198,229,233,202,202,184,221,207,195,209,199,191,162,168,179,147,117,192,217,207,210,207,196,184
234,218,220,225,225,226,222,220,229,214,202,198,195,213,185,165,182,148,163,198,204,216,199,188,185,166
