128,127,85,75,39,44,107,144,176,160,161,153,85,40,38,13,8,60,105,107,117,147,122,136,93,127
131,124,100,97,72,47,98,143,165,176,173,174,168,113,41,42,30,6,32,69,122,136,131,153,108,106
125,124,106,108,117,72,99,147,167,179,181,185,135,151,118,54,36,33,23,10,26,79,106,140,118,114
131,127,105,89,112,90,124,153,143,176,172,174,176,156,165,151,83,35,34,41,29,9,31,45,78,116
130,128,84,117,95,88,118,138,150,177,179,177,152,148,167,180,160,136,72,42,34,31,32,25,21,13
125,130,110,107,110,93,103,138,181,161,171,172,183,176,169,169,141,138,130,112,75,53,37,30,35,38
129,125,71,106,125,95,102,143,155,190,167,201,174,179,178,155,169,122,162,145,126,111,85,68,48,28
133,126,66,93,98,101,87,123,154,161,186,167,170,185,186,177,175,173,169,156,140,140,118,108,92,72
123,129,55,85,105,102,102,121,168,165,175,189,187,182,180,185,195,162,163,157,150,145,127,91,94,102
128,129,42,84,115,93,98,138,163,144,146,153,184,190,187,181,181,182,150,172,149,139,141,116,117,105
127,128,31,51,107,104,124,125,145,155,165,160,183,188,188,179,184,184,183,165,149,156,172,147,123,144
127,128,126,47,76,86,117,135,151,161,144,169,189,180,187,184,167,171,167,166,174,161,156,166,147,138
132,128,125,47,78,81,97,123,141,162,141,168,180,182,193,180,186,186,169,175,161,163,157,156,166,155
126,128,130,54,70,81,85,118,135,146,140,164,182,181,183,202,180,169,190,187,180,191,177,182,169,160
127,126,132,52,63,82,86,121,148,164,165,166,178,206,179,206,183,188,174,173,180,183,170,155,152,175
131,126,130,46,65,80,95,118,145,166,154,160,183,181,191,196,187,188,188,189,197,152,195,165,153,133
128,129,127,52,64,74,96,109,140,154,156,167,181,187,187,191,185,197,179,171,170,157,165,160,168,184
125,133,124,57,51,66,94,114,149,155,136,143,162,176,192,184,178,177,181,170,156,162,172,165,150,172
127,131,125,54,39,58,90,118,138,138,140,142,174,177,177,179,189,178,160,185,179,176,156,162,129,160
129,125,130,49,38,50,80,107,117,174,131,155,133,182,170,181,187,173,172,158,153,158,156,157,164,169
130,128,125,129,40,42,76,90,118,138,147,155,135,167,189,182,167,186,174,172,170,179,161,140,182,155
126,129,127,125,33,51,69,81,111,141,149,132,150,159,174,173,180,176,170,169,159,171,154,170,162,171
129,126,135,128,31,39,74,92,125,130,135,156,134,162,170,173,174,182,181,176,190,150,185,186,171,161
123,131,125,127,32,51,85,94,100,133,150,127,159,156,149,150,158,177,162,178,162,172,169,180,187,157
132,127,129,130,80,215,132,91,107,121,148,157,169,175,166,174,174,166,159,175,179,175,161,168,182,164
127,126,128,128,232,240,221,86,111,120,147,131,142,152,148,146,172,175,180,167,170,186,161,156,147,172
134,119,134,129,131,244,240,122,107,99,137,136,160,152,147,155,177,183,162,178,178,164,175,180,183,186
125,131,127,126,130,245,239,160,94,78,127,140,161,168,170,174,156,172,168,164,172,186,183,174,188,173
128,127,127,134,127,246,238,198,92,81,108,150,156,153,161,153,163,167,158,166,169,160,155,176,166,186
126,130,126,127,126,248,245,223,120,109,134,151,158,165,164,171,163,160,169,161,163,169,165,179,172,187
