11,23,36,46,50,52,67,52,62,60,51,60,50,63,62,66,63,66,62,70,60,45,28,32,27,30
21,37,46,49,64,60,77,75,65,61,58,65,70,65,88,66,76,73,79,78,70,63,45,52,40,25
42,52,55,61,78,79,79,77,66,72,76,69,81,85,82,90,90,98,104,105,83,85,73,60,62,61
57,62,64,70,68,72,74,84,89,84,88,84,92,99,100,107,91,111,99,104,107,101,89,80,72,71
59,70,75,81,71,75,80,75,82,100,104,80,94,123,97,110,104,122,135,107,103,108,103,120,93,84
48,68,76,79,80,80,82,87,78,93,96,84,110,122,110,104,120,125,117,107,110,119,114,126,104,103
62,83,88,88,82,79,99,94,81,95,91,82,105,118,119,117,120,111,105,109,105,121,129,122,113,113
73,81,81,88,72,76,81,81,84,83,75,91,102,113,133,106,110,111,129,120,133,128,119,107,115,124
84,76,86,89,88,94,82,78,72,73,68,109,104,103,112,87,113,134,105,119,107,139,127,128,127,104
73,87,80,109,88,72,79,64,71,83,96,95,88,105,100,102,115,133,99,143,118,128,113,130,132,138
80,78,79,85,83,76,72,69,73,69,103,107,98,100,101,115,103,108,106,101,147,109,109,136,137,135
82,81,84,79,77,94,95,95,94,84,95,89,83,93,112,129,119,112,128,119,134,126,132,112,114,137
88,81,86,82,74,79,80,81,88,85,99,109,108,96,124,104,106,103,103,126,108,106,125,130,127,118
78,77,85,85,88,84,77,69,88,94,96,87,100,101,102,101,118,131,128,105,124,106,100,116,123,116
74,90,82,86,75,79,88,86,86,82,80,90,96,83,100,109,95,103,135,120,126,120,142,96,153,128
81,71,93,84,81,79,84,83,73,91,81,96,98,107,114,120,123,104,103,109,142,108,120,147,143,152
83,83,79,74,82,85,85,79,89,87,84,88,88,99,125,108,132,130,101,128,158,144,127,145,146,162
77,80,83,82,86,88,81,83,72,90,83,89,81,98,95,125,132,118,137,137,158,146,128,137,159,159
65,71,79,83,83,87,99,78,80,104,84,94,83,109,110,117,141,147,110,162,160,154,166,166,159,137
60,63,67,73,72,78,71,84,70,70,69,67,77,89,96,117,160,139,141,141,130,148,144,161,163,169
50,48,45,52,51,54,61,52,68,60,59,69,83,89,103,112,77,88,104,101,118,111,118,108,125,124
35,33,31,37,39,34,42,51,35,38,44,39,45,44,48,50,64,52,58,61,51,56,53,80,58,68
35,40,38,40,43,34,30,38,37,31,29,51,50,32,32,37,41,33,26,23,36,32,33,26,29,22
40,51,47,41,45,35,45,42,34,43,46,36,41,43,37,38,46,43,30,37,28,38,44,41,36,32
34,41,48,44,32,40,42,41,42,39,37,40,42,33,31,43,40,41,43,34,39,37,49,41,34,36
94,100,131,152,110,133,114,118,106,80,59,48,50,32,27,35,45,29,37,36,33,37,30,30,37,34
208,199,200,179,134,183,196,208,216,189,161,113,105,84,67,60,51,55,36,33,27,33,35,30,35,26
205,209,209,215,201,193,212,216,206,224,195,143,127,118,126,112,130,101,75,68,56,38,35,27,29,31
206,208,217,209,198,205,200,205,137,164,149,170,147,113,142,131,99,106,99,101,92,61,67,49,28,32
211,204,208,209,221,203,206,195,178,140,118,156,100,89,135,119,102,80,90,69,78,99,106,104,69,43
