242,244,244,245,247,246,241,234,236,234,232,231,227,223,223,225,228,228,240,229,225,220,130,129,128,128
246,248,247,246,246,247,243,238,239,238,238,238,234,229,224,222,226,230,229,236,226,219,131,128,128,128
247,249,248,245,244,246,248,247,243,245,245,242,240,238,234,228,214,225,232,230,232,129,128,126,128,128
254,254,253,251,249,249,251,252,247,251,250,247,246,249,247,241,238,243,229,240,232,125,129,129,128,128
245,246,249,254,254,251,250,251,251,253,253,251,252,253,253,251,248,245,248,238,232,131,128,131,128,128
199,203,217,236,248,251,252,254,253,252,252,254,254,252,252,253,254,246,248,244,243,130,128,127,128,128
156,139,129,125,129,172,225,240,250,247,255,252,255,253,251,248,254,248,242,252,125,130,129,128,128,128
181,171,161,137,117,109,110,106,160,217,237,252,253,246,255,253,247,244,247,243,122,131,123,131,128,128
170,167,172,156,153,140,127,121,103,110,111,186,235,244,253,244,246,254,244,240,133,128,130,127,128,128
172,161,169,155,163,159,149,145,125,119,116,111,103,150,215,245,246,248,240,242,130,127,129,124,128,128
162,146,156,143,153,163,173,175,173,144,158,163,152,148,146,140,190,226,246,133,125,131,131,131,128,128
190,185,198,185,181,185,194,193,202,191,190,187,191,184,181,173,168,173,197,128,127,132,124,127,128,128
170,186,200,197,193,189,186,181,187,197,199,195,191,190,197,197,203,191,183,124,128,125,131,131,128,128
182,199,194,186,188,190,190,193,201,197,203,204,188,198,199,192,200,199,202,131,127,132,125,127,128,128
182,190,199,190,198,190,191,205,212,215,199,203,202,199,196,196,199,203,132,128,126,128,130,127,128,128
194,193,193,197,205,204,199,208,214,215,207,202,207,206,205,203,205,205,118,128,131,126,129,127,128,128
212,196,197,189,201,195,204,212,216,215,216,205,212,211,209,204,206,196,133,133,124,130,124,129,128,128
231,216,203,204,195,207,210,221,220,217,222,214,216,215,205,201,200,197,129,121,132,132,125,131,128,128
233,216,217,207,213,214,219,213,223,217,220,221,215,214,201,201,196,125,126,132,128,129,121,134,128,128
234,232,228,232,219,231,223,222,219,213,211,217,209,209,201,203,198,128,128,125,124,128,135,122,128,128
235,233,237,231,223,221,221,224,217,213,211,216,213,212,214,211,224,127,126,130,129,127,127,129,128,128
240,236,233,238,229,231,221,226,221,220,222,224,227,223,232,222,128,127,132,123,133,127,123,131,128,128
244,240,243,237,235,237,232,234,236,228,234,235,225,232,230,236,128,128,128,128,128,128,128,128,128,128
242,239,242,239,238,240,235,238,236,235,229,228,232,227,238,246,128,128,128,128,128,128,128,128,128,128
241,238,241,242,242,242,239,242,235,243,233,240,238,245,242,127,128,128,128,128,128,128,128,128,128,128
239,236,238,241,242,240,239,243,242,238,240,237,241,251,255,127,128,128,128,128,128,128,128,128,128,128
234,233,233,237,239,237,239,242,244,246,242,245,250,249,253,129,128,128,128,128,128,128,128,128,128,128
231,232,231,237,240,238,242,243,245,243,247,245,253,252,131,128,128,128,128,128,128,128,128,128,128,128
229,234,233,240,242,240,244,242,244,247,247,251,247,248,130,123,128,128,128,128,128,128,128,128,128,128
228,234,234,240,242,240,243,237,239,242,237,221,192,124,130,129,128,128,128,128,128,128,128,128,128,128
