206,182,187,163,191,193,189,191,122,161,148,170,162,178,182,187,166,163,189,176,168,165,131,143,137,170
186,190,205,183,191,180,190,183,135,174,153,152,165,164,193,172,180,181,182,160,152,170,131,135,165,171
186,188,196,183,207,174,182,160,181,165,145,152,177,160,156,182,176,181,157,182,170,157,133,157,163,160
188,178,194,171,187,208,171,170,183,169,186,168,173,162,151,169,170,176,168,154,150,152,156,143,162,154
190,187,191,196,183,177,172,174,176,160,156,171,177,164,167,159,174,159,170,165,152,152,147,155,161,146
178,198,194,167,161,164,192,172,181,177,185,180,179,197,189,165,170,168,164,162,156,152,146,148,159,149
183,180,153,143,174,171,189,169,154,163,173,166,192,169,161,159,173,169,166,151,164,161,149,168,130,140
160,153,169,192,167,164,184,193,174,191,173,174,166,170,167,164,167,179,176,178,140,154,160,178,142,127
189,190,181,190,199,181,180,149,198,157,181,164,173,180,153,170,155,124,158,166,146,164,156,142,141,133
176,182,194,184,185,184,159,189,161,164,183,162,170,183,168,168,169,163,169,143,153,134,156,154,134,149
186,185,164,183,181,179,184,178,189,172,173,175,169,176,175,157,147,151,157,152,139,139,134,150,177,129
196,187,192,196,186,171,184,167,184,158,151,171,161,170,166,180,152,164,170,156,136,149,141,153,144,130
171,165,180,174,183,198,176,165,186,174,176,179,167,142,133,140,145,154,161,143,127,132,131,139,139,105
162,177,170,181,182,169,165,178,196,168,170,162,152,154,147,133,152,158,154,154,129,138,146,128,125,99
170,173,170,175,196,179,170,172,151,177,153,170,164,125,114,134,143,167,149,147,147,143,109,109,91,100
184,175,172,180,172,175,169,171,140,155,140,146,148,111,114,124,155,160,148,149,152,119,115,111,95,85
179,190,180,163,174,180,171,166,165,160,147,162,140,124,120,128,163,141,155,154,138,99,97,99,83,93
161,175,175,180,160,165,178,165,168,144,132,145,122,146,115,149,163,153,156,131,97,74,67,75,79,81
170,172,179,187,159,159,168,166,137,146,140,122,128,112,135,124,130,155,134,136,94,74,77,91,89,88
184,183,147,183,174,170,147,163,148,144,153,135,123,129,118,94,147,133,135,129,71,71,70,108,84,76
158,169,160,160,170,163,168,152,171,144,130,138,123,147,105,88,107,160,138,85,66,85,93,110,87,91
170,155,137,182,150,179,181,170,164,147,139,132,112,130,117,112,127,148,138,89,69,74,107,88,88,106
175,177,172,169,168,178,162,148,156,152,123,122,111,110,128,114,121,142,99,90,98,99,111,112,111,101
154,170,162,162,163,179,174,170,156,151,124,133,137,124,111,112,122,113,97,86,83,88,97,123,103,90
126,162,158,184,164,166,160,144,140,156,153,146,133,113,99,134,126,114,103,84,87,92,108,108,86,77
126,127,154,163,164,146,151,142,154,152,166,148,147,121,98,110,136,112,98,85,81,102,86,99,75,86
131,129,145,147,155,153,175,137,149,162,140,139,159,130,122,143,161,145,111,86,94,106,76,84,73,74
125,130,125,130,135,147,152,153,151,146,168,136,123,121,114,133,107,114,96,90,102,90,71,66,67,54
133,124,130,133,137,132,140,156,149,136,140,132,125,120,110,115,98,103,101,100,77,66,70,66,61,65
128,123,131,129,129,122,126,152,144,149,123,131,120,125,121,107,104,94,98,90,77,89,78,73,64,76
