122,136,123,125,108,107,87,106,99,96,125,117,142,120,131,118,146,104,125,120,139,157,170,158,180,169
115,128,106,137,96,126,107,94,103,82,95,96,92,110,122,99,106,105,112,92,115,137,145,157,156,175
109,109,103,107,114,107,122,83,85,97,72,82,80,69,72,82,89,84,81,88,99,106,118,146,123,147
110,107,118,98,88,92,84,129,88,72,63,63,63,61,74,66,69,64,62,63,75,95,92,90,104,131
101,107,98,88,89,76,77,71,85,59,59,55,54,44,58,57,66,56,60,70,69,64,79,81,90,99
104,119,100,93,70,87,88,65,67,64,58,61,66,57,53,49,55,60,60,60,68,61,68,73,79,88
119,95,92,100,82,73,71,73,74,63,61,61,52,57,57,61,59,60,63,64,59,63,73,74,63,88
126,92,83,77,74,71,58,62,57,60,54,54,58,59,53,52,60,62,69,59,75,75,67,76,80,84
103,84,79,79,80,86,70,63,63,73,57,60,59,64,63,66,81,57,77,98,84,87,79,95,94,96
114,106,90,79,97,98,86,88,75,76,71,84,73,68,78,83,85,87,98,113,128,123,108,132,114,125
124,99,115,126,107,105,111,104,100,94,76,87,97,88,78,104,116,113,159,145,163,127,155,157,161,175
132,118,140,142,147,124,121,104,127,103,97,113,122,114,104,126,111,149,159,161,166,154,186,178,197,208
130,149,115,145,151,157,139,162,152,138,133,124,115,135,166,153,134,162,155,169,187,204,220,213,215,226
150,137,131,136,162,144,177,176,146,149,144,152,153,146,163,159,160,210,174,206,196,208,225,224,235,236
164,146,144,141,163,137,172,162,156,104,145,156,153,162,171,175,198,190,198,207,207,221,214,222,232,218
138,188,147,146,149,154,172,152,117,139,111,148,168,170,179,159,192,197,203,196,201,208,204,226,222,237
146,144,142,158,152,185,137,148,139,119,156,137,151,155,166,161,153,164,163,186,195,198,202,209,220,227
147,120,141,156,110,103,121,128,141,140,142,148,120,148,151,166,147,159,168,154,186,184,190,211,217,207
118,86,149,114,115,79,110,126,146,114,99,126,129,138,140,146,151,144,141,109,184,159,150,202,211,196
86,101,149,136,115,96,111,124,121,97,96,92,127,137,107,97,112,97,121,118,180,112,146,194,209,199
122,107,127,88,93,73,93,117,88,90,97,95,118,113,96,75,75,103,92,114,113,115,135,174,127,175
94,98,82,83,98,99,79,85,91,123,106,81,88,88,90,83,67,84,111,139,109,119,145,121,116,185
91,75,66,75,78,101,81,86,95,91,79,77,85,68,86,82,84,78,98,108,106,102,97,85,89,126
54,77,61,73,69,74,94,99,100,90,74,52,79,85,68,71,80,74,99,94,84,73,81,90,102,123
51,55,71,75,64,65,73,80,76,64,61,66,91,73,70,80,80,80,85,87,88,80,103,107,96,117
58,61,68,72,73,71,69,66,62,58,59,64,73,64,65,76,73,69,64,63,56,94,93,92,87,93
56,59,58,62,71,71,65,59,56,56,54,54,57,56,54,62,59,61,58,61,51,90,65,61,70,76
46,52,46,54,57,60,55,55,55,55,46,45,57,59,51,50,46,55,56,63,68,72,62,67,73,75
47,52,44,51,44,46,41,49,51,49,38,43,47,52,48,45,42,50,52,56,58,53,63,72,70,61
36,36,31,37,35,38,35,49,51,46,32,40,37,41,43,39,40,46,51,49,39,50,51,52,58,43
