65,68,74,62,61,63,63,42,52,49,51,52,45,53,69,69,71,75,73,80,84,86,86,83,101,114
84,82,77,85,79,70,66,77,64,71,67,60,64,63,69,74,78,79,82,88,92,91,98,93,89,104
85,90,76,85,92,86,87,84,73,78,73,78,66,75,78,70,70,74,76,87,83,91,101,96,90,115
98,92,96,103,76,85,86,87,82,80,75,74,71,76,77,78,79,73,79,81,89,85,84,86,104,105
100,106,94,90,93,88,84,84,85,81,78,74,79,77,65,72,72,71,75,72,87,84,88,101,94,105
116,104,99,92,91,106,96,90,87,88,85,77,80,72,69,71,67,76,69,67,72,80,86,89,97,106
115,109,114,104,109,106,102,94,93,101,96,91,89,85,76,71,71,77,72,74,72,85,81,71,82,100
117,127,127,115,139,109,104,99,104,110,105,104,96,100,77,68,75,67,73,77,79,86,77,75,101,99
118,108,119,117,110,109,117,112,121,111,112,110,95,95,87,78,76,67,71,69,75,79,88,100,93,99
107,116,120,122,125,111,120,113,126,106,120,121,102,96,96,88,71,80,74,70,77,87,96,101,111,107
112,110,111,112,96,88,86,83,71,74,68,84,86,78,93,106,88,85,72,67,78,79,93,94,114,122
92,91,86,89,86,92,105,97,104,92,100,85,84,57,56,61,62,78,93,77,67,72,103,103,94,114
97,104,102,123,122,118,118,124,133,125,114,108,109,100,90,60,60,57,59,66,78,74,89,95,111,111
139,126,116,127,110,129,126,120,123,125,134,110,112,100,103,97,84,61,61,65,70,78,67,100,100,115
114,99,82,84,62,64,66,65,75,70,80,78,103,89,79,96,88,80,73,63,58,69,88,97,109,110
82,49,29,18,15,3,22,37,11,28,37,24,55,44,57,70,73,79,69,71,72,67,74,82,102,115
33,16,32,32,28,20,46,35,50,61,26,19,47,38,37,43,52,63,79,87,78,78,75,83,103,111
6,55,37,55,63,40,97,197,67,61,40,70,113,78,56,8,24,42,50,62,73,78,79,91,101,90
32,52,56,68,59,14,60,71,36,12,7,71,160,138,107,65,45,34,26,44,34,59,60,86,88,114
40,43,60,55,29,0,22,39,7,13,49,110,131,105,80,66,64,47,14,45,49,56,83,73,87,100
33,37,58,47,27,13,48,42,37,55,58,73,67,63,58,58,65,58,44,66,75,84,94,86,95,103
58,55,57,53,60,51,63,70,68,65,78,78,70,83,87,67,79,86,80,90,109,104,90,88,101,98
74,73,74,76,90,81,80,85,82,83,98,101,95,96,83,93,89,90,99,99,91,93,91,81,117,101
88,91,101,93,90,87,93,93,94,110,99,105,101,95,99,98,86,91,83,100,97,101,94,101,115,102
114,108,119,112,105,110,98,115,98,88,96,108,84,82,85,87,88,94,95,96,82,91,119,125,116,113
130,112,110,107,96,91,94,88,80,70,83,87,72,76,86,78,99,88,87,85,97,99,127,98,125,130
132,97,87,91,95,81,77,74,72,72,70,67,80,77,87,97,98,96,84,103,112,114,129,129,125,146
98,103,75,73,82,69,68,73,74,59,69,81,101,87,91,105,109,87,118,117,134,129,115,124,128,143
83,81,77,83,69,77,77,76,73,85,83,89,100,109,103,114,110,112,132,148,146,125,117,144,117,139
82,90,74,102,89,88,85,84,95,97,113,107,109,98,115,119,130,121,138,149,156,141,137,146,161,165
