108,123,112,100,96,104,90,113,105,111,117,101,96,124,123,106,129,135,150,168,196,207,217,220,222,234
108,107,101,85,103,113,152,108,102,102,99,110,128,108,116,142,140,151,151,178,177,201,205,212,230,223
108,104,104,111,103,101,97,104,100,95,113,108,102,90,95,148,163,185,171,180,199,203,208,205,213,205
102,125,119,115,100,77,101,106,96,86,104,99,115,105,90,120,124,144,174,187,176,209,200,207,213,217
101,109,109,90,88,114,116,111,107,119,97,88,105,104,107,101,94,142,193,192,209,219,204,222,210,213
86,110,114,94,127,111,101,96,121,140,124,114,128,94,106,112,119,166,183,200,200,211,207,194,218,214
106,120,119,129,109,108,107,105,93,121,167,135,137,136,129,136,141,194,213,231,224,200,194,194,211,220
109,124,114,88,97,81,72,62,70,85,94,118,140,180,149,145,148,119,137,197,200,171,206,200,216,212
95,81,90,78,79,69,67,77,68,68,70,86,85,116,112,101,80,97,88,103,112,157,197,204,232,231
84,66,71,71,80,87,73,108,72,81,71,74,90,105,126,112,95,103,89,104,104,90,91,122,170,197
74,81,68,82,79,88,83,62,82,75,77,87,83,130,95,116,110,141,133,130,128,127,80,85,97,137
63,90,79,68,111,91,93,115,79,67,89,94,87,117,133,97,82,136,128,136,164,133,148,119,87,116
54,50,61,69,49,82,82,86,74,72,88,85,99,113,113,120,88,87,89,127,151,132,122,104,82,89
43,42,37,37,42,32,43,51,52,51,51,73,76,70,96,96,67,57,59,73,83,92,83,89,84,78
81,63,70,53,63,58,50,43,39,54,46,39,34,43,51,60,48,48,51,46,57,59,67,70,94,77
118,135,116,110,102,139,98,87,72,80,67,71,82,70,69,85,126,160,137,169,208,209,229,238,236,220
144,139,136,139,117,113,143,121,104,142,146,145,156,138,159,191,196,194,214,217,229,210,232,237,235,243
129,138,145,123,156,138,144,159,143,153,162,171,176,161,156,196,190,208,212,221,235,236,226,237,239,238
112,133,122,132,120,149,156,161,166,173,196,191,179,184,188,204,221,227,224,227,221,235,243,241,229,227
94,81,98,112,158,121,150,132,143,159,168,176,140,156,177,190,174,201,210,212,205,221,219,222,210,203
105,90,90,98,85,92,116,119,114,139,139,172,137,122,159,132,163,190,178,178,193,196,206,194,203,207
135,139,103,98,89,89,85,92,101,112,117,142,122,113,126,100,139,149,163,155,146,175,201,189,216,211
139,132,137,96,111,101,98,100,91,86,97,112,100,95,128,93,124,120,161,180,175,175,187,203,199,205
131,108,96,115,99,106,90,75,77,79,79,90,98,91,85,88,88,93,103,123,137,168,173,170,192,184
115,96,98,86,88,82,73,65,67,67,66,61,66,70,60,66,66,75,82,90,104,142,136,154,159,196
109,90,90,92,78,66,70,60,63,54,61,52,51,60,64,60,71,78,88,88,89,105,132,133,171,179
96,86,84,96,76,82,83,53,64,49,59,63,59,59,62,64,64,75,65,73,76,104,108,125,122,183
91,85,87,89,74,70,71,52,60,46,54,56,56,58,68,64,62,74,67,78,72,101,99,122,172,159
66,86,76,65,65,51,52,56,52,49,52,49,43,48,63,55,63,65,76,86,71,107,92,134,140,143
101,79,74,69,61,75,63,61,55,66,62,71,72,63,63,73,81,70,80,94,84,107,117,148,159,150
