28,9,26,21,65,117,152,80,61,80,153,179,189,168,171,179,106,28,35,99,53,24,47,62,28,10
22,8,11,58,91,98,81,120,73,135,164,132,176,177,145,134,65,67,63,40,16,52,52,9,4,38
14,61,1,33,56,67,73,99,108,47,153,184,118,170,124,81,56,24,13,53,57,53,22,0,21,106
38,30,4,22,61,85,44,10,29,50,8,61,126,151,149,43,32,60,62,71,43,11,14,36,66,134
2,47,40,25,71,127,5,17,72,128,23,31,17,49,43,49,78,86,43,26,23,37,59,71,116,149
21,43,5,63,29,64,19,9,32,49,42,71,50,61,77,65,71,41,25,34,76,45,85,114,144,146
12,38,11,3,32,17,18,37,31,35,29,34,21,18,29,28,30,37,70,62,93,120,130,141,149,143
28,46,11,16,8,59,21,17,18,20,15,11,37,35,53,45,73,79,93,110,127,120,148,144,147,151
59,75,54,44,64,53,82,38,42,58,42,73,72,80,86,87,111,104,132,129,136,140,148,144,141,160
105,76,84,99,88,93,106,72,95,89,98,103,104,106,121,136,146,144,148,148,162,149,149,145,139,176
116,100,102,104,104,102,122,121,120,117,124,135,139,146,168,155,152,165,153,159,169,150,142,150,171,199
110,118,117,124,125,119,129,136,152,142,150,165,151,160,177,152,172,166,163,156,169,164,141,156,199,206
117,112,125,130,136,137,150,145,159,151,174,167,186,185,177,184,173,184,171,185,165,172,156,197,217,216
122,134,124,137,146,136,157,160,161,173,166,183,183,190,174,183,185,183,174,179,167,162,188,215,214,216
129,124,140,136,155,147,162,154,173,167,178,181,191,186,186,182,175,174,191,176,166,185,210,210,209,205
130,134,136,136,142,157,166,156,168,171,174,190,192,186,192,186,187,187,188,179,169,173,207,204,211,190
128,131,122,131,138,154,165,161,159,174,160,189,187,191,180,196,183,179,178,176,163,193,207,199,184,128
115,120,133,132,133,146,160,158,165,166,165,173,192,198,186,190,189,199,178,173,156,168,189,195,173,149
125,135,127,130,125,153,155,163,164,175,171,172,188,194,182,197,191,177,180,186,170,164,193,192,182,163
116,130,132,133,140,136,150,160,158,174,173,163,172,170,188,189,198,180,187,180,175,161,164,175,198,178
121,111,122,129,130,146,128,142,132,165,173,167,184,180,200,186,186,182,186,178,183,155,146,154,163,182
114,114,102,126,129,120,134,141,137,152,159,166,169,185,188,195,197,182,184,181,189,173,142,123,113,140
151,106,109,108,145,128,129,138,132,156,146,152,178,184,192,197,190,179,192,194,192,178,164,146,123,128
149,99,98,117,101,130,135,131,125,137,151,173,161,174,198,194,188,189,195,188,180,175,170,159,157,135
200,109,89,111,100,117,133,124,139,145,134,159,163,172,177,167,172,191,197,194,186,184,178,156,171,168
170,111,88,98,98,105,124,131,130,134,140,154,167,178,174,168,174,191,189,189,172,165,161,175,160,167
132,82,79,85,101,106,119,111,141,133,128,151,161,174,160,172,183,194,186,185,168,175,176,168,160,170
91,107,85,65,108,108,120,116,125,125,136,143,150,140,162,173,177,194,199,200,175,187,172,164,152,176
87,128,74,71,85,92,107,127,120,116,136,136,145,149,150,181,183,179,187,187,183,176,170,166,151,153
99,95,59,78,105,89,109,124,114,119,117,135,142,153,166,170,177,181,206,178,171,167,156,151,152,132
