223,215,213,213,214,198,172,180,183,192,198,189,190,186,183,175,172,151,154,140,154,144,117,114,110,109
225,219,228,221,215,212,158,126,181,190,185,201,185,177,180,179,175,162,158,144,151,148,134,111,110,101
237,230,234,220,218,208,195,171,195,196,209,186,202,176,176,177,167,160,160,159,147,138,123,106,109,90
238,231,237,217,231,207,206,206,200,189,189,198,190,186,177,170,162,174,149,155,131,125,107,108,96,77
237,234,228,233,225,212,217,196,178,175,178,196,196,175,178,154,161,155,136,131,119,123,113,112,83,72
241,241,235,220,218,227,219,211,201,170,188,170,163,169,170,176,157,134,136,125,129,113,109,104,85,81
239,238,237,228,225,214,219,223,205,197,186,192,180,170,166,132,137,138,138,126,132,105,97,91,81,78
240,239,234,231,229,219,230,221,201,201,213,186,181,163,154,155,138,123,133,111,111,110,101,88,64,57
235,225,234,216,227,228,216,220,219,208,197,186,176,161,154,152,127,131,130,95,101,94,98,90,73,56
241,227,221,224,222,216,223,212,205,198,196,182,161,163,143,135,135,109,102,98,86,72,75,57,76,67
222,236,220,223,219,213,222,213,218,203,195,178,158,144,133,135,124,117,97,106,76,76,93,65,62,47
225,210,210,203,203,203,202,201,208,193,172,167,149,148,135,128,122,105,90,78,74,81,67,53,44,39
218,195,194,189,192,198,198,201,191,191,177,175,147,132,129,118,96,96,76,62,66,62,61,53,40,54
199,200,201,189,197,209,196,204,192,190,156,124,133,127,107,114,89,77,54,56,70,54,61,41,35,47
202,185,198,187,193,201,181,180,174,161,155,141,115,113,98,86,85,76,78,51,64,59,53,52,50,46
184,186,168,182,180,183,184,169,157,148,131,121,101,95,81,71,70,80,64,66,64,55,52,56,36,94
167,167,164,167,169,172,150,147,144,141,125,95,85,97,80,62,65,55,63,61,74,69,44,51,42,52
166,162,161,158,154,150,146,117,129,99,94,84,69,66,66,88,81,62,58,52,65,73,53,56,49,58
142,148,151,144,130,133,116,126,124,105,73,79,76,70,65,73,70,95,70,73,62,61,55,53,39,58
144,141,129,122,127,118,108,115,114,92,86,67,77,82,84,93,87,58,71,73,63,61,50,56,50,51
117,114,118,119,108,115,100,89,97,73,72,69,74,69,89,74,90,92,58,72,53,45,48,53,40,54
114,109,130,112,101,98,99,81,93,84,84,90,92,79,92,73,79,67,76,69,64,65,51,56,47,49
99,95,121,112,97,105,93,102,84,84,94,80,60,78,98,71,47,66,86,70,52,40,31,50,48,63
110,111,101,113,103,97,108,102,105,80,104,92,88,116,93,81,54,77,73,59,61,54,40,63,52,47
114,124,117,121,115,108,93,90,91,102,74,85,89,87,94,85,67,69,61,68,57,42,53,52,53,42
113,125,110,111,109,114,112,111,101,98,110,87,95,104,71,76,74,55,71,58,67,63,59,45,55,131
122,114,120,118,109,107,100,102,97,97,106,100,89,96,73,76,60,64,67,61,68,56,52,57,70,125
114,116,106,115,121,123,111,106,97,93,101,87,75,86,73,86,71,64,65,78,79,58,62,52,127,130
113,110,114,116,115,115,106,109,107,102,97,92,91,80,57,68,80,84,75,76,72,57,67,126,134,125
111,121,117,118,117,114,102,104,99,90,79,96,90,77,92,86,66,68,83,77,74,77,130,126,129,127
