221,236,232,232,239,242,247,252,254,255,255,255,255,254,253,251,249,248,249,250,251,250,245,247,244,242
204,231,237,234,240,243,248,251,254,254,254,254,253,254,254,254,252,249,247,246,250,252,246,248,244,243
230,229,234,241,242,244,248,251,253,253,254,254,253,254,255,255,254,251,247,244,244,250,245,249,245,244
233,240,235,232,243,245,248,251,252,253,254,254,254,254,254,254,254,252,249,246,240,248,242,245,242,245
229,234,239,233,239,242,247,252,252,252,253,255,255,254,253,255,254,255,244,244,235,237,238,237,244,243
227,232,230,241,239,244,249,250,250,253,254,253,249,252,255,252,255,254,249,237,232,247,237,239,242,241
229,236,228,233,238,244,247,246,248,252,254,251,255,251,255,254,249,248,253,234,225,238,238,235,243,227
232,229,237,242,237,241,244,244,245,249,251,250,249,255,248,253,255,254,246,251,250,233,236,235,236,233
217,221,237,229,240,240,242,244,243,241,243,247,247,249,248,255,250,252,249,248,238,238,231,241,222,167
222,236,240,228,241,240,242,244,241,235,237,243,248,245,252,240,242,247,251,247,247,246,236,182,148,145
223,228,226,240,232,235,239,240,237,234,237,243,239,255,244,213,238,233,210,235,238,227,204,170,101,98
217,229,224,227,221,228,235,236,234,236,241,246,245,241,236,215,200,190,156,166,202,175,158,83,55,44
192,213,222,221,216,216,237,231,226,242,237,237,241,229,181,162,107,84,81,87,89,69,47,41,31,24
188,207,230,214,219,208,213,232,222,236,242,228,230,206,137,98,57,52,51,77,29,13,30,21,26,26
173,180,194,192,185,177,201,200,213,226,218,225,217,168,83,65,40,41,34,14,20,8,3,14,16,22
101,158,179,160,176,180,175,169,202,213,208,193,192,118,58,32,18,31,25,10,12,12,16,25,20,13
52,89,139,150,113,119,137,162,183,189,180,156,99,62,16,5,15,6,16,9,10,27,17,19,23,13
29,47,77,95,103,102,121,103,148,167,143,92,56,17,4,0,9,12,15,18,7,7,6,24,5,11
31,37,58,60,77,75,77,85,123,87,78,52,17,3,0,1,0,0,12,6,9,20,14,3,9,12
32,32,33,45,42,38,43,66,62,67,42,24,2,7,3,0,4,10,3,11,12,19,0,10,4,5
17,7,10,14,15,8,28,16,35,32,6,4,15,0,0,4,4,3,6,7,4,14,4,7,9,6
18,12,0,10,18,9,18,7,9,15,0,8,9,14,5,0,3,5,0,4,3,2,27,18,9,12
4,5,10,6,14,2,11,11,10,17,4,11,16,7,16,9,16,0,6,7,9,2,9,14,8,9
3,3,24,3,17,3,22,25,27,18,7,3,11,3,9,21,12,1,5,6,1,8,4,24,14,6
13,15,21,16,14,7,26,32,23,8,3,1,3,9,17,4,24,1,7,0,22,6,0,5,6,17
12,17,12,25,11,8,14,31,14,8,1,1,5,11,7,15,16,11,9,3,6,1,17,9,3,2
3,9,17,23,14,11,7,24,12,9,2,2,10,1,4,11,13,1,14,0,12,6,7,2,8,0
20,9,14,4,3,2,3,12,10,5,15,20,10,22,7,6,8,9,9,0,7,1,6,2,12,3
2,5,10,2,6,4,1,19,17,6,20,4,9,19,12,3,14,9,6,5,9,5,6,14,8,16
0,1,12,0,1,4,0,32,13,7,10,18,8,4,14,12,3,9,27,13,14,8,0,9,15,10
