112,137,33,31,23,25,0,11,11,10,30,69,89,119,89,109,106,82,107,51,99,112,113,137,107,83
16,148,119,48,29,22,7,20,22,16,32,96,107,121,122,126,134,116,116,131,127,135,131,135,149,143
23,13,173,79,88,27,44,15,7,9,46,121,122,114,130,132,114,119,138,141,126,132,145,159,152,159
45,19,23,123,85,34,27,24,27,19,26,103,103,119,121,133,135,136,136,135,138,166,155,161,174,156
86,27,13,19,88,140,48,24,29,38,34,99,120,115,130,141,144,138,141,144,160,171,158,138,121,105
131,87,58,25,24,24,136,109,47,37,84,116,129,127,136,129,144,144,147,149,165,157,99,132,158,158
170,140,115,70,62,23,1,47,158,133,59,103,132,130,134,132,152,127,139,148,150,130,114,140,131,148
212,164,154,140,87,85,51,36,19,58,113,176,128,86,90,117,125,138,146,154,152,106,107,107,98,65
213,202,163,170,139,97,99,103,75,48,43,34,58,96,163,180,188,124,114,89,115,72,83,108,84,46
224,220,216,191,191,181,144,135,104,99,113,84,55,56,46,31,40,52,75,103,94,108,103,85,73,51
220,226,236,216,195,195,202,168,178,151,145,146,120,110,124,101,75,90,63,62,30,34,24,27,39,22
235,225,230,240,227,224,188,198,193,181,180,168,172,152,148,153,152,129,135,106,120,123,133,128,135,143
249,219,235,240,236,242,229,231,222,224,215,213,201,191,172,169,171,182,170,156,174,168,153,161,152,152
245,222,222,227,231,234,234,235,232,230,232,233,230,232,223,217,208,206,207,200,203,212,194,194,187,187
252,244,236,235,238,230,239,239,247,244,241,244,244,242,232,229,231,237,225,216,217,218,224,195,209,200
244,242,229,232,239,231,240,238,240,230,247,244,241,240,239,239,238,237,234,233,219,229,228,212,218,217
246,238,235,239,238,232,237,245,250,247,247,245,245,245,248,246,243,238,237,238,223,232,227,224,220,222
241,234,228,237,241,243,240,247,244,240,242,244,248,244,245,242,245,245,240,238,235,231,233,226,223,219
237,226,238,245,245,242,237,242,243,245,244,241,243,243,252,249,245,235,235,238,225,233,223,224,216,214
214,226,236,244,249,246,242,242,245,247,247,246,248,242,245,241,244,240,241,237,231,229,232,216,226,217
214,235,246,246,247,246,244,242,241,241,237,239,244,246,244,244,241,236,235,230,233,239,229,220,222,217
225,243,240,242,244,245,245,245,245,245,242,244,246,243,238,238,241,239,238,238,228,228,219,210,216,206
237,233,241,243,245,245,244,243,242,243,241,242,245,245,240,239,237,233,232,240,224,226,225,218,221,200
239,243,245,246,247,246,243,239,237,237,237,236,240,243,243,240,235,228,230,234,219,219,225,221,213,191
242,247,243,244,246,246,244,241,238,236,238,235,235,236,235,235,235,233,233,227,218,211,215,218,209,203
244,244,241,242,244,245,245,243,239,237,236,235,236,235,230,229,233,235,230,223,224,214,210,215,210,213
238,240,243,243,243,245,246,243,239,234,231,230,233,234,231,228,229,229,226,221,222,215,206,205,201,195
243,236,242,242,242,245,247,245,239,234,231,225,224,228,230,230,228,224,222,218,212,211,206,206,205,187
245,241,243,246,243,247,241,243,239,238,231,233,223,230,226,226,224,223,216,215,219,216,209,206,199,185
209,229,241,240,242,241,244,244,239,237,236,226,222,212,214,224,216,218,218,213,218,212,188,204,200,189
