156,162,150,130,120,135,120,117,133,136,124,176,162,155,176,183,144,162,157,140,132,129,96,101,83,69
165,162,149,128,122,112,106,115,121,112,136,167,172,173,167,163,160,175,138,117,102,85,79,68,68,62
146,144,134,138,126,106,129,111,106,159,150,148,171,155,158,166,166,149,139,89,102,86,61,65,58,55
139,156,135,139,109,120,98,120,134,131,137,124,145,161,161,132,149,117,106,85,83,62,56,69,53,54
142,148,146,122,124,103,103,104,104,113,116,111,93,130,121,119,93,76,95,86,65,69,57,54,60,68
152,135,129,127,118,91,75,114,96,86,78,75,75,78,86,69,78,75,75,79,77,71,66,90,94,82
158,134,125,133,103,84,82,83,71,77,61,64,67,66,68,70,70,82,91,113,132,124,144,155,161,158
145,161,129,127,112,93,75,73,67,73,64,55,56,58,59,67,81,111,138,157,188,172,163,117,124,96
145,150,118,102,88,83,70,71,69,69,67,58,60,64,80,102,93,131,154,150,127,93,93,107,97,108
140,149,135,110,102,76,68,76,71,62,60,62,65,69,92,127,149,135,105,71,82,69,73,80,85,87
153,132,138,132,78,88,81,90,82,75,64,69,63,70,102,127,108,87,73,75,63,68,73,68,74,80
139,144,118,122,121,103,79,80,75,77,60,57,42,49,52,66,82,58,54,61,72,68,71,79,77,69
160,160,132,115,99,78,83,73,71,72,59,51,33,33,36,57,56,50,49,60,56,57,55,63,50,46
149,140,135,115,91,87,88,73,70,61,52,46,31,20,20,37,42,42,39,38,51,46,29,14,25,45
159,152,153,113,97,81,82,85,65,59,54,50,41,47,38,35,36,58,56,51,60,54,53,54,51,58
163,147,137,122,110,93,81,82,73,57,56,48,56,67,69,55,62,71,80,80,102,82,71,82,71,72
165,142,126,112,97,94,85,90,85,79,67,66,70,84,78,91,84,85,98,97,105,109,130,115,112,89
138,129,123,111,104,96,92,86,77,69,61,67,76,91,107,109,85,104,106,117,118,141,143,138,144,132
139,152,134,124,121,96,90,78,92,73,90,77,91,94,97,121,112,98,114,112,115,135,148,136,146,154
131,135,113,108,107,102,93,81,91,73,89,81,92,101,102,118,134,150,114,112,113,125,159,146,109,156
126,137,126,115,110,104,93,91,94,94,99,98,86,96,117,101,122,132,152,105,108,132,144,125,130,161
135,155,121,101,123,104,103,97,100,95,111,108,93,100,97,121,118,118,132,130,106,114,132,111,158,164
134,150,131,121,113,90,105,102,119,114,103,115,131,101,110,105,116,94,113,101,130,128,107,119,109,162
147,136,121,113,129,115,112,114,112,119,113,127,108,103,107,82,101,115,112,104,90,92,112,113,95,108
120,117,148,127,119,115,112,129,123,103,113,112,125,115,115,103,91,81,89,100,95,87,84,81,118,112
98,117,135,122,120,110,117,113,105,127,98,127,102,108,117,73,92,104,100,91,82,84,77,66,77,74
113,119,131,124,128,120,109,102,103,127,114,109,113,98,88,92,72,88,88,79,79,72,66,71,60,67
122,116,150,127,120,122,121,114,122,106,101,98,95,94,99,86,88,99,100,92,93,81,80,73,62,70
106,115,131,113,119,114,108,103,90,94,101,94,93,95,85,89,83,87,110,88,91,80,68,79,71,65
86,109,130,131,121,103,107,111,101,91,80,94,90,88,85,87,80,80,83,91,81,82,83,94,83,68
