130,127,158,182,180,183,172,163,165,159,149,145,146,145,141,139,130,124,122,115,108,115,113,116,117,115
130,125,173,184,179,189,169,164,157,160,155,149,147,142,138,141,122,119,125,120,117,120,119,122,126,119
128,133,178,182,180,175,166,166,161,158,151,143,143,142,132,126,128,126,130,124,128,128,129,128,128,120
125,129,187,194,183,176,170,167,155,156,147,146,142,134,132,128,135,126,127,125,132,133,133,135,139,127
129,126,187,189,170,163,165,163,152,146,150,144,138,136,129,137,118,119,134,135,136,129,130,138,137,127
129,128,191,190,175,163,158,155,150,151,141,144,139,131,138,134,137,130,133,129,134,131,129,129,129,127
128,129,188,183,179,168,157,158,155,143,146,136,134,141,133,132,118,116,123,124,137,140,136,128,130,130
130,129,185,172,174,167,155,157,146,143,133,136,136,137,143,127,123,119,120,111,118,126,132,132,130,129
128,128,194,181,176,167,153,145,144,133,136,136,134,139,134,126,123,117,120,118,131,138,138,133,131,127
129,125,196,179,167,161,154,143,146,138,138,142,135,129,128,118,123,122,131,127,130,130,134,139,139,130
128,125,189,184,173,160,161,149,143,143,135,141,125,129,142,130,127,134,132,139,127,131,122,124,126,99
129,128,185,172,160,150,152,144,149,146,143,138,129,136,134,135,141,138,127,141,120,110,109,83,85,61
126,131,184,167,157,147,146,140,143,145,141,136,136,140,132,136,136,122,126,115,91,83,68,53,44,19
125,131,180,166,160,150,145,143,136,145,135,140,140,131,130,122,108,111,92,75,70,62,69,64,41,33
129,128,171,161,157,148,141,145,141,143,135,135,126,111,109,92,81,80,60,50,74,90,108,102,74,62
130,126,167,161,155,144,134,137,141,130,127,113,99,86,74,64,61,51,66,76,110,145,155,145,105,70
128,127,169,163,153,144,132,131,130,122,113,93,84,69,57,54,51,63,77,116,150,166,187,173,131,90
129,128,169,159,146,143,136,134,123,127,104,89,88,63,60,56,55,64,80,111,151,168,172,184,159,112
130,125,161,161,149,144,128,129,124,120,114,92,90,73,74,76,70,69,72,95,111,133,147,161,153,122
130,127,163,156,147,146,137,136,136,127,115,107,110,100,93,90,91,86,85,83,80,94,100,116,123,114
128,128,169,154,150,150,147,144,137,139,131,122,116,114,113,116,112,103,104,92,80,83,78,94,94,98
127,127,174,159,159,155,155,151,145,148,142,130,128,132,129,121,124,113,113,112,108,106,102,112,112,102
128,126,177,165,168,157,159,158,154,150,151,141,146,139,136,124,126,124,116,119,122,120,127,126,118,108
130,126,177,169,172,161,163,167,163,148,149,144,148,133,136,133,124,135,127,124,126,123,133,119,120,118
130,127,178,174,177,169,170,174,176,154,147,146,151,143,142,135,131,139,136,131,132,125,128,115,115,119
128,129,180,179,181,177,175,177,171,171,172,167,156,153,151,145,145,135,134,130,134,124,122,119,121,115
127,128,183,185,188,183,186,185,182,181,167,177,160,155,149,145,150,143,135,138,144,138,132,137,135,134
131,132,184,186,188,187,190,192,188,182,181,171,167,164,165,163,155,152,153,145,154,143,147,150,141,148
126,128,185,189,193,191,191,190,198,182,191,175,169,176,182,170,173,170,168,158,166,158,158,153,148,157
131,125,201,186,212,191,203,196,208,199,199,191,185,191,186,177,177,176,169,172,173,177,168,164,159,164
