74,65,59,48,43,33,36,32,39,26,24,20,23,22,21,25,25,26,29,40,41,33,40,44,38,48
76,55,48,41,32,32,30,28,16,26,19,14,20,19,16,20,23,24,21,25,28,28,21,29,39,35
61,48,39,32,30,25,18,22,24,14,16,17,18,14,13,16,16,10,12,19,17,24,16,20,28,30
60,37,32,26,28,29,22,20,19,12,12,12,14,15,13,15,17,16,13,12,14,14,15,10,18,9
46,45,32,23,23,25,19,15,15,12,13,12,16,20,19,19,24,28,25,22,23,19,22,23,28,9
49,28,29,21,18,18,15,13,13,12,14,12,15,17,15,16,20,22,33,23,23,38,32,33,33,30
49,30,21,17,15,15,17,17,14,9,13,13,14,13,10,13,16,14,17,18,19,21,13,26,31,31
26,19,23,20,15,12,14,15,12,8,10,11,14,14,14,19,23,21,19,33,53,47,48,49,47,38
28,23,26,21,15,13,13,11,10,12,8,9,14,18,18,21,26,28,31,23,30,32,40,34,38,56
19,17,18,16,15,19,20,12,9,15,17,16,21,26,23,20,24,30,26,34,32,29,38,56,52,60
16,12,18,11,14,18,15,16,19,15,17,20,24,18,32,23,25,28,34,33,38,49,54,57,69,84
15,21,15,14,12,13,16,17,18,24,28,23,29,23,25,29,40,32,36,32,31,35,38,43,56,71
25,14,16,14,16,17,16,23,24,14,27,17,24,29,19,6,8,9,4,2,1,2,2,5,11,18
25,26,28,32,27,32,39,23,8,19,5,11,5,0,4,6,2,3,0,1,2,2,1,1,1,0
60,34,30,30,32,26,12,5,4,1,5,8,5,8,16,12,0,0,3,3,2,0,0,2,2,1
49,40,37,39,20,2,6,9,5,8,9,10,40,64,51,17,5,6,4,4,3,1,2,4,6,5
62,62,42,13,1,8,9,9,18,25,42,67,103,96,60,18,8,1,5,6,6,5,6,8,9,10
67,50,18,18,16,13,15,28,40,40,61,93,119,98,69,21,5,5,6,4,2,0,0,3,8,11
52,23,14,18,29,24,29,39,45,43,62,90,90,98,79,32,4,5,5,0,2,2,0,7,1,10
46,26,27,26,26,37,31,42,41,51,59,84,86,101,88,50,14,2,9,5,2,1,0,3,4,6
74,54,45,30,35,29,31,19,24,29,23,56,73,103,97,72,31,7,0,0,0,0,2,1,6,1
80,55,62,52,48,45,33,27,18,21,24,28,21,45,57,65,39,13,5,4,5,2,7,1,3,2
76,59,52,44,43,46,37,32,21,22,17,23,18,28,27,36,23,9,10,1,4,0,3,3,2,14
91,65,49,34,42,42,46,30,27,28,29,28,23,24,27,35,28,20,20,13,20,15,24,30,25,40
79,70,53,43,37,45,35,35,23,27,19,25,31,28,29,27,30,35,25,28,28,28,37,44,35,39
90,92,61,52,50,39,38,39,37,30,26,25,28,23,32,26,24,26,23,34,24,28,38,50,45,41
104,90,61,57,48,46,36,40,32,34,30,37,27,27,22,30,25,33,36,35,33,29,38,51,53,49
108,96,89,66,61,51,51,46,47,43,30,43,28,38,33,37,28,22,19,38,34,34,49,52,54,64
132,112,98,86,58,56,62,54,47,53,51,36,47,32,41,46,32,40,42,34,39,31,37,52,44,56
152,124,104,73,93,64,60,57,54,70,61,57,43,55,44,47,43,55,44,39,36,48,53,60,62,58
