138,170,162,178,186,173,158,164,194,207,188,175,159,172,193,196,182,176,168,176,173,153,166,168,177,169
155,172,174,182,150,178,196,188,175,177,166,190,168,191,192,186,200,164,157,160,193,160,171,169,176,147
171,182,192,198,174,154,187,176,189,189,190,213,174,176,185,199,190,194,163,184,200,189,189,200,163,163
163,178,190,180,191,196,213,192,189,213,194,181,201,203,193,195,200,213,198,187,204,202,178,162,178,160
173,172,179,187,187,188,194,181,191,222,215,237,218,191,197,192,217,239,188,202,205,216,187,198,173,172
175,209,182,203,193,205,204,199,205,228,226,214,212,211,219,197,225,217,207,237,210,196,203,224,190,190
193,171,213,208,222,212,212,215,239,223,230,223,228,219,222,227,242,222,216,226,211,199,227,206,209,176
188,198,219,227,228,235,217,238,240,229,217,219,243,207,233,242,229,247,224,227,243,222,225,205,189,192
208,231,205,197,213,206,205,198,216,222,230,221,238,203,238,223,241,228,245,231,203,215,241,221,196,191
228,175,231,224,218,225,227,232,216,220,235,232,210,238,242,226,248,221,230,251,234,229,227,231,236,240
197,228,226,215,237,204,227,228,224,226,232,247,237,245,245,217,241,228,251,249,230,252,240,220,229,226
234,238,239,222,236,238,243,243,239,248,241,236,237,237,224,229,230,235,217,227,206,254,254,241,243,227
222,222,198,201,224,244,235,245,244,243,212,235,243,233,237,234,235,234,234,244,246,245,251,254,238,237
219,194,232,220,203,238,248,236,233,221,212,219,208,226,230,242,237,243,243,244,253,255,250,237,242,239
236,219,211,222,239,238,247,230,243,222,212,231,229,215,238,246,238,215,245,236,250,246,254,252,234,244
153,171,191,225,229,214,230,248,243,237,219,241,235,233,227,222,225,225,237,237,246,246,248,242,249,235
167,179,168,207,191,233,250,232,213,189,229,230,223,225,195,231,212,237,230,218,238,249,240,248,246,232
87,108,113,134,176,180,174,143,99,126,147,176,210,178,173,192,213,182,225,235,226,244,242,253,228,226
34,41,51,42,27,27,35,36,33,25,46,81,48,88,127,143,141,154,178,208,214,226,204,242,255,248
18,15,10,13,18,26,13,18,22,25,20,25,29,32,41,60,80,63,70,106,172,191,194,210,205,250
12,13,20,12,5,12,17,16,9,10,15,13,24,17,31,61,45,75,33,75,111,157,161,191,178,179
16,13,6,12,7,12,9,18,14,17,13,9,15,13,24,26,52,40,30,52,55,47,83,168,209,173
15,15,17,7,8,13,10,14,17,14,12,15,11,17,16,24,23,54,20,33,34,39,70,110,85,187
12,15,27,21,18,8,16,13,24,18,14,12,17,14,11,21,25,33,22,28,12,55,51,68,128,138
17,11,19,27,28,18,14,12,17,25,16,23,10,14,15,20,24,27,20,19,16,44,41,88,83,122
73,79,25,26,32,34,39,33,25,29,32,23,26,10,22,23,24,32,27,16,27,30,44,78,94,122
66,40,41,45,28,39,41,48,47,24,38,43,28,33,29,25,29,41,35,20,34,44,44,73,96,117
70,60,70,61,41,30,52,53,48,58,39,53,61,48,46,35,43,45,39,43,51,68,62,99,96,145
65,56,64,60,41,48,46,56,63,88,47,51,72,85,57,45,52,40,52,69,85,86,82,70,106,127
65,57,60,64,63,46,48,58,55,58,61,71,61,70,77,47,60,53,52,49,92,70,95,103,110,153
