127,126,84,81,68,63,66,52,57,54,47,48,39,41,39,37,36,39,34,41,29,26,32,34,20,27
127,129,77,111,87,81,67,70,63,63,57,50,64,53,50,43,47,44,43,47,38,37,43,43,43,45
128,125,126,124,93,82,82,67,68,55,64,66,60,56,70,47,52,46,52,52,55,64,68,61,70,53
131,125,110,99,98,87,82,76,60,76,68,88,52,68,69,77,68,65,75,64,64,73,75,65,60,57
127,126,100,90,90,85,68,86,72,65,84,82,90,68,75,68,74,69,67,73,68,83,79,72,83,59
128,134,96,115,98,99,72,69,92,87,91,94,103,112,92,102,87,104,96,82,100,103,86,106,97,134
127,123,116,113,103,122,115,99,117,111,89,89,103,106,141,107,109,107,103,95,101,129,97,135,124,118
129,130,112,117,139,123,113,113,108,122,140,119,122,128,113,130,126,126,136,122,133,151,142,139,151,135
127,124,129,146,135,181,139,127,132,148,93,122,154,132,138,119,148,143,148,138,141,169,141,175,160,175
131,129,154,156,158,152,158,148,142,170,161,160,157,139,168,165,164,186,148,170,188,141,179,163,170,162
126,130,166,186,154,167,176,169,159,166,194,156,154,177,156,183,202,193,197,184,178,181,185,171,195,173
131,124,128,173,179,167,180,179,189,184,191,185,203,163,221,181,208,191,215,220,219,194,216,212,216,187
129,123,128,194,171,181,197,192,200,192,182,198,210,223,206,193,183,212,221,222,196,213,212,208,209,245
129,129,132,190,194,212,202,234,191,210,208,221,237,205,200,213,193,224,225,237,211,212,222,238,230,227
133,123,127,190,227,222,207,225,214,217,223,236,237,244,215,232,225,208,240,234,233,233,214,227,228,226
123,133,130,248,221,203,232,220,236,237,240,240,238,244,245,236,234,234,228,237,228,213,244,232,243,254
129,121,129,223,241,236,226,237,228,242,248,247,242,240,241,238,252,243,219,244,239,255,229,217,250,247
132,130,124,242,237,253,248,251,221,234,248,254,234,252,240,234,233,241,229,248,246,249,200,212,248,234
125,126,131,228,239,243,238,240,229,248,248,253,242,231,255,232,249,254,247,245,247,240,236,255,237,247
127,130,127,223,237,245,234,228,242,250,229,248,255,245,240,252,252,250,250,255,243,244,252,248,254,243
130,127,130,126,242,249,246,227,235,231,230,246,242,251,250,254,245,247,246,233,251,254,249,249,244,242
127,128,130,128,253,251,254,227,240,237,241,252,241,243,224,251,246,248,244,248,249,232,248,253,236,242
125,132,126,129,214,192,253,232,244,248,230,250,240,243,241,248,234,225,234,255,242,252,236,249,253,238
133,128,124,133,209,239,242,228,229,218,240,229,212,215,249,222,246,243,245,250,249,239,251,255,239,247
127,124,127,124,227,242,223,243,236,244,238,242,235,219,242,240,246,253,244,252,251,246,240,245,247,236
127,129,129,132,220,223,227,237,234,237,216,235,169,243,218,228,248,245,249,213,244,250,248,239,249,239
126,130,130,124,131,227,229,247,249,244,242,232,230,211,236,253,239,255,252,238,246,248,255,242,245,246
131,125,128,130,122,211,224,246,203,253,234,235,252,242,242,241,251,232,242,239,250,243,250,252,245,241
128,129,126,132,125,227,243,233,226,240,253,251,245,237,249,233,235,238,247,239,242,244,237,246,239,243
130,128,129,125,133,242,228,229,224,239,245,241,224,249,234,240,246,249,244,237,247,251,250,244,255,240
