64,83,114,138,185,160,185,166,206,173,177,206,189,190,193,199,191,155,147,125,116,97,80,71,54,50
65,97,134,177,176,203,193,192,197,210,216,193,192,190,194,195,191,159,168,147,143,110,85,76,63,56
76,109,189,212,205,236,203,212,241,237,229,191,191,215,195,192,117,149,173,159,146,125,87,82,62,67
85,163,209,189,225,212,231,218,231,236,237,213,230,219,207,201,210,201,218,182,168,208,93,78,76,82
99,199,230,230,229,238,238,232,239,250,243,223,229,238,235,231,231,217,208,221,191,167,110,78,77,78
128,191,231,246,247,247,245,245,248,251,249,243,249,244,235,241,249,246,238,232,229,177,127,94,71,81
152,222,249,252,252,248,245,247,248,246,247,250,247,247,246,250,246,242,246,238,224,193,139,88,89,76
203,231,246,247,250,251,250,248,247,249,249,248,249,250,245,249,248,245,246,233,227,215,148,122,90,79
215,241,247,252,249,253,253,249,249,253,252,247,249,252,244,247,254,254,250,240,242,228,176,145,118,82
232,239,237,240,249,247,247,248,248,248,247,247,243,250,251,248,250,248,243,245,238,219,197,189,137,114
252,203,206,208,247,246,247,249,248,245,245,246,249,242,249,248,248,246,229,219,215,213,219,202,197,156
235,214,194,180,240,245,248,247,245,244,242,240,246,229,246,247,239,236,211,191,193,188,210,218,221,194
208,138,151,169,187,238,246,251,246,243,240,210,220,225,241,232,222,214,185,157,160,207,224,231,225,212
102,62,39,36,96,207,236,229,237,227,225,240,238,229,212,221,213,175,78,62,60,124,178,232,235,226
87,52,49,28,15,76,215,225,223,214,227,202,216,213,222,202,141,40,24,22,36,52,98,155,200,208
115,97,74,45,29,18,89,200,207,206,204,184,192,208,197,173,44,24,17,30,44,46,76,120,155,198
132,142,119,92,70,65,85,135,193,200,194,199,170,163,176,60,48,48,29,46,54,90,90,105,123,121
103,149,173,184,170,127,147,117,186,206,192,183,166,161,133,108,88,77,90,72,105,104,92,95,82,84
107,111,183,202,182,180,148,131,127,189,194,192,191,157,113,108,119,118,120,130,159,111,95,89,91,85
145,120,151,155,189,165,162,135,114,115,138,153,141,116,110,116,117,131,162,145,140,116,120,122,114,126
178,152,175,193,198,208,198,188,129,130,124,130,136,115,117,130,116,123,157,150,137,157,148,144,157,146
181,185,173,210,208,195,203,226,213,161,155,139,140,153,148,140,136,135,157,160,167,192,187,120,147,143
168,154,189,176,185,166,198,220,209,216,208,168,182,206,189,140,157,150,144,154,162,158,159,153,151,121
157,173,178,201,187,172,187,223,220,231,209,232,216,218,212,162,133,141,150,150,165,162,137,125,145,127
185,177,195,195,172,186,199,220,224,221,216,214,239,184,223,135,145,152,133,145,143,152,144,148,133,137
175,195,174,173,158,152,177,188,186,190,193,164,191,167,169,155,123,131,129,132,128,130,139,131,137,136
185,154,175,164,154,144,147,142,162,160,143,139,131,133,115,131,124,124,116,120,118,144,132,131,140,123
129,129,156,153,149,130,123,138,169,121,122,122,116,115,117,127,121,117,116,118,121,123,130,123,131,126
133,150,148,155,156,142,163,175,173,145,126,109,121,131,125,118,118,117,118,118,125,112,122,118,129,126
141,147,133,151,166,202,211,192,199,182,147,145,144,170,185,182,189,167,138,138,135,116,120,135,133,151
