61,66,71,72,69,67,67,64,63,69,72,68,61,59,63,63,59,58,61,58,57,58,60,56,48,41
61,69,69,75,73,72,76,73,66,64,66,68,67,66,67,67,66,68,62,61,60,60,61,61,58,56
74,73,79,75,71,72,81,72,65,71,70,70,68,69,62,62,70,62,66,63,64,67,62,55,56,62
80,83,82,82,76,82,72,75,72,71,70,73,68,72,72,72,68,66,67,66,66,68,68,65,60,58
87,79,78,80,80,89,76,85,76,80,75,78,75,69,75,74,67,73,69,70,69,66,65,66,63,58
255,253,250,180,84,79,71,84,81,75,67,71,82,68,73,67,64,67,70,75,76,69,63,62,63,62
252,255,255,255,91,86,83,86,76,77,75,74,83,74,69,74,75,74,67,72,75,71,64,60,59,60
92,118,85,101,95,93,99,86,90,83,94,88,84,91,78,91,85,82,85,85,82,78,76,76,75,73
121,117,109,113,94,107,101,86,97,92,95,91,87,103,100,96,87,84,95,95,89,83,84,88,85,76
132,112,254,250,252,118,109,107,105,98,105,95,89,94,111,92,101,111,104,112,113,106,106,108,98,81
115,100,107,115,114,120,91,108,104,95,104,117,105,109,122,124,115,105,115,132,252,255,253,251,134,108
176,125,143,151,82,33,14,24,47,128,132,121,135,139,129,139,126,114,131,135,159,242,255,243,118,114
254,132,124,245,255,26,11,5,8,90,150,189,189,206,219,255,253,251,242,203,164,112,127,129,114,99
255,225,250,254,255,28,10,14,12,53,165,200,246,222,242,248,244,249,249,255,251,86,100,93,80,71
242,247,255,243,60,18,5,5,18,115,252,252,255,251,250,238,249,255,255,244,241,111,105,95,83,101
236,231,116,21,67,0,9,13,17,213,253,253,255,249,245,252,211,251,250,250,255,248,117,112,91,105
193,113,30,27,22,11,1,19,26,220,255,253,255,253,249,137,251,255,253,255,251,252,158,128,99,133
121,54,18,7,5,3,8,9,14,215,195,232,99,172,112,41,39,252,254,255,255,255,224,168,128,248
66,28,12,1,3,8,3,4,16,23,45,95,75,49,45,35,74,254,254,255,254,248,254,241,204,254
41,15,3,3,7,5,0,5,14,12,7,46,94,124,41,22,27,255,254,255,253,254,250,247,239,252
24,8,0,5,11,6,0,7,13,8,3,48,118,69,51,40,30,126,251,250,255,251,246,250,240,255
19,15,2,4,8,8,4,7,11,9,4,40,77,26,19,8,137,150,191,255,255,252,250,231,250,255
18,30,8,10,12,13,13,14,15,13,12,18,39,44,34,44,129,77,96,247,246,253,248,250,251,254
40,86,10,16,18,15,16,19,19,16,8,15,45,64,26,56,74,52,58,207,255,246,243,247,253,253
82,34,6,9,10,9,9,11,15,21,36,72,80,108,28,70,77,50,89,254,219,71,115,185,252,252
58,32,11,6,4,8,9,6,17,36,70,91,107,99,50,81,81,116,66,148,104,58,68,238,253,249
36,22,14,5,12,11,6,2,45,80,62,109,106,59,70,83,158,192,108,112,121,79,104,240,248,248
45,34,23,15,11,5,14,0,42,68,81,111,36,27,56,67,88,125,106,80,255,250,71,49,70,115
23,50,34,25,20,22,12,15,40,62,79,74,37,9,13,89,116,98,76,62,108,59,31,38,41,44
16,29,46,25,38,22,28,27,51,65,89,30,94,20,22,88,123,115,65,58,52,84,40,37,42,182
