76,69,60,50,42,39,35,28,20,15,16,10,10,129,129,126,128,128,128,128,128,128,128,128,128,128
68,62,53,44,35,31,27,21,19,13,9,10,10,128,131,130,128,128,128,128,128,128,128,128,128,128
60,54,48,39,30,26,22,17,16,12,11,12,126,129,122,127,128,128,128,128,128,128,128,128,128,128
53,48,43,37,28,24,22,18,12,5,10,8,125,128,133,130,128,128,128,128,128,128,128,128,128,128
46,41,37,32,25,21,19,16,10,17,2,129,132,126,121,129,128,128,128,128,128,128,128,128,128,128
42,36,32,27,21,16,14,12,7,12,7,122,131,132,131,125,128,128,128,128,128,128,128,128,128,128
39,32,27,23,18,14,12,9,11,2,129,128,130,121,126,131,128,128,128,128,128,128,128,128,128,128
35,27,22,20,16,13,11,9,11,2,129,126,130,129,128,127,128,128,128,128,128,128,128,128,128,128
32,21,21,14,8,15,7,10,4,9,125,127,129,128,129,126,128,128,128,128,128,128,128,128,128,128
18,28,15,9,16,5,7,1,3,123,127,129,127,130,132,125,128,128,128,128,128,128,128,128,128,128
18,22,10,10,10,9,12,3,2,130,129,133,125,123,129,131,128,128,128,128,128,128,128,128,128,128
22,12,8,15,1,7,0,1,126,124,128,125,127,133,129,124,128,128,128,128,128,128,128,128,128,128
8,11,11,8,16,2,0,1,132,123,130,133,127,127,127,128,128,128,128,128,128,128,128,128,128,128
13,14,6,4,0,1,5,130,124,133,128,125,129,125,131,128,128,128,128,128,128,128,128,128,128,128
13,3,7,3,5,3,125,129,128,127,131,125,132,125,130,126,128,128,128,128,128,128,128,128,128,128
11,6,7,6,0,3,128,127,128,129,124,130,127,128,128,130,128,128,128,128,128,128,128,128,128,128
4,9,0,4,1,126,132,126,128,128,128,128,128,128,128,128,128,128,128,128,128,128,128,128,128,128
7,5,6,0,4,126,127,124,128,128,128,128,128,128,128,128,128,128,128,128,128,128,128,128,128,128
9,0,0,0,123,133,125,131,128,128,128,128,128,128,128,128,128,128,128,128,128,128,128,128,128,128
0,2,3,6,127,126,131,124,128,128,128,128,128,128,128,128,128,128,128,128,128,128,128,128,128,128
0,3,0,120,129,128,122,133,128,128,128,128,128,128,128,128,128,128,128,128,128,128,128,128,128,128
4,0,132,132,128,129,130,128,128,128,128,128,128,128,128,128,128,128,128,128,128,128,128,128,128,128
0,4,129,130,126,125,129,125,128,128,128,128,128,128,128,128,128,128,128,128,128,128,128,128,128,128
1,132,123,128,128,134,123,133,128,128,128,128,128,128,128,128,128,128,128,128,128,128,128,128,128,128
128,128,128,128,128,128,128,128,128,128,128,128,128,128,128,128,128,128,128,128,128,128,128,128,128,128
128,128,128,128,128,128,128,128,128,128,128,128,128,128,128,128,128,128,128,128,128,128,128,128,128,128
128,128,128,128,128,128,128,128,128,128,128,128,128,128,128,128,128,128,128,128,128,128,128,128,128,128
128,128,128,128,128,128,128,128,128,128,128,128,128,128,128,128,128,128,128,128,128,128,128,128,128,128
128,128,128,128,128,128,128,128,128,128,128,128,128,128,128,128,128,128,128,128,128,128,128,128,128,128
128,128,128,128,128,128,128,128,128,128,128,128,128,128,128,128,128,128,128,128,128,128,128,128,128,128
