138,173,162,184,155,138,107,119,116,145,146,146,149,124,119,90,78,95,92,118,118,113,107,87,77,75
138,153,158,154,148,144,142,113,107,115,107,129,122,119,101,94,101,96,112,106,131,128,112,92,90,104
161,160,183,184,181,174,168,140,132,105,103,120,121,98,107,105,96,101,89,132,125,141,122,114,130,130
190,183,182,188,189,184,186,180,166,138,136,129,132,142,122,126,134,126,131,116,133,124,119,142,141,134
169,168,159,159,166,198,195,198,189,169,181,143,140,148,162,143,145,125,126,132,120,138,126,134,135,130
162,161,170,173,190,184,211,203,216,202,184,202,185,203,182,172,161,136,129,112,123,138,117,130,135,122
174,163,169,163,171,184,198,223,220,220,217,214,202,210,199,180,173,140,126,121,125,116,131,130,127,122
161,151,160,157,185,185,195,203,223,216,223,229,204,206,189,168,147,133,131,127,121,126,130,125,127,121
169,174,137,151,177,155,169,182,186,189,190,175,189,176,157,149,145,121,137,114,125,108,126,121,111,111
150,156,147,134,137,125,143,165,141,157,155,137,127,135,124,139,124,119,127,120,109,114,115,123,124,104
150,146,138,145,130,118,126,124,126,118,118,108,112,113,130,107,109,108,99,110,109,98,119,116,108,113
133,133,136,135,125,122,113,134,125,119,105,104,93,107,87,104,106,99,95,108,101,106,100,105,112,102
131,127,130,131,126,137,149,140,144,103,108,94,99,96,113,109,118,113,89,113,107,98,111,118,112,103
140,140,138,159,143,180,149,153,163,152,126,118,117,139,127,138,149,154,140,118,112,119,116,106,98,95
141,142,156,161,174,144,141,150,176,151,145,147,148,163,178,181,166,152,164,137,134,147,134,122,101,97
144,143,135,114,92,94,99,108,118,123,134,147,166,151,137,126,121,109,108,98,106,122,130,142,135,120
122,117,98,94,88,92,90,87,84,96,105,109,106,90,81,81,92,83,74,85,93,98,103,115,123,122
96,99,97,83,92,83,88,92,97,91,88,78,80,72,71,77,88,84,82,97,88,89,87,86,96,110
95,97,100,98,110,92,91,91,90,79,82,83,75,71,67,75,79,82,86,83,81,83,84,77,79,89
79,83,87,85,91,88,88,92,82,74,70,74,70,71,71,79,78,87,91,77,79,75,76,72,66,65
83,88,77,85,95,93,87,80,77,73,74,78,85,79,76,73,64,76,75,73,72,67,68,71,66,61
62,63,70,69,73,69,72,59,75,68,82,89,92,78,75,68,64,77,63,70,65,60,57,59,59,63
42,52,44,43,44,47,49,58,72,77,76,70,79,73,67,61,63,56,52,49,40,45,46,47,52,44
33,45,46,48,48,42,40,53,58,57,51,49,45,48,54,53,45,43,34,36,40,41,37,34,29,35
75,71,67,70,58,61,56,54,45,57,51,39,45,42,58,46,56,53,61,58,54,47,47,51,43,53
112,108,106,101,78,76,81,95,84,88,78,73,69,75,76,79,74,82,86,84,80,65,69,82,85,86
123,132,134,117,124,112,114,127,116,118,100,94,98,106,108,96,101,91,121,119,110,92,93,102,117,110
143,154,157,145,140,135,138,146,148,160,139,125,130,142,122,125,118,130,149,162,131,115,114,118,128,115
161,173,180,180,154,152,167,179,181,175,148,139,133,137,130,125,132,137,140,154,145,126,127,140,132,112
166,184,187,178,151,164,180,169,165,167,150,142,140,147,143,141,140,158,148,179,167,138,139,166,140,116
