129,134,127,124,126,206,221,233,231,244,240,238,240,238,229,232,234,232,215,212,215,207,190,185,171,178
129,121,128,133,126,222,209,222,233,238,235,236,243,233,220,233,219,212,216,212,179,185,155,184,167,149
127,130,131,127,128,127,227,230,229,215,220,221,222,235,238,222,219,211,201,192,197,180,160,164,150,147
129,128,122,132,127,125,209,210,228,200,204,228,233,221,226,229,213,196,205,196,181,166,178,145,147,132
127,130,126,127,130,133,204,215,216,230,227,223,233,226,221,210,193,199,184,187,157,169,149,145,145,113
129,125,132,126,128,126,171,207,215,216,212,221,230,215,215,203,212,211,183,169,169,155,140,134,115,75
131,126,129,130,126,128,128,199,202,219,225,229,221,218,220,200,195,181,164,174,151,154,135,113,90,61
124,126,128,130,131,130,128,201,196,223,215,225,217,217,204,207,212,180,154,165,161,129,101,80,62,61
129,133,129,126,130,127,126,195,206,209,217,221,230,224,219,208,205,200,180,171,158,118,91,71,60,49
124,128,125,124,128,130,132,178,204,210,216,220,205,212,208,212,201,201,189,175,138,100,77,78,60,55
131,130,131,130,125,126,122,133,198,216,215,221,228,232,211,215,219,202,188,165,125,97,70,67,54,50
125,123,127,130,126,131,132,125,171,199,220,223,233,224,220,223,219,203,195,165,131,100,72,57,43,54
131,129,128,129,126,127,132,126,186,202,201,222,215,223,221,223,206,199,183,172,140,94,66,58,43,44
126,129,127,129,130,124,128,128,180,204,204,217,228,214,215,225,213,225,177,166,140,115,80,56,42,42
128,128,128,128,128,128,128,128,132,189,199,211,224,216,215,225,218,208,201,172,149,112,85,60,49,51
128,128,128,128,128,128,128,128,122,190,205,216,209,206,231,199,210,212,191,173,163,117,87,62,52,46
128,128,128,128,128,128,128,128,129,190,194,197,231,212,208,202,200,193,204,191,169,132,105,65,43,55
128,128,128,128,128,128,128,128,128,186,183,213,203,207,201,201,196,217,185,185,154,127,103,65,51,49
128,128,128,128,128,128,128,128,129,130,203,205,195,197,199,204,202,203,193,180,171,141,102,64,56,56
128,128,128,128,128,128,128,128,125,126,194,207,212,194,194,205,204,196,184,178,173,131,122,78,60,53
128,128,128,128,128,128,128,128,131,129,196,203,202,194,195,190,185,202,184,177,163,139,86,74,59,73
128,128,128,128,128,128,128,128,129,124,132,205,195,206,192,191,199,206,204,170,175,141,112,73,62,67
128,128,128,128,128,128,128,128,125,130,127,203,197,192,192,190,189,192,156,159,154,134,111,73,73,71
128,128,128,128,128,128,128,128,128,130,125,206,196,178,186,204,188,192,184,173,171,146,106,84,76,76
128,128,128,128,128,128,128,128,126,131,129,126,182,182,191,193,194,196,201,181,181,154,109,99,76,78
128,128,128,128,128,128,128,128,128,121,132,128,193,195,191,175,188,186,186,177,175,153,122,111,92,96
128,128,128,128,128,128,128,128,134,128,125,125,201,188,182,186,195,184,185,182,164,153,130,117,98,91
128,128,128,128,128,128,128,128,124,132,130,128,122,192,185,204,203,187,194,185,155,153,136,131,127,115
128,128,128,128,128,128,128,128,131,124,129,122,134,194,189,189,185,181,187,183,162,156,154,147,146,112
128,128,128,128,128,128,128,128,128,126,129,131,124,127,198,190,175,190,188,194,187,162,170,148,119,130
