82,73,77,73,88,99,99,146,129,143,122,123,141,126,125,137,118,122,123,116,123,119,114,131,121,130
71,81,72,80,94,99,112,128,127,126,127,138,142,120,126,137,130,149,139,126,136,136,142,143,152,156
62,63,83,92,97,96,106,128,128,140,133,150,151,145,142,154,170,159,152,140,160,151,155,167,161,183
63,64,77,97,97,91,113,106,125,123,136,125,129,150,169,176,178,182,166,192,189,196,181,185,176,190
73,64,73,81,99,95,123,142,120,149,156,148,141,148,157,165,170,177,193,193,206,199,169,199,210,215
59,59,58,73,80,108,116,145,147,143,157,159,159,163,168,156,161,185,204,195,206,208,208,197,217,201
57,56,56,76,68,104,146,143,147,165,147,165,156,161,161,174,167,180,174,195,221,210,221,216,216,220
60,64,60,48,67,89,108,122,144,144,151,138,157,166,180,180,189,174,173,167,203,213,219,224,225,231
70,59,65,58,61,74,86,109,117,146,158,176,171,176,200,202,194,211,198,198,206,214,240,229,240,238
76,73,69,55,53,64,76,83,107,140,154,165,186,175,192,192,212,208,210,210,223,223,220,232,243,233
88,81,79,69,71,56,68,73,102,111,138,152,171,200,205,208,206,214,223,220,221,224,233,249,231,248
108,100,98,84,76,62,63,66,64,87,123,148,161,185,200,215,211,219,220,232,228,216,242,246,249,244
126,103,116,90,90,84,65,67,75,79,96,137,167,201,210,200,216,217,224,218,227,233,240,240,245,241
155,139,131,134,129,107,84,73,74,87,97,118,178,189,180,188,200,216,221,224,231,242,239,246,246,245
168,164,159,158,151,130,94,72,77,81,94,109,164,177,192,200,220,217,235,233,235,245,241,245,248,254
177,176,173,162,154,144,105,72,79,88,92,110,136,153,171,198,203,214,228,229,242,242,230,206,209,221
199,206,187,188,170,149,111,68,72,101,101,134,111,168,167,204,207,207,212,209,219,233,251,247,247,246
179,185,181,177,160,130,92,75,96,122,108,108,123,163,167,208,202,202,221,235,238,242,240,249,250,255
101,135,154,137,128,100,69,82,112,121,121,117,141,154,161,169,197,204,211,228,235,243,245,251,247,249
44,64,86,84,88,76,77,105,131,148,141,141,148,159,168,171,182,201,218,225,236,240,248,237,239,247
52,51,58,52,67,65,98,105,133,146,151,144,141,161,170,172,185,185,211,217,235,240,234,238,226,235
50,53,62,61,69,88,105,127,128,141,144,142,135,149,153,148,173,190,212,224,228,226,233,236,231,240
68,82,74,106,97,128,124,111,139,140,160,139,142,149,144,158,182,191,186,211,213,223,240,238,236,244
79,85,89,115,107,125,96,104,119,147,137,148,147,143,139,142,157,163,175,201,199,217,227,226,229,237
95,97,94,97,96,92,103,94,116,119,131,141,137,154,146,141,162,131,173,197,197,216,215,227,228,227
96,95,90,94,95,100,112,119,123,122,128,144,148,146,142,136,141,152,152,172,182,196,195,217,212,211
83,88,86,101,98,102,120,118,145,138,151,142,145,134,129,136,132,139,150,156,174,176,178,189,186,213
83,84,98,93,116,108,113,142,111,120,120,140,117,117,123,115,126,116,128,127,162,164,169,153,149,205
87,108,90,107,98,105,113,120,117,116,126,130,111,101,93,109,109,112,118,112,139,139,163,188,188,206
84,85,101,84,95,119,104,109,111,109,103,103,104,95,92,81,80,78,91,91,122,125,143,157,168,193
