125,128,140,140,128,151,136,127,129,124,130,129,131,125,128,137,128,131,129,127,124,136,125,129,146,147
135,130,132,127,125,126,130,123,124,129,126,131,136,138,130,138,125,117,131,127,135,135,159,163,153,153
136,147,147,144,130,124,120,130,130,129,138,135,124,123,118,126,128,126,142,138,147,143,146,155,142,153
143,155,146,156,142,139,132,145,143,130,131,120,124,115,125,125,134,139,142,143,138,148,137,145,137,136
130,142,142,146,152,139,134,122,124,129,120,130,123,118,131,126,130,132,132,137,136,135,138,137,140,130
152,138,138,136,130,130,127,120,124,128,121,124,120,121,119,122,127,126,132,130,134,132,130,129,137,147
154,141,145,135,142,140,130,127,125,128,135,127,136,133,124,127,132,136,135,133,124,140,145,144,144,152
156,149,149,145,154,137,145,136,130,147,146,143,140,135,138,133,133,145,134,145,140,137,154,145,152,138
176,151,152,154,147,141,135,142,143,156,154,139,149,143,137,135,144,135,141,149,144,155,155,159,158,154
167,166,164,157,155,169,156,149,158,159,155,137,144,145,144,136,137,150,154,162,151,159,156,177,166,158
165,171,171,160,158,176,161,145,158,163,171,152,150,152,161,158,155,173,162,163,149,161,164,162,164,158
170,186,157,159,162,176,182,168,158,164,178,167,169,158,161,158,150,158,156,162,154,154,156,150,161,146
179,184,163,172,183,179,192,190,181,189,178,174,175,167,168,167,160,151,157,159,158,159,148,152,151,149
187,174,188,190,208,186,178,172,182,200,180,194,181,172,163,158,164,161,168,161,166,166,151,144,147,152
192,194,193,195,185,184,196,193,197,196,171,179,187,181,176,174,183,186,176,167,186,165,148,150,157,142
200,209,197,202,198,185,196,192,197,203,195,183,194,188,183,174,171,180,170,183,192,178,153,164,154,149
201,194,214,207,191,179,212,217,209,205,202,202,200,204,193,189,182,190,185,165,168,159,170,149,157,158
209,199,212,211,198,207,205,220,222,204,206,202,218,190,195,190,187,182,174,184,172,185,171,150,163,173
217,217,200,213,218,222,218,209,222,211,212,204,207,210,197,209,185,198,194,188,167,166,177,166,165,166
231,233,227,230,234,207,209,218,220,207,206,217,220,216,220,174,215,183,178,198,173,209,187,158,177,175
227,239,224,229,242,239,224,237,220,225,219,217,225,229,222,209,212,218,203,218,205,192,178,200,172,164
236,234,240,234,233,226,225,225,230,226,222,238,228,224,219,214,234,191,198,202,209,187,203,184,180,178
239,239,236,238,235,231,241,218,222,223,218,220,230,231,231,233,217,228,222,217,207,160,220,206,199,193
237,234,233,233,217,220,215,244,218,216,219,209,212,227,225,226,241,212,223,215,204,208,206,210,217,220
237,222,236,228,243,218,220,217,227,219,214,213,226,215,223,215,234,221,220,212,211,220,216,219,201,206
233,230,219,228,229,232,213,231,227,224,210,210,214,212,223,228,227,221,222,214,212,222,218,220,212,207
224,238,231,228,232,228,219,225,218,214,218,209,200,214,217,227,236,231,234,235,217,217,218,209,204,207
227,238,210,230,224,233,222,222,218,225,199,210,219,215,222,229,228,219,229,205,220,212,228,212,198,205
224,233,243,232,240,229,224,217,209,217,210,211,209,218,213,219,229,221,219,203,223,210,222,202,191,201
231,227,221,228,230,233,224,211,235,209,207,203,219,219,215,227,208,221,224,206,201,199,209,204,209,204
