128,129,120,123,128,130,133,131,125,124,119,124,123,124,119,122,124,121,124,123,123,123,119,121,120,117
128,129,123,126,129,138,133,133,136,128,127,132,123,129,131,127,118,124,132,127,123,126,128,132,130,129
128,128,128,135,132,145,131,138,131,136,131,133,134,136,129,130,138,144,150,143,137,139,140,144,138,136
130,126,127,137,131,149,134,152,138,160,144,145,174,170,140,148,142,143,146,142,140,142,140,142,146,143
128,129,132,131,156,177,181,161,156,150,157,153,147,149,138,145,143,161,162,150,165,159,146,153,159,155
129,127,133,151,164,167,161,157,171,165,185,167,167,175,173,163,175,170,177,173,179,158,163,162,141,183
127,129,127,147,164,186,187,190,151,160,181,198,179,175,181,177,180,194,186,189,209,175,198,170,183,182
128,133,129,143,167,198,199,196,189,187,202,194,194,194,201,191,202,166,180,178,191,179,187,176,184,203
128,126,129,147,168,186,197,206,190,192,206,219,201,214,195,228,209,191,198,191,216,206,184,200,208,208
127,125,132,148,158,176,201,222,201,221,215,206,215,224,225,216,220,221,210,208,210,206,214,215,202,224
129,130,138,158,162,189,205,210,194,224,219,234,233,229,240,229,228,228,231,223,223,209,195,220,225,220
129,123,129,169,184,226,234,230,225,222,242,224,233,240,246,242,232,238,242,231,225,219,220,223,215,209
127,131,124,175,193,201,226,240,233,240,232,233,242,251,240,236,240,236,243,232,229,232,222,232,208,215
130,126,126,207,219,221,230,234,233,239,246,240,246,238,242,244,247,242,242,236,240,246,237,239,238,241
131,124,129,231,235,237,237,233,243,237,243,238,245,235,245,250,246,251,250,243,241,242,243,245,246,241
128,127,130,230,233,236,241,240,247,236,233,237,241,243,247,250,250,255,246,244,247,248,247,239,239,246
127,129,128,226,234,233,240,246,240,237,238,243,242,244,246,246,234,248,245,244,242,239,245,241,243,246
129,129,125,233,243,235,238,245,241,240,241,238,242,240,242,241,238,240,231,237,248,249,244,231,244,240
128,130,126,240,238,237,240,241,247,244,236,236,240,241,236,238,241,247,246,248,250,249,247,245,236,245
126,132,127,240,222,236,244,238,244,249,235,248,241,246,230,239,240,245,248,249,250,249,247,250,249,242
129,128,124,132,223,252,243,235,237,252,236,251,251,244,221,247,240,250,251,250,244,243,251,245,248,247
127,130,131,124,244,251,248,244,242,251,244,246,251,253,241,244,247,252,253,251,247,247,250,245,249,248
128,127,130,127,235,241,246,243,247,247,250,244,250,253,255,244,251,249,252,250,247,250,248,246,247,253
129,127,126,134,239,245,239,239,246,244,251,246,248,244,251,249,253,247,251,248,246,250,247,249,255,239
123,133,124,127,236,248,231,252,243,246,249,248,250,243,245,252,254,248,253,248,245,249,247,250,245,249
133,123,135,123,236,255,247,237,243,251,249,247,253,253,248,252,247,247,251,248,246,249,251,251,244,249
126,129,125,133,132,236,238,254,246,251,250,248,255,255,253,251,243,247,250,250,248,249,253,247,244,244
127,128,129,126,125,244,245,244,249,246,251,251,255,250,254,251,247,254,253,254,251,249,251,240,241,219
126,131,126,127,129,231,241,251,244,249,253,252,250,253,253,247,252,251,250,248,247,247,248,249,239,251
131,127,127,129,124,241,255,246,249,249,249,245,244,250,255,253,255,254,252,249,247,246,246,247,246,251
