130,129,98,90,33,26,43,70,82,78,75,82,93,92,78,75,75,70,66,69,54,50,66,59,58,56
128,127,98,61,27,55,92,95,110,92,97,103,102,81,87,68,70,65,67,56,56,61,55,53,54,47
129,125,94,42,39,62,74,92,108,95,109,96,84,80,78,74,50,63,64,58,57,65,66,49,54,55
129,123,72,37,54,83,95,98,108,90,87,89,88,68,74,69,64,68,66,62,58,56,50,34,23,24
130,126,58,66,79,94,88,90,92,98,82,83,67,71,77,80,64,63,56,47,32,21,24,23,28,27
124,132,69,72,100,117,104,85,95,76,70,52,66,60,66,72,56,42,27,26,24,22,26,24,30,29
133,123,76,64,93,84,87,90,96,90,86,63,70,59,64,67,33,33,32,33,28,24,28,26,25,27
124,131,84,68,72,81,74,76,87,97,67,69,68,70,56,31,32,29,26,32,35,33,24,7,11,14
128,125,72,96,96,104,81,86,75,76,66,69,70,39,41,29,26,29,28,30,27,23,22,12,3,5
128,130,89,95,90,76,73,77,69,68,68,59,53,34,32,28,34,31,24,23,18,13,9,0,1,0
124,129,84,100,76,67,73,63,64,60,56,46,39,36,30,30,35,21,17,17,7,0,2,5,10,3
127,132,81,83,74,70,73,67,79,61,50,45,43,37,28,29,26,22,11,1,0,16,14,27,24,4
127,132,84,74,80,74,72,77,72,59,50,41,33,25,22,29,15,12,4,3,11,58,79,60,25,10
126,129,92,79,85,72,67,77,63,51,40,30,27,27,18,14,10,3,1,11,34,91,118,74,24,16
129,127,94,80,76,71,64,62,57,47,39,29,26,23,12,6,0,0,17,48,84,135,132,121,54,14
129,127,86,76,67,78,69,55,51,42,39,32,20,8,1,6,0,23,30,112,130,133,140,131,94,13
128,128,78,82,70,84,69,60,52,37,29,23,17,9,0,3,12,9,50,117,143,155,143,155,122,48
127,129,76,96,79,81,60,64,44,40,34,20,10,8,8,14,11,16,19,66,133,131,145,147,147,112
130,127,81,88,85,78,58,48,39,34,26,13,17,14,13,8,7,8,7,10,29,64,96,114,131,106
127,127,99,89,80,62,62,49,36,34,26,21,23,25,20,17,7,6,4,2,1,3,6,7,18,20
132,126,87,88,77,76,67,45,43,42,30,29,26,29,19,15,11,6,3,3,3,3,4,7,5,7
127,128,85,89,75,76,66,54,46,43,33,30,30,32,24,21,19,14,11,10,10,9,9,10,3,9
127,130,91,81,83,66,61,59,56,49,40,32,36,34,31,27,19,19,17,17,19,22,22,20,23,25
131,131,81,77,87,75,60,58,64,56,48,36,40,34,34,31,30,28,23,19,19,23,24,23,22,24
124,132,83,86,80,80,66,68,60,56,48,42,44,41,39,38,35,33,31,31,30,28,27,26,26,24
127,129,93,85,85,79,78,69,64,63,53,51,45,44,35,36,40,34,31,33,32,29,29,33,32,31
127,130,73,88,80,74,70,63,64,58,63,45,48,41,39,42,37,37,42,37,37,43,39,40,41,36
130,128,88,86,83,85,71,64,67,75,56,48,61,51,46,46,47,37,35,32,33,33,28,32,30,32
126,127,89,84,83,77,73,67,68,62,53,58,54,60,66,49,58,56,59,55,47,44,44,53,43,50
133,124,98,88,82,81,72,88,80,75,73,63,67,74,67,66,65,64,60,55,57,62,59,53,52,61
