193,160,171,155,176,146,150,149,159,150,147,164,151,170,163,169,166,143,164,184,163,170,175,142,169,142
217,142,168,165,174,187,157,182,152,158,167,178,166,157,157,153,172,184,153,162,155,165,182,188,181,167
205,171,216,196,172,166,171,155,160,180,196,185,166,175,158,159,175,156,158,161,165,140,148,188,190,174
212,214,211,183,157,153,150,170,139,192,185,150,158,165,168,147,190,146,183,177,140,174,182,219,168,154
200,210,176,170,169,184,157,149,144,166,154,170,153,178,163,174,182,178,183,162,165,175,166,203,180,166
215,196,216,235,201,191,183,172,166,168,175,189,177,168,174,166,160,170,174,175,170,175,176,182,193,179
216,219,217,203,204,211,190,182,185,180,202,190,211,186,167,187,167,174,209,214,168,185,175,206,200,181
225,198,207,204,163,198,207,194,177,209,186,180,206,182,199,217,184,176,183,172,172,201,175,208,217,193
226,239,207,202,206,217,217,188,215,216,190,194,205,208,207,189,202,189,178,168,169,177,150,137,168,198
227,237,228,207,198,230,193,210,218,207,198,206,217,202,210,216,220,196,212,186,180,153,185,204,182,177
236,220,235,230,233,226,235,220,208,197,194,212,191,193,195,208,223,197,197,191,170,197,196,188,187,199
243,235,229,224,228,219,231,223,213,213,198,186,222,220,226,226,202,207,207,215,193,197,195,226,204,201
255,241,218,243,229,237,222,206,218,218,200,190,224,232,238,228,193,205,208,227,219,207,196,214,222,223
251,224,245,233,234,230,243,220,224,225,197,205,228,230,239,243,222,222,233,226,188,223,211,223,239,203
250,251,243,240,249,239,232,245,231,244,238,243,225,239,232,231,239,234,224,230,203,217,236,214,232,228
214,238,246,242,238,239,236,235,235,214,232,235,210,223,245,248,231,248,235,240,229,219,221,234,235,229
248,248,236,242,248,238,239,245,220,236,242,196,242,222,244,242,236,242,232,239,240,237,221,236,244,216
239,242,242,230,225,244,250,245,196,238,233,244,248,237,225,242,229,239,234,243,220,234,229,223,238,238
244,245,238,236,247,232,229,245,244,234,247,218,218,252,240,239,242,245,235,243,242,232,221,217,229,244
204,241,245,244,238,239,247,252,239,237,255,241,242,240,236,238,240,243,239,245,248,235,226,232,237,199
195,186,204,223,228,251,250,252,244,247,237,238,233,232,254,221,255,207,228,238,232,220,226,215,216,146
144,179,196,181,206,227,247,243,251,239,242,250,233,237,232,239,237,231,242,228,230,207,193,123,154,115
99,136,187,133,182,215,255,248,243,254,238,241,223,240,236,246,253,240,236,237,206,232,134,83,136,88
58,98,142,158,172,213,199,221,244,242,248,250,236,236,235,198,224,230,232,223,234,211,142,93,71,61
52,64,117,112,133,230,233,225,210,242,238,246,243,232,229,200,242,221,223,210,230,195,146,104,57,40
49,77,93,94,165,230,243,217,186,236,248,248,253,236,245,237,220,198,202,185,133,211,164,79,73,62
42,99,86,125,133,207,229,199,206,240,246,237,245,248,242,241,242,234,187,143,130,129,201,127,83,66
56,69,66,127,150,201,231,204,231,235,251,255,255,238,244,255,248,239,208,199,150,116,142,105,84,77
64,130,111,154,128,145,233,242,234,236,248,252,237,249,248,220,220,246,208,182,182,145,155,139,93,106
80,66,76,146,138,194,209,227,227,228,244,248,234,249,251,235,217,231,199,174,159,177,152,190,127,180
