97,110,109,121,92,99,86,82,82,94,60,82,64,45,56,37,48,30,35,32,31,27,29,27,27,23
107,103,105,78,103,114,117,108,99,94,85,78,80,52,67,58,45,51,49,44,47,38,42,37,43,37
113,107,130,107,125,129,109,125,98,108,103,105,76,79,75,48,66,57,56,57,56,58,46,50,50,50
118,102,86,102,108,127,125,136,121,102,128,131,122,107,76,75,74,62,65,77,67,87,52,71,57,64
122,111,96,100,105,110,132,123,143,120,103,119,128,84,91,90,86,92,85,95,75,94,87,82,76,79
105,107,106,146,103,124,133,127,107,115,151,147,136,136,117,124,113,94,89,86,91,101,108,95,109,97
120,78,124,119,106,127,144,155,107,133,155,156,128,157,139,122,131,125,116,112,114,106,133,122,127,103
94,87,118,89,130,130,140,153,117,134,129,136,162,118,133,121,126,137,122,125,120,129,123,146,141,118
84,78,108,130,141,122,123,146,141,124,152,144,149,158,141,155,132,137,151,136,139,134,166,135,132,142
109,66,108,123,127,142,145,135,146,142,104,150,125,151,156,149,161,158,152,148,158,159,154,153,150,157
101,98,91,110,133,121,111,130,152,157,143,128,122,157,160,157,163,153,200,164,155,175,181,181,159,167
138,82,67,95,122,132,119,142,131,142,134,144,148,145,190,167,165,185,164,162,173,173,140,179,181,179
146,104,76,89,95,134,122,117,156,138,140,132,148,167,184,173,182,164,167,177,180,193,207,187,187,198
151,110,71,68,111,125,141,146,141,147,134,169,157,156,171,192,179,174,201,173,152,180,220,182,177,197
171,130,94,70,113,139,125,123,143,159,135,167,181,153,167,179,212,212,224,183,167,181,200,201,230,207
174,152,123,74,65,101,150,133,134,148,142,160,157,173,160,174,213,199,170,191,200,208,199,206,240,233
160,177,165,144,70,98,143,131,131,140,128,126,164,132,133,160,173,203,186,190,185,216,202,197,213,233
204,180,175,166,110,69,109,146,125,161,153,160,195,172,179,165,173,187,209,223,202,205,193,185,189,224
177,195,183,166,154,95,103,131,153,148,133,144,162,187,144,156,146,173,172,183,210,215,211,204,214,215
163,217,192,188,146,131,101,137,132,132,167,146,180,173,189,178,179,172,193,189,223,224,229,164,172,218
178,195,199,188,185,170,102,131,142,163,165,155,182,173,197,183,167,187,179,202,200,216,225,234,203,211
195,213,210,194,184,190,117,120,124,134,141,178,184,162,215,205,187,135,180,198,219,224,214,225,234,207
180,189,206,196,165,176,109,104,163,151,174,208,154,180,190,184,187,167,200,224,212,227,219,216,226,215
73,126,180,185,189,187,117,95,117,148,156,148,159,127,175,174,182,171,200,220,224,217,207,227,223,231
28,61,112,146,188,169,89,100,129,155,167,177,176,200,190,206,158,198,189,208,218,215,236,228,228,224
17,62,106,136,134,145,62,88,112,144,180,174,172,155,179,206,166,225,219,219,212,219,238,224,235,244
37,46,91,105,109,54,70,95,106,154,156,185,182,184,188,205,190,226,202,192,231,229,209,225,225,224
42,61,73,75,79,68,56,98,98,143,168,189,179,185,164,217,209,218,220,217,215,228,244,219,239,215
54,49,54,55,63,81,75,93,113,142,129,192,179,185,185,200,216,238,223,228,222,214,225,240,234,218
41,55,41,56,40,83,90,88,118,141,175,157,184,190,208,181,224,237,229,212,216,216,238,236,188,224
