191,252,254,213,217,171,154,165,145,150,137,100,108,91,87,94,100,99,127,112,103,103,126,118,95,108
240,222,252,186,163,168,152,201,195,189,200,144,133,104,97,100,100,111,106,126,125,129,144,149,144,137
249,234,255,240,149,166,201,202,193,209,191,193,143,139,144,117,122,136,121,106,148,132,139,136,137,162
241,243,245,255,202,179,189,170,201,184,204,182,186,189,156,161,153,144,171,138,164,130,174,141,137,152
243,246,241,250,225,204,205,212,203,207,189,216,200,232,234,200,150,197,196,152,158,155,173,154,172,146
245,247,247,250,253,222,225,221,229,215,215,221,230,236,241,234,230,219,232,217,147,158,160,175,148,175
249,249,241,248,253,234,227,220,224,217,242,243,232,244,249,246,242,243,225,220,197,164,196,191,197,187
252,250,242,251,244,240,233,223,216,230,240,227,215,227,245,245,247,234,225,209,211,211,201,208,222,201
253,252,249,250,246,241,244,231,230,242,233,235,214,238,231,247,235,237,242,234,229,231,225,227,231,222
252,253,248,245,242,243,229,236,236,232,239,236,237,232,240,235,236,236,230,241,244,237,246,236,237,234
251,254,249,249,241,245,222,237,233,229,220,195,205,207,200,221,217,189,200,186,209,212,215,188,207,204
250,255,252,252,248,236,237,231,235,240,240,209,215,216,209,189,172,183,197,184,198,224,198,205,213,195
254,254,254,254,253,241,228,235,242,233,227,225,209,191,194,165,189,195,184,188,217,216,214,195,198,205
254,255,255,252,252,244,229,229,240,245,233,229,199,180,167,175,152,193,192,197,200,215,209,192,207,211
254,255,254,252,255,251,236,229,233,235,235,216,226,200,194,143,193,201,209,194,221,204,210,224,210,200
253,254,253,255,255,255,245,239,231,222,226,227,226,196,198,171,167,199,180,197,202,194,218,202,181,202
254,253,255,255,255,254,250,246,240,232,205,187,169,227,206,167,176,166,184,177,164,184,203,212,210,227
254,254,255,253,254,255,253,245,242,244,229,170,186,168,176,181,179,153,163,174,169,183,206,203,221,221
254,254,252,254,255,255,253,246,243,246,249,221,174,170,189,196,191,178,203,170,186,184,188,204,206,212
253,254,252,255,255,249,250,252,251,249,248,241,192,152,183,156,158,183,167,193,184,201,180,217,204,212
251,253,255,255,251,255,252,246,253,252,254,246,215,141,122,107,157,171,181,144,169,187,206,195,194,212
251,253,248,255,249,250,248,246,250,255,244,255,240,131,120,92,111,165,137,142,158,188,193,189,171,191
248,244,246,250,242,246,245,250,251,251,255,248,240,182,103,97,151,127,117,135,146,161,189,192,202,197
243,247,243,237,235,246,239,248,250,246,251,246,248,227,115,93,118,148,141,96,143,155,192,193,194,185
237,234,235,228,227,237,238,242,243,251,251,252,244,205,126,93,102,117,114,141,130,119,165,182,186,206
239,221,226,218,211,218,240,242,238,254,244,243,245,226,140,113,87,97,108,134,124,125,147,174,170,183
236,223,207,193,200,207,226,231,238,245,248,247,245,191,144,112,140,92,107,120,105,125,145,181,190,161
216,197,181,164,201,208,202,209,238,236,236,238,225,176,137,137,117,93,104,81,97,128,90,127,149,156
182,175,108,94,110,144,169,205,218,222,227,225,223,163,137,153,136,149,107,95,81,106,117,121,156,129
78,6,10,23,69,90,110,162,189,207,216,212,177,198,170,146,148,160,132,83,82,99,89,112,128,150
