70,64,37,26,23,14,21,35,43,38,32,51,88,119,103,82,48,36,57,129,127,127,129,127,128,128
57,42,37,26,22,35,31,19,31,30,31,40,72,104,81,64,51,51,59,58,125,131,129,125,128,128
37,43,52,27,26,36,14,17,25,33,29,30,41,90,111,67,45,62,75,55,132,127,128,131,128,128
59,45,56,34,16,23,10,7,34,23,28,34,32,70,103,82,59,61,59,58,131,121,130,128,128,128
59,46,48,29,10,17,21,26,33,48,11,20,32,41,99,101,70,61,59,58,126,131,132,123,128,128
43,54,46,24,16,19,26,40,26,47,33,24,33,46,83,92,81,47,53,51,66,124,125,133,128,128
58,53,48,27,10,21,34,34,45,43,31,32,27,21,64,87,86,43,50,59,44,135,126,128,128,128
51,56,47,16,5,17,37,73,42,38,39,23,27,27,48,92,78,57,52,34,39,127,128,129,128,128
67,47,23,7,6,16,34,47,58,40,32,28,26,26,59,68,54,37,47,36,29,128,130,129,128,128
59,30,13,26,33,32,29,34,62,46,42,28,35,20,44,54,68,36,22,22,28,50,120,130,128,128
27,16,20,41,33,26,35,59,53,54,38,27,16,23,27,51,58,40,18,12,32,32,133,128,128,128
12,15,30,48,47,42,49,62,53,57,49,22,8,12,18,36,30,37,24,12,33,54,131,125,128,128
29,24,24,28,41,45,53,59,37,35,35,24,12,17,20,31,30,24,14,8,23,38,124,131,128,128
19,23,25,32,39,34,43,68,58,40,22,32,16,21,12,24,13,25,17,15,53,49,126,128,128,128
23,29,23,45,50,46,47,87,84,56,30,22,32,19,24,32,29,9,26,29,34,67,127,128,128,128
17,34,32,71,73,64,40,76,94,80,34,19,20,14,10,22,13,12,24,28,41,71,35,128,128,128
30,46,33,61,110,104,74,54,98,61,31,17,8,9,14,10,7,13,12,35,62,60,67,126,128,128
12,19,26,41,85,119,104,67,87,82,52,12,8,8,7,14,7,9,21,38,57,44,55,130,128,128
4,13,16,26,40,100,123,88,86,90,71,22,9,5,0,7,0,3,32,44,45,58,68,129,128,128
16,4,11,14,12,92,113,124,127,87,78,44,8,3,12,1,5,2,4,10,15,70,71,123,128,128
4,12,9,14,11,47,81,116,123,96,60,33,37,18,0,9,0,4,0,5,17,39,39,133,128,128
0,5,25,9,15,20,23,61,102,87,48,28,31,23,5,1,6,4,9,1,9,24,18,26,128,128
5,5,6,9,25,24,21,23,80,99,58,26,19,18,6,3,0,6,0,3,38,14,3,31,128,128
1,0,3,14,9,25,25,35,32,86,66,41,22,20,11,4,1,2,7,17,21,6,24,32,128,128
4,6,8,6,9,10,9,16,46,63,57,35,18,18,4,3,6,3,2,7,12,14,21,32,129,124
20,17,12,10,12,8,2,5,18,50,33,21,18,3,16,0,1,1,5,12,17,18,24,35,131,133
42,39,21,22,25,15,15,13,29,30,53,42,24,10,4,6,1,1,6,12,14,15,23,34,121,127
73,68,18,29,43,33,48,24,22,31,37,73,42,11,24,3,4,2,4,7,7,10,22,34,129,135
91,76,80,65,64,67,35,27,29,30,39,63,57,50,33,12,4,0,1,5,6,12,24,33,125,124
91,87,88,79,67,68,69,65,44,44,36,41,69,56,30,21,10,2,3,8,8,13,20,22,129,133
