205,219,216,219,228,213,214,209,210,203,203,163,134,64,60,53,47,40,31,44,51,51,53,75,72,111
224,227,231,220,221,226,217,214,205,203,201,155,138,116,90,67,46,43,48,36,46,62,48,78,70,129
212,210,193,185,208,190,188,191,171,159,162,146,140,116,94,61,62,60,54,58,49,61,74,65,77,118
160,163,183,160,148,171,173,171,155,167,129,164,111,119,88,81,72,62,53,71,64,60,60,77,85,129
124,125,137,164,149,146,168,150,161,138,153,146,153,108,104,82,76,95,86,73,67,69,70,98,109,113
110,139,128,155,150,157,159,157,134,134,134,118,126,129,138,109,111,100,98,89,84,85,90,75,102,112
102,113,149,133,137,142,154,173,138,147,146,129,125,128,127,114,118,103,114,103,94,89,98,101,95,144
80,104,125,143,146,177,159,179,143,128,157,132,126,108,145,133,143,126,130,131,128,115,132,124,138,168
88,98,101,121,147,146,146,147,167,163,139,145,127,121,142,153,138,151,129,121,161,145,152,146,162,174
68,87,119,106,108,125,146,155,141,150,136,134,149,113,138,135,149,158,157,153,170,170,157,185,156,185
60,76,72,98,115,134,131,133,167,139,132,148,155,121,128,145,161,167,181,158,161,165,186,157,180,171
60,75,78,85,96,111,105,138,125,131,150,148,144,130,129,127,158,184,155,185,186,185,189,177,177,181
70,75,85,105,94,111,115,112,131,112,130,134,149,144,130,129,135,162,171,180,188,181,181,170,179,160
75,75,105,78,86,109,94,117,108,133,140,128,160,144,116,160,157,156,178,166,176,160,165,156,153,185
94,110,94,113,111,111,120,120,126,144,138,132,145,120,154,160,143,166,156,142,153,151,148,152,164,176
114,97,133,126,133,132,130,148,147,177,167,148,148,157,150,165,175,175,163,140,170,161,132,153,131,189
155,166,162,161,144,136,146,176,167,177,202,181,169,169,156,184,167,163,150,156,175,180,154,181,155,183
213,204,191,198,204,180,167,159,160,181,190,193,177,171,175,156,165,158,148,159,167,181,171,171,177,188
224,210,204,193,201,199,207,199,194,198,190,173,192,186,186,174,194,187,178,184,192,195,183,153,175,181
225,232,223,216,222,222,215,209,204,205,199,184,192,187,189,191,176,181,169,162,181,158,166,135,174,175
218,229,234,225,224,222,219,221,214,203,202,206,187,207,206,208,197,178,175,186,166,157,139,158,166,156
236,235,228,227,235,225,222,216,220,210,211,212,196,212,200,201,210,177,175,183,167,140,103,187,151,169
239,226,232,230,232,234,233,225,226,223,210,213,211,194,195,197,195,199,175,189,161,121,114,133,160,163
231,240,237,231,221,239,232,228,220,225,214,205,220,196,179,183,185,189,185,186,178,148,139,120,116,126
227,221,230,226,224,225,226,221,223,223,225,207,205,181,189,173,183,187,170,148,189,153,131,129,118,121
218,222,234,229,221,221,214,212,213,221,216,216,210,189,178,178,184,176,180,169,165,164,160,128,116,129
202,219,222,221,219,219,210,208,202,212,212,220,181,173,167,165,143,144,153,132,153,164,159,130,89,123
218,212,225,215,226,197,211,196,196,194,185,212,170,160,150,157,131,126,120,99,100,135,118,102,134,128
205,159,196,203,202,197,193,209,176,170,147,166,166,180,128,105,105,120,116,108,102,106,134,127,124,128
211,162,176,166,168,131,158,178,169,163,176,169,147,143,108,105,107,108,105,83,82,87,128,128,132,127
