220,225,231,230,237,233,237,238,239,241,243,246,246,245,244,245,242,244,249,243,242,236,128,129,128,128
211,225,227,229,231,242,238,234,241,240,240,243,247,247,245,242,243,246,251,241,232,239,127,127,128,128
211,225,228,229,225,235,236,240,243,241,240,241,244,245,243,241,238,239,238,239,245,126,127,132,128,128
213,217,225,227,234,230,235,241,243,244,244,242,239,239,241,242,245,244,241,239,236,131,126,128,128,128
208,211,220,224,235,233,236,236,241,243,244,241,239,239,241,242,239,238,243,241,236,128,125,129,128,128
202,218,220,220,219,233,235,236,240,240,239,239,241,244,244,242,239,237,240,235,231,131,129,128,128,128
199,203,220,219,227,231,243,233,234,237,240,236,237,244,244,245,239,240,234,235,130,128,125,129,128,128
208,217,220,229,227,236,235,240,234,235,240,239,239,242,241,244,244,242,231,237,130,126,129,127,128,128
216,220,225,222,232,225,231,239,238,233,235,237,242,244,241,243,241,243,237,236,126,123,133,127,128,128
217,222,220,228,220,226,226,236,238,234,236,235,238,242,242,245,246,232,233,241,129,131,130,129,128,128
219,220,223,231,217,231,236,235,234,238,243,237,233,237,240,244,236,245,232,126,126,126,127,128,128,128
220,213,227,224,221,230,246,232,234,238,242,237,237,241,236,234,238,232,227,130,129,134,123,129,128,128
219,217,218,224,217,235,241,233,233,233,238,237,239,241,234,231,231,231,232,129,125,130,127,128,128,128
223,217,221,215,227,232,242,234,225,230,241,241,235,232,233,242,234,231,228,130,126,128,131,126,128,128
217,230,229,224,232,233,227,228,234,233,223,241,237,227,230,232,234,228,129,127,129,129,128,127,128,128
223,225,224,222,221,224,228,233,231,239,233,233,230,231,234,227,224,218,123,128,130,128,127,128,128,128
221,217,222,226,220,219,228,234,239,233,230,230,231,225,224,223,218,208,127,130,128,127,129,129,128,128
217,217,223,227,224,222,228,235,232,233,238,227,230,229,227,220,203,177,133,129,126,128,132,127,128,128
221,226,222,220,224,225,228,239,228,231,240,234,234,229,227,225,192,136,128,127,128,128,131,124,128,128
223,231,224,217,224,226,226,235,236,225,224,234,239,225,217,215,200,124,127,126,131,127,128,127,128,128
223,228,227,224,225,226,226,229,233,230,217,223,229,230,219,199,181,130,131,127,129,127,128,130,128,128
225,224,227,227,223,224,230,231,230,229,215,229,229,225,222,214,131,124,130,127,127,130,129,127,128,128
210,223,227,227,224,220,224,226,233,232,229,233,220,226,222,202,128,128,128,128,128,128,128,128,128,128
216,225,227,232,233,224,224,229,230,226,231,226,229,218,213,181,128,128,128,128,128,128,128,128,128,128
200,225,226,219,225,228,224,218,231,234,232,226,227,220,208,132,128,128,128,128,128,128,128,128,128,128
154,211,234,225,226,232,232,229,223,234,241,235,218,209,209,126,128,128,128,128,128,128,128,128,128,128
163,192,205,217,235,234,227,226,235,220,227,221,221,204,177,125,128,128,128,128,128,128,128,128,128,128
186,207,219,231,237,227,226,236,226,225,230,224,214,197,129,131,128,128,128,128,128,128,128,128,128,128
179,206,223,235,241,236,229,224,225,227,220,225,216,187,124,131,128,128,128,128,128,128,128,128,128,128
182,209,226,231,231,231,234,231,229,218,216,213,210,127,128,128,128,128,128,128,128,128,128,128,128,128
