129,128,60,61,66,70,65,89,72,78,68,62,63,59,59,62,72,63,69,73,73,86,71,69,79,70
127,130,71,85,101,65,79,79,77,79,72,81,89,78,76,83,76,94,82,99,93,72,98,82,76,81
129,129,81,96,106,90,72,61,82,96,73,94,99,104,113,94,100,94,94,102,107,95,86,78,78,75
127,130,83,84,111,122,105,96,79,105,116,124,102,109,114,113,100,113,97,98,87,83,86,74,71,71
132,122,96,94,93,102,105,117,122,101,98,102,105,112,118,116,106,98,114,98,94,82,72,79,73,70
128,126,107,120,132,115,101,121,98,97,103,96,122,114,112,76,79,91,91,91,79,87,75,69,63,54
135,125,111,127,131,129,132,122,132,122,108,102,114,105,101,99,84,88,97,82,82,70,60,44,41,32
120,132,117,120,125,116,116,114,109,111,132,93,113,93,94,85,80,68,67,60,40,36,11,19,22,20
135,127,123,125,121,121,126,120,118,100,85,107,100,112,84,82,50,49,30,22,25,20,40,33,29,31
125,129,140,136,134,135,127,123,113,104,91,115,88,78,67,49,35,25,21,38,49,53,57,64,66,63
128,129,139,152,137,131,103,109,101,109,62,97,96,62,36,33,34,48,53,52,71,66,79,87,86,84
128,124,167,119,139,118,96,112,90,86,98,62,67,31,46,50,59,70,79,91,86,91,70,66,48,38
126,138,123,130,108,111,108,95,103,94,92,70,26,41,52,82,80,111,102,82,69,55,33,14,10,1
121,133,133,116,113,94,86,85,83,69,67,49,37,53,84,94,104,72,68,36,16,7,2,3,2,0
135,121,131,98,108,107,79,83,89,81,57,37,45,75,102,99,68,54,16,0,4,5,9,2,0,1
127,125,136,102,98,85,95,83,67,58,60,50,81,83,74,60,40,2,5,3,8,5,15,4,5,7
124,135,129,109,111,94,69,65,73,57,60,58,75,55,26,18,0,3,3,7,51,62,78,26,3,8
128,127,115,120,104,91,76,71,61,57,54,45,46,23,11,5,2,5,12,64,132,179,155,60,22,19
129,124,116,108,98,79,79,56,62,54,53,39,35,4,4,1,4,11,71,130,166,220,226,142,44,35
129,130,111,104,80,69,64,66,56,53,26,27,0,13,7,15,9,6,25,76,111,194,216,218,60,18
124,129,114,112,93,82,61,63,67,41,37,35,51,34,28,26,16,22,16,31,52,68,123,142,95,22
133,128,115,101,91,94,84,79,98,70,91,78,72,69,90,68,56,50,45,48,29,32,38,34,46,34
125,126,123,105,84,100,105,94,98,110,116,101,91,83,82,82,94,75,63,54,38,46,53,43,56,57
128,133,128,117,87,111,121,109,108,114,110,97,101,91,107,120,91,94,71,81,66,68,67,68,59,67
124,131,130,136,118,124,124,107,112,141,117,99,95,89,97,112,113,87,90,73,92,93,82,96,84,64
130,127,121,122,124,114,127,120,132,127,113,119,111,91,102,91,85,78,76,88,85,98,88,100,85,74
124,132,125,143,111,133,126,121,130,124,108,108,113,98,107,92,95,85,91,98,87,93,101,83,73,73
130,126,126,128,131,128,138,117,143,118,127,120,115,114,90,90,88,82,87,85,91,84,84,87,75,79
130,128,143,146,128,150,132,144,106,134,129,96,128,105,122,99,93,87,99,85,85,82,83,75,77,63
123,127,135,142,138,136,133,131,114,137,119,108,120,107,102,109,115,88,87,92,99,84,78,66,65,55
