127,126,130,128,124,74,78,69,113,121,115,115,123,115,121,141,135,166,185,180,156,167,166,178,174,150
127,128,129,127,133,63,69,63,107,126,112,88,110,106,127,150,113,170,162,165,146,164,140,191,157,152
128,129,126,131,127,123,14,77,97,123,85,88,110,105,144,142,149,164,171,143,158,165,165,158,156,139
126,132,125,124,135,130,25,68,64,73,74,86,92,139,161,155,167,154,149,155,162,160,160,159,139,132
129,126,128,128,121,130,37,49,29,30,45,68,119,141,164,157,164,142,158,153,153,153,180,136,143,148
128,127,130,131,126,132,32,28,28,38,85,111,116,129,155,150,166,161,182,154,160,137,169,121,124,120
126,125,131,130,125,130,126,24,59,86,108,124,118,129,138,121,149,159,166,156,130,156,151,133,113,123
131,130,126,127,131,124,129,77,93,122,122,130,121,132,155,134,156,147,142,154,153,160,149,127,132,125
126,124,126,128,129,128,133,82,101,124,124,145,138,131,141,121,153,150,153,137,136,152,141,137,137,118
130,131,132,128,126,128,124,71,109,102,130,138,140,154,135,148,154,175,141,137,118,152,144,137,131,138
123,129,123,122,133,130,130,125,111,117,125,127,130,147,151,164,169,152,141,123,126,139,130,141,134,136
132,130,128,127,129,125,127,134,103,127,118,134,135,131,150,156,159,144,151,147,158,123,133,130,130,145
128,122,129,131,125,130,129,122,106,109,123,131,141,152,141,165,161,142,134,134,118,135,128,131,153,130
129,129,128,126,129,130,123,131,96,112,105,120,139,147,143,137,149,144,146,136,124,140,149,133,133,122
128,128,128,128,128,128,128,128,128,113,106,118,122,137,154,143,147,143,140,140,129,163,156,177,117,116
128,128,128,128,128,128,128,128,129,112,122,122,144,151,136,150,152,129,138,159,121,122,131,128,117,107
128,128,128,128,128,128,128,128,125,87,101,126,115,146,158,150,151,132,139,142,156,143,128,126,127,99
128,128,128,128,128,128,128,128,129,98,124,110,143,131,171,143,164,160,136,141,118,125,125,123,130,85
128,128,128,128,128,128,128,128,126,125,118,119,133,141,134,141,163,140,168,145,118,123,121,117,111,95
128,128,128,128,128,128,128,128,133,127,110,127,127,133,145,152,158,161,157,135,124,133,120,105,101,86
128,128,128,128,128,128,128,128,125,130,115,122,139,123,146,151,149,155,180,149,138,144,128,100,89,59
128,128,128,128,128,128,128,128,128,126,130,123,131,139,143,157,157,167,170,171,139,135,115,91,73,41
128,128,128,128,128,128,128,128,129,128,131,125,131,131,141,157,154,177,174,166,171,130,105,87,70,50
128,128,128,128,128,128,128,128,126,130,125,113,121,128,130,165,164,191,184,185,157,141,110,84,76,22
128,128,128,128,128,128,128,128,129,124,132,127,119,136,140,170,180,190,181,188,190,134,130,90,63,22
128,128,128,128,128,128,128,128,131,122,133,130,115,124,134,152,177,212,192,203,185,164,129,106,85,55
128,128,128,128,128,128,128,128,125,129,126,124,131,130,149,173,171,216,195,180,188,151,163,115,97,42
128,128,128,128,128,128,128,128,130,133,127,125,130,122,146,162,148,201,191,208,167,178,160,127,67,51
128,128,128,128,128,128,128,128,126,125,127,131,127,125,144,158,179,202,182,178,186,182,187,122,76,79
128,128,128,128,128,128,128,128,125,134,128,126,127,127,127,160,161,184,188,192,196,158,161,147,97,76
