135,127,123,157,166,167,194,201,205,217,205,193,213,209,214,211,218,212,206,207,187,194,186,182,181,174
115,121,111,138,192,176,196,177,191,201,199,202,201,217,225,229,225,234,228,212,214,189,197,184,174,159
158,110,131,138,151,169,143,153,189,195,197,209,224,209,223,230,226,231,225,217,218,185,186,184,172,156
121,112,109,136,150,160,130,133,159,182,190,215,182,199,188,200,226,225,226,223,207,218,199,191,181,186
91,83,80,114,110,137,137,173,157,168,172,164,183,199,203,191,178,214,205,201,213,173,181,202,197,189
85,66,95,120,111,123,119,146,171,146,169,192,179,171,169,156,152,193,188,165,168,158,182,180,189,191
62,47,105,100,98,79,98,123,139,151,122,156,145,155,147,124,124,149,146,151,140,155,146,196,184,160
24,42,39,45,72,90,76,143,123,131,136,110,134,113,120,97,105,123,118,129,103,115,128,148,171,165
34,52,43,63,88,90,92,132,147,116,105,81,109,80,76,78,76,108,103,119,99,90,100,122,156,160
54,56,82,59,77,64,103,125,127,99,87,71,99,92,89,75,65,77,74,70,90,72,60,113,115,137
60,84,97,83,81,122,143,93,130,110,79,71,96,95,63,67,73,62,56,53,36,58,46,70,103,132
102,116,112,84,107,153,138,95,100,91,73,90,116,115,65,67,61,62,58,45,23,31,34,37,59,105
157,211,152,133,177,183,152,146,116,113,112,117,124,109,77,45,42,56,43,46,29,30,32,22,36,60
218,222,220,204,239,207,243,194,189,137,119,156,146,126,56,53,58,50,27,25,14,17,10,14,38,56
225,240,238,236,236,253,244,236,196,160,178,192,218,141,100,51,59,45,20,17,26,21,14,14,24,54
219,207,222,231,215,239,243,227,234,210,218,241,233,174,134,77,65,42,35,34,23,30,16,20,28,45
194,205,217,188,189,190,184,182,212,216,236,245,240,205,158,124,93,66,41,31,25,25,13,27,33,49
147,194,191,172,178,159,146,135,155,189,213,226,222,239,211,154,109,90,44,27,15,32,27,10,45,63
156,161,192,181,146,141,130,133,163,127,161,156,197,209,191,186,127,76,36,22,28,22,20,23,45,59
174,158,169,151,156,162,169,169,137,142,133,115,127,153,167,150,99,61,13,26,19,20,21,38,61,53
93,113,90,96,95,108,127,153,154,132,132,106,113,109,108,100,49,16,14,5,15,24,34,46,53,71
129,159,147,129,107,96,96,88,81,92,98,98,77,57,53,41,14,2,4,5,18,10,27,34,50,60
174,194,188,185,175,161,128,117,118,113,95,94,84,85,66,63,48,32,17,26,25,29,29,31,45,80
224,220,217,209,201,204,193,179,176,180,185,178,168,151,150,129,104,98,57,57,47,34,36,39,62,78
233,248,248,253,245,240,246,246,243,239,228,235,219,226,191,159,133,116,92,88,54,36,47,72,66,80
250,254,246,248,245,247,249,242,242,240,241,228,227,213,193,173,151,131,102,84,97,73,84,97,101,104
253,243,244,244,248,253,245,240,240,229,209,225,204,193,189,160,153,129,113,104,107,96,108,108,105,123
243,244,243,242,239,240,227,235,235,217,214,215,197,186,173,169,154,144,139,114,96,127,104,114,113,113
228,229,243,229,215,232,220,215,212,219,211,194,184,189,198,174,184,153,154,131,140,152,144,131,127,125
198,225,228,228,214,232,219,215,204,217,213,209,194,202,199,177,189,205,197,146,171,163,149,148,130,122
