50,43,54,20,5,0,1,0,8,4,4,7,4,2,10,10,17,15,22,28,25,35,40,45,63,62
48,39,57,16,4,6,13,20,30,25,24,24,18,13,16,15,11,7,7,9,6,1,6,4,0,28
31,21,20,30,6,19,24,27,53,53,43,44,50,43,55,50,52,47,33,23,21,22,16,0,6,26
33,32,14,24,15,21,25,32,56,61,65,72,62,69,61,52,78,45,37,38,30,19,4,16,11,19
46,34,13,26,34,21,26,35,48,67,89,80,77,70,95,91,74,79,61,42,18,18,16,23,32,44
129,85,38,9,41,37,28,35,67,76,81,86,90,84,87,105,84,82,65,49,37,17,17,27,37,32
177,155,73,27,30,40,44,30,42,64,84,95,91,103,97,85,92,89,62,32,28,15,20,47,25,22
173,176,155,69,32,32,34,24,47,56,59,89,98,87,100,97,83,78,45,31,29,30,33,42,34,68
184,194,199,142,33,37,79,53,27,52,70,73,82,99,78,77,65,56,37,32,16,25,53,40,53,90
193,201,214,213,96,31,62,64,33,43,67,91,88,82,74,62,74,51,21,29,29,27,58,51,86,113
182,191,221,225,147,31,37,74,45,37,65,65,81,97,77,53,60,42,27,19,24,50,58,76,105,120
213,208,244,241,193,45,23,36,56,31,50,63,84,76,84,71,50,40,26,29,31,73,89,120,137,133
228,225,239,251,228,66,20,18,42,24,30,52,76,70,58,60,44,32,23,25,28,90,96,163,169,157
145,213,251,240,234,77,21,2,14,27,24,18,22,37,27,30,27,22,26,29,39,84,127,148,184,160
44,87,167,220,209,59,13,3,9,0,8,23,21,22,36,26,25,29,22,18,37,101,137,161,174,137
22,20,45,71,64,30,14,2,1,8,2,1,4,5,8,3,18,20,18,17,49,108,128,167,158,101
7,14,33,43,40,49,13,3,0,16,16,28,35,48,30,17,12,1,13,21,45,109,127,133,65,46
1,10,10,47,30,35,7,1,12,14,60,104,126,110,97,65,21,20,16,8,47,100,64,38,25,8
23,43,87,110,52,28,5,6,16,18,115,135,143,143,141,112,116,44,21,23,30,120,52,19,28,26
118,172,251,140,37,30,3,17,32,92,139,156,138,147,138,147,182,136,22,17,24,117,71,28,31,10
94,115,106,73,44,12,12,12,86,128,156,170,162,155,147,172,218,212,84,11,21,104,105,55,36,26
122,37,58,30,39,21,15,15,109,162,174,172,146,149,154,151,201,236,188,13,29,107,117,75,48,14
111,93,76,40,30,21,10,71,150,183,170,164,145,133,137,160,220,237,233,56,6,63,107,64,63,5
80,55,39,51,11,10,24,108,176,187,176,154,132,136,151,176,199,223,233,114,10,39,122,95,91,40
44,45,30,45,12,0,43,139,175,177,172,169,160,135,143,184,207,236,237,182,22,25,100,107,90,63
37,28,16,38,8,19,106,160,176,177,169,139,152,146,158,183,212,224,231,230,75,17,96,77,62,69
12,29,50,15,3,40,127,155,175,175,158,130,144,131,160,202,212,224,241,232,155,14,63,101,13,21
26,13,36,12,19,92,134,165,167,161,150,134,156,158,167,187,211,222,228,239,219,41,33,94,40,12
22,33,25,9,74,125,142,152,159,150,133,149,149,163,176,176,192,214,222,232,227,126,16,67,40,27
30,35,5,25,102,145,148,130,148,158,167,165,186,184,195,196,206,223,224,232,235,209,35,57,91,50
