204,191,182,204,209,217,230,204,215,209,223,214,222,231,226,229,235,244,232,232,235,230,229,244,239,236
200,195,192,208,213,202,213,198,192,211,221,213,222,223,225,224,231,236,235,237,241,239,243,223,243,238
200,190,191,200,199,203,199,199,216,205,217,216,215,221,216,226,221,226,227,230,229,236,227,237,229,230
212,210,208,203,203,202,209,224,213,218,224,221,228,218,230,228,229,227,237,229,233,235,237,251,237,232
205,211,215,201,204,211,212,221,210,226,219,222,218,224,221,233,223,226,237,232,227,238,240,229,236,232
196,208,199,202,212,226,210,212,223,219,225,220,230,226,236,233,235,233,240,237,238,240,238,233,238,238
208,198,202,213,226,220,222,227,210,224,222,218,224,236,231,236,233,237,239,230,247,227,238,238,240,235
190,198,219,205,200,220,226,217,221,227,225,216,229,238,237,235,238,242,235,239,228,243,229,234,233,236
168,204,208,212,194,217,212,218,224,214,214,220,229,227,241,234,233,247,242,234,231,238,237,233,239,244
200,209,209,215,221,221,225,207,225,219,236,225,222,238,226,246,240,237,244,233,245,252,238,236,239,229
202,220,210,215,211,226,225,226,221,222,234,234,229,235,234,245,236,240,245,239,245,240,234,236,233,233
219,219,216,220,229,224,228,216,219,229,228,226,242,247,240,242,244,243,242,240,245,239,243,246,235,243
210,217,222,220,224,222,227,222,219,226,224,228,234,247,242,245,235,241,245,231,244,246,243,250,244,242
213,231,215,216,230,221,229,218,226,231,228,239,235,233,246,240,228,243,244,236,241,243,246,247,240,241
200,221,224,227,216,231,222,237,227,225,235,233,247,241,237,238,245,240,235,246,245,245,255,251,240,243
193,225,210,215,219,220,218,220,232,229,219,231,232,239,226,246,236,234,238,241,240,238,237,245,254,250
217,211,206,209,201,222,230,227,224,226,229,221,222,245,238,229,242,225,228,235,235,226,225,247,247,251
213,197,217,206,202,220,220,211,228,212,215,228,220,211,232,224,213,231,226,245,226,219,219,226,230,220
199,204,194,198,210,220,212,215,213,212,216,242,211,200,213,216,224,216,207,207,211,212,215,221,213,222
187,188,142,206,209,207,208,212,211,204,226,212,211,219,194,198,207,211,196,162,171,183,174,188,202,204
177,187,135,153,179,198,193,185,169,185,190,179,191,200,192,195,181,149,136,118,121,103,121,136,109,127
159,134,122,126,134,193,146,168,152,124,104,103,117,125,120,94,104,87,100,92,83,86,93,107,139,139
128,93,112,104,107,169,109,150,111,94,83,71,76,54,57,67,67,69,56,57,62,56,58,63,80,85
70,101,84,99,89,111,86,104,76,72,57,65,41,47,58,56,36,51,39,56,58,39,51,57,50,39
67,64,65,88,47,87,85,89,72,53,31,50,38,38,48,22,28,27,50,52,53,51,32,40,39,47
69,62,48,64,70,67,81,96,55,30,50,53,23,39,32,49,33,28,24,27,29,30,25,37,41,50
71,63,49,64,62,58,82,68,13,43,50,18,50,43,27,35,36,27,24,24,31,38,33,25,59,42
48,53,57,64,60,52,72,40,50,53,29,30,40,6,11,29,25,21,9,27,25,38,38,48,25,38
51,54,71,83,63,62,46,48,58,34,43,44,34,29,48,27,32,29,34,42,34,32,49,37,32,31
74,53,63,62,70,46,40,47,44,35,45,34,35,44,23,35,26,27,31,15,41,41,28,41,42,44
