128,129,128,130,126,169,172,172,154,182,190,177,173,162,170,167,175,172,142,140,152,143,129,134,137,124
125,123,135,125,127,183,169,174,181,163,168,178,194,156,163,168,180,145,150,142,158,145,132,138,146,125
132,132,124,123,126,133,189,163,173,185,164,160,177,176,172,172,170,138,149,135,130,150,130,133,125,128
126,123,135,132,131,121,157,159,184,179,179,179,152,157,175,160,173,157,156,140,129,147,126,124,125,150
129,132,125,125,126,127,157,185,158,148,159,167,169,161,176,157,165,147,152,138,136,136,121,117,124,127
128,126,130,127,130,127,162,164,177,165,163,156,154,151,165,145,167,139,151,140,131,141,122,116,123,140
131,125,128,125,129,129,129,155,161,193,155,166,160,160,134,152,134,149,137,135,123,126,121,138,150,120
128,125,131,128,130,127,125,149,175,157,163,175,155,151,167,152,135,141,135,146,139,132,120,138,152,132
129,126,130,127,128,127,129,151,167,164,163,152,164,159,156,138,137,141,141,119,130,123,134,140,126,139
129,127,129,127,127,128,130,146,157,158,167,158,169,151,149,153,146,136,119,124,130,133,129,138,151,126
127,126,129,130,130,128,125,129,158,154,151,130,143,156,157,136,123,132,130,128,126,130,131,136,143,109
128,127,128,129,130,129,127,126,146,156,145,160,153,156,132,130,143,112,115,123,154,128,130,131,119,112
130,128,126,127,127,129,132,130,143,142,131,150,139,155,148,130,134,126,127,142,149,141,125,119,92,81
127,128,129,130,127,127,130,126,136,127,145,144,162,132,156,145,129,130,134,142,139,128,114,107,82,74
128,128,128,128,128,128,128,128,129,141,127,146,151,144,140,126,138,126,140,136,112,123,119,95,74,42
128,128,128,128,128,128,128,128,126,116,125,148,140,149,141,121,128,137,127,125,120,126,95,71,58,36
128,128,128,128,128,128,128,128,130,121,127,144,136,141,146,118,134,133,150,129,119,104,85,62,47,35
128,128,128,128,128,128,128,128,129,110,121,129,140,127,123,134,138,127,106,115,103,119,57,60,43,40
128,128,128,128,128,128,128,128,126,134,111,126,142,120,131,135,134,120,118,103,96,81,62,64,60,55
128,128,128,128,128,128,128,128,128,128,103,108,113,124,129,136,127,122,112,111,74,66,66,51,46,54
128,128,128,128,128,128,128,128,132,123,96,107,113,113,138,152,121,134,106,107,75,78,55,66,52,54
128,128,128,128,128,128,128,128,124,133,129,91,106,111,129,132,135,115,111,90,66,65,39,55,54,41
128,128,128,128,128,128,128,128,133,123,129,89,84,106,124,117,124,121,89,78,71,68,47,56,36,46
128,128,128,128,128,128,128,128,127,128,126,61,82,96,100,98,103,98,79,86,74,62,59,34,45,39
128,128,128,128,128,128,128,128,126,135,124,128,51,61,86,95,100,89,94,73,53,55,55,45,34,30
128,128,128,128,128,128,128,128,128,127,132,128,19,50,56,76,77,89,73,55,54,53,57,49,47,55
128,128,128,128,128,128,128,128,129,126,130,122,34,12,41,47,62,71,53,57,63,46,44,61,55,49
128,128,128,128,128,128,128,128,125,124,127,137,124,5,5,10,38,55,58,42,40,51,47,56,50,45
128,128,128,128,128,128,128,128,129,130,129,123,129,15,26,8,20,21,15,38,51,34,44,47,43,52
128,128,128,128,128,128,128,128,129,128,131,124,132,126,11,20,8,19,26,17,37,34,39,43,52,35
