53,61,47,56,46,34,41,45,50,54,62,72,78,75,81,112,115,118,132,126,115,112,119,139,116,117
61,65,63,55,59,48,62,53,56,66,81,69,66,72,80,98,87,111,102,98,106,102,106,94,100,97
62,62,62,50,60,53,64,66,83,76,72,64,75,68,70,88,99,87,89,90,87,79,82,76,75,75
65,64,57,59,62,66,78,87,88,79,85,79,79,86,90,80,110,89,81,81,82,73,71,56,65,57
62,59,55,62,58,79,88,89,92,93,77,82,89,87,83,102,99,89,85,81,73,73,57,51,42,53
79,67,74,72,69,93,95,117,115,111,98,101,95,104,80,86,97,86,74,80,78,64,63,53,43,39
94,75,84,86,82,92,104,102,109,124,116,112,104,103,97,74,86,79,77,70,68,82,82,60,49,55
108,88,92,110,102,96,79,101,115,115,116,120,115,105,101,82,79,101,74,71,79,74,74,71,59,52
100,105,110,111,109,98,113,101,105,114,117,114,122,104,115,78,74,70,80,69,71,65,73,74,58,64
90,106,108,109,105,84,90,99,107,112,111,106,123,105,92,86,96,94,77,64,61,61,66,60,67,50
102,102,89,101,100,102,92,131,85,128,115,104,98,94,91,81,91,81,79,70,67,52,66,73,65,53
103,108,89,83,104,108,112,96,91,110,105,111,104,103,82,82,81,89,72,84,69,60,55,62,62,47
107,103,101,96,97,109,106,98,110,112,102,113,90,88,96,76,70,65,71,80,82,72,79,73,61,65
102,99,112,92,101,101,87,104,84,83,95,88,82,96,78,74,73,85,69,82,78,84,79,80,81,80
111,92,114,100,88,95,99,97,90,109,84,106,81,100,96,74,73,76,84,91,91,85,83,90,93,79
103,86,118,110,100,102,93,98,105,100,90,94,91,91,96,77,73,79,81,89,84,76,93,106,96,110
91,81,110,97,109,100,94,94,96,116,105,93,103,105,103,82,95,80,92,106,84,78,119,106,115,125
94,76,94,113,113,99,101,96,88,107,115,94,97,102,95,107,83,77,107,122,101,105,104,120,123,130
70,68,93,93,98,95,95,94,115,106,100,102,95,123,102,106,105,102,115,119,117,132,146,142,148,154
56,95,96,92,86,98,91,89,123,110,96,125,102,105,123,117,109,121,114,120,152,152,163,159,142,149
78,83,90,89,85,83,89,95,106,111,116,131,128,115,120,127,136,124,112,139,139,157,148,159,152,154
91,87,81,108,88,103,80,99,112,118,131,117,127,156,97,119,147,137,140,139,153,165,139,154,173,170
85,94,101,87,62,65,81,99,108,116,125,116,103,141,141,124,159,146,147,145,152,157,160,165,151,143
77,88,86,72,74,72,89,109,80,102,101,123,116,130,129,134,145,157,132,150,151,158,161,148,164,186
125,74,66,82,72,78,82,75,64,89,93,117,138,147,137,118,141,146,141,142,149,149,133,139,143,158
128,128,55,65,65,74,66,55,66,86,92,90,97,110,137,139,161,152,178,116,142,140,118,121,135,154
129,129,60,50,63,66,61,73,65,55,64,87,115,110,143,151,165,143,140,130,103,121,101,93,107,102
131,124,130,55,57,47,56,46,54,62,71,93,92,118,103,136,126,118,88,85,103,100,95,103,91,81
125,132,128,125,47,42,40,48,48,53,58,74,82,89,95,97,110,102,83,76,89,96,77,85,70,76
130,126,128,135,124,43,43,31,62,52,57,60,57,78,88,86,77,90,86,74,66,74,83,71,60,63
