96,114,101,110,103,90,81,88,77,85,84,78,89,92,81,102,96,112,133,121,143,154,174,187,196,191
111,118,93,104,105,104,119,91,88,89,91,96,96,105,96,106,118,113,118,114,139,151,178,180,167,198
122,106,103,107,106,96,115,94,108,86,88,99,90,91,101,111,104,102,115,114,113,138,160,189,202,201
100,102,86,121,105,103,81,85,82,93,96,98,92,96,85,94,101,110,97,107,125,120,147,179,172,187
137,106,95,99,96,92,93,89,90,80,97,88,73,87,83,88,94,105,94,108,123,116,117,122,142,155
95,107,85,102,91,82,77,95,62,71,67,83,79,69,64,61,65,71,65,53,61,71,75,92,99,120
71,81,68,51,55,57,56,62,46,53,45,44,40,47,32,23,32,29,25,36,34,49,48,80,81,120
55,53,46,52,37,34,23,28,39,20,33,34,23,21,9,19,11,18,20,24,24,32,38,51,68,76
50,41,45,38,23,20,21,24,20,22,18,24,5,23,17,13,10,5,12,10,9,17,29,32,51,53
40,26,25,13,26,17,23,9,18,10,16,16,13,17,17,5,3,13,14,18,11,18,15,29,32,48
28,28,22,23,23,21,16,24,21,32,19,17,10,9,18,15,13,19,17,22,13,11,13,17,31,38
39,24,23,19,10,12,15,21,23,32,21,16,19,15,15,22,14,6,16,21,18,20,18,26,32,46
40,42,27,24,22,25,31,25,26,30,30,30,22,17,17,21,15,12,19,21,21,19,29,20,38,37
37,30,35,29,32,27,26,21,26,31,27,22,18,10,20,11,12,26,18,20,24,31,28,42,37,58
35,34,37,32,36,23,30,19,40,33,30,15,27,17,21,7,10,26,20,32,31,30,36,44,47,53
38,35,44,32,34,36,29,39,30,40,24,24,25,26,30,35,39,38,43,62,58,51,57,63,63,56
43,31,55,40,42,40,27,44,40,42,35,30,41,36,48,43,52,61,67,80,74,83,87,69,99,80
64,68,56,56,62,49,46,51,51,51,53,57,65,62,59,69,66,90,121,116,106,113,104,124,112,135
75,74,67,68,68,58,70,70,80,70,70,85,86,77,75,87,95,137,143,141,131,183,117,137,141,151
88,73,71,84,80,64,74,82,96,87,91,102,108,75,99,118,107,131,131,153,184,186,181,182,186,179
91,93,90,89,103,88,92,113,119,109,113,111,101,118,118,98,113,140,147,167,181,172,165,197,203,190
115,116,111,120,106,91,109,136,105,98,115,100,122,120,122,102,123,146,164,190,159,191,189,196,184,195
126,121,144,130,107,125,115,111,115,102,98,129,116,140,140,109,124,131,150,189,173,179,180,193,179,194
131,118,136,105,125,114,117,115,115,120,119,126,110,143,124,122,125,108,153,173,183,194,164,196,202,200
147,142,130,138,124,109,130,104,104,112,129,137,152,151,138,102,131,110,166,168,141,191,203,198,201,196
130,138,129,120,131,118,116,124,121,116,103,126,158,131,126,123,107,124,124,175,150,143,188,193,180,204
147,144,125,139,131,130,138,114,110,82,105,132,124,134,113,110,109,122,123,151,158,164,147,177,181,178
133,153,131,115,137,137,125,124,109,106,103,88,105,106,128,105,108,103,146,174,130,136,149,137,188,178
143,148,118,107,111,115,87,109,91,104,99,93,100,109,132,106,116,106,131,170,124,124,119,114,133,166
134,115,117,115,112,120,104,102,118,99,95,83,93,79,129,93,87,114,96,100,133,114,126,100,129,144
