155,141,137,151,146,161,157,146,145,147,158,147,146,134,147,146,153,152,140,148,145,141,130,128,123,130
155,154,139,132,156,144,147,142,148,153,149,135,138,143,155,136,144,143,136,146,127,127,128,124,120,124
159,147,149,153,149,148,150,141,133,146,140,148,141,144,142,144,137,141,136,133,130,131,126,123,122,117
153,156,159,153,142,141,136,133,143,133,139,137,142,138,129,144,139,132,128,131,126,133,126,121,122,120
134,153,153,151,153,152,141,130,134,130,137,137,131,124,129,133,132,122,121,131,119,124,126,118,114,115
140,130,133,146,137,144,153,135,137,134,132,124,123,132,128,131,115,125,124,121,125,117,116,119,118,121
144,145,138,122,128,136,129,127,133,127,132,133,129,125,114,122,114,119,115,117,117,112,116,110,118,116
138,143,133,132,129,120,132,141,123,130,121,129,133,127,120,124,117,123,122,124,121,115,114,120,116,123
138,136,127,140,140,146,126,116,122,119,120,129,119,120,120,119,111,117,120,125,125,121,118,118,119,114
139,133,140,129,134,136,152,148,132,148,127,130,124,128,123,121,117,119,120,120,119,117,127,122,126,113
115,129,123,139,136,140,133,129,127,133,128,124,128,122,120,120,123,123,122,117,114,114,113,119,114,113
186,195,184,203,171,185,179,172,202,158,154,127,134,122,124,121,124,117,116,114,115,117,124,120,120,112
213,194,215,207,202,214,223,213,198,196,198,201,208,182,193,184,181,166,168,170,171,171,177,158,164,145
187,195,182,190,204,202,197,184,185,192,184,196,198,200,196,187,188,178,187,194,192,188,202,193,194,192
190,185,186,184,191,179,187,193,184,202,185,187,181,190,189,183,174,178,176,188,185,193,186,179,179,191
178,186,177,174,175,179,181,184,181,188,185,169,181,175,182,176,183,177,179,159,162,179,197,173,173,187
177,185,182,169,173,171,173,171,176,165,163,184,186,176,186,178,160,176,181,190,165,164,168,168,167,173
168,170,164,167,152,170,176,153,170,167,177,176,177,170,175,180,182,186,175,180,164,158,165,169,153,143
164,155,165,169,166,157,164,164,144,182,162,165,170,167,179,164,164,162,151,164,173,172,174,166,163,160
151,161,152,166,162,157,152,160,147,158,144,150,169,167,171,165,172,164,145,157,167,160,166,163,158,147
170,148,155,139,147,176,150,142,142,154,138,142,139,159,163,162,173,154,157,163,176,168,155,161,156,144
145,141,134,137,145,137,142,132,130,130,138,131,145,153,160,167,160,171,154,164,151,168,153,137,144,154
137,144,135,142,136,142,133,128,133,127,124,129,130,134,137,143,149,151,148,143,141,140,153,142,139,137
134,140,141,136,131,122,130,127,134,132,127,126,125,129,131,133,136,136,137,139,142,144,141,136,134,127
138,124,126,126,132,140,130,124,127,127,125,125,123,124,135,135,135,135,136,136,136,136,124,129,132,125
128,124,129,120,136,130,128,125,127,127,126,128,129,128,125,124,125,128,131,131,128,124,125,130,132,126
124,117,121,128,122,123,120,123,126,125,122,124,128,126,129,126,124,125,129,131,130,128,130,127,122,119
156,159,151,144,141,134,129,125,117,117,119,124,128,121,122,119,117,118,120,121,120,118,123,118,112,115
202,210,210,207,186,180,179,169,159,164,167,165,168,163,161,163,165,169,171,170,167,164,165,161,156,161
195,206,200,189,190,196,192,193,195,205,198,183,186,188,171,172,173,173,171,167,163,160,158,157,152,159
