176,171,177,163,169,165,176,172,195,174,182,200,191,130,127,130,128,128,128,128,128,128,128,128,128,128
181,158,170,163,171,156,164,162,149,165,184,177,178,126,129,126,128,128,128,128,128,128,128,128,128,128
172,176,156,159,171,158,168,170,176,172,164,172,131,127,131,130,128,128,128,128,128,128,128,128,128,128
171,165,158,151,141,143,147,146,138,153,163,144,126,127,127,127,128,128,128,128,128,128,128,128,128,128
163,180,149,157,155,138,138,142,146,130,139,125,131,130,124,131,128,128,128,128,128,128,128,128,128,128
160,149,161,149,163,155,164,151,155,149,170,128,127,124,136,120,128,128,128,128,128,128,128,128,128,128
162,176,156,172,160,178,166,162,156,165,129,127,128,132,122,131,128,128,128,128,128,128,128,128,128,128
181,167,185,178,181,163,163,155,162,166,127,130,130,123,135,125,128,128,128,128,128,128,128,128,128,128
173,166,170,173,168,163,171,162,170,166,130,125,133,124,129,129,128,128,128,128,128,128,128,128,128,128
169,169,175,179,182,183,160,183,165,129,125,129,128,131,127,129,128,128,128,128,128,128,128,128,128,128
177,177,179,168,173,161,182,177,169,125,129,131,123,130,127,131,128,128,128,128,128,128,128,128,128,128
161,161,164,170,174,156,150,167,133,131,127,131,131,126,127,127,128,128,128,128,128,128,128,128,128,128
168,164,159,168,177,167,160,159,116,134,125,128,132,125,129,128,128,128,128,128,128,128,128,128,128,128
162,159,151,150,167,171,170,128,134,131,129,128,126,126,130,130,128,128,128,128,128,128,128,128,128,128
165,169,175,180,200,210,125,129,129,120,129,131,127,130,128,125,128,128,128,128,128,128,128,128,128,128
217,214,219,201,212,208,127,129,128,129,129,128,126,128,129,127,128,128,128,128,128,128,128,128,128,128
214,220,220,221,214,125,131,125,128,128,128,128,128,128,128,128,128,128,128,128,128,128,128,128,128,128
228,221,223,227,237,129,129,132,128,128,128,128,128,128,128,128,128,128,128,128,128,128,128,128,128,128
227,233,236,227,134,127,132,124,128,128,128,128,128,128,128,128,128,128,128,128,128,128,128,128,128,128
226,225,219,225,126,128,126,127,128,128,128,128,128,128,128,128,128,128,128,128,128,128,128,128,128,128
226,222,229,131,127,124,133,126,128,128,128,128,128,128,128,128,128,128,128,128,128,128,128,128,128,128
228,238,120,127,132,130,125,131,128,128,128,128,128,128,128,128,128,128,128,128,128,128,128,128,128,128
234,241,131,122,129,134,123,128,128,128,128,128,128,128,128,128,128,128,128,128,128,128,128,128,128,128
233,127,129,128,131,122,131,128,128,128,128,128,128,128,128,128,128,128,128,128,128,128,128,128,128,128
128,128,128,128,128,128,128,128,128,128,128,128,128,128,128,128,128,128,128,128,128,128,128,128,128,128
128,128,128,128,128,128,128,128,128,128,128,128,128,128,128,128,128,128,128,128,128,128,128,128,128,128
128,128,128,128,128,128,128,128,128,128,128,128,128,128,128,128,128,128,128,128,128,128,128,128,128,128
128,128,128,128,128,128,128,128,128,128,128,128,128,128,128,128,128,128,128,128,128,128,128,128,128,128
128,128,128,128,128,128,128,128,128,128,128,128,128,128,128,128,128,128,128,128,128,128,128,128,128,128
128,128,128,128,128,128,128,128,128,128,128,128,128,128,128,128,128,128,128,128,128,128,128,128,128,128
