105,106,111,92,106,105,102,101,92,99,52,41,29,32,20,12,10,9,1,133,123,130,127,127,128,128
105,106,108,97,104,107,100,97,99,92,82,47,46,28,30,10,13,8,3,7,133,127,131,126,128,128
106,107,107,105,104,110,102,99,99,109,96,94,51,30,32,19,16,8,11,6,121,128,124,130,128,128
107,107,108,108,104,109,107,105,104,89,98,96,75,50,29,18,13,19,5,4,128,135,126,129,128,128
108,108,109,107,104,103,109,109,102,102,105,99,96,48,40,16,24,12,12,7,132,124,128,128,128,128
111,112,111,109,108,102,109,111,106,103,99,98,100,96,54,35,14,25,9,17,8,129,126,127,128,128
111,116,109,114,112,107,107,112,112,117,108,103,96,83,63,46,21,14,20,11,7,126,129,132,128,128
108,116,103,117,114,112,104,110,109,102,103,105,97,93,79,77,43,19,14,14,14,128,128,126,128,128
110,110,112,114,112,109,110,113,110,106,113,103,102,96,87,83,45,24,14,17,14,131,125,128,128,128
109,108,110,112,111,108,108,111,114,109,112,106,106,102,96,85,63,40,20,13,15,18,126,130,128,128
110,109,110,112,112,109,108,110,116,111,111,108,108,104,98,76,82,49,25,25,20,11,130,127,128,128
112,110,110,112,113,111,110,109,113,110,110,111,110,103,99,69,67,71,30,22,18,16,131,128,128,128
112,111,110,111,112,112,110,110,112,110,112,113,111,106,105,78,54,92,51,24,18,21,129,126,128,128
114,113,112,112,113,113,113,113,116,113,115,112,110,107,108,91,72,57,42,41,31,14,128,128,128,128
116,116,114,113,114,115,116,116,120,115,118,110,109,108,108,101,79,73,69,34,34,19,130,127,128,128
116,115,114,112,112,114,116,117,119,113,118,110,112,113,110,109,89,85,79,44,36,33,28,127,128,128
120,115,110,116,116,118,115,118,121,120,118,116,116,114,110,105,104,82,62,49,47,45,24,131,128,128
117,119,116,122,117,117,116,119,120,119,117,116,117,117,114,110,105,101,97,47,94,41,38,123,128,128
116,119,111,120,119,120,121,116,121,121,120,118,118,117,114,110,106,99,81,66,39,38,39,130,128,128
118,120,108,115,117,120,122,116,121,122,122,121,120,118,113,109,111,110,104,88,61,53,30,125,128,128
118,123,116,119,114,116,120,120,120,121,122,121,121,120,118,115,113,110,103,106,80,70,45,131,128,128
118,119,117,119,116,120,118,121,123,123,123,121,120,120,120,120,116,106,109,95,74,81,81,42,128,128
116,109,110,110,108,116,108,115,121,123,123,121,120,120,120,120,112,107,113,116,94,71,82,63,128,128
112,104,108,102,93,99,92,108,113,117,121,123,123,123,122,120,112,111,105,111,110,97,79,65,128,128
95,97,95,70,72,91,71,94,103,109,115,124,121,121,121,119,116,120,108,108,106,103,100,68,127,130
78,71,67,67,48,39,44,60,69,106,105,123,123,125,123,119,116,119,116,119,112,104,105,92,127,128
38,43,47,44,39,41,39,57,71,84,112,109,118,121,110,116,120,117,117,116,110,106,105,102,129,127
39,32,30,32,41,42,39,61,52,53,70,107,99,113,112,118,118,115,115,107,105,110,104,102,131,127
14,26,27,36,39,49,72,57,67,61,84,97,99,100,110,106,108,108,114,107,106,112,106,108,130,128
31,29,33,43,46,37,55,73,93,103,101,85,74,103,95,109,103,100,104,106,110,110,102,107,122,128
