130,128,0,14,18,32,27,56,55,64,68,48,62,88,94,94,69,52,62,71,67,65,63,43,44,47
129,127,4,7,24,45,33,62,53,70,69,63,88,73,93,78,73,48,78,66,56,57,52,47,47,47
129,127,4,9,33,53,34,58,73,83,98,99,78,81,65,72,67,64,69,57,62,67,52,69,53,50
125,128,3,16,40,57,42,59,87,95,99,99,93,94,78,69,68,76,57,51,41,47,42,46,40,38
128,131,4,23,52,62,45,46,75,91,99,97,93,105,87,85,69,54,51,56,47,46,31,46,36,31
129,128,9,32,60,71,54,55,87,79,83,99,96,94,53,66,67,50,56,40,36,35,23,22,21,17
127,126,13,47,54,77,49,65,97,98,85,73,73,80,63,60,47,46,43,34,26,15,22,8,7,7
129,128,18,71,63,87,42,62,93,94,88,92,90,48,49,44,49,42,35,31,14,6,10,13,16,14
128,126,29,86,83,85,53,72,77,77,72,74,76,52,50,36,35,25,21,6,4,22,23,27,18,14
127,126,42,79,78,51,53,78,86,83,82,70,49,56,39,43,30,16,10,18,36,20,23,8,5,4
127,129,57,77,54,49,91,84,81,76,79,57,46,40,36,33,13,8,19,20,20,10,5,3,5,18
131,125,49,62,61,76,87,79,67,66,54,59,47,38,31,20,13,26,19,10,8,7,0,22,68,99
129,123,74,87,82,71,63,91,77,65,47,54,48,39,30,19,24,11,19,7,6,8,34,85,107,126
128,131,93,85,90,88,78,94,85,60,53,41,41,35,25,21,18,15,9,5,7,30,94,111,115,133
129,129,87,97,93,89,81,93,74,59,57,40,37,32,25,22,13,16,7,13,17,81,111,123,123,124
128,131,73,98,88,95,79,73,67,68,52,47,31,28,30,23,19,9,21,28,23,78,113,130,134,127
127,125,69,95,80,70,71,94,68,68,50,43,28,26,29,23,22,31,30,30,16,25,106,106,120,138
127,133,77,71,81,76,73,67,73,60,58,41,37,34,30,27,36,29,37,31,22,17,56,110,123,125
125,134,71,65,73,73,84,76,66,61,60,50,36,39,39,27,35,37,34,42,27,27,29,47,104,111
126,125,69,79,88,92,84,75,78,69,64,55,43,36,33,42,46,40,35,38,30,22,17,22,39,78
132,128,84,69,79,82,84,72,67,75,57,51,54,49,50,45,48,39,37,42,46,39,31,27,19,19
126,124,67,71,72,91,86,72,70,63,51,55,63,56,51,56,48,42,40,46,50,47,37,32,22,24
131,126,81,80,80,60,81,83,84,63,68,59,54,55,44,60,49,50,46,52,44,45,36,36,32,33
129,128,66,84,80,74,84,86,83,79,68,62,55,50,53,47,50,56,53,58,44,49,43,47,32,36
123,129,83,82,86,73,79,76,82,81,58,69,68,44,49,48,53,59,58,57,45,45,41,43,38,44
132,123,69,75,87,88,85,93,85,84,80,59,58,54,36,55,56,60,61,55,50,45,42,38,31,34
127,128,82,79,90,88,76,82,80,65,74,67,57,61,51,52,59,71,53,55,40,43,37,40,41,47
128,131,64,102,95,104,91,86,83,65,72,68,63,60,58,61,77,61,57,52,52,37,48,41,50,40
127,125,76,96,73,102,85,82,87,78,75,62,59,63,71,67,66,69,65,73,54,48,45,49,41,37
125,137,99,104,94,88,98,77,72,78,75,73,66,68,70,57,60,79,72,72,76,73,52,48,46,49
