248,255,248,171,49,46,37,44,55,41,76,86,96,132,153,165,142,118,142,192,198,190,201,209,220,206
254,244,254,185,42,45,45,51,52,62,65,72,107,82,127,95,150,142,154,185,188,177,192,203,204,209
223,243,243,183,54,45,50,43,61,49,69,67,85,75,132,161,140,183,177,189,188,186,198,203,205,224
198,222,241,128,62,62,57,60,50,62,65,68,75,98,88,130,155,141,156,181,181,182,186,197,207,209
141,190,215,127,76,73,61,76,71,72,63,76,68,77,91,121,142,123,151,157,168,181,178,184,191,200
127,197,148,103,91,80,89,81,87,91,82,82,84,94,101,109,109,114,137,127,164,188,187,196,182,195
123,174,140,103,102,105,103,88,113,105,95,87,82,104,93,102,91,98,153,153,155,181,181,206,198,202
151,169,143,101,122,114,105,119,137,109,113,103,112,97,102,113,144,137,151,165,154,165,174,196,188,194
156,147,182,180,154,142,174,137,172,154,120,138,118,100,103,118,119,107,131,176,130,161,173,196,185,180
190,184,188,178,181,188,184,173,151,161,140,151,108,131,125,121,89,103,130,176,168,166,185,193,192,203
197,191,196,185,180,193,168,187,190,185,179,168,145,137,131,102,115,132,104,163,166,191,192,188,188,193
193,203,199,191,193,180,187,197,196,197,191,187,153,175,166,161,131,136,141,152,176,173,193,190,192,201
191,190,204,195,198,197,190,203,190,195,204,191,175,185,184,149,130,154,160,176,175,188,189,183,189,199
207,203,199,207,206,203,205,202,205,205,201,193,181,200,182,191,172,172,167,174,169,183,198,195,196,204
201,213,208,197,203,198,200,208,203,210,208,206,206,204,195,201,179,159,173,175,177,184,189,179,198,188
200,210,214,218,211,214,195,195,197,205,211,203,208,198,197,194,183,167,171,159,174,177,170,189,202,200
213,215,215,207,202,211,195,199,205,202,206,206,217,207,201,189,183,175,183,178,183,178,194,182,186,197
209,205,211,208,210,195,198,191,183,201,199,202,205,205,200,196,183,173,173,182,184,177,166,192,196,199
208,204,211,194,206,199,196,191,188,190,186,197,200,196,194,195,193,187,168,174,171,190,194,170,202,199
207,202,207,190,190,207,199,196,196,181,177,188,196,183,195,189,197,187,182,188,152,178,182,178,190,192
213,205,207,215,203,201,203,181,168,181,180,175,170,165,194,190,190,168,183,140,155,173,174,178,176,185
214,206,220,194,210,200,194,183,182,181,178,177,165,165,182,184,188,182,175,184,166,187,173,164,189,188
212,216,218,212,203,200,187,190,188,136,165,140,152,148,148,162,204,181,183,167,159,190,158,168,181,178
219,230,221,215,218,199,208,164,162,160,130,140,115,105,119,118,163,160,182,173,157,162,156,136,157,174
203,217,202,214,195,205,184,166,161,156,123,110,103,81,98,96,85,124,116,121,120,126,155,147,151,163
80,110,181,179,186,169,189,184,154,112,80,83,66,63,70,71,86,93,99,100,105,104,151,129,124,132
27,35,47,68,93,137,119,134,132,93,69,47,66,76,61,54,51,70,100,95,119,99,143,170,99,132
18,12,16,21,31,51,55,69,47,49,45,37,43,38,31,39,42,53,66,68,93,112,119,137,114,108
15,13,14,12,9,13,13,20,31,29,29,24,20,27,35,25,29,41,40,57,80,87,123,93,103,143
11,12,13,9,16,11,8,8,10,11,6,9,11,7,16,15,21,35,37,53,60,76,80,117,107,126
