90,99,99,126,123,150,166,163,158,175,196,193,215,232,226,217,221,227,209,191,193,206,194,199,204,176
101,97,102,128,144,148,166,150,162,176,194,217,221,229,230,216,236,233,228,202,215,209,208,215,185,178
97,90,111,130,152,166,178,186,174,147,207,219,229,239,232,234,233,237,230,213,221,210,205,188,188,193
94,98,121,142,157,172,175,177,180,193,204,235,233,238,241,233,238,234,247,238,234,225,202,199,187,200
119,126,133,136,168,171,171,180,182,194,205,218,234,242,242,231,238,230,244,250,247,231,205,200,202,212
101,96,138,155,171,181,177,174,178,190,207,231,249,244,241,245,231,239,242,237,244,242,238,201,202,212
120,116,150,153,179,176,178,174,177,192,210,213,242,240,244,237,244,239,236,233,230,239,243,207,205,210
113,125,145,155,178,170,159,161,188,194,206,227,229,240,239,241,236,235,217,223,213,240,240,227,218,222
107,125,136,153,186,165,169,180,184,182,203,220,218,223,233,247,234,240,237,236,224,234,234,245,237,234
117,127,128,133,149,168,174,172,187,197,206,217,229,229,235,235,238,229,235,229,227,225,235,241,244,242
122,133,141,147,149,167,174,170,175,202,212,204,214,229,215,227,229,225,225,229,215,237,237,232,243,251
116,140,145,150,150,161,169,185,193,201,202,211,216,222,224,230,232,216,237,227,228,242,207,232,247,245
135,130,152,178,183,170,162,185,197,189,218,213,229,230,225,227,233,223,216,227,231,229,244,243,247,247
114,131,143,163,174,193,168,199,202,208,218,226,226,233,234,237,239,224,211,217,234,234,246,245,245,247
137,137,156,177,186,172,200,180,205,213,226,221,223,234,240,243,246,237,229,234,238,241,248,249,245,249
148,169,177,185,173,199,203,191,199,209,216,231,229,240,244,244,246,241,236,240,240,245,248,251,245,250
161,185,185,187,187,202,199,190,219,218,225,224,237,246,251,252,253,247,239,237,238,243,243,249,245,249
182,190,193,198,210,211,209,217,216,239,237,245,243,250,254,255,255,255,248,244,239,240,238,245,245,247
181,207,205,207,212,228,194,213,226,238,233,241,249,252,253,254,253,251,248,245,242,237,233,237,244,242
201,201,213,218,222,221,231,230,236,241,237,241,248,251,255,255,255,255,253,251,242,233,227,230,239,235
207,210,213,220,223,228,227,236,233,242,248,249,250,252,255,255,251,255,255,250,242,235,224,215,219,231
209,218,237,227,228,233,230,238,236,244,250,251,249,254,255,255,255,255,254,253,241,234,226,210,212,217
224,230,222,233,233,236,232,237,237,244,250,251,252,255,253,252,255,255,252,255,251,243,238,216,212,206
233,229,227,228,236,238,232,234,238,243,249,251,254,254,254,253,254,254,253,253,255,252,246,231,220,210
220,221,230,235,236,237,231,231,239,242,249,250,251,251,255,255,250,251,253,246,250,250,246,244,231,225
186,211,234,232,230,232,226,225,238,240,247,248,251,247,246,243,236,237,243,242,246,251,248,255,244,242
178,189,212,228,224,226,221,221,237,239,245,246,249,245,233,226,224,218,220,236,245,251,252,255,251,252
147,153,190,215,221,224,220,220,239,240,246,247,243,245,229,223,227,207,199,225,239,246,251,252,252,254
139,159,195,210,214,222,209,224,217,233,239,245,242,242,248,230,202,194,174,201,208,237,241,253,254,252
82,151,197,197,206,210,205,208,224,235,234,241,239,243,247,169,51,25,29,59,130,201,219,229,246,254
