30,20,21,25,43,86,137,149,142,148,130,164,174,208,198,160,67,46,17,2,6,0,5,24,38,77
39,32,27,20,24,59,102,121,140,110,112,128,174,186,175,152,121,50,44,25,6,0,20,19,34,54
47,36,33,28,25,25,53,73,77,93,108,129,150,171,163,148,116,116,68,23,22,23,25,31,39,80
73,61,50,43,32,34,48,54,96,87,84,110,118,159,171,183,184,168,118,54,36,31,39,41,67,85
74,73,70,58,61,61,47,67,71,74,71,86,102,124,157,161,177,179,155,138,94,94,81,81,85,99
71,67,71,72,65,81,80,78,59,75,72,78,74,77,95,130,130,189,187,168,163,140,112,109,112,90
79,71,73,74,69,77,90,91,79,79,81,87,78,89,98,103,156,194,197,178,160,145,111,100,121,128
112,83,80,87,77,71,87,91,96,94,91,97,80,91,85,102,133,202,200,200,199,170,181,157,151,184
120,110,92,88,93,96,110,93,97,101,97,91,78,87,81,96,143,165,203,185,207,208,205,206,199,197
93,106,105,97,93,89,74,93,93,110,93,93,80,73,95,96,122,156,187,214,220,220,221,228,220,208
102,101,104,88,96,94,90,91,98,82,88,88,92,74,84,88,110,164,180,210,217,232,225,214,230,220
104,102,100,107,96,90,95,77,108,81,94,77,81,82,110,85,106,135,165,188,215,196,228,218,217,226
90,86,78,100,85,83,84,88,86,79,73,91,86,110,100,96,111,119,169,174,203,207,214,225,230,219
104,96,98,102,88,85,99,80,94,101,96,109,102,106,114,101,114,123,145,171,198,210,215,212,215,223
108,115,113,87,90,105,93,79,91,103,97,94,85,101,100,109,103,122,120,170,189,195,202,208,216,217
121,96,109,91,91,92,100,112,90,111,93,102,103,96,88,96,87,102,129,168,190,200,209,204,205,224
111,103,107,102,90,105,104,106,101,106,107,102,103,120,96,101,113,109,134,154,181,198,213,212,214,227
112,120,123,122,93,115,99,119,121,132,121,94,111,94,97,92,88,95,107,135,194,212,215,216,224,223
107,118,106,119,139,122,138,142,135,133,145,139,137,132,108,107,97,108,133,148,189,213,219,226,236,235
128,119,127,134,134,129,123,149,119,131,138,164,139,138,107,111,121,135,127,144,186,200,219,235,233,237
119,114,97,115,113,107,82,94,102,116,136,155,166,150,124,151,149,146,143,148,121,131,159,193,196,204
95,97,93,93,72,60,72,72,58,73,85,110,144,163,160,134,127,141,115,126,98,88,69,72,84,112
71,66,63,50,43,50,54,50,45,46,54,60,83,88,98,95,87,87,66,67,63,59,54,50,49,53
54,45,46,38,34,36,38,37,37,39,41,42,51,51,55,49,49,50,45,49,48,42,44,45,45,37
39,29,35,33,32,33,33,34,37,39,39,37,38,38,43,39,46,40,41,42,45,45,45,38,40,37
31,28,32,33,31,33,34,34,36,38,40,40,41,39,36,37,44,39,41,41,53,48,43,42,36,33
28,34,30,30,34,34,33,31,32,34,37,38,44,44,38,46,49,49,46,46,42,51,50,51,37,42
34,46,37,37,44,41,37,34,34,35,35,34,33,36,34,42,42,47,40,43,47,60,67,76,65,68
47,58,54,60,59,60,58,54,49,47,46,45,48,48,51,48,51,62,66,77,86,89,113,146,161,160
55,63,68,81,80,86,90,85,74,68,69,72,69,73,89,82,92,103,110,124,141,163,190,193,217,230
