215,223,204,220,217,203,184,219,229,225,229,238,221,224,240,165,49,51,21,126,128,128,127,128,128,128
206,228,232,223,225,227,207,211,204,216,214,229,214,240,227,222,210,107,12,16,131,120,133,128,128,128
217,214,229,216,201,222,222,211,211,197,218,234,232,224,217,235,219,194,57,6,132,131,125,126,128,128
203,212,220,228,217,227,216,219,218,209,219,195,216,200,227,231,232,215,107,16,121,131,125,131,128,128
220,217,213,225,212,223,227,213,223,219,226,218,201,211,239,224,209,194,136,60,135,127,131,128,128,128
191,218,221,224,225,207,220,234,216,223,223,232,223,231,203,212,204,195,168,60,12,125,125,132,128,128
227,219,219,232,238,220,222,218,235,225,232,221,223,244,223,223,213,167,169,148,28,130,132,122,128,128
214,211,211,224,228,229,225,232,238,223,236,229,235,236,224,231,223,209,188,154,52,131,122,133,128,128
225,227,226,216,221,230,230,241,224,231,235,227,231,236,225,223,225,221,200,168,94,130,123,129,128,128
225,227,230,226,229,238,234,224,237,234,232,229,235,239,233,231,223,215,194,189,110,29,135,127,128,128
224,226,230,231,226,231,236,223,236,232,232,238,238,234,233,229,227,219,219,194,109,78,127,126,128,128
231,231,230,237,234,230,240,239,240,238,234,236,227,222,234,236,229,235,208,213,145,79,129,130,128,128
234,236,229,238,245,240,241,242,234,242,246,248,237,229,236,231,237,217,221,186,131,72,128,124,128,128
232,242,238,235,242,242,241,242,243,246,245,241,237,237,241,236,231,222,215,197,178,105,125,131,128,128
237,245,249,240,237,241,244,247,242,244,246,243,245,245,236,231,232,215,202,201,160,93,130,126,128,128
241,235,245,244,237,241,240,240,249,248,248,243,245,246,234,237,237,225,220,199,151,116,57,129,128,128
237,247,239,245,236,245,238,249,245,248,244,244,248,243,252,237,236,223,221,207,176,148,58,125,128,128
243,241,238,239,242,230,236,240,245,245,242,249,244,250,250,241,232,221,216,215,169,114,56,130,128,128
236,229,238,227,216,226,228,220,240,236,249,248,249,241,244,243,243,229,221,182,193,145,66,126,128,128
227,230,220,176,200,196,200,186,216,228,230,245,255,251,245,248,237,241,234,220,186,134,55,132,128,128
165,153,152,173,143,117,150,178,196,215,220,238,238,254,244,241,249,235,228,221,204,170,66,128,128,128
118,66,77,92,113,92,65,61,100,161,216,233,251,239,254,241,243,234,236,234,211,172,104,41,128,128
130,110,116,61,54,96,70,67,98,92,177,231,179,250,238,247,247,244,235,229,200,188,115,49,128,128
53,71,68,37,76,87,89,122,114,89,117,162,229,214,244,226,244,239,231,220,212,198,120,39,128,128
29,36,29,49,54,82,117,128,131,140,145,121,126,203,227,219,217,222,228,238,221,188,150,57,128,129
43,32,48,53,66,62,50,90,146,226,215,225,135,179,194,178,187,213,202,215,205,185,116,73,129,124
40,54,71,105,98,147,166,145,120,160,167,203,210,223,172,182,158,204,155,137,180,175,171,68,135,128
50,100,112,99,91,109,152,166,162,199,178,191,174,212,164,171,191,196,205,172,126,132,133,56,120,125
87,67,78,133,157,139,161,150,162,205,210,234,233,218,201,202,185,207,184,185,150,140,106,78,135,130
82,71,56,74,70,77,107,115,122,134,202,175,205,205,222,232,204,213,221,227,205,156,96,90,120,133
