60,67,104,139,142,163,192,215,227,235,240,239,242,243,242,240,239,241,244,245,245,246,249,251,251,128
90,81,135,165,170,196,217,218,233,236,241,239,243,242,243,238,239,242,244,244,244,247,250,251,251,128
120,116,144,170,172,208,215,225,236,236,242,241,245,244,245,239,239,242,243,244,245,248,250,251,251,128
113,137,173,184,211,213,212,231,237,236,243,243,248,247,249,241,239,242,244,244,246,249,251,250,251,128
142,148,189,196,212,212,217,229,238,246,244,243,243,242,245,244,241,242,244,246,248,250,253,254,251,128
156,171,163,190,201,219,217,235,237,242,241,243,243,238,239,239,240,242,245,248,250,251,252,253,255,127
156,157,179,186,208,209,219,225,232,235,233,239,242,236,237,240,240,243,247,250,251,252,251,251,248,125
137,171,169,196,192,200,210,235,228,232,230,234,236,234,239,242,242,245,249,251,252,252,252,252,255,129
137,130,176,175,174,189,210,225,224,231,229,230,231,232,238,240,246,248,250,252,253,253,253,253,247,127
142,144,162,172,193,202,212,217,216,225,225,227,231,234,239,239,249,250,252,253,253,254,254,255,255,124
159,151,162,171,183,204,204,212,213,218,218,224,233,237,242,243,250,251,253,254,254,254,254,254,251,128
166,186,179,184,196,198,203,221,218,217,213,222,234,237,243,245,250,251,253,255,254,254,254,254,130,128
196,196,200,208,207,209,202,209,219,214,221,230,232,240,248,246,252,252,253,253,254,254,254,254,127,127
201,193,196,206,205,215,213,213,218,215,221,231,235,241,249,251,252,252,253,254,254,254,254,254,127,127
212,208,216,219,205,214,219,221,218,218,223,231,237,240,245,251,252,253,253,254,254,254,254,254,127,127
216,212,213,216,211,222,220,217,225,229,232,236,241,243,246,251,252,253,253,254,254,254,254,254,127,127
224,226,220,218,222,230,220,223,226,232,234,234,239,244,246,248,252,252,253,254,254,254,254,254,127,127
221,230,224,218,218,221,213,224,224,228,232,233,237,244,248,248,252,252,253,253,254,254,254,254,127,127
227,228,223,224,228,234,224,229,232,229,233,239,241,246,252,252,251,252,252,253,253,254,254,254,127,127
226,229,235,236,226,227,222,227,237,226,230,240,239,240,247,249,251,252,252,253,253,253,253,253,127,127
225,224,237,230,233,231,231,237,233,232,234,237,241,245,249,253,251,253,253,252,255,255,250,125,127,127
223,225,232,234,236,228,233,236,236,237,237,237,239,241,245,247,253,248,252,253,252,255,255,132,127,127
228,230,228,233,234,225,234,234,235,238,239,238,238,242,245,247,248,253,255,249,255,247,255,121,127,127
225,227,225,230,232,229,231,227,232,238,241,239,239,244,249,250,253,246,254,255,254,255,245,134,127,127
219,220,226,229,234,240,229,223,233,239,242,240,239,244,248,249,252,255,255,245,253,248,253,126,127,127
229,226,230,229,233,243,231,229,234,239,242,241,241,244,247,249,251,249,255,255,253,253,247,127,127,127
236,232,227,231,231,237,234,236,236,239,241,242,243,244,248,250,254,254,245,254,251,255,122,130,127,127
224,225,220,236,235,232,234,237,240,241,243,245,244,244,246,249,250,248,247,255,250,248,132,126,127,127
220,230,226,230,231,231,232,239,240,241,240,245,243,246,245,248,250,253,252,251,253,250,125,128,127,127
224,219,228,226,226,230,231,233,239,240,239,245,242,245,244,247,247,250,249,248,251,251,128,130,127,127
