34,38,37,36,32,33,26,34,26,27,19,31,18,20,16,27,21,18,21,19,15,12,11,13,19,29
40,33,34,35,35,29,24,28,26,28,28,27,23,22,22,26,18,28,18,19,15,11,13,18,26,35
30,33,34,31,29,28,29,30,29,27,25,29,24,24,23,21,27,25,26,19,14,22,28,33,40,38
24,31,31,32,33,31,30,29,26,23,27,30,25,24,22,20,25,22,24,21,20,28,31,31,36,34
28,31,30,35,37,33,30,29,27,24,28,29,24,23,22,20,22,19,28,26,24,28,27,26,32,32
34,32,31,35,35,30,28,30,30,28,26,25,21,20,20,21,21,19,26,25,23,26,24,23,30,31
34,32,32,33,31,27,26,29,29,26,25,22,19,16,17,20,19,18,16,17,18,24,24,22,26,23
39,34,33,32,29,27,27,27,24,21,23,19,17,13,13,16,13,13,13,13,11,14,13,12,15,11
42,37,33,30,27,27,26,23,19,17,18,15,16,10,9,12,7,8,11,10,6,7,4,4,9,6
36,37,30,25,22,22,21,17,14,14,14,11,15,9,8,11,4,5,2,5,6,9,7,7,11,9
52,24,31,28,25,21,18,16,15,15,15,13,11,9,5,3,4,6,6,9,10,10,9,10,11,11
33,30,25,23,20,17,15,14,13,11,11,10,2,5,4,8,11,6,8,8,6,4,4,6,7,7
33,30,21,19,17,15,15,14,12,10,7,7,0,9,5,9,10,6,6,4,1,0,1,3,4,3
25,24,19,17,15,15,15,14,11,9,5,4,6,14,6,7,1,4,0,1,1,0,2,4,3,2
27,21,17,15,14,13,13,12,9,6,6,5,11,8,6,13,0,3,0,1,3,3,3,4,4,4
26,23,15,14,13,12,11,9,7,5,8,7,9,2,15,21,3,3,3,5,5,3,2,4,6,7
28,24,14,14,14,12,10,8,7,7,8,8,8,18,43,21,3,5,7,7,5,2,2,4,7,7
34,18,12,13,13,11,8,6,6,6,6,8,9,43,71,15,0,6,7,6,4,2,3,6,7,6
33,27,16,17,16,12,8,8,8,7,3,12,32,63,81,30,5,2,6,6,3,1,1,4,5,4
41,25,21,16,13,12,11,9,7,8,17,22,45,79,88,47,7,4,4,6,5,0,0,0,1,1
50,44,27,21,17,16,11,4,3,6,16,23,48,85,90,71,18,2,0,4,5,2,1,3,4,3
45,36,26,25,24,20,11,4,6,13,16,26,42,66,74,77,35,4,2,0,0,1,3,3,2,2
52,40,34,35,31,22,11,6,7,10,14,22,24,35,47,59,53,29,5,1,2,6,5,0,0,4
70,58,41,38,29,19,13,9,6,3,4,8,8,14,23,26,41,36,27,16,6,1,0,2,23,47
74,53,39,32,24,19,17,15,13,11,7,7,10,11,12,6,12,16,15,15,17,18,17,20,31,44
73,65,47,39,31,26,20,13,11,14,12,9,14,12,14,16,10,15,13,13,13,12,13,16,19,21
87,54,51,51,32,29,24,10,13,8,8,11,12,10,11,14,17,16,20,17,13,12,14,17,20,21
85,54,53,53,37,35,21,20,11,13,12,12,11,9,9,11,11,11,13,12,12,12,15,19,22,23
98,77,62,59,55,40,32,26,18,18,19,16,13,12,12,11,11,11,12,13,14,15,16,18,20,22
91,71,61,65,61,47,39,32,26,22,22,16,13,13,14,13,12,13,15,16,18,19,19,20,22,23
