129,125,180,189,178,162,144,169,149,133,122,114,134,132,141,134,107,110,97,94,85,83,89,84,84,75
121,131,193,194,179,169,161,143,141,138,135,139,139,138,147,145,136,128,115,106,90,100,93,86,107,82
130,127,180,167,200,175,162,144,155,139,138,125,153,159,162,148,153,140,131,123,107,107,88,88,82,85
126,125,195,194,185,183,167,174,155,140,144,155,157,152,138,167,158,159,152,145,137,133,119,121,113,97
125,125,186,189,179,177,178,141,163,152,166,155,142,154,164,156,170,148,150,156,153,153,126,141,144,107
128,129,196,187,175,186,174,166,171,163,176,164,161,165,169,164,168,161,165,160,155,156,147,135,127,122
132,121,204,187,198,184,178,193,184,173,180,165,165,162,183,151,166,168,170,156,166,138,150,148,146,124
125,128,193,177,187,187,181,175,176,184,175,172,173,176,177,168,165,172,162,166,137,154,165,158,134,119
127,127,212,178,191,175,202,192,182,164,200,184,180,178,172,174,165,163,160,165,162,161,156,165,126,147
133,120,194,200,193,186,199,207,184,197,196,179,192,176,180,166,169,166,164,155,125,158,157,151,137,103
124,132,198,208,193,183,205,209,201,203,203,193,176,215,186,187,167,161,168,160,149,147,139,139,127,115
129,122,130,189,197,203,210,192,205,215,205,202,202,190,197,199,192,170,157,166,152,165,157,150,138,154
124,131,125,204,203,201,205,190,211,195,210,210,209,198,206,198,189,186,186,175,155,162,162,162,165,165
130,131,124,202,188,209,188,204,198,209,208,207,195,206,210,191,189,185,188,169,155,167,160,151,167,162
126,127,124,191,196,208,180,205,211,197,209,209,210,204,201,207,183,182,194,180,166,168,173,181,156,161
132,123,133,208,200,204,211,202,197,210,207,197,208,209,221,202,210,196,193,193,196,186,178,164,165,173
120,134,124,196,195,197,204,204,216,208,205,210,206,212,196,208,191,202,198,195,193,185,196,183,176,170
130,127,128,185,198,200,202,194,200,205,196,208,210,208,209,208,202,208,193,194,195,185,192,178,171,174
127,123,126,174,204,196,186,184,198,199,209,201,202,199,194,191,203,204,198,204,203,193,181,172,180,168
129,124,129,197,189,191,192,189,184,198,202,213,201,207,202,201,200,207,208,196,186,193,182,184,188,179
131,124,128,125,198,180,166,193,189,200,205,198,201,201,208,207,205,204,184,185,169,185,184,184,181,192
126,125,127,131,188,195,192,197,196,200,184,198,202,199,201,196,203,187,194,192,204,195,190,184,180,180
126,129,129,125,209,183,183,188,195,193,186,192,201,198,200,202,199,193,187,203,200,195,185,184,191,184
125,129,123,126,186,188,200,187,194,191,197,183,186,195,183,197,199,201,191,195,196,196,195,191,196,185
129,131,122,128,171,180,189,176,185,183,184,177,178,195,171,185,182,179,188,182,193,209,193,194,197,205
124,127,127,132,179,186,183,190,176,177,181,175,194,185,182,187,177,195,183,198,205,197,207,200,204,173
127,129,124,128,125,185,176,175,177,186,193,179,195,179,186,192,191,186,210,183,196,186,187,202,177,181
126,129,128,124,131,188,173,190,170,190,186,180,172,194,179,199,195,208,195,190,185,183,189,197,200,187
124,130,127,125,127,180,183,192,168,188,185,190,197,178,194,191,190,193,192,200,199,193,204,207,196,198
127,125,127,128,128,170,191,177,183,175,168,173,190,184,184,182,201,184,191,188,192,208,206,200,207,200
