158,201,217,225,201,170,147,108,104,106,84,103,100,125,147,148,163,196,202,190,196,214,206,216,227,217
133,179,207,204,197,173,151,149,69,128,98,128,121,135,129,142,141,177,155,192,192,200,222,221,213,241
110,147,204,198,209,188,171,145,154,141,156,136,127,122,117,154,159,157,156,189,201,202,203,209,208,222
116,158,188,205,200,192,187,174,182,168,156,157,138,150,136,159,183,177,172,187,198,197,193,211,214,213
143,191,211,204,209,196,191,194,189,188,180,151,161,115,126,144,150,174,168,187,205,208,203,210,208,215
141,177,200,202,207,207,188,197,197,193,196,202,173,166,139,134,157,151,169,179,192,203,209,215,209,221
177,198,213,217,218,210,207,218,213,204,195,178,172,174,163,170,137,164,165,156,199,205,211,209,213,225
199,213,221,220,225,212,210,209,208,201,205,182,192,175,191,161,157,169,175,193,190,200,207,211,218,219
204,209,216,218,217,216,202,209,202,203,201,204,198,196,190,189,177,181,176,180,194,215,204,216,222,217
212,207,213,211,222,211,214,210,215,212,206,195,203,197,206,187,185,191,178,181,195,205,210,215,209,224
219,214,211,216,215,218,209,222,214,213,215,221,217,212,198,218,197,197,189,196,194,205,214,222,219,222
221,207,213,211,221,211,217,216,217,207,223,212,216,211,207,208,195,201,192,183,187,204,194,213,204,214
226,214,218,218,220,223,217,223,214,211,216,216,222,206,208,209,210,200,204,201,196,196,197,208,190,224
222,221,222,217,223,223,221,216,210,208,214,218,213,214,207,205,208,203,190,198,193,200,207,208,214,205
214,220,222,215,227,222,219,205,213,209,185,214,217,209,210,210,206,210,207,202,197,198,201,209,209,204
221,197,215,217,206,219,224,218,227,209,200,209,198,200,209,210,214,211,203,202,198,187,194,206,213,203
227,210,219,222,215,222,219,221,202,186,213,209,193,198,197,193,207,206,205,197,188,195,195,202,204,211
224,233,217,221,222,221,216,226,210,212,203,196,196,196,186,180,198,205,202,204,203,199,199,198,196,193
233,231,227,235,227,229,226,219,220,215,202,188,200,173,178,182,187,177,199,199,206,185,198,185,198,197
248,236,230,227,231,230,235,229,219,208,206,192,186,194,145,148,127,174,185,188,191,186,185,172,175,187
227,222,238,224,235,221,221,229,213,207,202,186,177,136,134,133,119,121,110,145,163,170,169,175,170,172
154,167,211,216,223,218,211,215,216,201,196,178,154,119,119,110,94,100,94,114,142,132,151,137,154,161
66,79,89,111,155,187,181,186,168,180,161,145,109,100,81,91,82,86,93,92,101,123,120,140,149,150
40,45,44,50,54,76,81,95,95,101,104,91,72,76,63,63,55,63,55,61,81,96,149,139,126,110
37,32,42,36,40,25,43,46,51,47,49,50,44,44,39,46,45,48,44,59,63,79,79,98,110,133
33,38,35,37,27,32,27,30,24,28,26,31,29,23,23,32,38,39,36,49,54,70,87,98,101,115
38,42,41,47,31,44,34,26,31,33,27,22,21,19,20,18,24,30,41,35,54,60,70,66,78,72
65,71,65,75,98,68,56,45,36,22,29,25,21,18,18,18,23,26,27,44,38,51,69,76,71,94
173,194,203,196,180,127,67,68,47,42,39,42,39,35,31,33,30,28,29,35,43,50,54,60,75,93
243,233,237,225,181,179,123,79,78,59,66,66,68,76,66,51,36,36,36,31,40,49,51,57,71,76
