127,139,86,88,78,62,51,56,44,24,26,29,18,16,10,9,6,8,10,8,13,14,20,15,32,23
112,95,119,77,96,67,49,34,34,29,35,33,23,24,18,20,20,28,22,16,15,21,24,19,31,40
111,108,126,92,76,73,73,42,37,31,30,28,26,32,24,26,30,34,34,34,36,39,32,31,29,28
106,92,92,89,79,63,49,40,36,37,35,36,35,38,33,42,51,40,43,48,55,52,46,48,38,34
113,105,129,91,72,61,43,51,32,37,37,42,43,47,32,46,55,50,44,55,55,58,48,58,65,47
98,95,75,75,72,54,40,51,36,47,53,54,47,51,45,45,40,55,44,64,49,60,61,53,72,77
87,104,105,80,66,65,60,57,54,45,47,47,41,43,68,57,48,59,52,67,49,59,61,79,54,77
83,65,87,81,92,70,45,44,73,56,58,60,51,47,58,54,63,59,57,59,53,61,59,65,62,54
53,122,61,79,76,49,54,54,45,56,49,72,56,59,64,51,62,59,73,73,53,49,61,50,64,69
51,75,69,53,68,69,51,72,65,50,62,55,54,52,49,43,68,105,61,86,58,48,57,68,58,62
81,63,87,97,77,76,58,69,65,47,70,47,33,38,58,63,80,79,73,66,53,62,50,62,77,46
66,96,59,69,76,77,78,56,48,69,50,80,68,75,73,52,46,81,70,64,57,70,49,50,54,33
69,66,50,57,76,85,83,78,80,76,78,76,77,68,69,47,56,61,71,70,94,54,53,53,54,56
71,75,48,71,77,79,85,74,86,75,73,94,56,83,64,53,57,63,66,54,68,65,49,40,53,47
73,84,80,80,77,75,90,71,74,102,82,79,96,70,54,46,69,63,47,55,57,51,43,49,61,48
71,60,76,78,70,98,91,74,74,79,68,80,94,78,84,55,83,54,55,74,65,46,67,46,47,50
52,58,70,82,73,101,78,97,98,92,88,88,73,74,67,76,74,71,83,74,79,51,52,57,65,38
57,57,71,88,90,72,94,96,91,88,78,96,74,59,41,86,73,85,70,88,65,69,63,54,56,59
54,45,82,63,77,93,85,97,109,90,82,86,89,101,65,70,87,79,67,65,67,62,75,57,63,44
34,64,45,49,76,55,81,70,90,92,79,73,86,80,103,70,78,75,66,70,66,78,85,67,63,70
38,33,23,45,46,74,61,74,75,88,79,70,78,94,86,106,77,95,86,99,52,89,75,66,65,78
21,28,48,34,45,65,74,86,59,105,66,99,80,88,71,95,106,114,67,104,73,75,75,71,79,60
14,33,29,39,29,36,39,52,63,69,92,90,82,97,60,109,85,93,73,86,108,91,89,87,88,88
42,21,22,35,33,37,36,49,66,73,76,88,83,131,89,63,114,76,94,105,111,98,78,85,90,93
128,33,20,25,25,29,42,48,59,65,61,117,72,84,101,90,78,104,121,101,74,119,86,106,98,97
129,125,28,20,20,29,29,30,41,57,63,60,60,83,65,67,107,107,95,121,94,101,114,93,103,105
123,130,47,61,25,17,32,30,22,48,64,52,59,70,87,67,67,98,89,104,81,92,110,115,125,91
132,129,122,34,43,19,26,31,27,37,48,48,48,60,58,57,65,110,86,111,105,129,100,109,115,142
129,128,128,134,40,36,31,31,30,24,38,32,35,51,42,81,57,88,98,108,107,102,98,97,101,127
126,126,133,122,130,35,45,49,18,21,31,38,35,38,58,42,64,66,70,84,92,96,78,106,118,69
