128,127,127,129,129,115,104,94,135,121,130,134,119,124,127,133,133,145,141,161,139,144,119,132,150,133
127,129,131,129,126,114,123,106,117,90,120,125,137,129,133,134,140,132,132,154,163,134,157,129,156,121
129,128,127,128,124,127,112,129,139,128,138,127,117,127,131,124,145,138,147,163,147,139,157,126,133,112
128,126,128,130,129,132,128,127,136,77,105,127,155,106,122,136,138,138,130,147,146,121,162,154,133,140
130,127,130,128,127,123,139,111,140,105,137,111,110,116,108,116,115,131,142,136,153,148,140,138,147,122
129,126,127,128,125,132,124,129,147,102,104,111,116,112,117,124,134,133,128,134,147,144,119,144,131,112
128,128,127,128,130,131,128,124,116,126,104,108,146,139,116,114,127,124,155,122,151,140,144,120,149,143
130,129,128,127,127,127,124,120,111,122,111,112,132,136,124,121,134,129,148,153,132,139,137,127,145,154
129,129,128,128,128,128,127,125,123,117,126,84,107,134,112,137,121,142,132,136,147,140,113,136,150,169
127,128,128,129,129,130,131,131,142,112,119,102,109,113,121,130,120,133,139,116,137,111,124,143,149,163
128,129,129,128,128,127,128,129,134,134,107,97,94,113,117,127,142,138,145,139,135,121,143,141,111,165
129,128,128,128,128,127,127,128,107,100,121,95,100,112,128,112,147,139,138,134,151,125,139,130,144,161
128,127,127,129,130,129,129,130,134,122,102,117,94,102,97,120,137,151,132,159,119,132,136,138,141,148
129,127,127,129,130,128,127,128,127,89,105,96,92,122,111,142,108,135,139,146,122,116,125,106,131,157
128,128,128,128,128,128,128,128,128,110,69,89,104,100,108,127,145,126,126,135,120,135,130,142,126,137
128,128,128,128,128,128,128,128,130,100,113,87,102,98,79,103,117,160,121,132,105,107,111,141,128,140
128,128,128,128,128,128,128,128,126,102,102,115,91,116,114,106,105,125,133,132,100,119,127,130,128,112
128,128,128,128,128,128,128,128,126,133,101,104,87,74,98,91,132,101,121,128,138,112,140,139,137,122
128,128,128,128,128,128,128,128,129,124,99,96,106,109,99,114,92,93,105,138,121,126,130,124,105,130
128,128,128,128,128,128,128,128,124,131,101,95,103,75,102,97,88,122,110,137,120,126,114,141,125,119
128,128,128,128,128,128,128,128,129,132,109,95,98,110,100,115,94,132,132,125,125,98,127,100,132,117
128,128,128,128,128,128,128,128,130,122,126,95,87,86,114,93,83,111,108,115,113,116,108,126,135,128
128,128,128,128,128,128,128,128,131,123,130,92,108,111,117,106,94,100,99,102,125,117,104,112,123,125
128,128,128,128,128,128,128,128,130,132,121,98,111,114,99,104,104,89,98,105,117,116,112,121,127,129
128,128,128,128,128,128,128,128,125,128,137,123,107,106,97,89,113,104,117,115,117,114,101,100,122,133
128,128,128,128,128,128,128,128,130,125,127,128,95,87,82,95,92,97,101,102,119,118,112,121,101,101
128,128,128,128,128,128,128,128,127,129,130,128,77,100,99,83,102,96,87,98,131,110,124,136,110,111
128,128,128,128,128,128,128,128,128,129,128,129,125,96,85,101,110,114,75,119,107,122,122,136,102,111
128,128,128,128,128,128,128,128,130,125,131,123,130,97,94,95,104,116,98,94,101,94,116,125,108,99
128,128,128,128,128,128,128,128,127,132,122,134,128,121,92,78,70,108,104,103,109,92,102,137,100,124
