173,167,181,179,185,148,169,153,148,162,189,178,178,194,196,183,177,169,184,157,158,140,117,115,99,110
169,167,175,172,165,142,145,147,162,168,177,173,183,184,192,184,168,173,164,161,138,158,127,125,116,94
169,183,190,175,179,158,154,186,169,193,184,186,189,187,181,197,195,173,180,174,137,145,117,121,90,90
190,184,189,186,181,183,167,138,174,168,177,186,194,181,173,181,171,170,158,169,150,135,106,125,96,83
173,190,181,166,159,175,156,180,169,175,182,192,202,193,199,180,163,178,145,147,150,145,110,98,82,99
174,154,177,163,169,170,180,181,189,157,199,180,166,177,170,166,156,166,151,130,127,155,115,108,80,70
173,159,171,156,157,174,185,169,167,173,160,162,157,140,158,165,172,152,151,114,99,121,116,99,90,67
163,162,166,171,153,153,156,171,168,151,165,136,141,148,145,131,130,124,135,110,100,85,88,109,98,98
164,156,141,159,136,165,142,156,167,153,142,128,146,121,133,109,123,121,127,93,116,104,94,115,128,124
162,166,150,140,162,156,142,145,133,146,129,121,113,118,108,112,111,123,122,125,131,135,150,147,141,160
166,186,135,145,172,151,138,135,114,126,124,118,83,102,119,100,138,127,92,96,150,157,148,117,123,112
169,148,141,152,140,124,120,117,131,119,106,112,109,113,125,131,153,144,130,129,126,122,98,87,83,67
143,148,143,156,132,144,137,109,95,100,115,133,127,129,125,145,157,127,137,135,122,81,72,66,64,69
145,143,148,139,133,140,134,126,98,117,103,128,108,101,124,133,124,119,101,85,74,64,58,65,64,68
126,141,129,144,117,131,129,129,107,105,121,91,139,100,101,112,88,84,65,59,60,57,66,54,65,58
129,143,127,123,112,103,122,126,101,115,85,93,90,84,71,71,55,55,51,55,54,53,57,52,54,51
135,125,123,109,116,108,104,103,105,98,83,78,64,55,57,50,46,44,43,49,47,53,47,47,49,49
115,103,97,100,110,110,91,100,97,93,83,68,58,42,39,30,32,33,35,37,41,48,43,30,32,35
113,100,101,104,82,94,102,101,83,94,85,73,58,42,22,12,9,19,27,30,39,39,48,48,52,46
108,102,95,81,93,99,93,85,95,97,92,71,65,63,43,34,30,44,49,57,71,73,72,82,74,58
95,106,117,77,83,95,95,81,84,93,100,108,88,69,64,50,46,55,55,74,85,96,97,99,98,101
121,116,103,109,101,93,90,100,108,95,91,104,112,89,98,70,59,59,55,81,79,89,98,93,113,135
123,126,110,109,110,110,105,95,98,83,102,103,113,106,91,111,86,71,69,75,72,87,92,107,108,129
128,123,113,104,108,88,106,107,117,111,109,99,119,113,95,109,115,86,81,76,87,70,80,85,97,95
124,131,120,110,105,93,127,114,124,110,109,108,103,115,97,122,109,115,88,88,71,81,81,77,76,88
132,124,120,108,105,112,114,106,123,117,113,112,99,119,109,123,126,146,125,102,83,91,90,77,93,88
146,114,126,105,116,114,129,118,114,124,105,100,123,121,118,134,132,122,138,112,103,110,90,99,83,75
132,119,117,109,126,127,122,132,119,121,129,115,111,123,120,118,124,141,132,136,135,119,121,119,86,73
121,140,122,123,114,114,142,127,147,136,110,109,112,114,113,104,101,125,136,135,134,134,126,95,118,90
110,108,105,127,123,125,114,119,129,129,137,135,129,130,106,103,98,130,145,143,129,131,126,132,119,128
