126,133,129,123,131,128,128,127,15,23,36,48,58,71,81,83,82,87,104,93,125,119,131,132,119,139
125,129,126,130,129,126,131,2,16,20,38,55,65,71,80,95,88,87,116,114,122,136,134,157,149,137
132,128,121,134,122,128,128,5,25,25,40,58,78,86,83,94,112,132,109,117,124,135,167,169,142,154
125,128,133,125,135,129,130,10,13,30,50,59,79,99,106,123,122,102,120,134,144,134,126,118,139,138
130,131,123,133,125,123,128,18,28,39,48,53,79,105,110,117,142,121,130,152,153,141,174,153,143,156
129,127,132,128,122,134,6,22,28,49,67,82,97,110,124,136,113,142,150,151,147,138,148,139,147,137
131,123,128,128,130,132,15,18,35,52,66,90,102,105,117,120,128,154,150,148,153,148,142,165,157,163
127,133,125,129,127,127,16,30,36,56,68,90,97,102,128,132,127,129,122,124,128,138,148,140,138,163
129,128,127,131,127,127,21,25,51,75,74,94,104,124,142,151,136,145,144,148,156,167,140,151,141,144
123,130,128,129,126,14,28,39,49,74,80,122,115,109,142,125,132,142,140,148,139,142,143,139,141,156
130,130,132,124,128,22,28,48,60,77,119,115,131,131,116,143,131,124,126,134,160,156,119,131,148,171
125,125,125,130,128,27,36,51,65,94,120,121,137,123,131,125,158,149,151,140,124,139,169,159,188,134
134,129,122,135,126,31,55,50,92,107,124,136,143,143,137,153,139,150,135,116,129,138,153,155,164,156
122,126,133,128,128,42,48,65,86,140,121,136,103,120,144,128,152,129,152,148,128,137,154,142,164,173
134,126,124,126,127,48,59,82,98,126,137,147,134,142,126,164,129,148,147,148,150,159,177,147,134,140
124,132,128,134,28,35,59,94,119,133,132,139,133,132,150,128,153,141,141,134,125,151,163,126,137,153
127,127,125,131,32,51,66,95,109,133,121,132,142,141,125,138,132,140,141,108,167,132,102,108,94,92
128,128,132,129,31,63,77,102,124,132,136,139,139,165,157,129,142,132,159,113,102,96,79,86,110,82
133,122,124,124,47,72,80,123,118,136,149,130,153,162,133,128,121,131,88,77,112,85,70,74,70,54
123,131,138,126,50,80,101,128,148,148,139,146,134,145,140,124,94,74,78,60,62,49,43,56,42,39
133,123,127,126,69,112,125,140,155,134,165,157,133,130,118,97,84,62,36,34,48,42,40,17,27,25
126,131,125,58,95,118,147,128,138,148,180,139,119,122,90,48,37,37,29,35,26,22,24,28,24,23
127,125,131,55,90,135,100,144,133,167,126,153,136,91,38,38,36,29,31,36,33,26,15,28,29,25
127,134,124,93,136,145,152,143,133,124,140,125,74,43,37,44,31,23,28,22,27,23,29,25,25,29
130,126,129,121,133,140,131,150,130,127,114,80,33,41,32,42,32,31,29,24,28,19,37,28,28,34
126,135,122,130,127,130,149,131,129,102,62,35,45,39,31,38,37,35,35,39,32,38,20,34,33,34
127,126,127,137,130,150,141,95,108,61,52,36,27,44,46,48,42,40,52,63,43,37,42,47,55,49
130,128,131,139,152,163,126,133,63,32,39,37,49,28,49,38,47,45,59,74,77,70,74,60,58,83
124,128,129,148,146,145,114,84,44,33,36,32,36,51,43,47,64,77,79,81,104,116,94,108,95,103
132,125,130,153,141,138,111,49,32,38,34,27,49,48,67,64,103,122,118,114,135,129,128,142,120,106
