113,100,118,124,119,161,173,173,184,147,174,191,193,188,196,215,203,190,204,203,184,188,193,186,198,227
90,97,126,124,145,150,171,176,174,179,194,215,193,198,208,210,206,204,210,208,197,197,205,204,203,218
101,108,116,120,129,128,153,161,160,178,177,202,192,196,195,194,208,184,206,201,199,183,203,205,206,213
90,93,104,96,102,100,134,152,143,152,174,179,178,170,182,188,195,181,178,181,169,192,190,190,199,207
104,97,114,114,107,114,106,114,131,139,152,169,169,173,155,183,164,165,165,150,164,168,180,187,186,190
111,106,108,97,103,124,134,144,133,139,136,150,157,144,149,165,159,167,167,161,156,164,170,185,171,180
136,108,118,126,110,127,119,122,139,148,130,141,151,148,151,165,171,154,165,151,171,153,175,188,184,190
148,142,137,133,108,133,137,131,139,133,140,144,131,145,135,142,141,160,163,161,167,165,179,181,196,192
161,138,150,148,142,145,143,150,125,138,133,126,117,124,122,124,127,156,152,154,156,153,164,165,177,176
157,154,143,150,156,160,156,159,144,135,116,140,118,131,125,126,137,140,159,136,157,152,172,151,168,145
143,128,140,156,161,153,132,141,168,152,146,149,145,128,123,123,127,112,131,129,142,146,149,163,170,157
139,133,131,141,132,136,154,155,152,154,147,145,136,129,130,123,117,122,120,132,141,136,180,169,175,161
118,138,129,127,140,138,119,150,137,157,156,131,112,123,97,94,88,93,109,128,130,132,150,153,163,154
106,116,109,122,121,111,111,120,113,115,118,124,106,101,96,84,83,84,84,111,119,124,145,132,146,136
125,115,117,114,123,115,109,119,138,112,108,78,101,109,76,70,71,70,109,99,110,130,115,135,144,157
121,131,120,120,112,122,117,115,104,115,125,111,116,85,78,68,63,82,93,101,117,127,135,120,137,146
121,129,119,121,114,133,138,123,124,106,101,117,114,83,90,60,56,80,102,118,111,109,129,138,139,147
129,126,125,126,148,113,133,136,127,121,111,112,120,92,82,103,65,86,99,131,120,99,116,131,139,137
112,128,123,117,120,125,130,117,131,107,127,107,114,120,93,92,93,104,116,134,119,119,120,143,144,146
114,121,123,121,138,109,124,116,113,121,107,110,106,106,100,108,103,103,119,118,104,118,118,145,148,141
119,122,125,131,133,133,111,105,125,108,128,109,111,88,95,95,105,98,115,103,112,111,121,131,165,161
106,123,127,130,147,138,141,136,124,122,108,125,111,101,103,77,103,109,127,116,130,132,142,132,137,157
127,119,129,118,114,149,135,117,140,121,128,125,109,111,116,123,105,121,135,137,137,133,133,160,152,165
136,135,145,124,156,152,155,139,134,118,131,134,121,128,115,119,134,135,135,137,160,161,152,171,173,168
132,140,132,149,150,147,138,134,152,150,144,138,149,133,145,125,155,157,157,150,159,173,165,174,173,168
146,161,158,151,156,171,159,164,153,181,151,158,155,153,161,156,163,178,176,184,194,174,192,189,202,199
139,142,164,168,173,173,178,188,162,177,171,170,165,170,172,172,163,178,178,192,183,196,196,203,209,200
179,169,173,162,174,181,178,177,175,158,178,178,168,173,186,188,187,187,188,191,209,217,206,207,204,214
164,155,171,176,175,175,177,178,162,163,192,175,181,176,181,177,180,175,190,192,210,202,205,208,215,228
168,159,166,171,170,170,175,167,172,173,177,185,186,188,193,198,189,175,182,179,190,209,208,209,220,206
