226,235,247,239,217,209,210,231,233,229,239,243,250,248,243,236,234,229,225,222,218,216,213,213,217,220
214,220,236,239,245,240,243,241,248,249,246,244,252,249,244,239,241,231,233,228,219,213,212,213,217,223
208,221,213,229,247,249,249,247,247,244,245,252,249,240,250,242,237,242,239,231,218,211,213,215,216,221
192,203,228,230,227,246,245,255,247,247,251,253,249,245,251,247,244,249,245,240,227,221,225,223,219,222
186,201,210,216,226,227,238,245,251,248,253,249,250,255,250,248,247,248,249,249,240,234,234,227,220,223
145,169,215,215,214,234,235,244,241,250,244,252,245,251,254,247,234,246,248,251,245,237,234,223,216,220
144,178,209,199,219,222,221,228,231,248,246,251,244,253,251,252,249,243,245,250,246,239,234,227,223,227
135,186,178,165,200,216,220,245,241,240,241,247,248,253,253,253,252,248,247,250,248,245,243,233,224,223
136,139,134,150,205,198,226,223,215,231,238,241,248,246,248,249,249,250,248,248,247,249,250,243,232,227
124,124,125,134,184,189,214,216,221,227,231,232,246,242,248,249,248,250,251,248,246,249,252,247,239,235
139,112,129,154,155,179,168,201,201,218,213,216,234,235,245,247,245,244,252,249,249,250,249,247,243,239
151,146,158,174,172,157,197,197,214,206,208,209,219,223,233,239,242,242,244,245,248,248,246,247,248,244
198,197,190,197,204,199,188,187,200,192,205,208,207,213,220,230,238,241,233,238,243,242,239,246,251,247
219,207,208,207,211,207,206,192,192,202,185,194,191,204,208,218,226,227,230,235,239,235,231,242,250,246
138,185,217,221,220,217,209,189,202,204,197,200,197,199,201,211,217,231,231,232,226,236,229,237,233,248
104,116,146,180,216,223,223,210,207,170,190,184,198,190,203,228,234,220,230,224,215,219,232,232,240,241
87,91,92,100,131,207,211,216,210,209,189,164,186,202,196,214,220,217,216,216,227,211,221,228,233,238
86,98,80,78,86,118,140,170,194,199,192,203,204,199,202,207,205,216,206,206,198,208,219,212,222,223
93,83,87,77,68,72,84,95,125,153,206,198,191,193,187,180,203,203,209,200,203,192,209,224,224,226
91,89,85,82,65,62,63,70,81,107,141,199,164,177,198,191,175,203,197,196,187,172,197,205,230,221
82,93,94,77,71,57,66,53,60,66,86,106,122,186,161,160,164,168,191,168,172,177,207,208,217,227
76,79,72,66,63,60,50,54,49,46,59,71,88,104,113,116,147,152,143,161,175,186,199,211,221,224
64,54,51,51,47,55,42,47,42,43,53,56,67,63,67,65,96,112,102,137,151,188,186,211,200,220
36,46,38,37,37,46,38,42,34,37,38,44,41,42,46,55,76,84,104,108,128,134,153,187,204,209
82,93,69,68,78,69,51,48,37,27,23,34,28,29,26,42,58,73,86,106,112,104,140,182,204,208
142,199,192,135,170,150,129,78,84,51,34,27,20,20,26,46,57,78,94,115,98,110,144,141,187,206
208,230,226,200,202,193,195,163,142,129,74,44,39,33,44,54,65,92,115,126,141,126,122,154,169,187
220,218,215,215,213,209,183,199,189,154,105,67,64,65,86,86,100,113,123,139,144,138,141,147,179,186
218,212,205,204,213,200,200,184,196,168,118,96,96,120,150,143,158,138,132,135,145,113,140,135,177,186
200,202,200,206,191,193,194,177,167,145,132,153,167,196,196,169,194,165,163,140,137,161,126,142,146,185
