131,123,43,17,47,149,141,174,115,32,28,5,25,74,88,83,103,113,93,103,110,80,96,69,77,99
125,132,42,21,44,149,148,168,180,82,25,31,7,20,72,86,100,90,95,96,82,112,105,113,66,82
134,120,38,16,39,143,155,152,182,164,50,29,28,4,17,55,75,84,91,96,109,113,84,98,68,68
124,132,33,17,41,155,134,177,131,152,165,55,26,35,8,6,37,80,75,88,96,100,78,99,76,76
125,133,43,20,39,138,139,174,150,168,143,185,74,31,32,28,10,11,38,73,111,104,94,78,82,75
131,128,91,39,33,130,174,176,142,145,171,147,166,131,33,32,37,28,22,10,16,58,76,108,81,98
126,126,74,31,26,116,177,174,179,159,193,168,172,158,145,110,40,25,32,40,32,27,11,15,24,26
127,134,63,32,34,105,148,152,177,174,165,170,162,162,155,142,132,129,50,26,38,27,35,28,35,29
130,124,65,25,21,92,160,170,172,175,169,186,175,167,148,179,159,122,116,97,83,73,36,29,27,32
127,126,51,36,23,66,154,156,167,168,185,169,175,183,184,152,167,131,141,118,130,103,87,71,53,47
127,132,58,37,26,49,154,170,197,181,188,164,190,173,165,176,149,106,131,139,156,114,108,98,108,82
127,129,127,42,24,39,145,172,178,170,173,180,160,153,168,158,154,175,159,165,161,148,129,140,133,110
127,128,130,44,40,41,143,157,176,184,177,169,163,145,173,161,169,167,160,164,176,153,137,175,146,163
130,122,130,63,33,35,92,161,163,178,172,180,184,180,176,172,163,172,153,184,159,152,191,172,182,175
128,129,128,55,49,36,73,136,169,152,170,173,170,194,176,171,180,123,172,182,167,175,187,189,189,186
127,131,128,57,73,32,62,137,168,177,160,137,170,188,176,145,177,160,186,172,197,189,194,197,198,205
129,129,126,80,91,58,45,141,160,180,120,129,187,179,207,164,179,179,194,174,162,174,185,168,182,195
127,131,127,106,116,77,40,123,180,159,153,145,162,180,160,159,159,180,177,171,183,177,190,186,173,195
125,128,130,105,114,69,37,113,127,160,155,148,153,181,170,160,169,186,189,177,188,187,192,177,192,182
131,127,128,60,73,91,40,97,166,171,155,157,135,157,176,150,178,192,192,190,177,194,187,186,184,199
129,125,128,126,61,64,27,87,172,171,167,166,169,176,151,164,179,168,171,156,188,184,189,186,202,191
128,128,135,131,26,26,36,61,150,172,162,162,144,144,165,156,160,141,168,163,163,193,191,186,185,202
130,127,120,128,49,37,36,41,114,174,168,173,181,163,138,152,169,176,165,187,180,173,192,205,194,154
126,130,129,132,95,77,42,54,112,156,151,165,157,165,155,153,142,170,177,158,172,163,184,173,176,188
132,127,129,124,106,98,56,44,128,160,172,167,171,171,137,172,176,167,154,194,154,170,186,186,187,186
123,127,129,127,105,74,52,42,87,136,153,164,173,148,142,150,156,174,171,175,173,172,150,170,188,181
131,130,121,130,127,77,54,42,100,147,163,150,143,154,155,146,157,174,168,171,166,166,175,169,163,181
128,128,130,131,122,78,62,45,75,127,149,177,159,159,146,155,175,155,165,149,175,178,168,186,183,171
130,125,130,124,131,68,67,55,75,127,153,179,158,163,165,153,168,148,171,174,180,183,179,173,189,168
130,125,131,128,127,77,66,51,60,115,124,152,176,144,163,157,155,154,139,164,175,164,193,177,189,178
