18,19,20,22,49,56,53,56,57,49,48,47,50,48,43,57,45,43,50,41,48,39,38,34,34,27
17,17,21,31,24,38,52,53,39,45,51,51,42,39,46,58,40,46,44,40,46,43,42,33,35,31
18,20,22,22,29,34,33,42,40,39,53,48,49,35,46,42,44,57,61,49,53,55,50,50,33,37
17,18,23,27,31,30,33,38,45,53,59,59,47,31,37,49,58,72,63,53,74,54,59,49,39,34
19,21,21,21,25,27,37,38,47,58,54,60,58,41,44,53,68,75,72,76,76,68,74,48,39,36
17,23,26,26,29,33,41,42,53,62,56,61,55,49,68,64,85,78,90,109,76,71,65,64,63,51
5,6,13,19,29,32,31,36,49,56,54,56,42,51,76,69,86,74,79,95,73,91,76,51,37,41
16,9,7,9,17,20,23,29,34,33,36,40,36,41,43,37,48,53,47,60,57,60,53,28,8,4
42,40,39,41,27,19,26,27,27,28,26,35,30,24,11,3,18,41,44,60,58,54,40,9,0,0
42,48,62,76,54,21,20,17,25,40,32,39,32,24,17,4,25,44,56,73,67,60,34,8,1,6
31,39,52,69,87,29,16,22,21,29,25,26,22,9,22,10,12,23,37,48,63,41,26,1,0,57
37,49,54,39,80,41,27,22,13,14,14,17,24,30,28,32,32,30,28,35,27,36,17,0,8,76
48,60,58,33,67,35,22,13,6,10,26,44,62,51,76,82,71,59,48,25,24,25,23,2,0,45
58,63,57,47,75,26,17,10,10,24,46,73,94,101,83,120,121,119,97,60,32,24,25,7,2,24
44,49,48,48,83,17,12,6,17,46,60,75,81,93,107,112,124,131,135,124,78,31,27,10,4,28
38,47,56,55,89,25,18,9,36,77,85,82,81,97,93,119,116,135,153,132,138,67,23,16,5,17
32,28,43,63,69,25,10,8,52,86,94,85,99,119,127,122,142,139,142,149,151,125,40,19,17,14
32,14,32,87,44,21,7,24,81,102,111,105,114,125,129,135,145,145,155,157,158,147,106,19,15,16
20,13,25,95,26,19,7,50,95,111,127,110,119,133,134,141,137,144,143,170,165,164,148,68,20,11
4,7,18,106,23,10,29,78,103,143,111,116,112,126,132,134,142,156,158,169,193,176,161,133,31,17
9,12,24,96,25,10,63,98,124,101,114,118,132,130,132,132,142,150,160,174,184,187,163,159,71,14
19,18,53,60,27,20,63,112,116,107,111,116,126,125,134,143,147,151,159,175,187,179,173,166,133,27
26,19,58,49,13,53,91,103,121,105,114,112,125,130,130,134,133,155,166,182,191,202,189,174,161,63
40,21,87,39,29,91,90,100,117,114,102,111,126,129,128,140,143,160,160,176,191,210,178,186,168,139
49,43,124,32,64,94,105,99,99,115,97,132,133,126,120,132,145,158,164,189,194,187,199,184,170,160
48,80,83,73,111,106,105,98,104,111,126,110,126,128,126,125,143,156,165,183,191,194,200,188,168,165
57,98,56,92,111,115,108,112,123,116,119,117,120,120,83,89,131,160,167,181,193,205,195,195,175,174
36,94,70,98,101,105,101,114,91,109,106,127,124,107,97,121,156,156,158,170,180,179,176,185,185,175
56,82,86,112,109,114,120,89,95,114,120,112,132,126,133,144,152,158,162,168,174,174,176,188,186,170
60,79,102,113,121,113,84,115,109,103,107,119,131,131,137,150,141,156,158,174,168,176,173,189,177,173
