127,133,125,129,130,126,126,130,51,64,48,49,54,78,81,85,97,119,127,137,143,158,148,156,148,159
132,125,128,130,120,131,135,47,57,53,42,61,66,72,79,99,101,122,133,139,138,159,152,149,151,158
123,130,127,130,138,122,128,53,59,52,44,64,69,76,87,103,113,120,134,147,142,155,152,151,141,150
129,130,127,124,127,124,131,53,57,55,50,63,68,84,96,101,116,118,128,143,142,148,145,152,153,149
129,124,129,130,125,140,122,58,52,53,57,73,75,81,95,106,116,126,131,134,142,150,145,152,149,156
129,131,126,130,129,121,55,52,43,56,67,80,80,81,95,110,121,128,130,133,145,148,142,154,151,150
130,129,124,130,127,133,48,49,44,65,74,78,82,87,99,108,120,117,123,133,142,141,139,151,146,153
127,129,127,131,126,130,40,46,57,70,71,75,86,90,100,109,117,117,129,134,138,147,149,147,142,149
126,126,128,132,124,130,45,32,58,67,77,75,85,94,108,110,117,123,135,142,141,143,150,153,151,145
128,130,125,125,131,44,40,49,70,69,77,83,93,94,107,116,123,133,129,127,144,149,144,156,150,159
126,128,131,129,125,42,45,59,73,74,79,81,90,97,109,115,123,127,133,136,149,157,148,148,153,149
130,122,124,129,127,42,56,54,69,77,86,92,98,104,109,110,121,119,129,133,141,152,148,151,151,169
132,129,133,128,127,51,65,73,75,75,81,93,98,100,108,120,125,130,128,128,142,142,131,145,147,147
122,125,131,122,130,62,57,72,79,80,80,88,93,103,113,124,132,135,136,143,150,148,144,145,142,157
134,130,126,131,129,49,65,65,74,85,90,97,102,117,116,113,125,127,135,146,139,144,159,146,153,150
125,128,128,126,58,60,66,77,80,80,80,92,98,110,110,112,106,131,137,140,129,119,124,110,120,134
131,122,125,133,48,69,60,81,79,74,90,95,96,107,114,125,124,120,121,101,112,104,115,113,107,114
127,133,134,121,58,71,78,79,75,83,89,98,110,120,121,107,101,98,100,98,113,112,114,108,101,82
126,129,121,133,61,70,77,76,73,84,100,98,96,96,91,96,110,102,93,88,90,82,73,67,69,63
127,129,133,130,69,78,89,67,74,92,84,92,93,80,88,83,89,85,79,73,70,61,60,63,53,53
133,128,122,124,72,83,73,79,81,88,87,75,78,83,73,66,59,62,71,66,63,44,40,42,53,51
123,131,133,70,75,78,76,75,80,88,72,64,55,47,54,47,54,49,49,41,44,37,45,52,49,52
130,129,126,69,77,77,71,79,78,60,56,49,47,49,43,48,45,47,48,50,52,48,47,49,49,47
132,122,128,76,77,74,78,68,59,51,51,47,47,55,51,44,49,52,46,48,43,46,42,47,48,49
124,130,130,69,72,68,60,53,39,42,44,53,49,51,50,56,52,49,49,51,50,48,48,46,49,43
134,124,124,75,64,64,33,44,41,48,49,48,49,60,65,65,67,63,55,48,46,50,54,56,51,57
124,131,135,63,52,40,46,46,46,49,60,68,70,66,74,85,80,86,78,62,58,64,63,58,61,54
126,128,120,58,43,37,44,51,58,61,70,73,86,90,92,85,89,86,84,84,84,78,77,84,72,70
131,125,131,52,41,48,41,55,60,73,87,84,87,89,102,106,102,102,100,98,97,97,98,101,109,107
125,131,121,43,45,49,62,66,71,72,85,104,120,119,115,111,123,126,131,130,124,121,116,107,106,111
