91,110,96,94,78,89,67,77,62,70,43,47,41,52,69,60,75,74,82,100,112,102,98,125,128,116
106,93,109,96,89,88,92,66,70,63,53,42,36,53,85,69,72,83,83,88,94,101,101,122,129,160
92,82,109,92,98,82,73,80,74,81,54,59,50,57,70,83,79,71,88,94,103,116,127,129,121,135
85,107,91,81,89,93,86,81,73,74,56,63,60,68,64,77,77,75,96,101,104,128,121,113,128,144
89,108,96,115,83,97,72,71,69,69,61,76,57,60,69,62,67,78,77,98,99,99,111,120,112,143
79,99,102,100,92,94,79,74,94,58,52,50,64,73,79,70,77,80,82,101,102,100,100,109,124,129
98,96,94,113,94,106,83,75,63,68,70,76,60,85,82,76,85,84,103,91,89,106,118,121,123,128
107,100,106,101,106,97,93,83,74,71,81,85,80,78,89,102,115,104,113,104,97,105,116,124,133,142
122,91,103,113,113,123,103,116,97,99,94,96,101,98,105,108,115,142,118,139,124,138,126,127,149,140
110,125,143,149,153,145,125,124,125,115,120,113,109,161,145,138,154,147,164,146,149,166,180,155,154,196
159,159,160,177,176,177,128,156,147,144,139,133,167,157,133,172,180,164,162,194,188,165,188,206,191,204
170,169,152,171,179,139,123,164,149,133,164,147,143,132,161,172,195,164,186,186,201,214,209,205,196,216
184,174,169,170,139,153,157,158,158,158,164,133,161,151,168,163,176,189,205,204,196,213,209,216,215,205
175,171,132,165,143,131,163,136,152,158,150,160,143,184,179,185,176,193,192,189,208,201,211,220,220,207
178,140,164,160,156,179,136,152,158,144,138,160,185,174,196,166,192,187,189,205,203,198,215,221,223,226
160,151,164,146,171,141,133,143,160,150,132,181,160,173,177,194,165,181,179,205,213,208,207,217,227,234
175,151,142,133,152,111,133,110,116,147,162,167,146,155,156,164,183,188,154,170,201,199,209,210,215,232
146,166,132,113,125,164,173,156,178,149,145,168,132,139,172,190,146,180,186,184,192,191,210,213,225,236
134,152,137,157,149,132,119,138,132,127,120,130,145,137,161,151,170,166,178,176,194,192,197,177,198,215
149,132,123,132,132,134,131,125,138,128,111,119,133,150,126,143,131,168,144,150,180,198,178,192,191,199
122,164,140,138,129,118,111,128,130,135,134,125,125,121,95,137,123,140,117,133,187,158,175,182,192,201
125,124,110,136,132,107,107,139,100,114,99,112,100,118,108,116,119,113,109,121,127,134,158,175,173,159
90,110,121,103,110,89,114,107,101,112,100,100,113,105,102,102,118,98,111,103,121,139,127,155,144,164
90,90,105,116,99,98,97,89,111,99,93,91,96,115,100,93,91,93,106,106,108,118,118,108,112,105
80,85,76,86,83,82,81,86,88,78,80,99,86,85,85,103,84,103,94,109,121,131,96,102,97,78
77,74,64,78,73,69,67,70,77,82,78,69,60,75,86,75,69,64,89,87,101,95,98,87,93,101
65,61,53,64,65,59,58,57,57,69,70,55,56,70,63,73,67,88,93,82,72,73,83,74,78,73
50,54,50,54,58,54,54,52,48,51,56,55,52,52,80,56,59,46,59,58,64,62,52,62,77,56
45,51,49,51,49,50,47,47,50,47,44,49,49,43,50,54,51,58,50,49,54,54,59,58,63,48
46,48,45,48,43,50,45,40,46,47,44,50,45,48,43,49,45,47,53,43,53,52,54,47,56,55
