132,127,143,158,166,177,188,190,179,177,177,177,152,144,146,138,137,129,121,89,63,60,74,59,67,40
137,138,156,160,168,179,171,180,169,182,161,173,148,164,153,146,155,126,104,96,99,69,56,57,27,48
128,145,161,160,172,186,184,169,167,175,171,166,148,151,135,152,139,138,103,118,109,84,89,103,84,71
132,141,148,163,177,179,175,173,177,168,167,169,169,163,166,156,161,137,143,108,133,114,114,108,99,134
136,132,139,151,158,148,183,182,163,166,158,157,148,154,169,147,136,133,141,147,152,125,118,128,119,113
135,129,145,136,149,151,166,168,141,154,163,160,145,149,178,156,142,134,132,128,124,124,132,130,105,113
118,133,139,155,157,134,176,158,122,141,153,150,164,159,157,167,149,152,160,143,156,135,148,116,110,96
118,123,138,123,149,134,146,156,159,129,144,150,169,150,161,153,145,152,143,142,144,143,113,131,123,118
107,126,133,130,154,151,153,149,146,148,131,158,141,160,151,161,157,149,142,145,143,157,122,125,114,133
104,130,125,140,136,130,133,141,120,159,155,158,160,158,161,160,162,162,156,155,166,155,148,120,131,128
123,123,126,141,144,148,132,139,132,140,142,146,159,160,151,162,155,161,145,133,128,151,143,150,131,121
111,108,120,129,129,139,116,141,133,157,143,149,161,165,176,147,163,146,164,150,151,137,131,143,154,131
105,104,114,130,127,137,138,147,155,146,141,149,154,159,133,142,135,138,140,160,135,125,159,146,150,140
106,100,116,125,128,126,130,133,137,143,144,124,139,143,137,150,148,153,152,143,134,105,107,110,133,133
94,99,93,102,124,112,112,129,130,150,139,142,125,120,139,137,118,139,130,125,126,122,116,98,131,118
89,93,95,96,102,118,114,134,144,119,121,124,129,120,132,123,128,130,139,112,154,116,125,126,128,132
87,89,80,85,90,108,122,126,122,123,113,123,107,110,116,118,116,133,125,140,129,124,122,122,159,165
81,82,83,101,102,99,114,99,119,113,105,105,109,105,105,120,124,120,132,108,117,126,138,162,167,183
84,79,82,86,95,110,99,105,117,104,140,107,84,101,100,114,131,138,146,130,128,135,158,168,173,175
81,87,94,85,95,99,105,91,86,104,110,106,88,104,120,126,147,140,151,155,128,146,148,134,128,109
81,84,81,69,85,89,87,89,103,104,110,109,121,125,113,128,128,137,134,143,135,159,142,128,101,95
73,64,79,73,82,98,103,84,101,96,116,92,122,127,139,110,136,153,142,146,114,109,98,81,79,83
76,72,77,86,83,81,90,92,91,97,100,110,119,118,113,105,139,103,128,121,92,88,73,71,72,79
62,67,71,77,82,74,73,90,102,108,108,111,114,106,107,96,81,89,94,72,68,52,55,69,69,67
58,61,63,71,75,73,71,82,86,118,102,100,89,96,100,72,83,68,63,57,45,44,45,56,59,66
64,56,60,68,67,74,82,84,92,97,102,94,92,81,59,65,51,56,31,32,34,30,29,26,34,46
62,50,62,62,67,69,79,82,80,89,88,92,85,74,57,43,44,22,24,18,22,29,23,16,25,25
53,47,65,56,75,61,85,76,87,84,98,81,97,94,71,67,39,20,6,6,17,23,35,55,84,73
51,49,61,55,75,58,71,79,82,82,79,84,97,100,72,70,59,42,30,22,56,62,58,74,88,86
56,51,53,57,67,59,72,71,79,89,87,77,91,104,107,80,89,81,44,34,39,65,69,97,100,89
