67,93,117,85,120,117,139,152,149,113,147,154,171,188,203,192,215,153,203,192,182,183,195,156,171,126
48,60,66,66,94,102,123,125,140,131,145,173,152,190,186,195,203,184,192,153,146,142,156,186,206,130
26,26,35,44,68,86,91,83,118,132,143,145,158,161,201,209,190,206,230,190,160,147,169,188,189,123
111,104,90,51,28,41,64,61,67,109,133,139,145,168,171,207,198,208,191,203,199,206,214,214,209,131
40,53,88,145,175,82,41,49,64,77,86,119,127,134,158,177,188,188,213,209,213,204,215,217,213,131
151,135,101,74,57,131,88,86,48,42,62,95,111,112,131,162,180,200,195,209,221,219,230,229,216,128
155,204,202,198,164,51,51,77,81,59,49,69,62,89,122,132,151,205,208,215,234,221,219,226,231,130
187,189,177,201,181,167,91,52,34,61,46,54,60,59,92,121,119,154,179,201,207,232,224,231,231,129
190,206,205,209,207,195,183,113,59,34,37,37,51,58,56,89,99,126,168,200,218,214,238,226,225,126
61,175,212,204,230,203,201,162,131,76,31,38,37,62,48,79,101,134,160,195,211,221,209,242,233,128
13,37,87,152,202,206,205,209,146,110,110,54,31,37,59,85,138,123,158,150,193,206,228,229,238,129
0,5,20,30,61,135,175,191,189,139,114,108,86,43,53,58,90,116,141,172,200,215,226,237,238,129
41,42,19,12,10,26,34,117,147,128,141,107,86,78,88,100,89,169,149,176,199,215,228,231,238,129
80,205,208,57,31,10,21,22,39,41,82,108,138,138,118,115,138,121,168,189,186,218,221,239,238,129
67,255,246,222,83,31,29,13,8,20,15,41,72,133,112,120,131,155,162,162,194,214,230,236,238,129
144,247,255,249,239,206,54,16,15,9,18,18,43,61,76,120,162,177,177,187,211,219,231,247,238,129
231,248,251,252,246,223,72,27,19,32,30,65,38,50,84,143,165,155,182,208,209,223,224,234,239,129
215,248,249,254,212,52,35,62,122,69,81,96,126,153,147,148,188,197,199,217,219,232,242,233,239,130
193,206,67,40,53,61,80,61,123,119,150,143,188,199,154,198,196,209,229,230,229,234,234,240,244,127
39,38,36,59,74,58,126,156,146,140,190,183,212,215,206,199,219,226,228,241,240,245,246,251,245,128
53,88,53,126,166,206,206,198,188,217,217,224,215,231,220,227,209,226,228,246,239,240,243,245,246,129
90,99,130,168,201,219,217,209,220,221,222,224,231,222,233,214,231,237,233,242,246,253,252,246,246,129
110,168,172,124,152,167,155,174,206,222,219,238,227,229,231,237,232,236,249,245,243,240,244,252,245,128
75,81,114,134,162,170,203,213,207,207,206,219,213,221,227,225,232,224,241,242,252,243,240,246,245,128
73,80,95,92,136,173,171,180,192,205,202,207,218,211,215,228,221,224,236,235,237,232,243,252,247,129
51,46,54,75,113,125,152,168,184,169,172,203,206,214,236,230,219,237,240,241,241,244,251,243,248,130
74,89,75,113,99,123,135,143,174,159,188,190,219,221,232,231,236,235,240,239,243,243,251,244,247,128
50,56,77,74,116,144,144,194,185,175,198,210,210,225,237,244,231,239,248,245,245,248,251,246,248,128
122,114,134,137,157,172,142,165,153,100,104,170,213,222,219,241,245,241,243,245,243,244,241,254,249,129
116,122,132,169,156,174,168,178,199,200,203,171,229,244,255,240,247,239,243,252,254,249,226,235,248,128
