138,146,175,185,180,161,172,176,116,118,124,109,78,64,50,54,59,84,184,226,195,172,166,94,41,120
128,139,166,178,207,196,203,230,216,211,180,165,129,105,70,61,66,82,151,215,229,197,166,143,56,131
151,155,171,170,185,192,205,213,218,183,143,182,148,122,92,71,69,79,69,175,228,203,194,140,76,126
142,147,164,180,188,159,186,192,182,194,234,218,172,175,112,107,69,71,62,80,195,215,194,168,104,130
131,125,155,170,181,184,188,203,213,191,187,185,200,206,200,152,106,86,80,79,166,203,203,179,136,131
100,127,121,150,167,162,188,179,210,198,206,213,218,227,181,178,156,127,119,99,133,211,198,180,156,127
85,99,100,98,127,174,170,189,192,194,217,221,225,240,230,211,192,180,172,124,103,186,217,181,167,125
84,92,89,110,149,128,149,167,175,199,190,216,223,241,231,238,194,200,183,208,132,175,215,206,178,128
70,90,94,107,87,127,108,147,161,168,181,204,222,209,227,232,225,226,208,169,155,188,209,201,186,130
98,65,67,89,100,96,99,128,136,154,175,169,195,198,221,237,223,191,168,206,185,194,202,214,189,131
172,196,157,84,71,94,96,102,120,125,151,151,186,193,215,219,235,230,216,224,220,214,201,196,200,133
241,210,213,187,109,64,73,88,85,105,138,153,146,188,184,236,235,235,237,234,225,222,217,228,186,124
236,208,226,220,191,124,65,70,85,92,116,115,141,168,184,219,235,223,234,237,248,227,248,216,206,131
147,206,239,227,217,179,118,61,66,69,96,137,110,127,156,191,209,236,227,238,230,220,231,234,192,122
54,135,192,245,227,211,188,124,56,69,78,90,110,142,157,183,215,224,237,247,238,251,229,229,225,135
37,42,63,122,211,204,210,175,103,48,70,100,118,113,163,148,207,229,237,222,244,239,229,241,206,123
147,57,28,40,66,189,193,198,128,121,53,87,113,137,144,171,199,232,237,250,248,245,248,238,229,131
255,243,62,30,33,57,109,165,164,139,92,79,88,125,132,153,194,220,239,243,248,245,245,235,227,129
252,245,180,74,30,30,42,76,123,156,109,101,86,127,152,173,200,224,236,243,248,246,244,240,237,126
255,245,148,82,47,21,25,30,64,102,157,131,127,137,159,174,191,220,238,244,247,245,245,243,237,126
73,56,59,46,53,41,36,29,37,56,114,129,145,130,151,174,194,223,238,243,246,246,246,244,238,127
96,137,149,173,144,140,98,99,72,56,65,103,156,185,180,186,211,231,236,239,246,249,248,242,240,127
219,196,197,235,221,229,177,157,133,118,89,114,139,154,196,198,222,237,237,238,246,249,249,244,241,127
213,228,230,242,239,233,214,216,176,212,193,155,177,204,184,185,223,238,241,242,246,245,248,249,243,128
176,184,221,192,222,224,211,183,191,212,221,217,198,217,219,205,225,240,244,246,246,241,245,251,244,128
141,170,163,202,197,171,174,195,206,220,237,239,246,240,236,236,232,243,244,246,245,240,243,250,244,128
121,152,171,186,171,209,235,217,214,241,213,239,241,240,242,240,241,245,248,246,245,248,231,246,246,128
122,124,147,139,137,152,183,202,221,224,217,229,239,245,244,242,247,246,249,248,243,247,240,245,246,128
117,127,152,180,141,117,122,119,166,185,218,241,243,244,244,248,245,244,249,253,244,248,248,243,246,128
92,94,99,142,180,205,227,209,228,225,211,231,236,248,245,243,247,248,250,253,246,246,251,245,246,128
