8,7,44,42,50,59,91,113,126,127,141,146,151,149,147,161,162,151,187,176,164,125,101,52,42,44
6,39,18,43,32,54,67,75,104,119,128,138,132,141,139,141,150,151,155,137,111,81,60,36,31,30
30,23,34,21,24,26,36,48,46,64,90,109,117,127,135,133,142,138,122,93,58,36,24,36,14,26
4,20,55,48,22,11,0,10,8,3,23,76,93,94,108,112,112,82,82,43,4,5,31,11,23,7
22,3,19,8,16,6,6,17,19,14,9,7,43,44,56,47,57,28,8,11,15,9,24,44,46,34
42,23,20,8,14,12,11,7,13,3,1,3,0,7,1,19,19,3,11,10,24,15,27,27,39,40
49,9,18,16,2,0,3,3,0,4,15,0,1,1,2,6,0,15,10,4,7,0,15,23,25,31
14,0,36,3,1,19,24,2,19,26,23,0,1,10,0,13,5,5,0,2,3,5,17,8,21,33
32,7,2,18,3,32,3,10,6,10,4,25,13,16,3,0,10,7,14,0,4,17,14,15,53,48
3,7,27,40,11,40,7,0,15,0,6,8,58,18,28,10,12,12,19,12,11,14,13,34,48,44
8,18,11,24,6,39,28,15,12,7,10,9,1,46,9,9,7,5,18,22,16,31,23,43,79,82
36,25,18,16,30,18,25,17,20,22,11,15,10,24,19,35,7,10,14,36,30,44,61,68,80,89
22,5,35,22,32,33,40,40,10,26,9,18,13,26,19,38,28,33,36,48,30,53,72,79,96,92
29,39,13,28,32,33,47,30,25,8,32,27,22,37,7,55,44,40,29,48,48,70,85,92,93,92
36,30,31,29,17,35,36,29,38,40,18,33,34,19,19,41,52,55,62,59,70,83,82,90,96,99
44,40,41,36,12,61,66,42,29,56,42,49,47,50,48,56,67,75,86,92,100,104,97,97,101,103
76,79,80,73,80,81,76,83,73,69,48,67,41,60,62,65,78,89,97,103,106,110,108,104,102,103
101,101,98,87,82,85,91,89,90,91,84,85,77,88,86,85,89,90,88,84,85,87,91,87,87,91
107,100,97,92,91,90,98,97,92,86,88,92,89,84,82,89,90,90,96,93,99,94,92,91,96,102
106,98,104,109,99,103,100,99,90,100,99,95,101,91,92,101,96,93,103,104,105,105,103,104,105,104
102,97,106,113,106,108,106,108,95,92,93,97,98,98,99,104,101,97,103,105,102,109,108,111,106,99
104,104,111,113,110,104,107,108,109,94,97,96,99,108,103,100,103,101,102,104,107,110,99,101,99,95
103,98,102,109,116,98,92,108,105,93,99,99,103,109,105,121,99,106,110,112,113,118,111,113,112,111
111,118,109,103,104,107,114,107,95,89,103,104,100,108,110,128,113,116,116,114,121,122,125,116,123,112
108,109,115,107,113,114,115,104,98,112,116,109,99,102,106,118,112,115,117,114,123,116,107,106,107,108
94,88,100,100,96,102,107,105,93,109,107,110,103,101,102,106,107,111,116,115,115,110,102,110,109,121
94,101,96,99,87,95,107,104,97,103,102,107,100,97,99,100,105,108,110,108,118,119,130,127,132,129
110,118,117,117,120,115,118,106,120,121,125,117,121,118,119,117,121,127,127,129,140,143,146,143,142,143
123,118,128,128,136,133,129,122,131,131,138,134,136,133,130,125,127,136,136,143,152,157,148,154,153,163
128,125,128,132,131,133,121,140,139,140,133,133,139,138,135,130,129,138,135,143,141,149,154,150,159,153
