128,131,126,123,128,0,6,3,13,0,1,25,62,85,108,115,119,130,131,127,127,143,140,153,160,182
126,131,129,130,128,17,1,4,7,5,5,13,26,56,78,99,97,119,119,122,124,135,131,151,151,173
125,130,129,124,129,129,28,10,23,0,1,15,9,30,56,76,97,101,100,116,114,127,129,129,149,164
131,127,128,132,123,128,18,31,29,20,21,16,9,1,30,62,79,93,91,110,120,126,122,114,129,141
126,131,126,128,130,128,39,43,29,40,44,0,7,6,3,25,41,88,99,109,118,114,115,115,109,117
126,132,125,128,126,132,22,17,20,26,6,3,19,0,8,4,33,72,89,99,105,111,119,98,96,93
129,127,130,124,131,128,128,14,7,18,8,4,4,7,2,5,18,61,77,77,86,73,68,69,67,73
124,130,128,124,131,125,130,17,4,6,3,5,0,5,7,35,4,15,27,50,12,27,35,27,42,31
126,130,125,128,133,124,128,19,13,15,0,4,9,8,7,4,8,8,3,5,9,7,7,6,14,35
131,125,130,129,124,133,128,9,6,6,12,0,5,13,5,3,4,0,1,2,1,5,18,22,40,37
127,133,128,125,134,120,126,132,1,13,6,10,5,1,7,4,15,8,12,3,1,19,25,1,0,20
128,125,131,126,126,130,129,125,3,8,6,11,3,25,7,7,17,5,5,3,12,1,12,42,2,0
130,124,127,129,128,130,128,128,17,27,14,14,1,13,12,4,0,5,13,15,0,16,7,0,1,6
127,129,127,130,127,126,127,128,12,6,16,20,25,17,14,10,15,2,27,13,5,2,18,8,4,18
128,128,128,128,128,128,128,128,129,26,12,16,8,9,0,9,25,30,21,7,5,8,4,0,1,13
128,128,128,128,128,128,128,128,126,36,26,37,23,0,4,46,55,44,39,34,3,2,27,10,1,10
128,128,128,128,128,128,128,128,127,29,25,7,0,21,30,24,37,32,28,51,32,2,17,5,4,4
128,128,128,128,128,128,128,128,130,22,17,24,34,28,27,24,25,46,23,25,33,17,22,20,4,0
128,128,128,128,128,128,128,128,123,132,41,29,31,5,2,9,37,41,31,40,39,10,2,14,13,6
128,128,128,128,128,128,128,128,129,125,48,33,19,14,14,12,28,2,27,43,18,24,36,10,22,21
128,128,128,128,128,128,128,128,124,133,14,20,4,11,6,28,25,28,20,25,44,32,12,26,12,28
128,128,128,128,128,128,128,128,130,126,129,6,4,5,10,16,15,37,22,8,26,26,16,26,15,1
128,128,128,128,128,128,128,128,127,128,128,9,3,5,10,15,18,19,10,11,18,13,18,36,32,8
128,128,128,128,128,128,128,128,129,129,132,6,3,1,6,17,13,11,5,5,32,18,28,25,24,31
128,128,128,128,128,128,128,128,130,124,124,134,15,5,21,14,16,9,13,9,0,24,29,14,20,47
128,128,128,128,128,128,128,128,131,125,132,123,9,15,13,25,15,25,25,17,15,11,29,5,26,17
128,128,128,128,128,128,128,128,127,129,130,127,10,32,13,25,38,0,11,13,2,2,18,13,17,8
128,128,128,128,128,128,128,128,131,127,127,128,135,15,31,20,29,19,3,24,22,9,15,19,12,14
128,128,128,128,128,128,128,128,121,134,127,126,127,41,23,48,32,20,25,11,18,8,19,21,6,45
128,128,128,128,128,128,128,128,131,124,133,127,128,128,42,22,28,37,24,21,28,16,13,22,12,16
