125,131,156,172,153,148,158,153,151,145,136,131,149,146,142,135,145,130,137,132,122,133,118,122,117,118
130,128,156,155,153,151,167,149,144,143,148,145,155,139,147,145,147,136,132,133,119,127,120,119,121,120
129,129,161,152,175,179,167,149,155,151,142,158,140,153,146,156,143,146,136,152,135,130,133,120,130,123
128,126,187,177,165,180,180,177,169,152,164,153,147,140,138,139,138,135,138,150,135,142,142,140,127,125
127,129,182,183,165,160,140,166,180,160,178,146,180,148,151,149,155,151,146,178,137,154,132,140,127,122
125,134,196,177,167,145,156,171,161,173,174,173,156,178,169,153,149,148,150,150,150,127,149,131,118,121
130,123,174,189,187,183,175,177,167,182,188,162,175,172,156,180,166,163,162,160,135,147,135,150,140,131
128,133,168,187,190,173,199,182,184,174,175,173,200,189,184,163,167,156,158,153,149,141,136,147,144,144
128,125,189,170,174,188,192,177,200,170,204,183,181,161,167,168,172,156,148,139,153,137,141,140,140,132
126,128,193,184,180,194,194,188,184,194,184,199,201,179,155,177,162,161,159,152,159,148,150,143,135,145
130,127,196,192,181,175,187,208,195,190,193,173,190,187,168,168,173,167,163,138,165,137,183,170,180,172
127,128,129,190,186,195,189,172,203,195,201,200,197,195,194,198,198,181,174,184,166,190,162,178,167,181
129,128,126,191,190,194,172,188,208,197,170,188,203,200,193,187,174,187,195,182,194,185,192,180,163,154
127,129,124,203,170,162,176,182,191,199,140,173,187,204,193,170,190,176,173,195,178,193,170,187,161,154
129,128,129,204,181,169,194,181,197,162,202,166,187,183,188,180,177,156,185,169,169,199,182,192,177,169
128,129,126,188,189,196,191,180,179,152,191,195,193,190,153,128,155,196,192,185,160,165,194,187,172,166
126,133,124,188,187,212,194,202,189,192,183,186,192,185,156,138,148,176,149,177,170,159,177,179,188,173
129,127,131,195,196,194,203,205,177,189,201,202,190,194,174,194,189,189,203,184,197,180,174,191,180,173
130,122,131,191,192,171,192,184,203,195,201,203,196,189,187,185,189,201,199,180,192,192,190,181,191,196
127,130,127,196,183,188,194,201,170,179,180,169,172,183,192,198,176,184,187,183,189,193,203,201,198,214
126,131,127,126,191,180,188,203,200,201,175,192,181,181,173,191,196,191,191,205,187,206,194,182,188,205
132,125,128,127,196,170,172,176,186,183,165,190,167,158,169,178,194,172,188,183,180,199,196,183,182,175
120,129,127,131,196,184,182,171,192,191,199,187,168,181,183,179,156,181,206,188,185,178,175,174,198,181
137,122,127,123,185,185,165,191,183,197,190,182,173,179,141,151,189,189,187,187,190,183,164,174,181,186
122,138,127,128,185,200,182,193,172,179,186,172,179,177,197,158,192,172,184,191,180,200,188,183,179,196
127,129,127,128,186,174,165,173,200,201,175,190,183,181,171,186,174,180,186,189,173,168,189,172,193,178
130,126,126,131,128,196,155,195,202,186,188,184,175,181,163,169,176,163,142,155,173,164,199,200,202,186
130,125,128,129,127,156,170,189,193,155,171,161,168,168,190,175,156,149,171,152,153,186,203,209,193,194
126,129,128,126,131,171,160,187,155,155,156,175,168,189,174,187,174,172,146,193,186,189,176,199,203,194
131,127,132,124,128,147,169,188,183,176,172,167,156,176,165,179,182,176,163,177,179,162,195,197,197,183
