116,110,110,93,115,110,121,117,126,112,113,115,124,105,118,123,125,87,71,38,13,9,12,11,17,14
114,125,115,109,114,108,94,119,108,124,121,127,112,93,93,84,94,76,48,42,15,13,3,14,13,9
122,109,109,92,114,120,109,130,120,134,123,124,120,121,99,92,66,55,20,24,21,15,19,17,22,25
108,105,106,111,118,124,114,118,142,125,120,122,127,115,102,95,92,66,65,30,32,26,25,19,29,34
103,113,107,98,104,123,124,120,122,121,118,143,123,98,99,102,106,74,71,55,51,40,26,34,37,34
99,96,117,116,137,135,126,125,114,127,133,128,112,103,98,104,92,82,63,48,62,31,38,46,47,37
104,106,116,117,122,130,129,142,119,140,114,128,119,102,101,79,90,78,50,52,38,38,42,42,34,38
108,110,114,119,124,118,112,117,129,111,102,110,94,97,86,82,77,81,59,42,47,40,37,36,35,21
104,101,106,101,119,115,116,112,129,108,106,97,86,79,63,77,69,57,57,41,29,34,32,39,42,40
91,103,111,116,135,109,104,92,95,87,83,87,91,82,66,60,62,49,47,50,43,42,39,31,48,39
100,91,98,94,84,96,90,92,94,75,67,82,78,82,66,63,44,39,51,50,43,44,43,45,40,41
77,99,98,69,80,67,57,87,75,57,63,69,68,62,56,49,54,50,44,65,50,28,44,32,38,43
71,61,62,46,48,83,75,88,55,51,49,51,60,42,43,57,65,59,60,84,52,47,54,42,35,45
47,67,76,45,66,75,86,59,46,60,36,53,54,45,52,64,49,67,56,53,46,51,46,40,41,30
47,49,45,43,50,72,82,47,34,44,21,25,31,52,66,75,65,82,58,64,66,59,54,36,41,41
54,45,48,38,55,73,58,71,49,18,20,33,31,50,76,84,76,87,83,88,70,59,58,44,39,58
55,41,48,38,49,50,86,67,44,27,27,11,19,59,87,89,77,72,80,85,72,82,75,84,81,88
59,46,41,49,56,56,70,77,64,39,30,15,20,47,76,78,75,74,89,88,92,110,97,92,92,85
41,41,29,41,49,60,58,61,77,73,31,17,42,62,83,86,86,93,109,102,112,107,90,76,76,61
17,34,35,38,43,55,48,75,78,67,49,42,57,81,82,88,87,86,93,84,93,73,70,66,65,55
6,18,25,31,36,41,40,48,58,65,62,56,69,70,72,81,89,87,88,76,79,69,63,56,51,62
21,21,17,27,26,21,18,17,30,40,54,51,71,67,66,64,71,70,74,60,58,69,57,66,65,68
23,24,20,26,20,19,11,7,10,22,30,42,43,45,51,56,55,53,65,57,72,77,77,65,69,57
29,33,24,23,33,19,14,8,4,9,7,23,28,37,44,36,47,65,54,68,70,83,78,64,66,59
31,35,26,29,34,37,40,24,34,18,20,18,13,15,17,26,40,36,49,66,68,68,75,77,76,71
40,36,33,53,55,54,49,53,35,44,30,35,40,41,39,42,18,18,17,20,20,26,37,34,61,56
27,42,34,24,39,49,61,58,68,58,50,48,44,48,56,53,50,55,41,29,29,16,16,23,16,18
39,39,42,49,56,60,69,61,64,67,59,82,64,73,78,76,90,63,61,48,47,39,43,53,48,49
53,56,68,71,51,60,67,71,67,77,93,79,93,68,83,88,88,90,87,86,67,80,73,77,65,86
60,63,77,79,72,68,79,68,88,69,77,77,78,80,89,95,91,95,99,112,119,101,102,91,105,114
