166,163,165,171,143,151,158,175,159,180,165,170,184,164,169,185,189,188,184,199,193,189,196,203,202,169
157,167,164,178,154,167,182,175,164,177,164,160,157,163,179,162,192,184,188,198,184,195,193,192,205,201
178,190,174,172,164,164,170,159,175,159,171,156,160,165,165,166,173,190,181,187,177,194,197,198,201,207
161,164,175,179,159,181,186,174,159,171,164,161,157,166,181,166,171,182,188,188,193,183,184,205,205,211
181,177,164,162,178,176,173,175,176,158,166,160,164,162,164,169,194,194,183,198,191,184,181,197,192,191
176,165,164,168,170,182,188,184,166,169,174,170,185,172,185,175,184,167,172,189,201,204,188,191,207,211
164,166,181,174,182,158,192,174,172,172,159,158,170,170,178,178,161,189,193,190,188,202,203,200,207,214
180,157,178,194,184,192,167,173,157,155,191,165,173,168,191,187,186,170,180,197,204,198,209,213,202,211
175,181,162,178,183,178,174,170,156,166,191,183,168,177,190,177,166,192,173,174,196,201,200,212,204,201
172,164,174,171,162,181,159,177,175,175,170,191,175,183,175,156,178,172,190,183,199,191,188,203,206,210
162,171,173,165,187,166,176,162,186,168,163,173,169,158,168,172,182,180,169,177,202,195,194,208,205,209
176,185,178,178,185,182,172,167,156,181,182,160,177,166,163,162,177,171,178,186,189,196,204,204,202,195
178,172,192,193,182,160,176,158,167,165,160,180,164,175,170,163,179,176,185,185,187,205,205,206,207,205
164,171,161,180,185,190,185,167,168,171,174,178,179,169,182,186,180,189,204,199,189,200,205,193,205,193
168,173,174,167,185,174,179,171,155,175,173,172,173,154,178,181,182,175,200,184,196,209,196,215,189,206
173,165,173,172,173,176,184,177,160,174,181,167,168,167,188,162,169,209,164,189,202,186,207,198,212,197
190,190,180,163,190,193,181,174,145,193,178,177,192,166,173,174,164,190,187,178,198,197,189,209,203,208
161,202,162,168,166,183,155,183,181,166,175,191,193,162,182,200,191,189,186,181,179,199,209,185,180,201
179,176,169,167,183,195,164,165,168,183,180,201,185,170,172,169,173,174,188,186,186,198,200,212,192,210
185,200,196,171,176,173,188,182,197,190,189,176,165,167,185,180,192,187,180,198,194,175,204,203,192,211
178,201,181,198,184,177,197,188,178,198,190,183,187,193,177,190,198,178,181,166,197,196,197,198,186,199
186,196,192,201,203,172,198,181,188,182,175,192,195,172,191,187,187,203,187,179,199,181,191,146,199,200
193,194,195,185,173,186,186,181,176,186,181,176,196,174,188,182,183,181,184,193,197,183,151,102,157,191
194,194,206,182,174,177,204,181,166,187,177,185,195,200,171,167,207,195,195,161,185,181,202,186,199,194
159,157,159,142,194,174,188,201,189,203,194,184,163,167,189,181,178,171,193,189,190,168,203,156,171,199
123,152,162,156,172,164,186,195,193,165,182,201,194,170,185,171,168,179,160,163,193,180,189,184,195,178
109,134,140,147,163,164,164,176,183,172,162,182,165,168,188,171,162,163,148,149,148,151,161,148,157,163
76,104,127,143,139,156,166,162,158,174,154,185,175,151,173,128,163,164,164,162,138,170,119,132,167,141
52,75,117,127,135,132,161,145,171,157,150,157,151,162,159,163,155,163,147,152,126,127,115,104,116,114
39,43,80,87,104,122,124,146,133,141,145,162,143,145,169,148,150,171,127,123,103,116,89,84,93,88
