100,127,141,158,161,183,172,179,189,177,174,177,187,152,154,151,147,109,135,137,151,149,169,186,190,199
117,130,148,160,169,180,186,194,186,173,173,179,166,160,160,168,152,149,126,142,160,173,172,188,182,186
116,137,149,175,199,187,189,197,182,177,181,160,165,173,156,143,156,168,156,154,166,161,168,177,196,195
151,163,173,178,196,197,194,190,172,175,176,180,171,165,161,164,164,163,165,145,141,166,166,175,187,196
184,181,197,205,202,186,162,177,184,183,182,191,199,165,167,145,162,151,152,171,173,171,165,197,198,172
209,199,205,199,194,197,147,129,158,198,198,183,178,193,181,174,180,173,148,169,180,169,172,193,205,200
201,205,205,205,206,213,184,163,173,196,193,199,188,182,189,176,179,175,165,190,188,188,176,201,187,198
211,212,208,208,204,200,202,201,203,212,210,201,189,191,190,183,186,167,160,170,178,187,199,200,174,187
204,210,209,212,203,198,206,206,207,215,204,197,183,171,185,183,197,151,157,178,185,194,191,198,190,165
208,202,205,206,203,202,201,205,204,203,189,201,201,191,200,197,187,167,174,186,176,177,179,184,192,205
210,197,192,208,203,202,204,209,200,205,208,197,201,197,189,196,182,180,187,174,162,172,179,182,177,169
189,198,206,196,183,187,185,211,216,210,194,196,214,203,184,197,193,196,177,189,182,174,176,179,177,180
177,183,195,215,206,201,195,199,194,211,208,204,206,203,209,194,176,183,182,177,188,184,173,182,177,143
179,187,196,199,197,207,207,214,210,213,204,196,204,206,209,183,180,193,182,180,181,172,174,180,180,174
172,195,178,192,190,198,212,202,188,204,207,200,209,201,202,195,188,173,194,179,180,170,167,164,164,163
172,158,170,174,170,178,198,194,196,219,202,189,193,192,200,184,172,195,187,182,178,166,176,160,140,145
167,165,139,183,159,171,181,200,186,202,201,202,176,201,180,167,193,173,177,166,165,163,158,164,158,152
157,166,158,155,169,173,186,181,186,172,177,199,180,183,196,187,186,178,183,168,159,174,156,145,160,160
155,152,152,157,159,168,182,183,194,176,176,161,192,180,189,177,167,193,180,154,159,163,154,163,145,128
132,118,127,140,150,160,144,159,160,158,165,152,148,180,162,175,163,161,173,147,136,160,150,138,133,134
111,129,142,143,152,142,153,153,128,152,157,158,142,153,155,161,158,160,158,156,129,142,122,121,109,122
97,117,132,134,145,152,146,137,140,125,144,146,138,141,149,173,145,161,139,119,126,102,130,104,94,98
109,103,115,145,134,132,117,106,131,122,108,143,154,141,139,128,127,105,118,126,89,88,97,131,150,156
89,104,109,111,129,129,140,123,106,89,78,101,111,127,136,132,126,120,106,100,108,144,166,184,179,189
97,87,88,101,105,115,107,120,89,78,82,89,113,118,114,97,102,80,119,148,172,178,171,174,177,167
91,92,104,94,99,126,109,101,81,90,102,109,107,76,85,105,125,151,171,186,179,188,187,173,160,128
100,98,94,105,98,96,89,103,101,119,100,94,80,95,139,157,160,173,181,177,171,188,196,185,187,128
100,97,81,79,84,95,90,103,100,91,102,92,122,162,179,187,177,192,182,170,200,190,194,194,123,130
96,74,76,84,82,84,83,77,83,105,150,155,159,196,193,192,205,184,179,182,197,194,196,126,130,125
74,72,76,71,78,96,113,130,150,149,173,188,196,207,197,200,201,188,198,182,204,205,130,128,125,131
