12,11,7,5,9,20,25,25,25,31,25,25,25,128,128,129,128,128,128,128,128,128,128,128,128,128
10,14,15,27,21,24,20,25,33,28,35,24,27,128,128,127,128,128,128,128,128,128,128,128,128,128
26,24,37,27,32,14,24,26,12,29,28,32,135,130,128,127,128,128,128,128,128,128,128,128,128,128
13,24,32,32,27,24,23,22,8,26,32,28,124,120,135,126,128,128,128,128,128,128,128,128,128,128
12,23,27,35,28,31,24,24,21,22,29,127,136,133,125,128,128,128,128,128,128,128,128,128,128,128
22,21,28,34,36,27,27,30,25,35,40,127,125,125,128,129,128,128,128,128,128,128,128,128,128,128
5,14,21,41,34,34,26,33,36,33,123,131,129,129,133,128,128,128,128,128,128,128,128,128,128,128
11,18,33,30,35,28,38,39,40,36,131,128,126,128,127,127,128,128,128,128,128,128,128,128,128,128
7,31,34,33,34,36,31,43,45,49,125,128,132,131,125,129,128,128,128,128,128,128,128,128,128,128
21,34,35,33,37,19,40,27,47,128,133,125,126,125,128,127,128,128,128,128,128,128,128,128,128,128
27,29,36,35,33,42,36,44,43,122,128,132,126,131,128,131,128,128,128,128,128,128,128,128,128,128
31,39,43,36,42,34,33,42,132,127,126,126,127,133,125,126,128,128,128,128,128,128,128,128,128,128
36,39,47,33,29,42,42,39,123,130,129,128,131,122,125,129,128,128,128,128,128,128,128,128,128,128
27,38,41,38,36,39,46,129,128,133,124,125,130,132,131,128,128,128,128,128,128,128,128,128,128,128
39,41,39,31,39,51,130,127,129,122,132,130,122,128,125,130,128,128,128,128,128,128,128,128,128,128
33,45,42,39,49,53,124,130,129,126,129,125,130,127,129,128,128,128,128,128,128,128,128,128,128,128
39,42,47,42,50,130,127,129,128,128,128,128,128,128,128,128,128,128,128,128,128,128,128,128,128,128
37,38,42,40,49,128,127,127,128,128,128,128,128,128,128,128,128,128,128,128,128,128,128,128,128,128
34,42,41,44,128,131,127,132,128,128,128,128,128,128,128,128,128,128,128,128,128,128,128,128,128,128
47,46,45,47,125,128,130,125,128,128,128,128,128,128,128,128,128,128,128,128,128,128,128,128,128,128
35,52,45,130,126,129,127,129,128,128,128,128,128,128,128,128,128,128,128,128,128,128,128,128,128,128
48,39,131,124,134,133,126,126,128,128,128,128,128,128,128,128,128,128,128,128,128,128,128,128,128,128
37,40,124,128,120,129,132,128,128,128,128,128,128,128,128,128,128,128,128,128,128,128,128,128,128,128
46,128,124,134,129,127,128,128,128,128,128,128,128,128,128,128,128,128,128,128,128,128,128,128,128,128
128,128,128,128,128,128,128,128,128,128,128,128,128,128,128,128,128,128,128,128,128,128,128,128,128,128
128,128,128,128,128,128,128,128,128,128,128,128,128,128,128,128,128,128,128,128,128,128,128,128,128,128
128,128,128,128,128,128,128,128,128,128,128,128,128,128,128,128,128,128,128,128,128,128,128,128,128,128
128,128,128,128,128,128,128,128,128,128,128,128,128,128,128,128,128,128,128,128,128,128,128,128,128,128
128,128,128,128,128,128,128,128,128,128,128,128,128,128,128,128,128,128,128,128,128,128,128,128,128,128
128,128,128,128,128,128,128,128,128,128,128,128,128,128,128,128,128,128,128,128,128,128,128,128,128,128
