133,137,127,129,121,110,99,99,94,89,81,77,80,95,88,90,79,72,86,128,127,129,128,129,128,128
137,138,131,130,123,113,105,101,94,90,85,85,85,92,83,87,82,80,78,78,131,126,127,128,128,128
145,143,139,134,128,118,114,104,89,87,88,91,90,87,79,84,78,84,84,75,130,128,129,130,128,128
146,143,143,137,132,121,120,105,84,87,90,92,90,84,79,84,87,78,70,69,124,130,127,127,128,128
140,141,145,141,134,121,117,101,86,93,95,92,89,82,82,84,82,79,78,74,130,133,126,127,128,128
144,149,152,148,136,118,109,97,97,104,103,96,91,79,80,78,81,78,72,70,81,120,127,132,128,128
155,161,156,150,133,117,108,106,112,117,114,108,101,80,77,74,83,78,71,88,68,134,133,122,128,128
159,164,152,145,129,117,114,123,125,126,124,121,112,84,78,74,75,83,82,87,76,127,126,129,128,128
163,157,158,141,123,116,131,136,133,146,144,136,126,101,85,73,82,78,86,92,88,130,124,128,128,128
161,160,156,149,129,135,142,144,167,158,163,137,153,129,106,83,86,73,82,95,103,106,128,130,128,128
173,160,150,153,141,145,154,166,167,158,150,157,173,143,121,98,88,84,90,96,100,117,130,124,128,128
186,183,177,159,160,172,186,180,205,188,162,176,178,160,132,112,99,97,88,100,108,127,126,126,128,128
206,209,210,197,200,206,212,203,205,181,182,179,192,205,150,114,112,115,99,103,123,130,132,130,128,128
222,220,219,231,227,224,220,226,229,208,193,196,191,222,172,128,124,127,127,121,125,145,123,126,128,128
222,228,225,228,227,234,229,229,228,225,195,218,190,216,191,140,142,142,151,173,159,163,137,126,128,128
225,225,228,227,236,232,232,231,234,227,210,203,184,216,212,157,152,185,184,220,217,190,208,128,128,128
222,226,232,230,235,229,232,235,229,235,227,219,205,214,214,155,158,208,221,229,227,220,225,127,128,128
221,225,225,229,236,241,235,228,235,222,229,233,228,227,201,157,171,217,230,233,233,230,237,128,128,128
211,219,223,230,224,228,230,239,228,238,228,233,231,230,236,201,169,229,236,228,243,242,237,128,128,128
188,205,207,199,200,225,230,217,225,219,220,230,237,237,233,228,224,222,228,237,240,239,243,129,128,128
176,170,173,176,187,199,216,221,211,216,213,205,211,228,237,241,234,231,236,235,240,248,240,128,128,128
170,177,193,185,173,165,179,184,172,166,148,153,150,145,179,210,229,230,230,234,246,237,245,241,128,128
139,145,173,192,179,157,153,156,152,140,142,133,131,136,131,145,150,168,210,228,231,239,245,247,128,128
117,128,144,155,142,144,144,142,142,140,133,127,121,118,125,131,143,142,148,145,175,228,234,233,128,128
103,108,120,117,114,121,122,118,130,128,134,127,114,113,117,124,140,145,130,148,145,165,218,228,125,125
91,88,95,100,97,98,97,103,114,128,126,112,117,124,117,118,126,134,137,128,134,141,160,174,133,129
79,93,96,91,83,94,91,93,103,115,116,110,117,119,110,113,119,124,133,132,142,150,162,157,127,124
72,74,69,78,79,90,79,86,105,101,109,113,113,118,121,124,132,130,136,135,158,187,166,177,128,132
70,73,70,77,75,85,80,93,99,101,113,117,118,126,129,129,141,147,161,180,168,178,193,183,123,132
54,64,66,66,66,85,88,95,97,108,117,121,130,135,146,175,187,181,191,185,193,201,208,212,134,124
