158,169,162,141,127,133,113,119,131,117,125,112,102,93,105,158,157,123,108,100,87,44,44,31,38,55
140,151,153,136,125,118,120,117,123,115,119,127,105,106,101,132,123,125,74,52,29,13,0,10,9,6
138,158,144,136,138,112,115,119,120,117,129,111,115,109,94,91,117,84,74,42,26,16,15,9,10,22
127,140,125,109,143,116,121,138,130,147,126,121,114,127,98,98,75,79,65,40,31,14,14,19,13,17
134,137,118,138,123,133,127,113,131,123,133,132,110,122,102,101,93,78,47,38,25,20,19,16,22,24
140,128,146,140,119,129,123,132,119,129,150,113,131,106,105,97,100,86,52,49,36,35,36,28,20,25
131,130,124,126,112,145,135,132,128,118,132,134,127,120,104,104,99,87,87,47,54,55,47,30,24,40
127,113,128,134,126,119,134,141,149,125,135,115,129,127,108,86,95,98,78,75,59,58,53,41,37,43
107,128,119,124,126,143,138,136,143,122,135,111,119,122,106,85,100,90,70,78,59,48,41,36,48,42
104,121,127,132,138,138,153,136,130,127,138,131,112,121,106,90,81,91,87,61,38,43,45,40,38,27
115,132,129,134,133,141,142,141,117,122,121,120,101,105,74,88,62,81,83,82,50,40,34,45,40,52
113,123,115,144,122,111,138,160,123,124,116,105,104,98,84,76,67,70,63,60,42,38,41,42,45,53
122,115,109,111,127,149,129,147,115,117,106,91,89,96,73,66,80,48,42,47,60,52,43,37,44,39
121,124,112,116,122,134,113,114,98,106,88,77,61,98,82,74,76,58,44,43,55,57,36,44,39,38
127,103,108,105,111,117,100,75,99,99,103,69,64,57,54,46,48,55,40,46,73,61,56,55,56,38
115,107,100,108,99,83,80,97,79,74,60,65,48,79,40,47,50,57,55,73,57,58,52,59,53,46
102,92,88,92,89,51,66,92,84,70,56,50,41,73,56,50,51,66,58,59,37,71,51,65,58,42
80,74,53,72,78,58,70,77,77,50,61,39,35,36,36,55,67,64,62,86,82,63,64,56,59,46
86,63,64,51,64,50,55,93,90,57,45,29,23,33,47,47,72,91,78,77,84,90,80,68,69,65
59,47,44,43,43,47,53,73,72,65,40,27,16,14,16,59,98,91,68,81,69,75,85,94,88,87
63,52,64,60,56,53,64,56,70,72,57,27,33,23,20,42,68,77,80,83,78,96,88,94,88,90
52,53,57,69,56,53,59,57,66,65,85,47,38,18,22,60,81,76,91,95,111,91,94,86,81,71
54,43,54,73,61,45,54,52,59,59,79,70,37,24,52,65,94,84,81,76,94,77,96,71,63,72
56,37,39,52,63,52,52,65,52,56,75,74,71,54,51,73,84,86,83,83,79,76,66,76,65,66
51,56,26,20,47,44,43,53,50,47,58,69,62,58,77,63,74,70,71,73,84,65,58,61,66,75
83,73,27,13,35,37,38,43,31,31,32,39,43,51,58,62,57,57,51,61,57,60,62,75,70,53
73,57,30,41,28,31,31,24,27,16,13,29,23,45,41,44,38,40,40,60,52,55,72,80,58,65
81,53,46,23,34,23,15,26,9,11,8,4,19,16,31,21,32,27,32,49,56,49,69,92,71,59
85,70,36,38,37,24,27,22,14,6,4,2,9,12,13,33,37,34,25,33,21,44,39,60,69,49
51,47,55,43,29,38,36,23,27,27,29,18,15,22,51,42,47,34,28,26,22,28,24,19,27,22
