200,203,208,213,212,206,224,220,228,235,237,235,235,236,237,240,238,237,244,237,240,240,127,125,128,128
212,178,172,205,213,214,219,228,231,233,235,239,237,231,232,241,244,235,234,235,239,242,125,134,128,128
197,166,118,180,210,207,237,216,233,232,232,234,235,232,233,241,235,237,240,239,237,126,131,120,128,128
203,198,209,206,207,214,228,230,228,235,236,233,235,236,233,230,239,234,232,238,236,128,129,130,128,128
195,191,210,211,218,221,220,222,228,235,232,225,227,232,231,227,237,242,235,231,235,128,125,126,128,128
201,216,208,218,220,228,233,219,228,232,232,231,234,236,234,234,237,230,234,240,232,126,132,127,128,128
203,214,209,218,213,224,222,227,228,236,225,231,234,231,238,224,228,230,235,231,128,129,128,127,128,128
188,200,213,222,224,227,222,225,229,234,233,231,223,218,228,236,234,242,231,224,130,130,129,130,128,128
193,202,195,205,215,210,226,224,224,224,231,231,232,235,233,236,233,231,232,233,132,122,127,126,128,128
189,195,208,214,221,219,218,223,233,235,235,225,226,236,237,235,234,234,231,221,126,134,128,130,128,128
193,208,201,212,209,202,219,223,228,233,230,229,233,236,233,220,232,230,235,133,126,125,131,123,128,128
205,205,214,216,218,224,215,223,230,223,214,220,229,231,235,231,232,230,233,123,122,136,129,127,128,128
198,198,204,207,221,225,224,222,218,219,228,231,229,224,221,227,224,211,228,133,127,127,127,125,128,128
205,201,220,203,213,217,216,225,221,216,229,226,228,232,216,217,221,213,218,124,130,128,128,130,128,128
205,208,206,227,210,228,216,220,226,222,234,230,221,215,233,228,224,221,131,129,127,128,127,131,128,128
184,202,202,232,228,216,214,223,227,225,213,226,212,219,219,224,226,229,121,129,132,125,132,126,128,128
183,215,204,200,222,223,222,227,224,227,221,228,230,228,221,216,219,217,135,131,124,127,133,125,128,128
147,186,208,222,225,221,234,224,224,215,199,223,219,224,217,224,214,210,130,116,133,129,130,127,128,128
147,186,192,216,227,218,225,210,225,216,214,209,207,209,222,211,220,132,129,131,131,127,119,133,128,128
138,169,204,217,219,228,216,227,189,210,215,226,192,212,217,213,219,129,129,126,127,129,131,124,128,128
168,150,204,226,214,229,221,224,222,219,223,232,215,201,209,219,232,125,124,131,128,129,127,130,128,128
138,178,195,211,226,224,228,222,226,219,208,206,221,223,222,209,127,128,130,126,128,128,127,128,128,128
157,179,188,204,210,230,227,224,224,222,224,216,207,209,212,215,128,128,128,128,128,128,128,128,128,128
143,165,170,213,207,222,231,221,225,220,213,208,216,208,218,213,128,128,128,128,128,128,128,128,128,128
137,177,177,211,209,218,203,219,224,214,218,208,205,216,210,127,128,128,128,128,128,128,128,128,128,128
129,179,185,219,205,210,217,218,208,221,227,211,213,214,227,129,128,128,128,128,128,128,128,128,128,128
124,156,193,205,202,218,211,227,230,208,211,218,221,199,209,130,128,128,128,128,128,128,128,128,128,128
122,158,182,194,209,204,203,218,221,220,218,217,214,209,126,121,128,128,128,128,128,128,128,128,128,128
131,148,194,204,202,208,212,212,223,220,216,214,208,217,129,132,128,128,128,128,128,128,128,128,128,128
128,172,204,211,211,210,220,216,226,232,212,206,206,128,127,126,128,128,128,128,128,128,128,128,128,128
