234,238,241,234,246,243,233,238,237,244,233,229,233,230,235,207,187,84,44,32,25,19,21,20,243,136
220,203,238,245,236,237,238,236,236,228,239,237,235,235,232,219,188,114,55,39,25,20,22,53,252,126
60,87,102,209,224,243,244,235,238,241,236,226,241,237,227,229,207,134,60,32,29,15,22,182,253,130
35,52,47,68,89,149,222,240,244,234,233,245,232,225,242,220,226,154,71,35,22,16,44,233,253,130
12,13,22,33,44,49,82,181,180,230,229,235,239,240,233,234,220,184,73,31,27,12,44,248,252,130
73,54,29,21,11,19,42,79,139,128,126,224,248,239,232,240,220,171,63,40,33,17,182,254,252,129
123,82,97,112,102,59,25,16,12,81,138,142,138,233,235,230,219,165,53,24,27,25,246,252,252,129
118,115,97,119,133,135,175,197,95,20,24,114,168,148,236,234,213,138,48,27,25,33,251,255,252,130
80,106,104,120,149,204,240,246,254,245,105,18,55,142,139,230,215,129,35,19,29,83,255,247,253,130
64,116,121,143,224,238,246,247,249,252,255,215,17,73,150,192,216,128,34,22,20,232,252,255,253,130
108,135,134,209,227,250,250,251,253,255,251,255,136,6,123,99,184,125,19,20,9,120,246,250,254,126
129,163,191,221,226,239,255,255,255,248,251,255,255,30,41,82,120,57,12,16,25,149,234,252,248,133
104,65,175,207,236,254,250,248,249,254,255,250,251,173,16,59,85,30,15,36,147,231,192,237,156,122
59,51,144,213,239,247,247,253,249,253,240,255,248,248,20,58,78,104,107,208,226,221,142,90,111,126
47,44,170,211,224,245,252,247,252,242,255,251,245,245,33,47,68,119,179,219,219,217,148,99,128,132
41,52,80,209,221,247,243,250,243,247,254,241,247,249,51,50,67,112,174,215,229,202,135,116,148,128
41,40,44,206,221,227,246,223,228,244,244,248,246,250,129,27,67,117,177,210,235,123,123,147,185,132
41,39,59,118,149,214,248,223,238,233,237,244,243,244,149,36,65,127,192,216,219,103,127,158,198,127
34,44,87,136,130,174,207,227,250,253,224,237,237,243,141,31,74,143,200,216,209,93,152,188,209,124
60,60,97,54,105,201,216,191,182,230,237,240,236,213,68,49,80,134,210,222,144,183,180,205,227,129
47,70,48,59,50,131,155,162,211,234,231,239,248,252,36,46,91,156,214,201,222,203,192,227,240,131
34,41,51,188,105,60,37,45,140,214,232,237,239,212,24,50,107,157,52,192,222,192,206,207,239,128
43,46,55,60,50,41,35,41,101,222,217,219,251,129,21,49,150,194,62,207,212,202,177,202,231,126
36,26,46,48,28,22,35,38,144,216,223,233,246,110,16,79,203,207,100,183,196,194,172,202,228,128
31,24,26,29,35,41,33,43,173,202,201,238,156,52,23,120,232,207,129,158,199,196,174,209,227,129
41,126,233,49,38,42,34,50,129,138,220,232,87,41,26,189,226,220,139,147,212,203,207,215,226,129
77,31,34,39,39,41,46,47,54,41,178,132,70,14,43,204,227,227,177,155,202,219,214,206,214,126
38,31,36,33,37,41,50,48,44,80,149,121,63,4,79,236,231,228,202,115,141,186,188,205,201,129
43,38,35,41,44,34,40,44,51,153,121,107,35,17,155,236,234,227,216,55,84,112,141,139,173,130
25,27,34,40,41,40,43,44,141,112,123,111,5,43,229,240,227,237,228,62,56,83,113,116,137,128
