35,37,35,40,37,39,33,34,39,47,53,42,43,51,46,42,44,40,38,38,42,48,51,45,41,46
37,36,34,32,32,33,29,33,37,42,50,44,41,39,44,44,41,38,35,36,34,42,39,38,38,37
34,31,33,28,33,32,30,33,33,32,39,38,33,27,35,33,27,30,30,30,20,27,43,41,34,31
18,14,15,14,22,20,21,22,19,17,18,17,12,17,21,20,21,25,27,25,23,27,16,21,23,32
25,25,21,23,29,29,33,34,33,34,32,28,20,35,31,34,41,34,32,36,36,37,40,38,41,52
42,45,38,36,41,40,46,48,49,52,48,43,46,56,48,51,63,56,56,74,60,78,88,108,114,129
63,62,58,54,58,53,60,62,62,63,57,57,60,62,64,58,72,85,87,110,93,115,131,166,192,189
70,67,74,72,69,60,67,71,70,67,61,66,81,81,97,76,81,110,102,115,124,131,165,195,173,217
88,83,79,86,86,76,88,91,81,89,80,85,80,86,75,91,85,106,112,109,161,144,197,202,193,211
107,96,77,97,103,78,79,85,93,97,83,72,87,90,91,96,97,105,111,104,158,170,158,198,195,185
99,74,81,84,86,74,79,80,85,80,82,77,75,76,84,82,87,93,97,95,129,114,127,153,158,137
69,66,74,73,70,69,70,72,74,70,78,72,78,76,76,72,68,81,82,89,103,79,90,121,114,114
57,65,68,67,57,66,61,66,62,63,64,54,53,57,63,65,66,80,79,87,99,78,86,94,90,95
60,57,58,63,44,61,60,63,54,55,54,49,59,57,56,47,52,59,68,77,80,74,87,92,92,88
57,63,50,65,51,54,50,48,48,47,43,38,35,46,49,55,61,62,63,65,82,68,91,92,76,98
55,56,65,56,53,47,39,27,26,16,15,17,21,35,24,40,37,51,51,60,68,70,80,82,102,85
62,50,50,42,45,42,32,30,24,14,16,15,16,18,22,31,33,28,48,43,51,54,53,69,66,77
45,39,52,44,36,35,33,28,30,17,21,15,22,17,21,22,19,36,37,44,53,43,55,51,58,60
51,45,46,49,40,39,36,32,31,22,22,16,20,14,23,23,23,39,33,46,51,67,57,70,62,66
60,54,54,45,44,41,28,32,20,21,13,15,14,12,22,26,35,30,33,41,46,64,61,75,77,66
70,53,45,43,43,37,27,36,24,24,15,23,21,21,28,28,38,38,39,41,52,52,63,74,79,81
67,56,44,48,46,38,42,43,43,34,30,34,38,39,48,46,51,74,63,64,59,73,71,80,81,95
54,64,68,58,55,48,55,46,49,42,41,44,55,57,67,68,68,91,96,102,72,96,93,82,106,93
72,70,66,76,67,64,63,52,48,54,54,60,67,67,69,73,71,74,115,129,105,113,113,109,133,115
71,69,73,76,78,64,62,67,62,66,61,71,87,79,80,95,91,104,138,140,131,124,132,120,136,146
87,97,88,87,66,68,75,69,73,64,81,79,92,101,95,101,121,139,134,141,167,167,155,157,161,167
94,107,102,91,95,87,89,73,83,76,87,78,121,108,90,127,121,154,140,162,148,178,171,156,118,159
97,100,98,80,107,80,91,100,97,92,90,120,102,101,106,153,143,154,172,164,167,179,176,171,133,170
117,113,105,84,109,102,102,102,97,115,99,101,131,114,132,159,141,159,135,189,180,176,180,188,189,192
133,127,122,96,113,121,120,129,115,109,124,135,111,130,146,141,156,157,158,181,182,173,197,192,203,204
