90,101,76,80,68,70,79,74,65,73,72,85,91,80,85,83,72,45,46,32,50,38,40,37,38,36
103,103,90,88,73,83,73,70,67,69,63,70,75,68,72,47,51,38,45,33,27,35,33,30,36,30
108,95,94,78,84,76,70,63,66,60,56,58,60,56,41,36,37,25,27,27,27,25,27,24,34,24
100,111,95,68,70,82,60,45,45,35,38,41,39,35,28,25,21,17,14,15,20,26,26,22,27,15
105,99,87,86,68,68,59,40,34,20,24,26,24,23,25,11,21,13,13,27,16,31,34,29,29,26
113,113,90,78,64,68,50,37,26,13,9,7,8,12,21,21,33,34,36,42,38,47,39,36,38,40
121,121,78,78,69,70,51,47,33,28,21,16,18,23,29,31,37,60,63,44,56,67,57,64,73,65
83,80,83,77,68,67,50,50,36,40,35,31,31,35,32,34,46,49,59,61,62,62,55,73,93,74
84,82,90,76,67,68,62,55,54,44,51,34,34,36,43,42,46,48,59,56,62,65,66,67,81,97
104,78,82,69,72,68,68,70,71,61,56,52,50,42,43,43,52,55,54,61,51,62,65,63,78,97
104,83,74,80,80,80,77,74,82,74,67,54,60,61,55,53,49,52,49,55,48,57,58,67,58,84
95,89,81,81,77,84,82,90,86,78,79,85,77,65,56,61,50,60,68,56,58,46,55,54,65,67
108,95,104,81,87,92,88,96,81,100,93,92,67,81,82,83,65,69,72,63,68,59,52,51,68,57
92,79,93,87,94,96,91,104,95,85,88,86,75,77,83,89,87,93,80,85,68,74,64,70,61,53
87,77,83,99,101,101,115,101,95,84,96,84,83,75,74,80,82,87,74,89,77,92,79,74,69,55
107,86,88,91,95,92,102,109,108,105,78,85,82,75,70,78,78,80,74,73,69,72,62,69,58,65
81,87,83,99,95,99,105,100,106,91,82,85,89,76,73,68,70,69,66,66,68,63,69,64,62,60
97,91,101,102,102,112,106,98,102,98,100,95,85,73,81,72,73,60,66,57,62,56,60,46,50,54
100,94,93,117,105,114,109,100,99,96,102,98,85,75,78,78,65,69,62,71,64,68,57,60,52,46
93,93,88,85,95,103,102,98,98,90,88,95,90,80,82,83,77,74,75,73,68,69,66,57,55,61
93,73,98,84,84,110,93,87,93,91,83,93,94,83,84,87,82,79,78,75,69,70,76,64,60,74
94,93,93,79,81,100,99,86,88,91,84,90,90,86,81,84,75,82,74,81,73,77,64,77,66,65
97,77,91,92,99,94,100,95,87,87,84,88,82,89,87,79,82,73,81,73,78,71,49,59,60,62
99,94,89,100,89,92,87,100,91,83,85,89,78,90,85,77,75,76,77,77,76,67,59,65,55,66
127,102,102,90,84,89,96,89,94,86,92,89,91,84,77,79,82,80,67,79,84,72,74,75,76,85
127,130,95,98,94,86,93,96,89,95,88,94,95,94,83,75,73,78,79,84,75,77,75,93,84,89
125,131,89,102,91,96,89,85,106,93,96,93,85,88,88,87,69,85,91,84,83,84,77,86,87,103
130,124,132,95,105,98,97,101,95,97,88,88,88,94,89,73,81,82,68,81,83,82,90,95,105,115
127,130,130,127,102,106,103,98,109,106,102,105,88,103,88,108,87,80,86,86,89,107,97,121,128,114
125,120,130,122,130,95,117,110,103,99,113,91,108,113,103,87,96,85,75,96,94,113,104,120,130,118
