130,116,110,125,137,146,155,161,161,157,159,165,153,146,159,164,184,182,187,193,157,159,163,154,144,140
117,126,127,141,145,154,159,161,164,162,159,163,165,168,166,172,181,197,200,214,193,180,169,153,143,141
129,129,133,136,147,154,157,168,168,169,164,169,170,166,164,171,197,201,204,209,189,190,174,166,152,145
130,133,138,143,145,151,156,166,169,170,170,175,175,179,183,192,212,214,210,212,204,201,187,163,149,133
129,131,134,136,145,151,160,167,175,174,177,182,180,190,196,204,214,217,211,211,211,205,190,167,152,130
122,128,134,138,140,145,157,162,173,169,173,177,178,194,203,214,219,228,225,226,213,201,172,156,138,131
109,120,131,138,138,142,153,157,167,165,171,177,174,193,205,216,219,227,224,222,223,208,176,156,133,120
102,111,120,126,138,142,149,155,164,168,176,186,190,203,214,221,223,230,231,228,223,196,162,136,128,114
99,108,116,121,131,138,144,154,162,170,178,190,194,201,212,216,224,231,236,233,214,187,155,135,131,113
92,102,113,121,129,138,145,161,167,176,181,193,205,210,223,226,233,233,234,226,209,186,149,134,120,112
89,98,100,118,119,134,146,155,161,165,178,196,212,214,217,225,229,232,236,232,212,184,153,136,120,111
87,99,100,110,118,132,140,144,156,169,181,192,209,213,217,227,232,234,233,222,213,180,146,133,120,105
87,91,94,105,120,133,145,156,164,169,181,200,209,219,225,230,230,232,235,228,219,191,154,137,127,111
86,86,93,106,118,131,142,150,154,158,174,197,207,215,222,227,225,225,230,227,218,203,165,138,130,121
82,90,100,106,118,140,151,151,159,172,183,189,214,216,221,233,237,235,234,226,218,211,174,142,137,132
79,91,101,103,115,135,148,152,160,171,182,193,210,212,216,226,230,230,231,224,222,213,178,153,148,140
83,88,99,106,130,137,144,154,163,171,189,214,212,220,225,229,229,233,238,232,220,210,180,158,150,140
91,91,100,115,131,140,150,165,182,191,198,207,213,224,230,233,236,243,243,227,219,213,187,164,151,140
85,97,107,121,134,146,159,171,186,195,197,210,220,217,221,231,245,240,240,232,232,216,206,178,162,159
91,100,111,126,142,150,163,177,194,205,205,211,220,224,234,243,253,247,252,250,229,225,215,200,170,155
89,109,127,138,149,156,174,186,200,208,208,209,218,226,237,247,253,247,252,251,240,227,219,189,180,149
105,122,136,143,157,169,194,202,207,209,212,212,221,227,236,248,254,251,252,248,242,235,221,203,191,178
122,127,138,150,158,174,203,207,210,208,212,211,220,227,235,249,255,255,253,249,241,238,233,218,200,193
124,134,147,153,160,175,202,203,212,211,213,211,218,229,237,251,252,252,251,249,250,238,241,222,212,189
133,144,154,151,169,185,206,202,215,214,216,216,218,231,239,253,252,253,252,251,250,246,240,242,226,207
138,141,156,165,172,189,207,198,210,206,210,214,213,224,230,247,250,255,252,250,246,245,243,230,233,208
144,150,154,162,173,186,199,206,207,206,206,207,218,223,226,244,255,255,255,249,252,239,238,249,248,230
151,158,157,163,167,190,204,206,206,198,192,196,212,225,235,249,253,250,255,255,247,246,246,247,249,244
153,156,153,159,169,186,207,209,198,196,200,197,205,215,227,242,250,250,252,251,251,248,246,247,251,250
158,157,155,165,171,192,196,192,198,201,203,215,207,212,220,236,249,255,255,251,251,247,245,248,252,252
