127,126,131,127,129,131,125,129,59,58,75,68,65,59,73,66,76,67,69,74,69,77,79,70,68,74
130,129,122,131,127,127,124,55,80,83,89,81,68,67,73,69,80,76,78,69,76,83,70,70,79,63
127,130,128,129,127,130,134,78,81,95,85,88,63,79,71,74,80,89,82,87,74,79,91,84,74,76
130,129,129,123,127,127,120,84,77,91,84,81,74,88,83,83,92,92,78,97,80,85,88,69,89,86
126,127,128,130,132,133,131,93,86,86,90,67,89,83,94,86,94,84,98,85,94,92,92,107,100,83
130,128,132,125,125,120,98,98,95,90,83,69,85,86,91,88,104,86,76,89,81,100,86,99,87,100
132,123,129,125,134,132,81,97,100,95,77,84,83,96,91,96,96,81,95,96,105,84,111,96,98,100
128,128,127,132,122,129,103,90,99,88,80,84,90,92,92,94,109,100,96,92,98,95,100,102,106,93
128,127,129,131,125,130,98,101,101,99,88,84,92,88,95,104,97,102,103,100,107,103,111,111,105,104
131,130,125,127,127,108,107,113,102,104,102,102,95,106,95,107,102,115,109,105,112,108,113,125,110,106
128,129,126,129,129,102,109,115,114,104,110,101,112,109,107,100,108,103,112,122,114,120,134,126,107,107
125,127,129,130,127,114,105,109,89,103,111,123,116,110,122,115,120,114,114,120,127,128,132,124,117,137
129,129,128,128,125,113,104,109,99,105,103,102,101,112,132,121,115,119,130,134,142,132,132,120,125,129
128,130,127,130,129,100,105,110,103,110,141,112,112,115,126,119,105,119,144,149,140,131,137,126,143,125
126,129,129,130,125,102,101,109,110,101,119,111,110,125,115,121,115,147,139,133,135,131,124,139,134,134
128,129,129,123,110,116,96,110,123,100,117,118,130,116,121,133,120,145,132,138,135,146,129,131,132,131
127,128,128,130,112,103,101,112,119,125,108,124,126,124,142,117,141,130,142,136,132,110,121,114,113,124
126,129,134,120,112,121,131,120,128,119,130,125,131,147,142,133,124,126,119,100,95,119,109,123,119,115
133,123,122,133,110,115,116,115,130,129,126,127,131,127,145,135,122,94,72,82,102,94,92,117,103,100
125,132,131,130,103,114,118,121,134,119,136,118,126,132,120,114,75,81,63,70,66,86,93,97,103,95
131,124,128,122,135,119,119,117,105,125,121,112,109,89,97,66,59,52,58,61,65,79,62,65,62,69
126,130,129,114,132,125,119,107,128,108,125,89,75,70,45,59,43,49,63,49,63,47,45,57,71,69
128,130,126,123,114,112,118,135,116,88,61,53,52,38,33,34,41,44,26,35,40,41,44,53,46,43
128,129,127,112,118,128,126,102,53,53,40,33,33,33,32,27,28,23,37,25,23,35,32,19,20,31
123,140,120,112,129,122,83,48,47,35,32,31,33,13,22,21,20,25,27,24,22,22,22,20,22,23
128,120,134,138,132,63,47,42,32,30,32,27,28,20,25,21,17,18,18,17,16,16,16,16,17,19
132,126,128,112,68,33,32,29,28,25,26,19,20,19,15,10,16,13,11,12,12,11,11,13,11,13
128,129,128,101,46,44,29,19,22,17,18,17,19,22,16,21,15,13,11,10,10,10,10,10,8,10
130,125,130,69,37,33,30,27,24,23,25,19,18,18,11,18,12,14,13,10,8,9,9,7,8,8
128,130,129,60,47,43,42,34,26,31,31,25,35,40,33,28,19,20,20,16,13,12,11,10,10,6
