18,16,23,21,27,23,25,26,29,37,43,48,57,67,77,87,107,93,84,102,92,96,101,82,113,127
32,30,33,36,34,44,40,50,42,49,52,55,66,82,99,112,110,119,116,109,117,118,120,118,106,125
25,33,35,37,32,43,46,46,59,54,66,74,73,87,89,108,113,111,108,118,114,114,117,118,120,125
26,30,28,32,38,43,41,44,52,51,60,69,71,87,93,105,110,114,115,127,125,125,125,125,123,126
10,11,9,10,21,22,26,35,43,42,45,53,61,80,92,99,107,115,118,127,123,122,120,119,128,129
23,23,28,23,20,11,14,15,25,28,32,42,49,62,81,90,96,108,110,118,116,119,121,121,129,129
39,36,47,46,41,35,35,21,13,16,23,34,39,45,64,76,91,105,107,115,115,120,122,126,125,127
22,23,44,62,69,70,61,38,38,20,14,17,29,38,51,58,80,97,101,111,114,117,117,121,124,127
7,8,12,25,42,65,83,96,81,51,32,15,20,30,39,46,59,79,87,103,112,115,115,121,126,128
6,16,6,2,1,9,30,68,105,83,70,34,19,20,29,43,55,75,84,102,111,114,112,119,128,128
4,36,60,35,20,4,1,9,18,33,58,57,42,27,34,38,45,67,84,90,110,113,116,121,127,128
13,25,87,109,74,40,30,6,7,25,46,65,59,32,41,36,44,57,80,95,110,112,119,122,127,127
83,17,55,115,117,134,57,31,5,0,20,34,46,62,47,44,51,53,75,96,110,114,121,121,130,127
33,51,110,115,132,227,109,85,32,9,4,24,38,52,49,60,61,73,92,101,104,108,119,126,136,128
85,114,113,179,190,187,121,112,61,13,10,3,9,31,50,58,60,82,91,94,103,115,121,128,142,129
29,58,109,194,203,224,154,137,101,44,63,26,22,27,29,53,80,103,107,106,114,123,120,124,145,130
4,27,117,178,198,201,131,108,85,26,76,99,47,40,57,60,61,87,105,114,110,114,122,139,145,128
7,33,120,129,205,161,138,111,47,37,53,67,64,109,59,77,83,86,99,120,118,121,124,132,143,126
24,94,118,135,188,123,108,59,40,68,76,67,95,106,104,96,100,106,108,116,118,128,140,136,142,127
98,110,116,139,121,113,55,45,60,69,91,84,105,104,113,98,113,109,110,111,122,126,144,138,147,131
101,110,113,107,74,46,54,45,78,100,98,108,118,118,102,116,112,114,115,124,123,127,136,139,149,131
66,51,45,46,54,46,64,54,75,82,95,109,115,112,112,119,115,113,129,126,140,126,139,138,146,129
37,40,36,46,46,78,101,92,97,103,110,118,115,114,113,117,121,116,114,128,132,138,133,139,145,129
36,29,57,62,51,92,100,100,93,112,105,114,113,123,112,125,123,115,121,122,137,135,136,142,147,131
42,40,42,88,74,71,90,103,109,106,118,114,114,116,126,115,123,126,126,139,135,145,135,150,144,129
49,52,52,60,87,84,96,102,107,116,115,116,119,127,124,124,124,124,121,130,132,142,132,144,138,126
45,52,60,70,91,97,109,101,110,112,113,114,117,123,128,131,137,123,125,135,126,131,148,142,148,127
54,61,69,75,85,93,109,115,111,113,115,115,116,120,124,126,134,124,119,138,135,145,126,151,150,128
47,53,64,75,82,95,101,111,111,114,116,116,116,118,122,124,116,130,119,129,150,148,152,152,153,129
59,67,77,88,89,105,100,107,111,114,117,117,117,120,124,126,132,123,127,142,139,146,141,147,154,130
