16,18,15,17,22,30,29,30,33,25,23,21,19,15,11,11,15,18,26,16,13,22,19,17,22,16
7,4,5,14,3,0,6,6,3,2,5,1,5,9,10,14,19,17,19,24,48,61,78,87,84,110
0,5,0,1,5,3,0,6,0,9,11,15,24,31,45,74,116,122,141,163,161,155,201,161,164,164
12,0,8,2,0,1,12,13,11,16,17,17,30,119,109,118,120,138,127,121,125,109,254,245,203,230
8,1,1,10,14,27,38,19,24,30,44,30,23,97,104,117,129,135,120,81,157,96,151,253,246,255
2,5,25,50,61,80,73,27,21,22,28,42,42,83,82,153,149,48,30,43,69,86,119,228,249,180
7,30,71,71,47,55,42,9,6,9,19,41,69,84,40,132,34,16,24,56,195,77,23,31,38,24
27,68,81,60,28,34,25,9,1,0,23,41,59,69,38,87,19,18,19,53,238,99,39,28,50,48
80,77,79,49,28,22,14,7,1,1,15,26,36,30,36,18,3,22,33,52,39,34,58,67,43,39
89,85,69,38,34,21,15,9,3,2,9,26,25,37,26,25,31,16,31,41,40,41,34,44,38,106
90,75,41,32,23,6,0,4,5,3,10,7,7,12,18,21,22,22,34,30,44,19,28,33,40,65
80,48,30,20,17,10,3,1,0,3,0,0,1,3,3,5,11,19,29,34,39,20,25,36,28,90
50,23,19,14,16,14,9,4,0,4,0,1,3,3,0,0,7,17,23,42,34,45,24,24,21,73
29,24,22,23,23,14,10,9,3,2,3,1,2,4,2,0,1,6,11,22,32,27,44,22,27,41
20,21,28,29,23,10,6,6,1,1,4,1,2,5,4,1,1,4,14,30,35,36,67,80,18,25
49,43,26,24,18,6,4,2,0,6,7,5,7,10,8,5,10,19,17,53,65,59,51,60,17,34
48,27,24,29,24,10,6,4,0,7,5,4,6,10,9,9,16,27,33,49,21,43,17,40,23,36
66,33,29,44,41,18,8,8,0,1,6,2,4,10,13,13,19,28,37,38,24,29,39,38,26,53
67,33,15,27,36,27,11,5,6,4,2,7,8,7,12,19,24,29,43,62,83,99,80,24,20,35
48,33,22,11,8,13,11,3,0,0,3,5,5,7,12,16,22,30,38,41,25,22,15,6,17,26
51,34,23,11,4,6,6,6,6,4,4,3,4,7,11,13,20,32,34,42,22,12,3,13,25,30
55,37,20,14,8,4,3,5,7,5,3,2,4,9,11,10,19,35,33,28,11,9,9,14,19,19
59,36,25,11,4,8,10,7,4,2,2,1,4,9,10,8,17,34,30,16,6,6,13,11,18,20
73,42,24,15,9,10,11,11,7,1,0,1,3,7,10,10,17,29,20,11,13,11,16,11,17,15
79,59,21,18,14,9,5,6,6,2,1,2,2,5,12,16,19,23,27,14,12,13,18,23,21,14
78,70,34,19,13,16,11,2,3,10,3,4,2,4,14,22,21,19,15,12,16,21,12,17,18,24
57,73,35,29,18,26,15,8,7,6,5,0,1,10,19,21,22,25,26,19,21,14,10,25,32,26
43,47,32,27,20,24,14,11,8,3,7,5,3,12,17,23,20,20,30,31,34,29,31,40,44,46
30,42,27,20,21,21,11,14,9,1,10,8,9,13,22,26,26,22,30,39,44,41,47,49,48,59
21,30,28,18,25,23,16,19,13,6,10,4,10,12,29,29,35,31,34,40,46,47,50,48,47,60
