238,250,210,247,247,251,224,249,241,244,223,247,248,235,244,247,252,209,244,247,251,239,245,251,243,251
248,228,246,248,247,229,248,245,249,237,248,250,248,242,250,246,244,248,250,248,249,220,229,216,208,215
227,250,248,249,237,246,243,255,242,252,249,249,248,243,248,252,216,219,215,243,197,209,198,183,167,196
247,253,245,247,248,254,246,246,251,243,237,231,231,208,246,181,220,180,153,199,144,226,172,169,173,168
250,246,254,244,250,225,245,237,235,209,206,228,204,152,202,170,233,167,155,172,128,144,114,108,72,56
218,237,231,223,193,221,197,179,188,191,201,172,183,137,199,121,183,129,108,94,46,37,41,34,29,42
220,197,199,183,206,212,163,181,151,203,132,140,131,78,79,45,48,40,49,41,46,47,50,42,39,34
215,187,193,159,156,173,141,148,69,73,46,44,46,37,54,59,55,56,45,56,55,45,55,56,44,53
155,171,136,82,75,39,51,46,46,51,56,43,50,50,54,55,59,51,59,61,66,57,56,53,55,50
46,63,45,49,43,46,52,41,55,56,49,49,51,57,56,64,61,63,63,62,61,60,67,63,59,52
60,49,48,50,55,54,50,49,61,60,58,64,54,63,61,65,62,67,66,63,69,65,70,67,65,59
48,60,66,56,61,57,52,60,66,62,61,64,65,68,69,63,66,63,71,68,77,69,69,66,69,64
60,66,51,47,55,68,60,57,65,65,63,68,73,75,75,70,70,64,74,76,72,69,73,70,69,65
60,55,62,62,68,65,64,62,67,68,70,71,72,77,73,77,69,70,72,77,70,70,75,72,71,68
64,63,59,61,70,54,67,71,77,72,69,66,72,79,75,78,72,74,74,73,75,72,76,74,75,73
63,68,66,70,63,69,77,60,80,77,71,85,80,84,84,76,80,78,83,73,77,76,81,79,79,76
73,73,68,69,73,71,79,73,75,74,77,76,77,76,80,71,75,87,86,72,73,86,80,80,81,82
74,74,73,76,72,68,78,79,82,81,85,87,87,79,78,70,76,82,84,79,88,91,75,85,88,99
78,75,74,75,80,77,81,74,76,83,87,87,89,85,67,69,61,84,79,89,92,86,92,81,95,86
85,82,84,83,88,84,86,80,81,89,93,93,90,88,82,64,75,86,92,93,83,86,100,95,96,93
84,84,91,90,93,87,91,92,90,90,87,89,92,94,93,81,88,93,91,90,96,90,101,95,97,92
86,81,86,83,89,93,95,88,83,93,89,83,101,104,89,101,84,99,84,95,102,89,101,92,111,102
89,78,84,81,80,86,89,84,82,101,104,102,109,102,99,99,93,100,100,107,104,99,95,100,98,102
79,69,83,85,78,70,75,91,90,93,96,111,95,96,97,100,92,108,108,109,108,104,104,101,105,100
60,67,82,77,80,71,74,85,84,93,94,100,100,96,104,104,96,103,94,101,110,105,105,102,107,104
59,53,80,66,64,64,71,77,73,83,86,92,97,89,101,94,100,104,104,107,107,111,108,108,98,98
52,40,61,47,38,45,55,59,60,77,83,88,91,86,97,93,102,108,107,104,103,102,96,100,99,102
48,45,43,40,36,41,46,50,55,73,77,81,77,79,86,92,90,100,88,82,92,93,97,90,94,90
29,34,23,30,19,23,30,39,47,63,66,75,74,78,83,88,84,89,80,73,78,78,79,69,72,68
9,15,13,17,16,20,24,29,26,29,25,35,37,36,41,36,40,38,41,34,37,36,27,27,27,34
