17,24,32,32,37,41,50,66,68,68,66,64,73,72,85,79,82,94,74,60,65,65,46,48,34,38
9,25,25,36,42,40,50,46,51,67,71,83,72,71,69,66,63,65,67,63,65,44,49,37,39,33
16,25,32,36,35,42,54,62,58,51,55,66,76,55,62,64,64,58,54,59,55,52,43,42,36,38
17,26,32,35,44,42,46,48,49,50,54,63,57,58,60,60,59,49,55,42,55,53,52,44,40,34
21,27,30,34,45,44,50,48,50,55,51,53,55,58,57,68,58,51,61,68,60,53,55,52,43,36
27,28,29,34,29,35,51,52,56,64,59,60,51,56,57,56,47,69,67,76,66,51,57,66,43,40
33,31,31,37,42,46,55,52,52,56,52,52,53,49,56,45,61,71,71,66,59,46,63,69,49,48
37,35,35,41,44,46,48,52,55,58,60,59,53,61,46,73,68,82,79,89,66,61,77,63,54,51
37,37,38,41,48,55,54,64,63,55,60,60,55,64,71,63,85,81,104,102,85,91,86,62,53,42
35,38,38,39,44,56,58,72,67,52,65,69,75,68,71,78,91,95,91,105,81,98,74,66,53,38
27,33,40,44,45,54,69,69,78,66,67,68,67,78,86,89,108,112,97,102,106,91,74,60,44,33
28,30,35,41,45,48,52,64,61,72,79,86,80,92,99,103,107,108,110,111,105,96,78,55,37,30
23,26,31,37,45,43,58,70,68,72,79,74,81,91,99,113,115,115,120,107,104,80,59,48,40,33
16,23,31,34,40,47,51,74,61,78,75,77,72,91,109,119,116,114,120,116,110,77,50,44,40,32
15,20,28,32,37,43,56,58,71,70,80,83,96,101,107,110,121,128,120,116,107,85,59,42,33,32
19,19,24,31,33,50,55,70,71,81,77,85,99,106,114,110,117,125,117,121,105,80,54,41,37,36
19,20,25,31,35,44,55,67,73,84,90,94,101,101,106,112,123,133,126,112,111,79,51,44,42,38
15,21,28,31,36,43,50,76,66,90,89,88,103,104,110,123,125,133,139,117,104,85,61,45,41,43
20,21,23,30,33,47,56,57,76,83,76,91,102,112,113,118,130,144,127,113,111,72,60,47,47,46
24,25,25,30,32,47,43,42,62,79,92,104,108,109,119,120,126,127,131,118,110,98,65,62,47,38
20,24,25,31,35,51,57,77,87,84,91,99,106,116,119,122,132,126,128,120,113,97,73,57,61,47
18,24,27,33,37,50,52,64,79,95,96,85,108,113,118,134,121,127,137,116,112,98,76,54,56,43
25,31,31,35,42,51,63,72,74,91,92,98,104,120,116,126,122,121,128,128,109,110,64,74,57,47
27,32,31,38,43,46,66,87,78,74,71,98,114,108,119,131,131,125,136,124,115,103,73,77,64,59
28,31,31,43,53,56,53,66,71,89,90,100,109,113,120,128,149,147,137,123,121,99,102,72,58,57
36,35,34,49,45,59,54,72,76,87,93,101,101,117,124,129,139,160,146,126,119,109,107,89,68,65
34,37,42,46,44,52,63,62,86,99,87,108,113,110,114,117,134,143,155,122,126,116,110,102,73,85
36,40,45,47,55,71,60,72,85,87,105,103,102,119,127,137,145,134,149,139,122,127,112,109,95,94
38,45,48,47,60,59,76,90,94,99,104,109,113,120,124,135,152,172,148,145,132,132,107,105,108,99
39,47,54,57,63,69,83,92,91,94,103,107,105,115,127,117,135,167,157,156,130,126,118,114,108,100
