68,52,73,66,66,56,46,66,59,59,37,28,46,44,54,63,67,54,75,89,93,51,0,24,190,136
63,72,75,69,56,38,28,42,52,48,45,46,50,58,46,50,67,69,80,79,84,12,18,35,215,122
60,78,66,63,45,45,30,37,34,30,40,53,53,61,55,63,70,66,85,103,36,14,17,140,241,128
70,62,78,65,41,46,40,26,41,44,47,58,65,54,73,87,65,73,118,47,15,15,43,209,238,129
64,69,84,78,59,43,46,38,43,44,63,67,60,69,71,59,79,111,67,18,16,14,208,207,235,125
62,83,83,88,84,71,58,36,37,26,45,70,66,56,61,68,88,67,23,14,20,158,236,188,224,133
65,71,88,73,85,94,49,35,40,37,48,60,53,53,71,81,49,19,22,26,161,240,235,212,221,126
70,81,96,105,86,61,68,30,34,41,47,53,49,46,47,38,20,17,18,159,249,245,235,227,244,127
109,104,107,73,68,76,49,36,39,38,40,47,42,29,26,29,24,43,196,250,245,248,245,238,230,125
155,148,88,62,46,26,27,44,35,33,32,26,28,29,22,24,130,234,252,248,242,246,237,238,231,126
248,86,32,26,29,34,22,33,29,17,30,31,18,28,107,227,236,250,246,246,251,241,244,236,224,136
129,24,30,13,23,21,28,27,26,17,16,25,106,204,234,247,248,251,245,244,243,248,233,233,128,129
29,32,35,36,33,21,25,18,30,72,172,215,232,235,240,243,248,244,247,246,248,242,228,233,128,128
26,27,24,25,30,52,111,158,194,209,221,226,225,237,241,243,244,245,247,246,245,241,233,232,128,128
91,105,124,162,191,197,197,200,212,229,212,222,233,242,245,244,243,245,245,245,242,239,237,230,128,128
172,188,191,200,204,210,208,216,208,224,221,234,246,239,242,243,243,244,241,245,240,235,237,227,128,128
195,207,206,208,210,217,214,221,223,228,233,239,240,237,242,246,242,238,235,243,239,232,234,225,128,128
205,208,212,216,221,223,219,228,229,229,235,240,233,245,238,234,238,234,232,239,238,230,229,226,128,128
226,217,220,220,227,229,222,221,222,222,228,230,229,239,236,234,236,236,238,237,236,231,224,226,128,128
217,217,228,218,221,227,231,229,232,231,238,232,238,225,233,237,237,241,245,237,235,232,222,226,128,128
215,226,227,227,221,220,229,224,229,231,233,234,233,231,233,236,237,238,229,231,228,226,225,127,128,128
226,222,221,222,224,225,224,225,217,217,220,227,233,235,236,236,239,223,225,248,228,226,229,128,128,128
235,222,221,223,231,230,220,229,224,223,224,228,233,234,234,233,232,241,235,224,243,221,235,128,128,128
233,227,226,230,237,230,220,230,224,224,225,227,229,231,235,239,231,223,236,230,232,228,229,130,128,128
228,232,226,231,237,228,223,225,225,225,226,229,230,232,236,240,239,243,234,232,227,221,231,128,128,128
231,236,225,228,235,230,230,223,232,229,229,232,235,234,231,229,230,236,235,229,226,226,225,130,128,128
237,236,231,230,233,235,233,226,227,225,225,229,232,231,227,224,232,227,236,236,232,238,126,124,128,128
237,233,239,234,232,237,231,230,231,231,231,232,231,228,226,226,231,223,226,235,232,230,129,130,128,128
239,232,235,239,229,230,238,227,234,231,226,222,222,225,225,225,215,218,237,235,227,230,127,130,128,128
240,237,238,238,226,226,237,234,231,229,225,223,225,227,224,219,204,207,226,235,234,228,128,127,128,128
