56,34,18,46,61,66,71,95,84,117,41,44,61,245,241,243,238,167,74,88,87,73,74,107,145,130
61,12,23,49,57,63,90,85,93,62,40,57,216,245,241,244,237,152,79,87,77,88,74,103,133,126
11,40,68,74,62,76,71,84,74,26,66,92,248,245,253,236,236,151,85,83,88,85,76,95,116,123
49,43,62,66,68,49,58,59,41,73,44,248,248,248,243,241,238,102,91,80,86,78,72,92,124,131
14,8,45,55,41,48,47,49,60,64,252,251,243,255,245,242,240,121,84,80,76,80,82,93,134,128
30,0,31,54,45,43,69,56,107,252,251,254,255,244,246,234,228,184,87,71,83,84,68,88,136,122
27,14,29,56,48,48,48,245,254,254,250,246,249,245,249,240,230,179,75,73,83,86,75,83,147,133
60,59,45,11,58,225,252,248,251,248,255,252,248,245,247,233,226,113,80,80,72,75,89,93,116,126
10,30,99,217,236,243,249,255,255,253,248,251,247,247,239,234,230,80,78,69,83,89,90,86,99,121
160,199,231,236,244,248,253,250,248,255,255,247,255,241,236,234,221,93,96,86,90,83,80,93,118,129
237,245,233,252,239,252,249,252,255,245,250,251,249,247,233,239,216,112,119,116,95,83,83,103,120,125
246,251,253,243,250,253,250,250,251,255,255,245,246,245,240,232,198,134,157,138,91,79,89,122,127,129
251,250,251,252,252,251,250,251,251,252,247,249,251,244,235,226,197,178,180,155,94,86,97,127,127,127
252,251,251,253,252,250,250,250,252,253,247,249,250,244,237,228,183,175,166,137,85,87,111,119,127,127
253,252,252,253,252,250,250,250,251,252,247,247,246,242,237,227,176,198,189,123,94,91,107,161,127,127
253,253,253,253,253,252,251,250,250,251,247,246,243,240,235,223,186,196,171,106,83,108,114,139,127,127
253,253,253,253,253,253,252,251,250,251,249,247,243,239,234,218,173,198,161,120,110,109,139,165,127,127
252,253,254,253,253,253,252,251,249,250,248,246,241,238,231,212,171,179,149,127,102,110,131,158,127,127
252,253,253,252,252,252,251,249,249,248,246,244,238,237,229,207,145,142,178,118,119,109,138,153,127,127
252,253,253,252,251,251,250,248,250,248,245,244,238,237,231,207,177,140,199,221,128,118,145,152,127,127
249,252,253,252,251,250,249,248,248,245,244,243,236,235,225,205,206,173,193,175,148,100,156,126,127,127
249,251,252,252,251,250,249,248,244,244,246,244,239,238,225,195,218,221,143,231,137,129,158,128,127,127
250,252,253,251,250,249,248,247,243,243,242,237,234,237,227,190,219,227,174,211,156,124,159,126,127,127
250,252,252,250,249,248,246,245,243,242,239,233,232,236,229,188,234,230,208,168,169,145,160,124,127,127
248,250,250,249,247,247,246,244,243,240,239,237,238,237,230,183,227,233,209,199,174,141,150,129,127,127
245,247,248,247,246,246,246,245,244,240,238,236,238,235,228,174,197,209,210,198,184,154,175,127,127,127
244,245,246,245,244,244,244,243,245,241,237,233,238,235,225,158,182,173,188,178,155,134,125,126,127,127
245,246,246,244,243,242,241,240,241,242,241,237,244,239,221,141,131,158,158,155,145,198,129,127,127,127
246,246,246,244,243,244,243,242,242,236,236,235,237,242,216,119,89,119,134,150,174,200,127,129,127,127
239,241,243,242,240,240,241,241,242,238,239,238,238,233,205,91,98,119,128,154,188,192,124,124,127,127
