128,132,119,107,88,82,74,69,57,58,48,41,32,41,36,39,36,39,42,36,40,34,40,37,38,34
185,184,161,174,201,196,186,169,157,175,150,83,92,68,46,33,31,22,31,29,35,30,24,18,27,26
159,149,151,158,181,178,169,175,159,178,179,176,184,184,156,109,72,51,50,43,36,25,38,27,30,28
153,151,167,152,164,167,181,179,157,143,169,165,176,179,123,132,108,99,117,90,67,50,43,31,24,24
148,162,169,159,159,147,148,174,161,149,122,107,136,135,138,127,96,119,116,112,125,127,119,60,36,28
151,159,151,155,128,149,167,149,159,152,132,97,100,100,81,73,96,90,89,124,96,82,83,82,28,16
162,155,172,184,156,140,145,133,137,121,159,123,154,148,147,107,100,105,103,87,86,62,50,39,12,16
144,164,165,141,152,138,134,124,129,110,108,122,126,150,183,188,116,94,102,74,44,43,37,31,8,6
106,120,129,145,162,150,166,124,104,125,112,121,104,128,186,197,113,76,58,51,49,41,56,55,35,13
114,112,131,129,164,138,142,97,113,80,128,111,108,131,160,129,119,54,37,37,40,45,45,38,7,5
131,135,103,130,107,140,127,175,112,117,100,92,100,124,150,131,63,45,34,34,35,34,30,12,4,5
127,126,122,105,106,103,133,121,98,104,78,73,109,112,116,78,41,40,26,32,36,25,16,6,2,4
104,157,132,120,92,109,101,114,107,87,87,79,90,101,93,50,35,34,16,13,18,9,5,3,2,3
148,145,116,112,93,88,103,126,114,82,70,76,72,75,84,62,43,34,30,17,18,14,5,6,4,3
105,121,123,104,108,105,98,97,83,74,58,71,79,74,98,89,57,42,47,30,25,8,8,7,3,2
126,111,100,102,103,105,92,90,77,71,69,67,75,77,106,96,67,51,46,36,44,19,8,3,0,0
115,111,120,99,82,88,90,82,76,70,66,71,83,85,77,68,58,56,50,49,64,51,10,2,0,4
137,122,123,84,102,103,90,80,65,63,68,69,56,70,56,45,46,52,52,47,42,36,14,4,5,9
92,131,103,108,117,102,81,81,77,79,66,66,77,60,50,23,26,27,43,42,32,5,3,0,2,1
120,111,106,124,104,110,91,84,73,69,68,67,71,58,46,22,5,3,2,15,12,6,0,3,3,0
130,123,100,117,94,98,107,80,73,66,64,68,81,66,44,23,13,2,6,6,6,2,3,7,2,1
135,99,109,115,89,100,95,80,74,62,74,66,64,62,50,26,15,1,11,7,7,4,6,9,0,1
109,73,80,101,109,106,101,72,72,65,66,64,73,63,48,27,4,3,0,8,0,4,0,8,0,0
101,92,97,103,106,122,131,106,77,56,62,56,58,61,44,24,10,9,3,6,0,2,0,3,1,3
112,112,115,102,95,101,110,90,69,62,58,55,63,56,47,21,14,8,7,4,6,4,5,1,4,4
91,109,105,97,103,92,94,89,67,61,55,47,53,52,44,21,10,21,9,16,6,2,4,2,8,1
104,110,100,88,103,90,109,86,65,67,61,50,53,50,43,30,24,21,13,13,7,18,16,6,1,9
103,122,83,88,92,89,109,95,67,58,58,51,49,48,35,21,21,14,21,13,15,15,4,4,0,10
110,89,99,98,105,93,93,98,78,60,58,51,45,45,29,25,11,21,18,24,18,18,13,5,4,3
111,100,95,95,103,90,77,87,78,61,55,50,41,35,24,21,12,11,16,12,19,13,12,0,5,2
