127,132,133,134,123,150,148,153,145,157,149,158,166,162,161,140,138,160,140,155,159,154,153,145,133,128
129,128,129,138,127,155,141,147,162,166,174,159,172,164,173,155,153,151,165,134,188,139,122,128,122,126
128,128,135,137,116,135,152,149,167,162,182,162,165,155,158,162,154,122,132,139,130,125,122,99,76,64
129,125,126,120,124,116,122,160,163,158,161,167,148,131,138,141,127,127,122,88,99,76,69,66,62,58
129,128,60,87,94,124,95,134,133,136,162,135,120,124,124,107,83,77,80,71,73,68,64,61,55,54
127,126,51,56,75,77,81,80,92,84,113,82,74,73,66,62,70,58,52,53,54,63,63,64,56,52
132,132,37,41,25,29,48,65,59,59,56,64,58,49,46,58,61,57,76,65,66,71,80,63,57,52
124,120,36,31,31,26,25,38,42,58,66,72,83,84,80,84,82,71,80,71,56,60,67,55,55,51
130,131,46,33,36,35,33,41,47,55,78,77,91,88,84,85,81,82,69,70,65,60,38,46,38,35
127,129,36,46,39,41,52,54,58,79,75,85,77,82,94,80,82,68,67,52,40,36,31,15,12,13
129,129,47,35,50,56,51,51,65,62,77,91,79,76,83,61,70,54,45,16,13,19,21,30,35,21
127,127,48,43,54,58,62,65,70,76,77,77,69,66,62,43,37,28,14,20,29,31,32,32,26,10
127,129,55,60,66,62,70,68,72,71,67,61,56,64,63,39,19,17,20,39,39,42,29,4,5,0
128,129,55,64,69,67,81,73,60,69,55,49,63,57,32,20,25,26,39,33,16,12,0,7,4,7
128,130,58,68,72,70,78,60,69,58,51,50,47,36,20,10,31,28,22,1,5,2,3,36,67,44
128,129,59,66,71,70,72,54,68,60,45,35,36,24,15,32,29,5,0,5,5,20,110,194,201,92
129,126,55,58,65,69,77,74,62,47,47,40,27,21,16,16,4,4,5,5,30,112,199,223,229,126
128,127,66,71,74,69,66,67,60,49,47,38,31,30,19,9,3,3,0,25,109,203,226,237,239,213
127,128,56,68,74,66,76,77,70,54,41,32,22,17,1,6,4,4,4,14,70,154,212,240,245,238
129,126,66,50,66,92,79,74,61,50,34,27,14,14,10,6,7,10,18,12,18,54,155,202,229,228
126,132,55,63,78,75,79,80,57,52,38,41,27,21,21,11,15,15,17,11,7,10,13,51,97,193
129,129,49,63,87,80,74,69,67,55,37,40,33,25,24,29,27,28,18,35,26,31,20,13,14,12
127,129,51,61,84,82,75,69,66,61,52,53,54,46,30,41,37,48,54,55,56,51,48,34,25,39
123,131,60,59,73,79,80,80,63,62,53,43,43,49,38,51,56,64,69,64,82,85,63,70,55,50
129,124,75,52,67,98,76,75,64,68,66,60,50,53,50,52,57,66,65,89,90,90,89,78,83,77
131,125,66,77,80,71,69,79,75,73,69,71,47,44,57,55,59,63,72,67,91,89,89,98,120,85
129,127,71,73,69,81,83,93,85,86,91,66,57,57,44,54,51,64,64,76,65,86,91,102,100,88
128,126,84,79,95,100,97,96,103,78,91,87,81,70,62,62,63,65,56,63,70,82,66,81,83,75
127,127,94,81,85,107,96,104,104,95,83,84,78,74,70,64,64,77,68,69,69,70,71,84,74,81
131,123,95,107,97,104,102,120,104,80,98,80,71,88,83,77,54,62,62,64,61,64,71,54,72,72
