65,78,45,38,32,33,25,20,19,13,13,10,11,13,2,6,1,6,3,127,130,126,128,129,128,128
112,99,81,52,54,37,53,35,20,36,15,21,31,9,20,12,10,3,2,7,131,127,131,125,128,128
127,131,104,104,104,81,83,69,50,41,24,30,26,22,27,24,5,11,3,7,127,125,127,131,128,128
170,137,159,146,137,113,92,127,81,49,48,21,65,49,29,24,13,6,17,9,125,134,127,125,128,128
172,175,170,180,167,152,174,117,121,115,78,84,53,71,36,17,19,13,10,8,132,127,125,129,128,128
180,175,204,202,182,182,175,159,131,175,166,115,79,64,65,66,30,12,24,4,13,129,131,125,128,128
188,201,210,203,213,179,176,157,174,170,184,115,124,99,90,49,49,45,27,19,10,128,124,128,128,128
200,201,178,199,192,182,189,198,179,183,177,151,152,153,132,117,75,54,37,30,28,127,134,127,128,128
188,199,198,180,227,210,217,210,194,191,194,191,200,176,171,176,162,82,79,37,28,126,130,127,128,128
200,213,224,215,219,226,222,200,211,202,186,193,203,200,176,165,178,167,129,90,54,38,126,131,128,128
205,233,211,228,233,225,236,229,219,212,209,206,205,185,184,197,185,161,145,141,102,75,129,123,128,128
223,219,221,233,236,229,235,237,235,235,233,218,222,209,199,186,204,175,175,137,146,140,127,134,128,128
224,227,236,225,234,234,232,234,228,228,226,239,228,219,206,213,198,222,206,189,180,165,126,126,128,128
208,238,233,224,235,235,232,243,238,240,232,227,222,227,218,208,216,213,218,201,203,149,132,127,128,128
215,215,241,241,230,238,231,237,240,235,239,239,240,232,229,224,229,219,224,197,200,162,122,131,128,128
223,228,229,233,234,229,244,241,239,242,235,238,227,237,231,228,233,233,234,198,195,188,179,126,128,128
211,215,217,218,219,228,230,239,239,241,240,244,236,238,237,226,234,240,224,213,211,205,172,129,128,128
166,183,205,209,187,202,221,236,231,237,242,235,243,240,239,237,225,229,222,220,214,181,196,126,128,128
155,119,142,160,163,155,164,153,211,227,232,237,249,221,233,240,239,240,229,226,227,183,187,128,128,128
75,65,57,69,71,59,70,128,151,158,166,229,241,242,247,232,241,236,230,228,214,212,212,129,128,128
38,30,35,22,37,29,55,87,74,84,99,115,203,221,233,240,231,229,233,229,225,202,213,126,128,128
14,29,25,22,25,31,25,42,66,65,48,93,80,64,136,202,220,240,235,241,224,224,218,194,128,128
11,4,14,11,8,14,29,36,29,26,48,71,62,69,61,85,153,184,234,230,223,218,215,185,128,128
5,9,12,23,24,31,20,22,33,44,39,55,61,72,71,63,82,135,149,218,212,205,194,209,128,128
6,21,33,47,47,49,49,62,83,94,137,101,133,130,92,106,77,82,91,136,195,225,217,208,126,126
29,54,55,59,62,98,88,156,168,168,143,182,192,192,182,173,119,87,115,94,107,161,203,215,133,127
68,84,74,94,128,140,174,194,183,200,225,214,227,232,222,216,184,158,139,144,151,143,164,194,123,124
98,93,101,120,129,171,170,196,212,194,213,227,228,232,232,233,216,210,159,146,89,150,142,154,134,133
66,103,84,123,140,171,159,186,182,226,223,237,240,241,238,232,243,191,187,191,152,146,164,180,121,129
102,124,105,104,153,160,161,178,198,219,235,236,248,240,249,234,235,216,223,202,183,180,164,166,133,123
