33,34,28,32,31,23,23,25,31,23,28,25,27,27,30,19,21,28,24,31,29,26,38,30,30,34
17,12,9,14,5,10,9,12,6,8,11,8,5,15,6,7,5,4,9,0,6,1,4,0,2,7
17,11,11,18,30,30,31,42,43,40,39,40,38,42,47,44,46,45,44,27,35,40,37,24,24,11
27,16,16,48,32,46,42,39,52,59,56,57,69,71,62,67,81,72,62,61,59,53,51,46,44,26
24,25,23,38,38,47,40,52,41,48,53,62,67,67,72,75,71,75,77,58,60,51,51,50,44,28
24,21,31,7,45,34,34,41,48,51,46,52,62,66,72,79,87,71,67,65,58,52,46,41,39,29
30,20,17,19,3,61,25,44,44,46,53,57,64,62,71,76,94,70,65,57,65,61,46,38,34,24
12,22,38,27,14,27,59,19,55,49,54,54,68,65,83,83,88,75,79,56,58,59,47,36,20,11
19,15,5,28,31,16,63,43,44,40,53,60,60,69,74,85,94,73,65,72,56,52,42,30,10,21
11,5,9,3,30,24,27,55,32,46,48,59,60,67,74,92,89,89,81,69,66,47,30,18,9,46
3,5,7,2,14,41,15,60,39,49,51,55,62,68,74,86,89,96,90,83,54,41,20,2,21,55
3,5,7,4,7,38,26,14,48,41,55,48,64,69,70,90,88,98,104,68,49,23,11,13,50,49
5,7,7,6,28,27,29,24,47,37,42,51,58,68,77,78,81,97,82,62,48,30,11,26,47,39
7,8,7,7,6,39,37,14,18,54,36,38,54,60,72,64,66,80,55,52,25,15,7,31,44,37
7,10,8,8,34,47,41,13,14,20,37,20,23,19,22,37,33,40,40,28,18,0,20,48,79,51
5,9,10,9,62,113,38,21,10,20,17,14,20,17,15,20,13,11,7,9,5,0,29,63,99,88
4,7,9,7,57,89,45,14,17,10,21,10,2,11,12,5,5,8,0,13,2,12,29,60,82,88
5,5,7,4,24,45,35,15,10,14,4,13,12,23,11,13,5,5,11,0,0,3,22,51,84,72
6,0,3,10,25,24,34,20,15,0,13,29,28,49,50,41,46,12,13,4,0,9,35,37,73,48
7,8,5,2,18,33,32,14,14,15,22,53,79,120,137,105,68,48,19,3,9,20,26,43,64,37
2,0,0,9,10,31,30,15,2,27,60,108,152,183,191,207,200,113,46,13,11,0,34,46,48,44
0,0,0,16,6,37,22,9,10,42,95,161,175,225,221,229,233,228,145,39,17,2,27,47,54,42
5,14,8,8,26,31,12,10,18,76,166,201,222,224,223,234,239,242,243,114,11,9,12,58,49,40
5,10,9,9,19,30,10,13,57,119,197,214,214,231,235,241,250,254,240,243,50,7,13,37,52,56
1,0,13,22,37,22,5,18,73,145,207,215,232,235,231,238,250,251,252,243,180,11,15,29,43,51
2,11,29,27,31,11,5,45,129,191,207,213,196,233,233,245,240,251,252,253,241,51,0,20,38,48
3,13,23,31,29,12,8,73,157,199,217,228,235,237,241,244,248,251,252,252,243,97,7,4,49,22
1,16,24,42,21,12,37,98,172,211,236,230,230,233,238,242,247,251,253,253,250,208,23,3,25,30
13,14,25,33,20,5,55,151,207,209,221,231,230,235,241,245,248,251,253,253,252,242,52,7,14,38
17,21,33,25,6,31,84,161,196,226,229,228,232,238,244,247,249,251,252,253,247,248,134,12,12,40
