121,112,144,163,150,174,199,188,198,223,209,215,218,224,232,241,241,239,246,250,253,249,129,129,128,128
100,128,135,133,146,177,188,184,192,210,204,210,227,228,227,235,245,244,250,248,244,250,130,125,128,128
93,146,124,142,160,136,148,183,190,178,204,214,225,224,233,232,234,242,247,249,251,126,127,131,128,128
108,127,136,138,141,161,155,160,178,164,201,205,221,216,228,239,237,245,248,246,242,129,127,126,128,128
77,96,105,122,124,156,180,183,152,163,193,197,225,216,219,234,233,234,242,246,246,129,129,127,128,128
85,102,110,132,125,148,166,149,169,180,198,200,219,217,226,228,237,235,242,243,242,127,129,126,128,128
95,100,104,119,115,147,155,168,171,172,186,199,230,208,227,223,229,236,242,241,124,127,131,127,128,128
91,93,106,105,117,114,134,130,160,172,191,200,201,216,217,230,234,239,232,245,132,130,127,126,128,128
82,89,107,99,107,124,124,117,164,170,171,193,195,207,215,206,226,242,233,239,127,126,127,129,128,128
66,89,77,80,71,98,135,151,170,139,183,194,198,197,218,213,224,231,236,241,125,132,127,129,128,128
90,84,88,83,76,80,110,152,173,153,174,180,216,181,183,225,215,239,242,128,127,125,130,124,128,128
95,97,83,85,69,47,85,119,144,155,152,166,186,203,214,208,228,225,232,129,130,130,127,128,128,128
62,92,102,112,72,57,67,107,136,142,158,184,184,195,191,219,222,229,234,123,125,126,127,131,128,128
75,100,100,123,92,67,69,95,110,146,166,188,190,178,192,207,213,237,238,130,129,130,126,126,128,128
52,60,97,89,100,87,71,66,91,149,144,180,184,203,200,216,211,238,128,129,129,127,120,135,128,128
55,57,69,84,104,73,75,71,105,127,149,201,177,190,198,220,220,230,127,123,128,134,132,122,128,128
37,43,70,111,71,56,74,60,82,90,133,158,184,190,199,216,221,229,130,139,123,128,126,130,128,128
30,43,46,59,85,75,56,70,83,121,142,157,184,196,204,230,216,233,127,123,129,128,128,130,128,128
20,23,24,52,53,68,45,75,75,89,91,142,179,196,212,203,228,127,134,127,129,128,125,129,128,128
8,9,18,35,51,55,50,46,60,59,120,149,170,195,187,200,219,122,127,127,132,124,131,124,128,128
1,11,12,27,35,52,56,48,49,93,115,174,179,196,211,222,217,140,122,132,128,128,128,130,128,128
4,0,14,20,26,27,42,43,65,76,89,139,171,192,216,224,127,126,131,125,128,129,128,129,128,128
3,1,12,22,22,31,31,44,56,104,116,167,163,191,207,231,128,128,128,128,128,128,128,128,128,128
5,6,9,14,23,29,27,39,58,108,149,128,182,185,209,234,128,128,128,128,128,128,128,128,128,128
1,15,19,18,25,24,28,45,53,92,123,161,175,198,206,132,128,128,128,128,128,128,128,128,128,128
16,21,21,21,29,28,27,29,56,90,136,160,170,181,210,126,128,128,128,128,128,128,128,128,128,128
22,28,40,38,27,29,37,41,56,98,112,156,173,189,184,131,128,128,128,128,128,128,128,128,128,128
52,42,49,51,39,51,47,45,62,71,123,149,162,197,132,129,128,128,128,128,128,128,128,128,128,128
80,73,79,73,47,54,37,45,55,83,122,153,181,183,124,130,128,128,128,128,128,128,128,128,128,128
101,94,96,91,69,75,41,53,54,83,114,132,162,129,131,125,128,128,128,128,128,128,128,128,128,128
