91,83,65,52,50,43,37,26,30,28,34,30,28,28,28,28,28,27,27,26,26,24,22,19,20,23
96,73,66,55,56,50,49,40,44,38,35,31,31,31,30,32,32,28,29,27,30,29,31,27,30,33
102,81,81,67,67,59,63,55,53,39,39,37,38,36,32,35,37,33,39,34,35,34,38,34,39,42
106,87,81,72,77,68,72,64,66,53,47,46,48,46,39,40,44,41,51,46,48,49,59,62,73,78
114,98,62,53,59,58,63,61,63,62,57,52,57,62,57,61,69,64,59,66,56,53,52,47,50,52
114,106,80,67,57,62,53,48,45,50,43,46,45,45,44,39,43,39,39,42,38,42,46,43,43,47
185,142,115,94,63,59,50,48,47,43,52,39,44,32,48,54,41,45,42,44,47,46,48,50,52,59
255,242,237,214,162,111,81,61,61,40,41,44,53,46,52,42,47,47,40,43,50,44,47,57,57,62
255,255,252,255,254,250,250,226,189,129,110,82,89,60,55,56,49,51,57,54,59,54,53,64,76,91
255,248,252,255,253,255,249,255,255,250,253,241,232,199,156,119,111,95,78,62,62,75,86,91,93,98
251,250,251,252,252,255,252,254,254,255,255,250,255,254,252,253,251,250,244,228,206,179,139,110,110,115
249,252,251,246,254,253,255,254,255,255,252,255,252,254,255,252,253,255,254,255,253,255,255,253,250,232
247,246,245,247,250,252,253,253,253,253,253,253,254,254,254,254,254,254,253,254,255,253,253,254,255,254
254,253,247,247,246,245,245,247,249,251,252,251,251,251,251,251,251,251,254,255,254,252,251,252,253,253
252,252,254,254,253,252,250,249,249,249,246,246,246,246,247,249,250,251,250,251,251,250,251,252,254,255
249,248,246,248,250,252,252,251,251,251,250,249,248,247,246,247,248,248,246,247,248,249,249,250,251,252
253,254,249,249,249,248,247,247,248,249,250,249,248,248,249,250,252,253,247,248,248,248,247,246,245,245
250,251,253,254,254,253,251,249,247,247,246,246,246,247,248,250,252,253,249,249,250,250,249,246,246,246
244,243,243,245,249,251,252,250,249,248,250,249,248,247,246,245,244,244,249,248,248,249,248,246,247,249
252,252,249,248,247,245,244,244,244,245,246,246,247,248,248,249,250,250,250,247,246,245,243,241,242,245
247,251,248,249,250,246,255,247,255,244,248,246,244,245,245,245,246,247,249,248,247,248,249,248,249,250
240,245,246,248,252,250,255,249,252,246,252,253,254,255,254,252,247,244,244,243,242,244,245,244,244,244
234,229,219,221,231,233,237,238,241,245,247,248,247,245,247,250,250,248,253,250,248,247,247,247,247,248
230,224,230,229,234,230,223,222,220,230,223,229,235,237,241,246,247,245,248,247,247,247,246,245,245,247
232,227,228,226,231,225,216,213,210,219,224,223,218,209,208,214,222,224,233,235,239,241,241,241,244,247
228,231,227,228,234,230,226,220,219,221,217,217,216,214,215,220,223,223,218,217,216,215,214,218,226,233
224,226,214,219,226,226,233,228,234,230,229,223,215,211,212,214,214,212,222,218,214,212,211,214,220,226
221,226,229,232,232,225,230,218,224,213,217,211,208,212,219,220,215,210,219,219,221,224,225,223,220,218
223,227,225,225,233,232,235,236,226,229,209,221,217,211,213,220,225,220,222,228,228,231,225,230,231,236
218,221,237,238,226,229,234,228,226,218,218,216,211,216,217,211,217,226,231,232,231,233,231,232,232,234
