49,49,57,46,45,51,53,42,49,40,43,40,32,41,41,44,35,37,45,47,34,37,41,46,33,47
54,44,55,54,52,53,54,46,59,52,50,44,36,43,41,42,41,39,48,43,37,49,42,44,41,52
91,67,61,58,58,53,60,53,52,47,46,44,48,42,41,39,50,43,45,42,48,57,41,35,41,50
125,119,117,113,127,135,145,133,113,112,115,107,105,69,75,64,79,63,58,54,52,33,42,41,59,61
185,192,195,204,211,226,226,232,229,219,241,235,233,235,221,224,215,196,194,202,198,194,182,164,171,173
192,213,213,212,224,219,226,219,220,217,219,222,227,221,217,220,214,210,217,215,208,214,219,208,219,215
212,209,206,232,225,214,218,211,216,222,213,218,226,222,225,216,216,219,216,214,216,215,216,216,211,210
224,235,221,215,220,224,221,220,223,222,218,215,220,226,218,224,214,211,216,209,203,209,201,212,213,213
225,224,232,236,230,222,235,222,217,214,226,220,222,220,214,210,215,222,212,207,212,202,197,201,220,207
224,216,220,213,205,232,226,221,234,227,223,209,220,221,213,218,213,219,217,203,205,210,206,200,209,202
202,207,221,214,228,227,223,217,214,213,224,216,207,201,217,215,213,217,203,195,208,203,206,203,200,210
224,216,216,207,213,217,186,205,194,189,206,203,196,218,201,214,212,209,200,196,207,198,209,205,202,206
216,225,217,209,224,217,202,207,214,221,222,221,204,214,200,197,198,201,191,191,197,187,189,185,198,177
208,203,202,202,202,221,211,209,214,201,206,216,206,210,203,211,205,218,208,197,213,198,195,192,197,208
205,212,221,235,224,222,223,203,208,191,200,207,198,204,215,192,212,207,202,211,196,207,205,195,193,199
214,222,218,222,217,202,209,209,218,218,216,212,222,230,229,230,212,207,203,204,209,182,193,191,191,179
170,161,167,184,184,182,184,202,188,203,201,199,220,207,209,217,221,217,211,215,222,217,200,207,201,194
144,153,152,155,145,166,173,153,151,143,143,166,155,173,182,183,175,182,190,194,203,193,196,199,205,203
151,149,139,164,167,162,139,156,153,178,175,147,155,158,158,178,166,146,134,138,151,136,139,132,135,129
157,156,149,147,149,143,139,146,137,143,151,135,144,146,152,136,133,137,148,154,147,147,148,148,140,141
148,147,151,160,146,154,140,144,146,156,138,141,143,156,133,151,155,149,146,150,139,155,170,158,164,177
145,154,148,131,169,141,146,132,148,149,139,152,167,142,152,160,134,171,150,151,156,147,156,148,156,172
141,137,137,153,144,132,148,162,166,167,154,147,149,165,147,167,158,169,130,144,149,152,150,170,155,161
156,155,170,153,150,147,138,150,142,149,157,165,150,152,162,157,169,150,169,161,148,162,171,144,157,167
175,174,157,149,176,141,147,155,158,154,172,159,153,156,162,186,164,176,179,182,150,165,160,175,179,170
162,154,163,165,156,178,173,173,173,175,179,155,148,161,158,188,179,169,167,168,165,166,175,168,165,172
173,162,175,167,176,147,166,166,178,182,160,166,174,167,167,161,154,152,159,177,166,171,171,164,181,164
165,159,161,157,176,162,160,160,163,154,165,152,155,159,145,161,162,142,143,160,159,165,154,189,181,172
169,164,165,171,150,173,147,165,149,159,153,150,154,146,163,155,154,153,152,161,150,163,168,168,179,154
161,175,173,152,160,156,161,168,167,144,151,158,154,154,165,146,169,142,148,145,150,145,153,170,167,171
