90,89,86,85,102,99,98,97,98,87,71,67,65,61,53,40,43,34,27,13,9,10,39,44,56,63
82,72,75,81,91,73,67,74,69,62,74,84,78,51,48,44,48,45,47,46,45,35,47,50,56,58
68,65,67,66,68,82,109,79,75,85,97,101,133,74,71,50,49,64,59,60,63,48,49,59,57,63
62,70,76,101,117,163,155,144,136,138,129,135,121,92,66,64,65,75,90,93,67,69,65,62,73,67
92,96,137,145,162,157,182,168,158,169,125,135,121,103,83,97,92,125,122,112,94,88,80,84,78,73
114,141,139,199,199,186,192,173,178,159,150,176,130,97,116,129,141,134,134,130,124,112,100,107,92,82
171,170,182,167,213,197,184,177,176,164,155,151,131,154,153,149,139,160,137,152,125,133,121,102,114,83
172,175,187,199,195,188,166,164,162,172,174,157,154,178,165,165,168,151,170,161,159,158,151,145,136,127
156,169,175,190,186,184,167,176,164,173,193,161,157,181,170,189,181,178,168,167,171,151,156,138,148,128
137,160,183,154,172,166,167,172,199,187,184,162,195,177,180,179,186,188,179,154,174,174,157,165,181,132
155,164,171,162,171,181,178,189,194,194,185,178,187,171,166,172,185,180,181,183,184,180,185,186,171,157
161,169,173,168,163,158,191,196,187,180,181,151,172,179,186,185,183,182,185,189,187,184,193,183,159,166
176,153,182,173,170,166,169,181,182,179,162,162,162,187,185,184,203,180,198,188,196,191,198,189,179,176
158,169,183,158,162,159,170,168,174,165,173,177,170,171,159,184,193,186,189,192,200,182,191,183,183,175
151,174,140,142,142,148,147,154,154,172,177,172,162,167,185,173,182,196,193,195,209,195,190,187,201,180
135,152,130,134,157,142,163,149,161,161,158,172,161,163,177,192,163,192,194,197,200,197,205,202,210,193
124,118,132,161,141,142,147,149,149,166,160,155,158,175,177,175,188,202,202,206,199,207,203,202,195,190
104,134,139,141,133,143,142,156,163,156,158,159,159,159,176,189,200,189,192,202,210,199,199,209,194,194
119,126,132,119,128,142,128,133,154,161,157,166,165,178,172,180,188,198,208,202,219,209,205,218,212,194
106,130,113,119,130,131,136,149,153,147,153,161,176,180,191,180,185,181,192,202,212,207,209,198,209,211
99,122,118,114,121,133,141,141,152,176,168,172,166,185,188,194,191,199,212,197,211,215,212,204,223,212
113,103,112,111,124,146,152,158,160,157,148,161,181,196,207,186,187,193,205,205,223,209,212,207,210,225
100,113,115,117,128,156,148,149,161,166,158,182,188,198,202,207,201,198,211,201,218,214,221,225,224,223
102,120,109,123,116,132,138,159,165,152,170,176,176,183,193,190,200,214,218,219,220,224,232,220,219,219
107,105,119,121,132,131,142,145,160,171,174,168,182,200,204,198,215,212,220,215,223,212,229,224,222,223
113,109,110,123,137,126,137,148,148,156,166,184,190,198,219,216,221,227,225,231,212,213,210,223,220,126
118,117,125,121,134,117,140,139,149,172,188,207,203,199,217,215,216,226,230,220,215,218,224,220,226,128
104,103,115,130,126,177,157,183,164,198,187,195,205,213,219,221,225,226,236,230,232,220,217,225,126,128
115,125,132,146,152,173,167,179,199,197,204,205,216,221,214,220,224,219,238,235,223,234,229,127,133,126
130,141,158,177,180,193,179,187,213,191,205,214,216,209,209,227,231,234,235,230,233,239,127,129,123,131
