7,5,0,1,5,22,64,141,144,156,152,116,129,145,162,161,169,182,196,206,203,180,59,10,2,5
9,15,10,5,4,0,20,94,112,139,120,136,123,138,132,141,152,156,160,189,184,114,12,3,14,12
46,31,28,23,10,24,31,60,79,104,119,122,104,102,113,103,132,127,161,162,144,119,80,50,46,65
53,63,72,74,57,63,64,61,61,91,84,100,98,99,88,103,92,143,166,136,108,146,160,155,102,149
60,83,81,96,94,92,82,77,52,46,66,71,74,80,76,94,126,124,117,81,140,136,150,157,172,120
43,55,68,92,86,121,76,57,53,48,36,58,49,70,72,80,85,76,85,66,110,114,118,158,163,131
43,47,56,63,86,89,71,60,48,46,42,41,48,48,49,54,67,61,80,119,118,111,119,147,137,167
71,54,63,71,60,66,74,63,67,65,47,51,47,53,55,55,66,66,99,137,159,172,189,175,197,209
60,69,58,63,78,61,72,66,66,61,53,52,48,49,38,46,54,67,87,103,177,176,192,209,217,219
66,61,74,57,71,77,66,57,69,64,55,46,44,40,47,43,68,67,104,108,164,176,202,214,214,218
72,85,78,91,75,64,60,67,58,58,60,52,42,42,35,53,58,84,112,131,140,178,195,206,219,231
92,67,83,73,85,73,66,60,53,56,49,71,54,46,39,49,54,78,99,119,150,171,185,210,216,229
89,85,75,72,76,73,79,60,49,68,66,56,58,57,52,61,52,82,89,116,129,159,212,220,222,215
84,77,57,74,80,70,64,63,67,59,61,50,57,39,42,32,55,76,83,94,143,172,194,207,213,223
63,74,59,69,64,69,68,67,56,49,62,72,45,42,38,36,54,65,88,103,130,146,181,202,208,205
66,55,70,64,68,48,56,71,67,60,57,67,51,50,43,48,45,58,78,95,116,156,172,177,209,223
67,61,47,48,67,85,65,51,64,46,63,50,44,27,38,32,55,53,60,99,107,145,172,184,200,217
81,59,59,63,81,62,65,54,54,54,55,39,33,30,37,59,50,57,64,98,153,183,179,181,201,217
76,86,67,79,87,80,69,71,61,67,55,54,44,37,34,64,63,90,84,126,168,182,181,206,225,229
94,63,80,61,85,86,74,81,99,70,60,99,70,80,76,93,95,129,136,130,139,151,161,195,206,222
88,71,73,78,46,58,53,77,93,76,98,74,87,94,82,148,96,83,110,90,88,121,95,96,134,178
55,54,44,43,50,40,50,72,48,68,51,54,69,85,83,68,76,86,63,75,70,84,60,67,71,72
33,41,46,39,39,45,42,46,33,36,46,46,44,51,61,49,55,45,51,61,61,61,69,59,72,72
42,37,38,49,54,44,36,40,39,35,39,33,29,38,38,49,40,52,53,59,60,67,72,62,64,72
39,42,47,37,47,35,32,34,36,24,29,27,35,40,40,46,36,42,51,44,49,58,76,60,72,76
38,35,36,28,35,32,36,38,34,22,26,32,36,44,43,40,37,33,47,36,35,44,51,55,53,69
34,34,23,27,30,30,28,31,27,27,23,28,34,48,35,36,35,36,37,30,36,30,41,36,49,45
20,31,22,17,19,21,17,17,15,23,17,23,30,36,25,20,33,29,26,15,21,22,19,30,26,29
19,14,13,12,13,16,18,14,16,21,18,26,14,13,16,10,26,23,25,14,15,20,22,18,28,29
28,19,13,16,15,13,19,13,23,20,16,21,16,17,20,29,19,34,29,26,40,55,50,48,64,93
