233,227,224,233,237,235,232,238,238,242,248,251,247,250,244,247,242,243,244,240,240,242,134,129,128,128
220,224,224,223,230,236,239,239,242,240,242,243,246,252,249,249,246,239,247,251,242,241,124,125,128,128
220,231,235,228,229,232,233,231,243,240,242,239,243,249,249,249,240,246,245,236,240,129,133,131,128,128
213,222,227,230,229,231,234,243,239,239,244,238,241,244,245,247,244,243,248,247,242,128,124,126,128,128
207,223,222,219,215,227,226,226,234,234,241,235,239,242,244,244,240,240,250,239,235,127,130,129,128,128
205,212,213,228,224,228,221,227,233,229,234,229,239,244,246,244,243,234,242,238,238,130,130,128,128,128
181,220,211,235,236,225,227,232,238,230,231,238,241,241,242,243,242,238,239,237,127,129,125,130,128,128
195,214,216,217,225,224,238,226,227,224,226,232,237,241,242,240,243,243,239,237,127,130,130,125,128,128
190,210,217,209,205,229,230,229,242,239,237,235,236,242,244,240,241,240,238,240,130,122,128,129,128,128
203,220,188,217,228,220,219,220,232,230,229,229,230,235,239,237,238,235,237,237,128,135,130,126,128,128
206,214,214,212,228,222,218,231,226,225,230,235,237,238,240,240,233,240,226,126,131,122,122,132,128,128
211,211,208,208,215,230,228,224,229,226,229,232,231,231,234,236,231,233,225,126,126,134,127,128,128,128
209,201,215,225,210,217,199,230,228,228,231,231,230,234,238,239,231,227,225,131,127,126,128,130,128,128
182,208,219,222,229,220,212,221,222,229,236,236,234,235,235,229,233,230,225,133,125,126,135,124,128,128
224,193,222,212,219,221,229,226,224,230,233,239,227,231,236,231,226,225,128,131,128,129,123,133,128,128
195,211,209,220,223,220,223,220,232,226,232,230,234,233,235,228,232,244,123,129,125,131,130,126,128,128
213,222,192,202,215,212,226,223,222,228,224,236,230,241,232,237,227,222,127,134,119,128,127,132,128,128
216,201,178,218,211,226,216,214,225,234,232,226,234,228,234,234,224,223,134,122,130,132,127,124,128,128
222,199,207,221,218,212,221,226,223,237,228,218,234,222,238,228,212,125,124,126,129,128,122,132,128,128
200,187,161,173,193,211,217,222,205,231,225,229,232,226,231,225,229,128,131,129,131,124,130,125,128,128
186,205,199,185,208,202,210,217,205,222,236,231,234,218,220,220,232,126,126,128,123,130,132,127,128,128
170,191,193,184,203,209,206,217,215,219,223,231,220,231,215,230,131,126,128,131,126,128,127,127,128,128
169,195,198,204,175,199,207,190,219,209,221,221,228,232,224,241,128,128,128,128,128,128,128,128,128,128
167,176,196,178,181,209,208,208,196,219,222,240,224,223,225,226,128,128,128,128,128,128,128,128,128,128
161,159,164,197,169,211,217,212,218,221,215,235,227,231,233,126,128,128,128,128,128,128,128,128,128,128
136,156,209,185,189,197,209,193,219,203,224,219,230,219,220,129,128,128,128,128,128,128,128,128,128,128
166,148,182,185,211,193,214,211,209,213,216,228,229,231,221,128,128,128,128,128,128,128,128,128,128,128
128,162,171,191,167,193,209,180,215,211,205,228,234,242,127,127,128,128,128,128,128,128,128,128,128,128
135,131,163,188,205,194,188,220,234,221,212,229,233,217,129,130,128,128,128,128,128,128,128,128,128,128
135,154,175,216,193,204,183,199,225,223,229,230,230,128,128,126,128,128,128,128,128,128,128,128,128,128
