250,253,247,251,250,255,248,249,247,251,249,85,65,67,66,80,77,97,109,101,115,134,155,178,169,160
255,240,248,246,245,251,255,255,253,250,244,96,53,61,63,74,72,81,97,96,104,120,149,150,177,166
231,210,229,231,240,245,252,250,251,250,237,101,65,60,68,62,77,81,89,82,84,119,137,156,148,167
189,192,176,187,206,222,232,235,239,241,229,103,76,70,62,64,76,81,98,93,102,106,131,144,145,172
106,75,60,70,85,128,161,202,217,230,200,118,83,72,57,63,69,70,85,94,89,102,122,142,140,143
49,28,23,33,31,62,73,126,157,193,172,145,106,72,71,57,76,68,73,77,90,90,106,117,139,158
23,25,29,31,38,45,67,123,157,179,196,174,117,103,76,81,71,76,81,77,87,99,110,110,143,144
47,62,77,63,64,74,101,146,204,232,192,185,130,113,86,82,80,80,78,75,101,88,109,124,129,134
105,107,82,87,78,108,193,208,217,228,223,186,171,117,113,92,80,75,66,72,80,88,106,112,105,110
132,132,115,125,164,195,220,227,240,218,211,177,173,146,121,93,85,87,79,79,82,69,87,108,107,110
150,166,179,200,221,226,237,243,236,234,229,189,181,130,105,113,117,102,83,80,88,94,105,80,112,124
173,208,210,231,237,234,236,242,226,240,215,199,134,155,119,128,128,83,98,82,86,84,90,111,109,120
206,219,234,240,235,236,232,241,231,229,210,163,120,161,164,124,132,128,92,104,91,107,99,105,107,123
227,232,230,236,230,233,226,237,239,221,210,167,127,137,170,128,134,122,111,122,95,86,114,111,123,109
225,230,227,224,235,230,219,223,216,224,208,167,146,131,173,134,119,136,124,129,100,91,96,127,119,104
222,233,225,219,228,229,228,215,224,225,213,175,132,151,155,148,112,137,129,139,108,101,114,104,117,114
223,233,227,227,237,234,222,229,228,225,221,182,187,151,150,145,121,144,134,141,130,113,82,129,113,112
227,230,230,223,227,232,236,203,233,224,216,199,188,183,173,123,135,125,154,126,122,114,87,83,109,124
209,218,222,218,225,218,223,221,232,222,220,208,209,180,157,147,139,126,142,137,121,124,112,101,99,96
197,214,226,226,197,234,224,227,228,230,218,213,215,208,192,152,144,117,144,141,109,130,121,108,108,92
178,197,222,221,214,219,223,228,224,226,216,233,204,213,199,173,154,102,110,100,135,101,119,102,113,100
161,191,217,223,216,225,226,220,222,235,216,224,222,219,202,186,144,119,76,114,92,94,96,131,117,112
175,215,232,224,223,223,219,225,234,231,231,227,225,217,211,204,131,153,104,90,89,84,98,107,125,112
152,226,219,226,234,233,237,234,224,237,234,236,223,236,228,204,178,143,96,89,75,70,103,99,116,109
115,181,193,202,233,238,235,242,238,243,233,245,233,230,230,227,209,162,123,81,75,80,85,89,139,114
93,117,127,125,182,231,233,238,246,242,243,237,237,241,234,225,185,174,126,94,68,64,80,85,122,131
79,85,93,109,134,166,184,201,233,249,241,245,249,250,239,236,220,197,119,71,56,59,54,74,103,111
66,81,90,105,116,121,108,134,206,237,237,235,245,242,246,216,207,202,113,70,48,49,45,69,80,96
72,87,74,108,108,108,105,76,93,150,177,198,238,230,236,203,177,177,97,71,39,33,39,56,67,92
66,55,57,74,93,95,86,79,76,75,95,111,164,185,160,113,96,94,63,50,24,19,24,35,59,83
