124,130,128,129,128,129,129,126,3,20,7,26,32,47,64,66,92,74,88,94,114,89,104,106,117,129
129,131,125,120,133,124,131,3,4,11,14,22,50,60,55,91,94,92,110,108,104,105,121,100,96,99
127,132,122,134,124,129,124,3,8,16,21,41,36,64,69,72,74,91,94,104,113,103,99,110,100,88
123,128,133,129,126,130,131,7,12,9,33,33,57,60,68,74,82,79,81,102,101,86,84,97,103,86
133,126,123,129,126,124,131,6,15,22,33,39,64,60,84,75,91,79,87,99,93,94,106,95,99,110
125,129,133,127,129,136,0,10,20,36,46,41,53,84,67,84,107,87,98,110,99,88,98,85,86,82
129,130,126,129,125,131,8,20,30,27,47,61,68,67,85,90,94,76,95,113,96,87,105,100,89,93
128,127,127,131,129,125,19,26,24,53,55,68,85,74,82,97,73,112,102,83,94,103,108,125,119,97
127,129,127,129,131,131,20,32,32,54,61,80,78,61,81,73,101,78,87,98,93,105,103,115,113,100
131,127,127,128,123,18,36,46,45,50,74,73,87,72,96,95,101,96,92,104,108,109,109,104,96,127
123,131,126,130,129,16,39,45,63,48,79,79,91,85,121,105,116,114,121,105,121,131,109,117,118,130
128,127,132,125,129,36,37,64,68,74,70,74,92,82,101,88,118,106,116,111,109,121,127,104,122,130
129,125,124,129,128,39,47,47,64,72,74,84,92,96,115,100,106,115,123,111,115,118,124,127,142,139
125,135,129,129,124,35,61,62,71,84,93,80,105,100,103,114,114,104,113,99,109,129,123,134,109,146
131,121,127,129,129,56,61,71,77,69,90,84,102,95,108,111,105,126,117,110,118,123,132,151,146,168
127,132,122,133,51,64,65,81,100,89,93,103,121,104,117,113,131,115,116,121,136,162,145,132,141,170
129,128,128,127,77,73,79,100,85,106,105,118,115,117,102,101,104,116,118,134,155,121,137,142,148,171
125,124,130,128,77,81,102,112,109,113,105,136,111,125,109,139,118,125,127,122,140,134,151,177,164,176
132,126,132,126,95,109,83,89,97,84,119,131,142,123,115,122,130,137,145,150,144,130,139,136,105,135
126,127,125,134,98,113,108,115,112,107,113,131,123,140,118,108,118,114,133,121,144,131,128,134,113,102
130,131,132,119,117,117,84,122,109,121,126,150,129,136,126,127,129,139,109,132,107,131,120,87,104,102
126,127,128,106,109,86,98,120,110,131,135,118,126,136,137,111,108,106,95,98,88,87,95,124,84,99
129,126,128,98,120,104,93,100,99,124,120,140,123,129,105,122,73,72,56,51,49,66,74,60,66,44
126,131,125,102,102,103,109,103,139,146,143,116,136,126,82,56,42,31,33,37,42,48,34,45,36,36
129,124,134,112,117,96,91,134,126,139,124,110,90,60,40,19,25,28,31,28,17,17,10,23,33,20
128,132,120,111,93,106,124,117,112,118,99,62,41,19,20,11,20,20,22,7,8,9,11,6,13,6
131,125,129,94,111,132,111,124,95,69,43,29,28,15,13,16,9,6,8,7,11,7,13,7,5,4
127,126,132,120,110,117,129,77,54,41,26,18,17,20,14,13,6,8,4,15,6,2,5,4,1,1
130,127,128,121,100,102,68,39,40,33,29,17,14,14,13,10,15,24,15,14,5,10,14,9,6,4
125,127,132,120,73,43,30,35,26,12,14,14,30,26,32,26,36,36,31,24,31,27,28,24,13,7
