90,81,94,106,95,109,100,118,134,82,119,125,114,121,133,132,115,101,126,79,73,77,82,86,63,75
106,81,94,125,107,115,108,110,91,134,117,125,127,144,139,138,146,98,108,98,85,98,101,105,109,91
126,114,108,120,117,125,114,112,118,135,111,125,92,86,120,104,91,99,87,133,115,147,173,148,126,129
127,146,136,134,123,122,118,105,144,160,149,136,118,115,133,98,137,143,156,172,147,157,166,161,147,129
118,112,125,133,127,129,143,137,147,162,139,128,138,177,144,140,127,162,143,136,175,171,185,175,195,182
144,134,97,129,141,143,151,122,134,129,150,161,177,175,149,149,174,177,153,156,141,162,185,177,181,193
110,103,128,145,124,131,177,138,153,172,179,146,156,163,176,166,172,172,183,159,183,134,170,181,187,204
127,158,145,160,140,136,160,158,140,171,177,177,189,165,166,160,198,179,188,193,169,169,171,165,195,185
132,156,131,139,153,158,158,167,129,155,172,175,172,178,179,180,184,164,168,183,192,204,201,185,183,187
167,162,152,165,159,170,160,159,143,161,179,171,163,194,181,185,173,186,186,183,193,198,213,205,214,201
130,176,149,154,167,156,159,178,166,173,208,181,204,192,186,195,212,188,189,189,193,199,188,197,218,224
169,160,169,157,178,155,167,187,177,175,182,192,189,188,177,196,188,202,201,193,187,201,193,203,209,214
161,203,171,181,183,206,191,179,191,191,197,202,185,160,184,199,204,203,190,188,195,193,208,210,222,228
177,169,189,179,182,184,200,165,195,177,196,194,185,189,216,211,192,182,190,196,203,194,208,212,214,214
183,187,168,173,201,204,188,199,188,199,182,187,212,203,190,211,211,181,167,182,207,208,204,203,209,221
161,173,203,164,191,165,176,194,179,194,198,201,212,183,191,205,197,200,201,171,188,183,199,188,204,205
185,170,180,189,152,167,190,179,183,187,199,191,186,184,200,177,167,162,192,184,188,182,175,184,165,203
163,170,190,195,168,170,179,169,162,198,176,164,179,188,151,150,168,127,156,151,157,171,149,134,180,171
170,161,164,179,184,181,178,154,167,160,144,126,135,145,154,107,120,103,150,131,142,118,133,137,131,154
150,151,163,147,157,169,146,143,149,150,153,149,160,135,138,73,79,73,61,79,94,100,75,62,76,78
155,127,167,135,127,114,115,103,129,132,111,123,118,104,62,49,35,41,45,63,49,50,41,38,37,48
97,106,133,97,110,83,55,82,65,71,81,66,66,39,46,21,15,23,30,26,28,24,12,13,16,14
59,70,103,74,89,76,45,46,50,35,29,18,16,15,2,9,10,9,14,0,15,9,1,9,10,5
96,64,53,64,56,44,19,30,34,14,15,8,7,10,8,2,10,5,10,9,8,0,5,7,0,6
61,57,36,44,32,24,20,16,18,16,7,7,6,6,9,7,5,6,6,8,4,4,5,4,3,5
35,42,35,39,22,24,23,23,16,8,8,10,9,8,8,6,5,9,8,4,10,2,6,10,15,27
31,28,35,34,12,18,17,22,15,8,11,11,9,8,8,7,6,10,7,0,5,6,18,31,30,45
28,27,31,31,15,16,14,15,17,14,13,10,6,6,10,10,9,12,11,15,22,28,28,41,51,76
18,25,25,28,23,19,19,12,20,13,13,11,8,9,12,13,15,21,14,24,32,42,49,45,62,74
26,23,28,28,25,17,20,12,24,12,12,14,15,16,17,16,23,34,36,37,45,51,80,65,83,74
