67,95,117,118,124,132,129,132,145,164,178,158,149,166,138,133,121,124,100,82,70,56,48,39,43,37
61,104,98,102,117,124,117,126,97,146,160,168,170,157,135,127,131,99,80,81,79,68,41,43,45,36
100,106,94,118,109,106,116,113,170,134,144,164,164,129,148,106,129,87,100,80,89,82,59,53,50,40
95,91,90,98,134,110,102,143,140,173,138,153,162,132,108,113,109,112,103,100,94,87,65,75,59,57
78,79,87,103,120,103,112,109,133,154,130,120,134,141,145,137,124,105,113,111,108,92,85,78,67,50
85,94,92,99,110,98,127,136,144,124,147,132,123,134,125,122,121,115,114,87,105,99,92,98,84,73
75,102,100,101,109,106,98,119,142,143,163,128,119,134,117,120,98,102,120,122,107,101,84,87,89,79
74,88,67,97,112,112,116,120,164,121,136,122,128,125,127,144,133,107,116,111,114,106,89,70,79,56
88,96,95,92,106,104,111,101,131,125,167,139,150,127,111,127,116,110,113,99,103,110,101,97,81,64
98,93,93,100,104,123,109,105,122,117,148,126,132,136,143,135,116,118,134,112,97,99,105,94,85,60
86,68,94,101,101,127,114,115,115,139,133,129,139,156,138,108,110,124,148,119,81,91,77,80,63,52
61,66,84,101,95,124,126,129,124,97,172,149,134,145,130,117,114,103,101,89,94,84,83,63,52,42
51,73,79,82,92,117,120,126,118,132,184,135,135,155,129,118,130,137,91,107,92,69,70,61,38,25
45,59,72,66,104,101,108,131,125,122,153,163,128,148,153,113,128,130,128,92,85,66,50,38,29,30
50,61,74,65,91,109,99,124,124,120,151,147,162,164,118,149,126,118,119,109,96,70,52,31,30,25
42,53,75,97,120,94,118,120,130,154,133,129,157,175,162,155,180,143,115,97,96,66,48,42,22,19
41,55,72,96,98,100,120,125,141,153,189,181,192,173,185,140,174,137,131,118,84,67,36,32,23,34
47,52,72,89,99,123,107,138,129,165,183,183,188,193,164,193,219,191,136,105,89,75,47,35,54,29
44,52,62,94,90,123,129,127,137,157,203,220,210,225,212,206,205,223,181,155,95,91,55,73,33,23
44,47,65,90,109,115,118,166,159,202,189,212,212,201,213,231,235,218,198,181,115,85,102,62,35,24
42,62,73,96,100,114,146,128,177,186,162,218,229,238,227,236,233,229,172,191,134,136,72,52,45,32
49,54,74,83,100,107,140,132,159,166,204,215,232,244,238,238,236,225,233,190,199,104,84,60,51,32
54,60,85,93,109,117,160,178,199,202,212,226,238,224,245,238,237,209,239,163,123,96,72,68,54,45
57,72,79,93,109,133,152,203,196,208,218,225,227,226,240,241,246,242,208,182,158,98,93,67,48,41
65,77,85,104,124,140,153,165,185,201,225,231,218,233,228,240,244,236,213,181,166,170,93,64,80,47
53,87,85,119,133,200,172,212,210,220,219,240,231,240,238,245,242,230,203,174,180,170,123,99,67,68
77,95,81,124,157,178,192,202,215,214,225,236,237,244,249,240,231,237,234,214,171,184,138,109,62,60
85,79,122,131,168,196,217,232,237,232,233,234,243,237,239,246,246,239,222,201,212,175,123,130,87,66
80,100,136,159,192,208,207,223,220,237,238,242,240,242,247,249,243,233,232,236,216,231,178,142,120,112
103,129,165,208,225,221,227,218,232,226,245,240,248,245,241,243,251,249,235,222,230,235,218,158,142,108
