128,131,128,128,126,126,129,129,2,6,9,9,9,11,12,12,12,15,23,27,26,33,38,35,55,50
126,129,127,126,140,127,129,0,4,7,9,8,9,11,13,13,17,20,24,26,29,38,45,46,52,55
131,133,120,132,122,129,125,6,6,7,7,7,9,11,13,14,17,24,28,31,36,41,44,45,51,58
124,128,132,128,126,130,131,7,6,7,7,9,11,14,15,16,19,28,33,35,42,46,45,48,57,65
130,125,124,131,128,125,130,5,6,7,9,12,15,17,18,19,25,33,35,36,45,51,55,61,61,74
126,129,132,124,127,136,0,11,4,5,8,13,16,17,19,20,27,34,37,40,46,53,58,61,61,77
128,129,126,129,126,131,2,9,4,5,8,12,15,16,19,22,30,34,41,45,48,55,60,60,67,84
130,128,126,130,130,123,8,5,7,8,11,14,16,17,21,25,37,38,44,48,50,60,71,71,78,99
128,130,128,128,129,130,7,3,4,7,13,16,16,16,22,30,42,48,45,50,62,68,74,76,76,86
127,127,126,129,123,9,5,9,5,7,12,17,15,16,25,37,40,48,53,60,62,85,74,88,91,107
131,132,127,131,127,6,2,4,8,9,14,17,16,18,31,46,48,54,55,64,66,94,83,98,116,103
126,127,126,128,126,4,3,7,7,10,14,16,18,24,37,48,42,54,54,66,73,80,83,89,106,91
131,124,132,129,130,5,4,2,6,11,14,16,21,32,41,45,57,61,59,73,83,86,89,97,117,105
127,131,131,121,131,0,0,13,10,15,18,22,30,41,47,46,48,59,74,81,75,85,84,115,130,135
126,131,119,135,132,3,9,1,17,18,23,31,40,46,50,50,59,62,77,89,103,116,104,113,147,160
127,130,129,125,2,1,4,14,20,18,23,35,44,46,49,53,62,80,95,90,103,103,129,141,158,150
127,130,123,134,2,4,16,18,20,27,33,33,48,52,58,61,69,84,93,104,101,102,124,135,154,175
128,129,127,120,7,15,11,17,22,34,38,45,54,60,65,69,82,75,103,108,121,147,165,141,165,164
129,125,135,131,0,8,18,21,27,42,40,52,57,68,79,85,96,113,102,127,128,134,144,147,142,113
130,133,120,129,8,13,17,22,37,51,50,59,62,70,85,90,93,98,109,122,161,131,144,160,140,161
126,129,125,130,16,18,19,35,41,51,58,60,63,64,79,81,110,104,144,166,145,177,135,136,141,139
126,135,132,3,12,22,36,36,45,49,62,59,64,71,88,94,110,148,107,93,84,77,71,63,53,54
130,126,128,16,17,30,32,53,55,56,71,68,69,84,95,105,99,84,80,49,48,40,42,29,44,39
128,126,130,16,24,32,43,47,56,58,75,75,65,80,75,83,66,46,44,27,25,26,20,32,27,27
127,128,130,24,31,41,39,59,61,71,73,77,83,69,45,39,37,34,28,21,26,25,16,15,12,11
130,125,127,23,34,46,44,66,64,73,74,69,63,48,33,30,25,26,18,17,22,18,23,19,19,13
127,134,131,29,47,45,60,63,70,68,59,46,34,27,25,26,26,24,18,17,21,14,18,12,9,14
129,122,126,36,41,53,54,85,76,56,39,30,24,24,26,26,22,17,18,17,22,24,25,24,24,37
124,133,132,40,54,51,74,78,71,44,28,30,29,28,27,24,18,27,27,37,45,53,69,74,71,74
129,130,123,40,57,64,75,71,56,33,23,27,28,26,28,31,48,80,69,86,81,77,91,91,100,92
