55,51,46,33,22,18,8,13,19,27,53,68,65,72,72,73,77,77,76,86,84,89,90,94,91,98
58,42,44,44,37,53,25,26,8,19,62,75,68,69,74,73,85,77,85,88,89,93,92,92,92,97
45,62,51,35,35,37,37,25,14,18,69,70,74,82,74,85,85,86,86,84,89,87,86,88,95,95
27,47,50,55,62,43,30,21,18,23,60,81,83,75,84,73,78,81,85,79,87,90,96,96,92,71
41,36,41,53,52,59,36,38,36,51,63,67,84,79,68,78,83,80,78,82,82,85,92,91,97,75
81,59,48,35,48,48,63,52,60,60,53,67,68,77,80,71,77,82,85,90,86,88,91,91,96,77
125,96,82,67,51,50,33,55,49,52,56,59,71,61,57,72,71,66,70,75,68,68,63,63,64,50
153,135,104,94,91,84,63,71,57,47,49,32,47,40,35,49,45,50,52,58,52,55,50,54,53,46
166,164,161,127,121,111,104,93,92,87,83,87,72,67,69,59,53,54,61,68,67,74,77,89,93,95
166,170,172,154,136,145,130,134,129,130,117,124,115,105,107,109,107,100,112,116,116,122,132,144,150,155
164,162,181,182,167,165,154,152,157,150,161,149,151,152,148,146,146,148,152,153,155,156,169,173,173,175
166,156,170,176,167,179,177,171,179,177,166,189,173,181,190,179,185,177,181,183,189,190,204,202,196,194
170,153,149,172,164,175,182,202,191,200,203,203,185,208,200,209,210,208,215,215,226,230,210,193,200,222
181,147,139,156,170,176,193,194,195,199,208,209,210,203,225,213,226,223,224,223,225,221,215,222,193,217
213,163,149,143,156,164,196,198,206,201,212,207,220,222,230,226,231,217,232,230,228,220,232,225,232,214
236,188,145,146,162,176,186,194,206,208,215,222,233,241,224,234,234,237,234,204,226,216,212,226,209,220
246,209,156,150,157,174,180,197,205,201,183,223,232,219,230,239,222,215,227,216,199,226,242,220,222,221
252,228,156,147,154,165,173,188,205,203,210,216,213,216,228,222,221,235,225,218,243,231,231,219,210,208
249,238,163,143,146,165,184,197,202,192,200,218,227,229,210,220,235,230,221,229,214,241,228,233,239,199
246,244,174,159,158,176,177,188,199,208,207,202,210,231,235,218,229,228,232,234,224,238,228,207,215,215
245,247,165,163,147,164,179,174,185,194,204,217,221,208,228,220,222,231,230,232,217,213,223,223,233,199
244,230,162,170,171,184,180,194,197,203,209,218,214,202,219,221,219,215,210,210,209,214,216,214,221,210
237,192,168,185,169,179,190,202,205,208,209,221,220,209,213,223,225,219,198,218,220,231,202,217,208,209
207,161,181,167,187,189,195,203,201,201,201,211,216,217,210,216,212,204,229,215,216,216,215,205,212,215
156,174,181,192,195,197,205,190,200,208,191,201,212,218,201,208,221,232,224,234,239,216,208,199,220,210
186,205,205,193,200,198,190,202,204,201,217,219,222,219,196,200,216,230,228,229,219,232,221,216,209,196
221,220,209,213,197,198,202,201,204,188,209,208,210,211,206,214,212,199,213,215,220,211,211,214,219,206
221,218,220,220,221,205,196,185,208,203,194,208,218,209,203,215,220,208,217,212,220,217,207,216,213,219
225,227,227,220,209,218,219,200,213,202,204,207,193,224,225,220,208,215,224,225,230,214,205,209,219,205
228,229,229,225,232,221,212,216,207,224,206,212,198,225,222,199,227,206,220,222,229,222,206,209,212,214
