128,128,128,128,128,128,128,128,129,129,127,132,127,129,37,46,47,55,66,71,79,87,83,84,97,93
128,128,128,128,128,128,128,128,128,127,134,119,129,130,40,46,43,66,56,70,80,73,83,90,101,93
128,128,128,128,128,128,128,128,130,128,122,134,126,128,128,43,55,55,54,69,69,76,85,92,87,93
128,128,128,128,128,128,128,128,126,129,129,131,127,126,127,48,51,50,58,70,66,76,74,77,94,100
128,128,128,128,128,128,128,128,130,127,131,119,128,133,123,129,36,61,54,64,74,74,80,91,75,106
128,128,128,128,128,128,128,128,126,127,128,134,128,125,126,131,45,40,51,61,72,77,74,78,88,103
128,128,128,128,128,128,128,128,128,134,127,126,126,133,126,128,123,45,56,54,54,75,80,86,84,84
128,128,128,128,128,128,128,128,126,130,124,132,127,127,132,125,130,42,44,58,63,64,77,81,93,107
128,128,128,128,128,128,128,128,128,128,128,128,128,128,128,128,124,46,47,52,65,65,63,86,83,86
128,128,128,128,128,128,128,128,128,128,128,128,128,128,128,128,132,129,47,52,52,60,79,73,86,93
128,128,128,128,128,128,128,128,128,128,128,128,128,128,128,128,128,123,40,56,53,62,69,80,84,88
128,128,128,128,128,128,128,128,128,128,128,128,128,128,128,128,127,130,131,47,46,59,73,72,86,84
128,128,128,128,128,128,128,128,128,128,128,128,128,128,128,128,127,123,131,50,52,44,61,66,75,86
128,128,128,128,128,128,128,128,128,128,128,128,128,128,128,128,130,128,122,131,43,51,54,59,61,82
128,128,128,128,128,128,128,128,128,128,128,128,128,128,128,128,130,124,135,121,130,53,52,65,65,75
128,128,128,128,128,128,128,128,128,128,128,128,128,128,128,128,126,128,128,130,123,54,54,63,65,69
128,128,128,128,128,128,128,128,128,128,128,128,128,128,128,128,127,131,124,132,127,129,50,54,63,67
128,128,128,128,128,128,128,128,128,128,128,128,128,128,128,128,128,128,129,126,129,125,56,55,66,68
128,128,128,128,128,128,128,128,128,128,128,128,128,128,128,128,128,128,126,127,130,134,119,63,63,54
128,128,128,128,128,128,128,128,128,128,128,128,128,128,128,128,126,128,128,132,127,124,130,56,56,57
128,128,128,128,128,128,128,128,128,128,128,128,128,128,128,128,131,126,130,124,127,131,131,127,58,58
128,128,128,128,128,128,128,128,128,128,128,128,128,128,128,128,126,126,131,132,128,129,123,130,127,57
128,128,128,128,128,128,128,128,128,128,128,128,128,128,128,128,129,131,125,131,123,128,132,124,127,58
128,128,128,128,128,128,128,128,128,128,128,128,128,128,128,128,128,128,129,127,129,132,120,135,127,131
128,128,128,128,128,128,128,128,128,128,128,128,128,128,128,128,128,128,128,128,128,128,128,128,127,126
128,128,128,128,128,128,128,128,128,128,128,128,128,128,128,128,128,128,128,128,128,128,128,128,132,128
128,128,128,128,128,128,128,128,128,128,128,128,128,128,128,128,128,128,128,128,128,128,128,128,124,128
128,128,128,128,128,128,128,128,128,128,128,128,128,128,128,128,128,128,128,128,128,128,128,128,133,126
128,128,128,128,128,128,128,128,128,128,128,128,128,128,128,128,128,128,128,128,128,128,128,128,123,130
128,128,128,128,128,128,128,128,128,128,128,128,128,128,128,128,128,128,128,128,128,128,128,128,129,133
