80,100,137,160,203,210,221,221,232,240,242,241,241,245,248,239,242,249,249,245,245,249,245,236,236,128
122,153,166,187,209,207,224,225,233,235,240,245,239,238,246,245,245,250,250,251,245,244,237,233,242,131
155,178,183,187,206,218,200,233,230,235,236,241,242,240,245,248,252,250,248,255,245,238,232,238,243,131
178,187,186,203,214,222,219,232,225,237,232,232,244,249,248,248,251,255,254,254,244,245,243,247,240,129
139,177,192,201,203,218,214,225,221,233,235,241,245,245,253,255,254,254,251,250,250,248,247,249,246,126
161,173,195,205,209,217,220,225,232,239,236,241,247,248,252,251,252,252,251,251,251,248,246,248,249,129
172,180,202,198,219,218,210,225,231,237,236,242,251,254,255,255,252,253,253,254,255,251,248,249,241,127
174,205,190,193,217,205,228,231,232,240,243,247,251,252,253,253,253,255,254,255,255,252,248,249,255,127
179,193,204,212,219,222,230,230,237,241,245,247,251,253,252,253,254,255,254,253,254,250,247,248,243,126
204,206,200,210,214,221,230,239,241,240,242,243,251,255,254,255,255,255,254,253,253,249,247,248,251,128
209,208,215,211,217,228,215,234,242,242,245,243,249,254,248,250,255,255,254,253,254,250,247,248,245,131
199,207,220,222,213,221,232,224,230,235,245,246,249,254,249,254,252,253,252,252,253,249,246,247,129,127
209,220,216,225,222,231,190,222,236,240,246,249,251,251,252,253,252,255,251,254,253,249,252,248,128,128
215,213,219,214,219,206,183,215,238,241,245,247,248,249,250,252,254,255,252,253,252,249,249,247,128,128
217,212,218,224,231,213,229,236,241,243,245,247,248,249,251,253,254,253,254,251,249,249,245,246,128,128
216,208,221,218,225,234,229,240,240,242,244,246,248,249,251,253,253,250,254,250,248,249,243,246,128,128
218,227,220,221,231,231,224,234,238,240,243,246,247,247,248,248,250,248,253,248,247,248,243,246,128,128
216,199,225,222,222,229,224,235,239,241,244,247,247,247,246,245,249,248,251,248,246,246,243,245,128,128
213,200,217,227,223,222,241,232,239,241,244,247,248,249,248,247,249,251,250,249,246,242,243,242,128,128
203,216,209,210,226,229,229,231,236,238,241,245,248,249,249,249,250,254,249,250,246,239,243,239,128,128
217,209,219,222,223,225,236,230,233,241,241,240,245,247,246,247,238,247,254,247,244,242,240,127,128,128
216,214,214,218,218,214,233,229,228,237,240,239,241,244,244,242,254,239,248,250,244,242,235,132,128,128
218,219,208,219,227,220,235,227,223,230,238,239,240,246,250,248,241,244,245,244,240,241,241,127,128,128
209,216,210,223,232,222,226,220,228,228,234,238,237,241,247,246,244,244,239,246,246,238,244,129,128,128
204,217,221,226,226,218,216,222,224,219,225,235,236,237,242,243,246,238,243,236,240,242,229,124,128,128
207,217,219,220,220,222,220,228,225,220,225,236,240,238,238,241,221,235,240,253,240,238,238,127,128,128
205,213,205,212,217,225,227,224,234,233,233,236,239,236,235,237,228,243,248,236,247,230,125,127,128,128
204,218,207,218,220,225,233,223,227,232,230,229,234,238,240,245,243,241,236,244,241,238,129,128,128,128
219,211,209,225,226,230,227,230,227,228,236,239,230,233,230,241,242,243,244,237,241,239,125,131,128,128
207,214,220,222,225,228,233,237,232,234,236,234,237,234,234,245,240,248,243,243,241,240,127,128,128,128
