206,186,180,190,182,195,189,188,182,170,161,184,168,125,126,130,128,128,128,128,128,128,128,128,128,128
146,192,163,172,185,208,200,202,187,188,194,160,177,127,132,127,128,128,128,128,128,128,128,128,128,128
190,167,190,214,178,208,196,192,201,184,181,174,124,127,122,129,128,128,128,128,128,128,128,128,128,128
217,195,220,205,197,189,198,208,198,197,148,185,129,130,134,125,128,128,128,128,128,128,128,128,128,128
201,202,202,193,201,202,205,212,215,182,203,127,125,129,124,131,128,128,128,128,128,128,128,128,128,128
215,228,202,203,216,208,191,207,206,204,204,127,130,127,129,124,128,128,128,128,128,128,128,128,128,128
194,215,208,193,216,185,227,220,202,221,123,122,129,131,128,130,128,128,128,128,128,128,128,128,128,128
230,215,235,227,225,215,220,211,228,193,134,130,126,129,126,130,128,128,128,128,128,128,128,128,128,128
223,214,227,217,226,215,196,226,220,211,131,127,126,128,131,125,128,128,128,128,128,128,128,128,128,128
238,230,198,227,233,225,227,197,213,130,123,131,130,131,126,125,128,128,128,128,128,128,128,128,128,128
235,229,231,222,229,221,229,209,201,130,131,127,127,121,129,132,128,128,128,128,128,128,128,128,128,128
218,235,234,225,218,218,222,218,125,127,126,128,132,126,130,124,128,128,128,128,128,128,128,128,128,128
238,232,227,229,220,219,212,210,132,128,130,130,123,131,129,128,128,128,128,128,128,128,128,128,128,128
230,234,245,245,220,225,214,129,128,121,128,129,127,127,128,129,128,128,128,128,128,128,128,128,128,128
229,235,222,220,223,228,131,130,125,135,129,128,131,123,129,128,128,128,128,128,128,128,128,128,128,128
199,224,237,226,220,216,130,124,127,128,125,130,127,131,128,128,128,128,128,128,128,128,128,128,128,128
214,218,228,221,217,128,129,127,128,128,128,128,128,128,128,128,128,128,128,128,128,128,128,128,128,128
219,220,210,212,226,133,123,130,128,128,128,128,128,128,128,128,128,128,128,128,128,128,128,128,128,128
216,199,190,221,126,128,126,129,128,128,128,128,128,128,128,128,128,128,128,128,128,128,128,128,128,128
183,207,196,199,128,124,132,130,128,128,128,128,128,128,128,128,128,128,128,128,128,128,128,128,128,128
203,210,187,130,129,126,133,121,128,128,128,128,128,128,128,128,128,128,128,128,128,128,128,128,128,128
213,191,129,131,122,132,123,132,128,128,128,128,128,128,128,128,128,128,128,128,128,128,128,128,128,128
209,227,126,126,132,133,127,127,128,128,128,128,128,128,128,128,128,128,128,128,128,128,128,128,128,128
221,131,128,130,125,129,129,128,128,128,128,128,128,128,128,128,128,128,128,128,128,128,128,128,128,128
128,128,128,128,128,128,128,128,128,128,128,128,128,128,128,128,128,128,128,128,128,128,128,128,128,128
128,128,128,128,128,128,128,128,128,128,128,128,128,128,128,128,128,128,128,128,128,128,128,128,128,128
128,128,128,128,128,128,128,128,128,128,128,128,128,128,128,128,128,128,128,128,128,128,128,128,128,128
128,128,128,128,128,128,128,128,128,128,128,128,128,128,128,128,128,128,128,128,128,128,128,128,128,128
128,128,128,128,128,128,128,128,128,128,128,128,128,128,128,128,128,128,128,128,128,128,128,128,128,128
128,128,128,128,128,128,128,128,128,128,128,128,128,128,128,128,128,128,128,128,128,128,128,128,128,128
