28,32,28,30,11,11,16,5,14,9,12,8,9,13,12,20,16,24,30,41,40,54,49,58,70,60
25,20,23,16,12,12,7,11,7,10,8,10,12,11,13,27,40,84,81,84,105,99,132,152,176,174
21,24,18,14,8,10,17,8,16,12,16,20,23,29,45,73,84,101,84,110,126,141,147,141,186,212
25,22,15,19,15,18,11,22,19,24,25,34,54,68,68,79,82,90,98,106,88,107,83,153,148,195
28,21,25,18,27,25,27,32,40,60,77,56,50,54,50,63,68,67,62,74,72,89,110,121,159,170
37,34,42,39,55,56,61,51,56,66,70,61,58,59,50,58,64,66,47,67,79,97,108,104,131,142
49,52,56,68,60,61,52,61,61,56,47,49,41,42,46,58,61,63,65,80,96,90,99,99,119,126
60,62,51,62,56,57,54,51,48,34,33,50,48,47,44,49,51,55,71,67,86,75,63,86,69,102
65,60,59,52,51,42,45,32,35,30,38,40,29,34,35,43,44,36,44,44,39,51,45,46,57,80
56,47,33,35,37,34,27,34,24,25,28,29,29,37,25,26,33,27,30,25,22,19,23,19,21,26
42,35,26,30,30,26,23,23,22,17,18,20,16,16,13,8,2,9,2,3,7,0,0,5,7,7
35,32,25,23,22,23,21,16,13,14,11,1,3,2,3,2,3,0,5,0,1,0,2,0,0,5
23,25,22,18,16,17,14,9,6,7,1,4,7,0,1,2,0,0,0,0,0,4,5,5,2,16
18,22,17,18,15,9,6,6,4,1,0,7,16,12,5,5,0,6,6,7,1,3,4,27,11,37
15,18,16,16,12,6,3,4,4,4,15,20,39,16,8,7,11,7,0,2,21,17,13,34,39,131
16,17,16,10,6,7,5,3,8,17,35,88,104,13,12,11,17,8,3,1,1,11,4,49,151,221
20,19,13,7,5,7,7,8,19,33,53,140,160,35,12,13,16,7,4,0,2,0,11,15,38,224
14,10,8,8,7,4,6,16,30,41,64,126,165,73,4,7,18,3,0,5,1,2,4,8,3,217
7,10,5,7,3,6,17,23,30,44,65,131,131,148,22,5,8,5,2,1,3,10,2,7,22,219
12,6,3,9,9,10,16,19,29,46,96,113,138,151,120,18,9,8,2,0,9,8,3,28,176,236
3,4,4,10,12,12,14,15,22,37,49,109,112,133,147,92,25,13,8,11,7,15,43,170,225,236
10,5,3,5,5,5,7,6,6,12,20,29,57,63,80,89,96,57,31,27,41,106,160,183,183,184
16,7,9,9,8,8,9,6,2,1,1,4,5,10,18,29,27,29,36,39,43,50,40,31,12,13
12,14,15,17,19,18,15,11,8,7,6,6,5,2,0,7,7,5,2,7,6,0,8,7,10,11
23,24,16,17,20,19,14,11,11,10,11,3,6,15,1,8,8,0,9,1,6,9,4,8,14,11
30,24,22,19,19,19,16,16,16,13,14,17,7,5,12,9,3,8,1,6,7,11,14,10,10,22
36,28,25,23,20,19,20,19,23,21,19,10,18,11,13,20,9,14,15,12,6,16,13,13,22,14
46,34,25,32,28,25,24,19,19,17,18,17,22,19,18,19,16,18,14,23,26,15,23,25,18,32
73,45,41,50,21,24,29,29,25,22,18,22,21,23,21,18,22,21,25,34,20,37,25,35,48,41
76,53,50,27,45,32,25,24,31,25,24,25,22,23,23,22,25,24,21,21,29,24,43,42,48,44
