129,130,127,129,130,251,239,251,252,248,230,200,171,196,184,215,217,225,223,239,220,231,232,233,233,233
127,127,127,127,124,255,250,255,252,251,182,107,154,173,172,213,226,238,212,232,231,235,233,232,237,237
129,127,130,129,132,124,248,252,255,252,171,82,85,130,152,193,221,227,218,230,237,234,232,234,234,236
128,125,131,125,125,127,255,250,248,243,157,95,41,70,94,168,215,210,233,230,223,227,229,238,238,233
128,126,130,127,130,126,252,247,251,241,169,91,21,111,35,141,224,221,225,226,220,232,231,229,235,232
126,132,128,125,129,129,253,254,223,240,163,95,63,82,20,93,200,228,207,222,221,233,238,233,233,228
130,123,131,130,122,128,129,252,239,254,236,171,139,48,14,70,194,221,220,214,214,235,236,228,235,229
128,129,124,126,134,129,124,251,249,253,255,205,152,60,22,54,169,220,229,218,227,228,229,220,233,230
124,135,127,125,131,126,132,241,255,255,252,226,147,77,3,32,134,217,230,222,232,226,228,226,221,217
128,129,126,128,127,129,127,163,255,248,255,196,176,66,18,13,98,198,219,223,222,221,225,227,224,222
129,126,128,130,125,129,128,119,252,255,255,233,178,37,11,41,78,171,217,229,223,220,226,221,221,225
127,128,129,128,126,126,134,133,110,247,240,213,139,12,8,52,66,138,216,226,231,221,233,225,223,221
129,126,126,127,134,127,127,122,51,111,146,108,30,15,12,64,42,99,201,216,231,221,227,224,211,214
129,125,132,128,126,123,133,128,90,73,26,26,20,17,5,18,21,77,192,218,234,225,214,217,217,210
128,128,128,128,128,128,128,128,128,37,6,20,21,9,6,11,27,63,150,204,222,222,222,218,225,217
128,128,128,128,128,128,128,128,126,28,9,26,27,19,21,29,27,42,100,198,209,225,206,220,220,210
128,128,128,128,128,128,128,128,132,16,27,20,20,8,4,19,17,19,69,178,201,229,220,217,209,233
128,128,128,128,128,128,128,128,123,21,29,18,13,20,23,13,18,3,41,136,215,214,223,220,200,192
128,128,128,128,128,128,128,128,129,132,20,23,8,13,11,18,11,18,20,83,193,213,217,209,213,214
128,128,128,128,128,128,128,128,128,124,26,23,18,9,8,8,17,14,15,88,150,205,208,216,204,219
128,128,128,128,128,128,128,128,127,130,14,13,8,9,17,11,12,15,50,71,96,194,213,214,218,221
128,128,128,128,128,128,128,128,126,129,128,9,14,7,3,9,14,17,69,23,72,168,197,212,209,201
128,128,128,128,128,128,128,128,129,127,129,12,9,11,0,10,3,64,46,21,24,99,196,201,201,213
128,128,128,128,128,128,128,128,125,132,125,23,10,9,9,10,34,68,13,30,5,66,166,204,213,217
128,128,128,128,128,128,128,128,129,133,121,127,16,4,0,6,64,25,30,0,6,23,116,196,203,206
128,128,128,128,128,128,128,128,125,127,129,127,12,4,12,12,20,13,5,17,6,4,75,158,201,199
128,128,128,128,128,128,128,128,128,127,134,129,8,5,5,0,8,3,11,7,1,3,26,112,183,196
128,128,128,128,128,128,128,128,132,128,126,129,125,3,8,7,23,17,7,2,0,1,2,66,158,198
128,128,128,128,128,128,128,128,123,126,132,123,134,6,5,9,11,12,4,6,12,5,2,26,99,174
128,128,128,128,128,128,128,128,130,129,124,130,130,127,9,10,8,8,2,2,0,5,0,5,50,138
