220,229,233,228,218,206,217,216,202,215,185,200,190,179,180,178,190,184,176,192,200,197,196,200,189,201
223,230,226,224,218,218,225,214,215,202,195,191,206,192,181,179,189,193,199,198,184,210,216,195,203,211
224,233,219,219,216,230,224,214,213,191,200,185,195,179,176,187,189,199,199,201,205,201,204,216,210,196
221,229,223,222,211,216,212,209,192,192,198,202,194,183,173,192,192,189,205,212,208,216,213,209,203,201
229,224,223,218,212,212,214,215,212,200,202,193,198,191,183,189,202,207,189,226,214,214,204,196,198,199
230,214,225,222,222,214,203,205,202,204,198,200,198,188,193,195,212,214,205,205,216,200,215,201,208,198
231,229,227,225,212,210,214,202,196,202,199,201,199,197,198,202,202,210,208,220,215,209,210,204,209,209
226,232,223,224,214,218,208,208,206,198,198,204,206,199,192,195,205,211,199,227,201,205,207,217,212,210
227,223,235,216,223,220,208,213,212,198,200,201,204,199,204,203,206,193,194,205,210,208,205,211,218,229
213,217,219,218,226,228,214,214,208,204,202,196,192,196,199,205,200,201,193,202,207,206,207,214,200,194
216,227,223,224,219,213,217,213,201,208,201,196,184,192,201,190,200,190,187,203,200,214,215,211,184,164
219,218,221,217,217,212,216,214,200,208,196,200,186,190,196,187,205,190,200,194,199,198,197,176,158,138
217,230,218,218,206,214,219,216,205,207,192,194,187,190,198,199,193,186,182,185,190,183,176,162,131,106
225,221,221,204,207,221,225,217,210,208,190,184,184,189,186,181,200,174,181,180,171,158,155,135,117,104
213,223,212,224,229,227,220,224,213,217,201,197,188,185,185,180,193,173,168,161,155,140,127,120,100,91
218,209,216,216,201,200,212,209,202,209,183,189,190,188,186,181,166,159,158,139,120,92,97,89,89,81
219,228,215,222,219,204,211,213,205,214,193,194,194,188,175,184,168,160,144,119,99,90,80,69,67,63
209,223,209,204,212,213,206,205,215,204,205,209,178,189,182,168,151,136,128,115,80,66,57,62,80,82
227,223,208,212,212,197,212,217,215,204,208,196,184,182,172,164,164,141,119,104,84,71,56,91,118,124
207,218,208,211,205,210,206,208,208,204,194,178,186,168,161,162,159,150,133,115,109,84,102,113,152,164
233,202,209,220,200,208,204,191,212,204,192,202,185,181,170,172,161,161,151,140,129,114,112,134,167,168
203,209,209,219,197,197,204,212,189,203,197,194,191,172,173,169,159,159,155,160,138,145,147,144,159,163
204,196,214,208,188,195,202,195,203,198,196,204,182,180,179,177,156,157,171,178,166,157,159,153,155,171
209,199,213,198,201,193,181,201,191,190,203,181,189,180,176,167,165,173,176,182,181,169,159,161,167,165
200,203,193,197,199,193,202,203,197,198,186,193,182,179,177,171,169,174,190,192,182,179,169,166,163,152
197,195,176,203,197,206,197,193,194,193,188,185,191,176,178,176,171,171,192,196,184,186,178,175,166,152
205,198,199,208,192,190,196,205,209,196,196,185,173,176,164,165,174,180,186,201,208,203,187,182,168,159
188,190,197,202,195,189,189,203,193,195,188,188,177,181,178,188,184,188,188,197,197,189,184,178,168,166
179,198,197,201,194,190,205,193,207,186,192,194,181,184,175,196,176,188,194,199,194,192,175,170,174,172
184,191,194,187,189,191,171,200,182,188,199,188,185,190,179,194,178,198,183,187,194,188,188,166,167,166
