128,128,128,128,128,128,128,128,126,130,129,125,132,127,176,172,177,182,173,171,170,171,175,173,173,183
128,128,128,128,128,128,128,128,127,132,126,129,125,128,180,186,161,177,164,182,174,178,176,178,180,159
128,128,128,128,128,128,128,128,128,126,128,130,131,128,128,180,186,179,172,158,168,171,175,172,162,161
128,128,128,128,128,128,128,128,129,127,133,125,126,130,126,204,201,187,186,176,173,171,170,173,173,168
128,128,128,128,128,128,128,128,130,127,124,130,129,130,127,128,217,206,185,178,180,168,186,166,158,163
128,128,128,128,128,128,128,128,126,128,131,130,126,126,130,127,227,204,212,190,204,182,178,185,166,168
128,128,128,128,128,128,128,128,131,127,128,124,129,132,122,134,127,234,227,219,207,199,194,171,183,159
128,128,128,128,128,128,128,128,126,130,126,133,124,128,131,122,125,233,236,223,228,221,196,203,188,178
128,128,128,128,128,128,128,128,128,128,128,128,128,128,128,128,125,239,232,235,229,224,228,215,199,206
128,128,128,128,128,128,128,128,128,128,128,128,128,128,128,128,132,127,227,232,239,226,220,228,219,221
128,128,128,128,128,128,128,128,128,128,128,128,128,128,128,128,128,127,242,222,237,231,227,238,224,230
128,128,128,128,128,128,128,128,128,128,128,128,128,128,128,128,129,126,128,241,243,229,242,227,222,236
128,128,128,128,128,128,128,128,128,128,128,128,128,128,128,128,128,128,128,233,230,232,230,231,233,233
128,128,128,128,128,128,128,128,128,128,128,128,128,128,128,128,129,131,123,124,241,234,236,229,240,237
128,128,128,128,128,128,128,128,128,128,128,128,128,128,128,128,128,123,130,133,124,240,246,233,238,248
128,128,128,128,128,128,128,128,128,128,128,128,128,128,128,128,128,128,128,128,125,234,238,241,243,239
128,128,128,128,128,128,128,128,128,128,128,128,128,128,128,128,130,125,128,129,130,125,183,179,191,201
128,128,128,128,128,128,128,128,128,128,128,128,128,128,128,128,127,129,130,126,127,129,154,156,161,149
128,128,128,128,128,128,128,128,128,128,128,128,128,128,128,128,128,127,128,130,126,129,132,162,161,181
128,128,128,128,128,128,128,128,128,128,128,128,128,128,128,128,129,126,127,131,126,129,127,162,166,167
128,128,128,128,128,128,128,128,128,128,128,128,128,128,128,128,129,130,129,127,126,132,128,130,178,157
128,128,128,128,128,128,128,128,128,128,128,128,128,128,128,128,129,128,129,129,128,128,129,122,129,173
128,128,128,128,128,128,128,128,128,128,128,128,128,128,128,128,129,127,127,131,129,127,127,135,126,181
128,128,128,128,128,128,128,128,128,128,128,128,128,128,128,128,127,130,127,125,127,135,122,128,128,128
128,128,128,128,128,128,128,128,128,128,128,128,128,128,128,128,128,128,128,128,128,128,128,128,131,126
128,128,128,128,128,128,128,128,128,128,128,128,128,128,128,128,128,128,128,128,128,128,128,128,125,135
128,128,128,128,128,128,128,128,128,128,128,128,128,128,128,128,128,128,128,128,128,128,128,128,127,123
128,128,128,128,128,128,128,128,128,128,128,128,128,128,128,128,128,128,128,128,128,128,128,128,133,128
128,128,128,128,128,128,128,128,128,128,128,128,128,128,128,128,128,128,128,128,128,128,128,128,127,129
128,128,128,128,128,128,128,128,128,128,128,128,128,128,128,128,128,128,128,128,128,128,128,128,126,124
