68,68,61,60,59,58,48,48,32,27,22,19,18,21,12,19,20,25,26,18,18,22,19,20,26,33
59,61,57,55,57,61,44,53,45,38,39,34,31,30,20,21,27,19,24,31,18,21,23,23,23,30
56,59,49,50,50,49,56,43,39,37,40,48,46,38,37,33,29,23,26,30,25,26,23,29,29,29
48,58,51,52,49,47,53,42,40,36,36,43,41,36,40,42,43,35,31,27,20,22,29,30,28,29
46,56,49,49,45,42,41,35,35,32,31,35,34,33,32,37,43,39,37,35,30,33,32,31,30,32
34,42,38,43,44,46,32,28,29,26,26,29,28,29,32,33,35,34,37,40,35,36,35,36,37,36
16,21,19,25,27,31,25,22,23,20,22,24,21,24,30,29,29,27,33,38,34,35,38,40,42,41
4,6,3,7,5,7,12,10,11,11,16,18,16,21,18,21,25,24,29,33,32,35,35,37,39,42
0,1,0,4,0,2,0,1,2,2,7,9,7,15,13,17,22,21,24,27,24,28,31,33,34,40
6,3,0,2,0,0,0,1,1,0,1,1,0,7,8,10,15,16,22,27,25,27,31,35,34,39
6,6,8,5,10,1,4,5,0,6,3,3,7,1,2,5,9,12,17,22,24,22,25,25,31,32
18,15,13,23,4,10,4,14,10,7,2,2,14,7,4,2,3,7,13,16,19,22,22,23,28,30
16,15,13,13,16,2,7,17,20,12,9,8,27,24,12,4,0,3,7,9,13,19,21,22,26,28
19,18,13,15,11,1,3,6,8,8,8,10,28,32,24,13,3,2,4,6,10,16,20,22,24,25
18,11,24,11,4,1,2,3,1,3,2,14,30,40,31,21,9,3,3,6,9,12,18,21,21,21
30,8,9,16,2,1,0,6,3,3,2,27,43,50,31,23,13,5,4,6,8,9,17,22,21,22
113,15,19,10,11,2,0,1,4,5,15,39,49,48,32,23,15,11,9,6,7,10,17,24,22,24
142,83,15,5,5,0,6,0,7,14,36,48,50,42,34,24,17,17,14,6,5,11,14,23,22,25
122,117,50,25,4,17,13,15,21,33,47,53,46,36,24,17,14,15,14,10,8,10,13,23,27,23
35,56,55,57,34,21,27,30,33,33,31,26,18,12,12,9,9,12,12,9,6,6,9,14,22,27
9,11,16,19,17,13,10,14,16,14,9,6,5,5,6,8,10,12,12,11,10,8,8,14,24,29
10,4,4,3,9,11,5,4,3,3,3,5,7,8,10,14,16,15,15,16,17,15,10,18,26,27
12,11,8,7,3,1,9,7,6,5,6,7,7,7,11,15,18,16,16,19,20,19,14,17,22,26
11,11,3,7,6,9,2,4,6,8,7,6,7,9,9,14,17,18,19,21,22,21,21,20,23,28
15,16,13,15,9,6,9,10,11,12,11,10,11,14,14,16,18,20,22,24,26,26,27,28,31,31
25,21,20,18,18,16,19,14,10,11,13,14,16,18,21,20,20,21,23,26,29,31,29,32,33,33
27,28,23,23,23,19,18,18,16,15,19,25,26,23,25,21,24,26,28,31,32,39,34,36,34,39
32,34,28,28,25,24,24,22,22,25,28,28,27,26,28,25,28,28,31,35,35,40,33,37,39,46
40,43,38,35,29,34,30,28,29,34,35,31,27,27,29,27,30,31,36,42,41,42,42,43,43,47
49,48,50,40,36,42,36,35,35,36,35,31,28,27,33,28,32,36,42,45,41,42,44,42,46,54
