153,159,150,149,114,101,93,95,85,65,71,56,52,49,50,49,41,40,47,46,37,42,46,33,46,40
125,117,98,87,86,62,75,61,63,51,38,42,46,35,42,35,41,37,31,42,49,42,43,56,46,49
97,102,76,63,64,62,63,56,51,49,48,40,48,40,39,36,38,42,48,44,58,68,89,89,97,94
92,90,73,59,64,62,69,54,55,52,48,47,50,46,42,46,46,55,59,78,85,118,108,132,125,133
103,85,92,74,59,71,71,68,60,56,64,68,66,69,70,79,75,82,83,98,117,128,131,132,130,124
90,89,77,72,78,78,85,71,80,77,79,84,81,89,104,114,106,106,102,107,110,114,111,121,126,127
96,97,86,87,81,95,93,107,103,102,121,121,113,108,120,116,106,98,100,106,104,114,101,116,121,132
121,106,104,108,122,112,109,110,116,118,114,113,105,96,102,94,94,89,95,96,110,111,116,107,112,108
143,107,109,109,118,122,111,121,99,97,104,101,89,85,82,77,83,82,91,93,95,100,100,105,103,99
122,130,121,110,116,105,94,101,84,90,88,82,68,74,70,73,79,79,77,87,86,90,78,91,89,89
123,106,115,99,105,86,93,89,79,74,68,79,73,68,58,62,57,60,62,66,54,73,63,57,56,59
116,111,103,92,88,76,73,74,63,61,61,57,53,48,46,41,39,39,33,30,22,26,27,21,24,21
104,101,89,84,71,67,56,60,51,50,51,41,41,33,32,19,17,10,10,4,0,0,2,1,4,4
101,87,76,76,60,62,51,53,47,43,34,28,29,20,19,10,11,4,6,3,0,6,1,7,2,8
92,73,64,65,52,53,49,44,42,33,25,20,16,17,21,14,10,10,12,15,15,14,14,23,15,9
70,67,55,55,49,44,43,33,33,23,21,18,19,41,63,40,17,24,29,36,36,18,31,42,43,18
67,59,50,50,47,39,34,25,24,19,18,27,41,74,115,75,37,45,45,51,41,18,30,40,51,28
51,51,47,49,46,37,26,21,19,20,31,51,69,91,138,87,43,49,48,51,28,12,7,15,30,23
55,57,42,42,34,27,27,21,20,31,52,57,87,136,169,130,46,36,46,53,25,4,8,7,9,13
65,54,46,44,35,22,25,22,30,42,63,80,125,141,166,200,83,26,30,36,23,3,8,19,21,7
54,52,50,36,24,30,34,28,33,54,53,89,106,150,182,178,148,56,22,18,23,12,12,19,25,14
58,56,40,36,20,25,31,49,48,52,55,67,107,139,160,183,175,147,47,20,21,18,17,12,17,25
70,61,42,34,20,16,23,37,39,37,40,50,62,90,131,127,185,173,123,73,39,27,42,48,51,64
69,63,49,33,33,29,37,23,32,36,34,14,20,36,45,69,75,113,129,122,97,70,64,68,75,91
78,73,46,51,58,48,51,52,58,51,47,32,30,12,11,18,19,33,46,60,54,61,68,77,68,62
90,85,61,67,61,61,49,62,57,53,55,46,34,26,23,19,27,25,21,25,15,29,22,25,24,28
99,95,77,77,69,65,61,56,56,54,45,40,37,38,38,33,28,27,23,23,19,15,18,14,27,27
105,120,113,78,81,71,67,65,65,53,54,52,48,45,42,40,35,31,30,24,26,21,15,26,18,28
117,110,108,124,79,90,71,72,68,59,62,64,62,57,54,53,48,42,37,38,30,31,24,25,23,23
121,116,119,112,132,89,94,72,74,68,68,68,65,59,56,55,52,50,48,51,46,44,46,35,42,33
