90,94,89,79,84,74,79,74,80,66,65,67,63,68,75,71,69,64,90,83,96,117,115,146,163,122
103,93,83,103,81,68,82,82,73,74,70,76,72,77,77,71,78,78,89,86,93,104,127,132,156,157
82,96,84,89,84,79,83,79,88,88,94,105,113,81,82,93,92,93,106,114,125,127,128,141,163,170
109,102,106,97,87,85,99,105,100,105,122,113,118,112,132,131,112,115,121,129,133,143,137,147,152,170
119,116,104,116,107,121,115,121,124,129,129,126,112,143,174,177,183,181,159,167,155,180,189,188,181,189
120,120,125,128,126,118,150,127,124,124,132,142,151,165,188,191,202,201,184,185,195,204,194,210,199,213
129,132,134,136,139,148,129,141,173,134,156,139,164,169,195,187,184,202,218,207,207,183,209,213,212,219
145,147,162,160,135,135,136,152,146,140,128,157,159,148,171,183,200,205,211,197,204,200,214,230,218,220
170,160,150,141,148,146,138,139,124,145,143,157,159,167,187,197,187,187,201,211,214,209,218,222,220,222
174,169,147,156,158,144,128,147,137,151,166,135,153,165,183,185,194,195,215,201,209,219,217,219,222,229
150,144,137,141,131,126,137,130,133,131,113,145,138,152,183,195,199,216,212,209,215,216,216,222,226,225
143,162,155,141,129,127,122,136,131,140,158,133,150,155,157,189,193,203,208,209,209,213,227,214,216,230
142,138,134,139,139,134,129,130,124,128,123,139,122,129,163,161,182,204,206,208,204,208,224,212,217,231
145,143,139,147,128,136,127,116,111,128,129,133,146,139,147,160,178,178,197,211,203,204,208,218,224,221
130,121,138,133,129,126,119,120,111,108,120,126,125,121,131,128,153,181,171,165,185,198,204,210,212,214
133,132,140,118,119,116,116,107,115,111,114,120,128,112,133,131,155,140,151,166,171,175,197,207,203,202
104,116,112,103,103,105,100,107,111,99,111,99,114,111,128,122,122,128,132,134,146,154,191,189,196,215
95,103,98,102,105,93,89,92,84,97,95,111,94,96,117,113,115,108,131,126,146,165,169,194,190,181
107,97,90,96,95,93,98,93,86,105,89,94,99,92,101,93,112,106,116,133,132,147,134,162,174,172
94,94,104,103,97,97,90,75,83,87,95,87,83,92,84,93,96,103,122,104,138,137,147,143,162,169
85,88,94,81,88,89,90,92,105,82,93,88,80,90,90,90,102,109,104,114,125,112,133,129,157,149
88,85,88,97,77,82,87,88,89,77,80,91,87,81,80,89,93,87,107,99,112,115,115,127,156,136
89,74,71,83,75,87,90,88,81,84,76,89,82,85,95,81,89,99,94,87,107,129,117,121,132,116
62,70,81,79,72,79,78,86,86,79,71,82,85,72,79,91,75,76,82,99,105,108,99,102,121,128
70,71,73,72,71,68,76,75,77,74,80,76,84,78,82,87,87,81,95,90,90,110,99,109,114,127
69,68,67,66,66,63,67,65,68,66,71,70,70,69,67,78,71,72,80,80,88,102,99,114,120,136
70,70,67,65,68,65,66,65,68,66,68,70,70,71,69,80,73,77,82,87,93,97,115,108,119,122
73,75,72,70,69,65,65,67,70,67,66,67,71,72,75,78,81,79,87,94,108,104,104,107,112,127
73,79,74,72,75,68,66,71,71,70,69,71,71,73,75,77,81,80,83,94,104,103,113,107,122,114
75,82,74,70,85,73,68,75,72,75,78,79,77,84,78,87,82,90,80,98,106,103,90,111,127,134
