69,70,106,78,63,79,118,129,149,158,183,188,194,206,211,210,223,234,246,240,243,228,232,239,225,221
74,110,95,68,73,107,123,153,173,184,183,187,198,207,214,227,239,241,245,246,248,242,223,231,226,222
112,109,76,49,86,119,150,163,168,210,211,206,200,206,206,230,236,239,237,247,254,241,239,225,223,219
81,64,65,77,113,124,150,170,182,186,190,203,202,213,215,212,231,240,251,248,250,249,240,228,226,202
64,61,54,93,121,134,167,198,183,191,195,207,200,205,221,218,241,234,249,255,252,251,247,240,233,228
68,85,85,110,133,163,186,167,197,184,191,206,187,206,214,216,225,245,250,247,254,253,251,247,245,243
79,98,148,169,171,186,199,182,199,189,189,195,204,202,202,219,222,237,245,255,253,252,250,249,249,247
97,141,159,161,179,163,171,189,181,187,194,200,195,199,212,217,226,238,250,247,255,254,252,251,251,249
141,179,179,181,200,181,185,189,186,176,181,190,191,192,212,223,236,240,254,255,253,253,252,251,250,250
147,154,181,183,197,192,190,175,172,168,175,184,179,192,203,211,219,239,249,249,251,250,250,249,248,247
158,152,169,201,202,190,178,165,160,167,178,194,194,196,202,228,233,240,240,255,253,252,251,251,251,250
192,192,189,191,192,174,168,167,188,172,173,195,195,204,203,210,221,239,244,251,250,248,247,249,251,251
183,195,188,169,170,171,160,163,146,161,182,198,192,197,202,216,221,229,246,249,250,246,244,247,252,254
182,188,190,172,174,188,147,142,179,164,187,188,209,215,210,219,228,241,243,245,249,247,246,248,251,251
164,152,157,177,155,179,135,178,173,198,197,192,209,217,208,213,227,248,243,253,250,248,248,249,249,249
166,147,118,156,152,179,157,174,189,182,208,197,209,214,216,218,229,245,243,255,252,251,250,250,250,250
114,141,166,132,148,157,163,171,186,198,198,203,207,206,224,228,237,241,245,251,255,253,251,251,252,252
144,138,173,142,170,170,180,196,201,213,200,204,212,205,222,228,240,239,250,250,255,254,253,252,253,254
140,150,152,158,158,183,162,194,208,198,209,217,214,216,223,229,241,239,249,250,253,254,254,253,253,253
142,135,148,177,173,149,193,197,203,200,204,209,188,209,215,227,242,241,245,250,251,253,254,253,252,252
127,171,154,171,162,198,199,197,203,196,201,206,210,207,214,225,236,238,241,252,251,253,254,253,252,252
168,151,168,187,199,204,192,193,200,197,195,209,206,214,222,226,233,240,242,245,250,252,253,253,254,255
129,147,181,166,200,217,214,201,197,213,204,200,209,201,202,220,236,238,238,245,250,251,252,253,255,255
130,155,177,186,191,205,210,216,204,207,200,205,205,213,217,223,229,232,239,244,250,252,254,254,255,255
137,171,159,171,200,210,201,209,200,206,210,209,202,213,217,225,230,231,238,240,246,250,254,255,255,254
141,162,194,190,215,212,198,215,210,201,206,211,207,203,196,214,229,229,236,239,240,246,252,254,254,254
161,167,170,186,197,212,208,205,203,206,204,195,205,216,210,212,217,223,235,233,238,243,249,252,253,254
159,168,174,194,201,199,200,200,207,205,199,204,203,210,207,220,227,222,229,229,238,242,247,251,253,254
169,159,147,185,201,203,211,207,208,203,194,206,204,203,207,211,217,227,236,236,238,250,238,254,255,251
176,162,179,174,182,184,200,187,194,201,200,197,196,193,219,206,202,219,219,221,236,239,251,249,236,247
