142,123,123,134,115,112,112,67,79,73,79,75,69,65,61,57,56,57,52,48,60,51,55,55,48,47
146,132,132,131,130,111,115,101,69,95,78,76,77,80,78,71,64,63,53,57,58,60,55,59,51,50
169,173,141,139,136,142,118,117,111,96,73,76,81,86,88,83,75,69,67,77,66,72,65,62,66,59
179,165,149,133,140,151,126,137,102,95,88,89,88,87,89,91,89,84,78,75,82,70,71,71,70,71
190,187,174,160,143,150,146,154,124,103,99,86,92,88,88,89,93,98,86,92,88,93,80,72,76,83
185,171,177,156,161,170,147,141,142,144,116,106,95,87,90,95,95,97,95,94,95,86,88,98,89,82
193,186,170,178,179,181,146,171,170,166,143,120,98,92,95,78,81,92,87,99,94,100,91,105,104,105
213,185,176,154,175,167,191,153,163,166,152,144,131,107,106,88,100,95,100,101,98,91,91,112,102,95
214,209,198,192,198,194,197,180,168,167,149,155,154,139,127,119,126,109,101,101,96,98,108,98,116,112
244,232,206,183,200,196,206,188,194,186,154,158,159,165,146,138,127,118,124,118,101,112,110,111,109,109
236,227,224,194,201,186,204,186,190,172,168,178,177,169,163,154,137,135,123,128,138,120,100,139,111,124
247,228,227,220,200,196,203,213,189,180,187,181,185,172,187,154,147,172,159,155,138,146,150,128,139,130
242,241,235,222,208,205,218,219,216,201,168,199,157,187,194,171,163,159,160,176,150,153,137,136,143,149
242,238,237,221,215,223,207,241,209,213,210,208,199,187,160,167,182,187,172,177,147,145,145,158,153,155
243,239,232,204,212,208,211,203,210,188,177,228,206,194,175,186,173,179,182,182,176,153,154,142,179,164
244,244,240,230,203,201,238,213,218,206,213,213,213,198,192,186,181,200,184,196,178,173,135,157,143,166
243,245,240,226,218,207,203,218,211,215,200,207,219,222,203,197,198,184,200,200,198,194,191,167,163,151
239,241,234,233,238,209,203,221,202,207,202,218,177,211,196,184,193,195,170,179,183,184,175,175,150,185
236,235,239,232,224,226,219,233,220,202,219,213,202,202,209,197,206,177,175,182,173,152,216,172,136,151
235,232,229,237,228,220,221,202,204,221,227,216,197,205,221,193,222,187,186,177,202,192,197,186,188,208
237,221,207,207,204,210,220,210,208,215,225,211,211,202,200,206,207,194,215,207,199,195,178,187,191,172
246,232,190,182,185,193,207,208,214,212,206,206,204,204,199,209,211,222,213,196,193,186,178,176,168,161
246,234,227,184,160,206,211,216,204,193,211,210,197,201,207,198,222,198,205,213,198,196,193,196,159,178
244,232,219,176,143,164,148,175,203,210,183,212,194,197,196,210,211,213,206,192,199,215,186,182,165,172
248,238,228,159,146,139,155,177,183,169,166,195,181,196,187,190,224,208,198,193,220,211,196,176,179,146
252,244,237,168,157,127,121,155,165,198,175,176,186,182,213,198,207,201,198,211,208,181,186,180,184,166
251,245,240,202,150,131,111,160,147,165,168,171,183,210,209,209,218,213,209,202,201,212,185,183,173,176
252,246,243,228,145,137,102,119,137,166,170,172,189,199,192,202,200,209,221,223,215,196,161,169,156,167
251,251,250,236,209,147,102,107,123,156,134,191,191,189,195,184,196,193,181,210,211,185,194,172,174,169
251,250,244,242,216,165,115,115,115,142,150,171,178,203,190,184,206,206,196,215,221,191,208,188,179,152
