189,195,178,111,94,67,51,57,56,69,98,128,143,146,149,152,176,187,177,181,169,180,91,37,30,33
162,131,110,73,40,19,0,2,11,36,73,97,119,129,160,139,134,124,172,183,201,91,26,2,0,1
147,138,70,42,17,0,0,2,9,21,50,85,98,110,110,118,113,134,135,161,121,57,22,1,3,0
166,98,63,35,9,0,7,15,23,23,33,61,81,86,108,91,105,111,109,146,112,49,37,19,13,2
114,88,57,31,14,7,16,19,35,42,47,57,78,70,72,84,83,91,125,117,143,112,87,46,33,27
125,93,68,36,20,21,31,42,63,65,69,71,65,83,70,76,87,99,118,139,151,151,147,133,82,46
109,65,52,35,28,38,44,61,70,82,83,81,70,60,74,74,79,95,105,134,173,185,151,157,146,97
76,58,45,31,37,45,71,75,78,81,96,83,74,75,69,64,70,82,103,127,179,130,171,171,142,110
47,43,31,37,38,53,61,67,74,83,85,90,76,75,77,78,88,104,113,117,160,189,142,190,153,125
47,32,34,34,39,62,66,71,69,71,71,97,86,81,74,101,90,72,107,112,147,184,199,179,194,175
58,68,48,68,69,66,77,66,65,65,79,87,87,84,84,88,82,81,100,116,156,201,188,189,184,201
91,93,87,78,82,71,67,58,68,82,80,77,90,109,84,74,81,76,83,83,121,173,195,190,204,214
129,109,90,92,84,82,76,77,78,89,72,84,101,96,98,85,77,71,72,105,114,137,148,186,206,224
121,118,108,103,125,86,83,78,75,74,79,88,96,88,102,85,61,68,77,84,100,117,153,200,204,215
117,125,99,102,103,89,100,81,81,68,85,92,121,124,98,74,58,54,69,95,102,113,173,215,197,219
110,103,116,106,96,119,88,78,83,91,83,82,103,117,102,81,65,64,67,78,83,119,178,196,219,213
128,118,104,95,85,91,83,89,90,78,84,98,132,92,98,65,67,74,78,79,87,133,167,198,202,216
115,123,117,113,106,103,99,73,97,93,101,130,115,113,92,80,68,62,59,79,93,161,185,199,213,208
117,113,115,107,105,96,90,83,89,105,112,145,120,107,106,74,65,69,73,88,127,183,193,211,217,218
121,127,139,111,104,107,108,110,96,127,141,133,102,119,85,74,62,66,76,114,162,181,199,208,220,223
119,125,111,108,117,102,88,97,118,126,126,137,133,102,93,70,71,82,95,128,149,178,182,190,216,244
134,144,123,118,131,104,97,85,76,84,65,73,80,78,102,88,83,90,90,113,120,102,107,92,170,221
120,152,129,127,114,96,68,52,55,57,52,50,56,59,67,69,70,64,67,70,62,67,68,62,73,122
140,140,145,119,97,79,55,43,45,48,47,45,46,40,46,51,50,66,48,53,59,60,61,53,52,59
116,133,117,110,71,58,46,41,42,44,43,38,45,42,44,42,56,48,58,52,49,61,48,43,52,50
130,118,79,64,52,43,41,42,41,43,43,38,42,49,38,50,52,44,56,50,50,50,67,60,51,48
140,99,66,53,44,37,36,37,36,39,45,45,45,45,48,46,58,69,66,56,71,59,50,59,55,43
81,68,45,39,36,33,35,37,36,38,44,49,53,57,66,50,77,90,109,95,66,61,64,51,48,50
58,42,35,33,29,32,36,38,39,38,42,51,72,88,90,94,97,109,135,142,90,68,53,54,50,40
38,33,34,30,29,33,33,33,35,35,42,55,71,68,102,96,100,88,102,129,143,76,46,41,29,33
