110,101,94,104,99,110,108,113,116,127,130,138,149,163,162,176,195,211,208,218,218,220,217,222,221,222
119,103,109,104,109,104,113,124,124,125,144,148,158,168,171,187,200,210,212,226,224,227,222,232,221,224
118,120,117,109,109,107,110,154,140,145,144,154,184,164,172,193,198,217,230,220,237,236,232,230,223,225
127,122,112,107,114,125,122,139,143,148,155,166,170,173,174,187,209,221,226,234,236,239,238,243,231,230
127,128,124,115,123,121,144,152,153,146,158,170,168,177,181,187,193,214,239,235,244,245,243,240,236,234
136,124,128,120,127,131,144,157,151,158,149,166,173,191,202,198,213,229,231,244,246,248,248,245,243,242
139,140,128,122,126,130,145,153,152,155,164,173,175,183,205,208,211,230,237,238,247,250,251,248,247,247
137,139,131,135,137,136,147,163,165,161,170,152,176,199,199,206,224,231,239,245,247,251,252,249,248,248
156,127,148,140,143,148,144,156,149,168,170,180,185,209,211,217,231,234,241,248,248,251,252,250,250,249
146,148,146,142,146,155,157,145,147,162,144,178,183,196,225,231,227,235,239,245,247,249,250,250,250,249
146,142,150,144,149,147,145,136,153,166,160,181,175,199,222,227,236,238,233,249,248,248,249,250,250,248
140,153,148,138,136,151,152,175,154,163,177,182,182,196,212,229,230,233,246,240,251,249,250,252,251,249
147,148,142,146,150,145,148,157,179,174,171,184,198,203,207,219,229,234,250,235,243,248,249,252,250,246
149,143,141,145,152,146,160,160,188,181,188,175,195,204,197,217,224,233,231,252,241,245,245,249,250,247
145,135,138,144,140,161,167,167,177,172,180,182,187,206,213,206,221,226,226,240,246,248,246,249,251,249
146,142,146,153,151,159,167,179,166,163,176,166,183,199,207,222,218,230,232,246,248,250,248,251,253,251
141,145,145,149,151,163,164,161,177,167,182,182,210,227,229,230,232,231,243,243,242,246,247,251,252,251
145,152,147,147,151,159,168,173,173,175,184,170,197,238,215,229,221,244,234,236,241,247,249,252,252,250
136,140,136,133,145,150,135,146,166,192,194,205,216,228,223,232,239,235,231,238,244,249,251,255,254,251
127,127,128,124,133,135,147,157,176,180,190,207,216,209,224,221,230,235,246,241,242,248,250,254,255,253
124,129,124,132,142,137,149,160,172,179,184,211,215,207,222,228,234,234,238,239,245,250,253,252,252,254
123,124,136,144,146,140,149,156,170,181,186,209,212,205,231,233,228,230,234,241,246,250,253,252,252,254
128,129,142,153,147,145,153,161,177,194,199,212,210,220,222,231,244,236,237,240,248,251,254,253,253,254
143,156,149,152,162,161,166,169,182,199,204,210,205,203,229,234,232,238,237,242,250,252,254,254,254,255
148,163,163,169,175,174,176,175,185,202,210,212,204,226,224,237,248,242,246,251,251,253,254,254,254,255
157,162,181,185,186,189,195,200,208,219,225,222,223,218,230,239,239,251,249,244,252,253,254,255,255,255
180,184,195,188,191,193,200,210,213,216,216,207,228,244,241,250,244,243,254,254,253,253,254,255,255,255
188,194,200,207,208,205,209,220,224,227,230,222,240,242,243,251,240,247,254,249,253,253,253,255,255,255
200,218,222,231,227,224,218,223,223,231,233,238,242,249,241,249,249,252,254,253,252,251,254,254,253,255
222,226,219,239,241,236,225,224,224,235,236,238,243,250,251,253,249,248,249,249,255,255,255,253,255,255
