132,124,128,131,124,130,129,126,247,251,242,247,246,247,243,241,243,232,233,225,200,186,142,133,113,126
126,128,128,128,130,130,126,247,250,250,244,250,240,233,231,234,220,223,213,147,131,118,124,116,131,139
124,132,129,122,135,123,133,252,248,247,244,247,235,228,227,224,209,204,171,150,128,142,146,152,149,143
130,128,121,135,125,125,128,247,246,245,242,238,228,228,225,207,211,172,161,165,154,170,171,146,159,197
128,121,135,125,132,134,126,242,247,244,240,232,225,225,223,203,201,176,182,177,186,157,152,185,186,159
132,125,126,124,129,124,249,245,246,241,239,237,234,227,228,218,217,205,208,188,156,164,155,161,99,70
124,129,131,129,127,128,242,247,243,241,240,241,243,229,223,212,213,192,181,161,143,127,92,67,103,117
130,124,131,126,127,131,248,241,245,246,243,238,242,224,203,179,189,178,141,93,71,74,95,117,123,125
124,129,128,129,129,129,239,240,245,240,243,235,224,226,181,142,118,81,55,72,108,116,121,117,117,130
130,133,128,119,132,244,246,244,238,236,224,199,164,137,72,51,49,102,122,115,121,132,131,128,158,124
129,120,128,126,132,245,229,222,192,155,83,43,44,50,37,76,122,135,136,123,125,145,139,144,141,133
126,130,136,128,119,176,129,73,64,56,55,67,57,23,99,118,122,153,133,126,144,135,130,137,151,142
126,131,121,125,137,80,96,81,81,82,67,67,42,85,129,148,139,134,138,122,137,139,132,133,140,139
131,129,128,131,129,122,105,112,92,80,62,35,87,128,114,133,150,137,146,123,141,131,122,153,139,152
127,126,129,124,128,130,111,90,80,55,35,94,140,136,139,145,139,138,133,129,133,128,154,145,152,140
128,129,126,130,144,126,86,80,46,60,93,148,144,140,138,150,156,144,163,143,137,148,141,148,128,145
128,131,126,131,86,62,58,50,71,128,140,155,157,150,164,148,146,148,141,160,138,144,122,154,135,111
128,128,126,127,17,48,87,97,131,145,154,171,146,161,163,147,152,163,145,149,155,120,88,73,83,102
127,126,128,134,28,96,133,147,157,169,163,151,166,169,145,154,143,123,127,122,80,54,63,55,60,63
129,129,127,130,47,127,142,163,169,178,184,166,168,161,156,157,147,162,109,85,65,65,31,46,45,42
133,125,125,128,85,161,159,175,168,158,154,175,158,157,160,133,122,100,61,83,30,39,55,43,42,65
123,134,125,48,91,181,188,167,174,162,151,183,198,176,158,121,84,70,33,20,13,18,23,12,34,21
129,128,130,43,122,159,165,160,156,148,170,180,186,152,125,86,53,35,36,30,45,36,25,35,31,21
130,124,130,66,123,179,185,170,152,152,176,175,175,166,111,77,50,36,25,30,21,18,22,21,18,19
129,126,125,71,134,156,173,177,161,170,192,190,145,146,110,62,61,33,33,28,26,19,18,19,19,9
130,128,133,110,145,173,180,167,160,171,193,183,160,84,57,44,30,23,27,22,20,14,11,5,13,8
126,123,124,111,128,184,181,174,178,192,163,171,124,77,43,28,56,35,18,16,20,13,12,8,13,8
129,132,132,99,148,171,178,157,158,168,181,107,109,60,68,43,40,53,45,32,25,20,16,1,18,13
128,128,125,118,125,165,136,177,167,184,128,101,86,59,62,78,62,53,36,41,44,37,31,24,20,17
127,128,133,105,149,167,151,153,179,145,158,118,68,89,80,60,60,60,48,46,48,52,39,18,23,16
