34,46,55,35,39,45,64,27,54,50,42,43,30,73,66,43,79,52,77,49,49,70,63,76,59,44
55,60,51,38,27,44,35,40,36,36,29,41,17,58,38,33,22,48,55,48,49,56,60,52,50,43
27,49,47,39,47,51,38,32,41,33,38,31,42,28,19,39,23,51,58,33,23,31,57,49,58,64
24,33,32,42,36,46,45,48,40,42,37,36,49,44,26,39,34,36,36,48,27,28,40,53,23,28
44,38,33,34,40,24,14,19,32,29,33,28,10,18,35,21,41,39,36,41,34,55,31,44,28,38
15,13,22,24,11,22,12,26,29,21,28,14,30,11,53,13,18,20,31,25,27,26,35,36,26,17
35,32,35,30,24,30,30,18,50,42,60,32,64,54,56,54,61,63,45,43,61,43,62,36,17,33
24,36,38,39,46,49,45,42,51,65,62,64,56,64,65,73,68,43,64,57,12,56,48,62,64,37
48,54,35,49,61,54,41,47,57,42,59,52,54,74,83,56,72,59,72,56,80,56,43,58,72,73
63,43,54,38,62,39,44,46,34,73,53,68,34,70,58,50,66,65,67,44,62,79,80,69,77,90
35,66,65,53,38,54,58,57,46,32,61,34,49,53,48,54,56,63,44,61,63,52,57,57,74,46
39,50,42,48,53,35,48,52,43,35,45,64,46,53,63,65,47,73,67,48,51,56,47,74,67,85
38,62,42,47,43,59,75,63,50,56,61,82,59,56,52,38,62,79,56,61,57,59,78,57,59,57
39,47,29,44,57,71,53,62,42,69,50,71,47,54,56,72,58,29,61,53,43,45,59,80,55,59
53,67,65,57,49,66,74,66,64,72,74,78,57,64,59,50,39,53,69,43,59,50,69,41,73,71
42,55,53,69,63,56,79,95,82,75,61,79,68,51,46,65,55,61,62,77,58,58,55,54,68,74
11,19,6,18,10,13,35,68,32,35,63,60,74,71,64,52,69,73,47,60,72,72,61,44,90,97
22,25,34,34,34,90,32,22,24,18,14,31,15,8,47,52,45,56,61,50,74,78,79,61,71,86
46,18,72,53,69,65,48,43,70,95,87,70,86,79,119,119,130,131,105,80,25,24,28,18,35,42
63,45,25,53,41,33,27,49,116,157,162,147,138,135,138,143,138,128,140,107,70,39,60,46,29,23
34,20,25,14,16,38,71,87,100,128,135,153,162,157,166,155,147,129,83,61,30,60,62,66,50,28
35,2,9,58,90,142,133,104,43,88,37,55,75,92,113,86,41,23,17,28,46,50,76,69,44,58
21,34,40,62,101,120,140,145,123,91,116,125,113,97,80,37,34,44,30,33,27,44,63,78,80,92
32,26,20,54,51,23,24,51,28,31,51,22,57,44,47,43,31,42,71,19,31,61,55,57,75,102
23,26,21,21,20,22,28,19,39,28,15,28,13,27,44,29,35,44,18,15,33,51,56,109,118,142
56,90,70,49,43,33,27,36,27,17,8,30,18,16,56,31,18,21,19,24,55,102,105,112,121,136
118,121,117,111,110,117,126,109,93,74,64,35,30,31,44,34,31,46,17,40,83,85,61,74,114,125
114,130,122,131,120,112,108,134,123,118,125,130,112,115,110,71,79,52,14,30,69,80,76,65,45,40
121,115,126,132,134,149,145,161,149,144,143,135,147,143,155,140,153,141,141,131,138,133,141,141,143,148
88,91,102,115,120,135,143,150,159,150,168,173,172,158,158,164,167,175,181,155,166,162,168,156,171,156
