20,11,12,7,19,8,10,10,3,4,0,5,1,0,2,1,3,0,2,127,124,131,126,126,128,128
8,21,19,20,16,22,17,20,15,0,2,4,4,4,0,2,0,0,0,2,133,125,135,128,128,128
14,14,7,8,16,19,20,30,44,35,27,6,0,5,3,2,1,0,1,2,124,126,128,127,128,128
20,23,20,14,15,7,14,34,39,35,26,26,14,0,5,4,0,7,0,1,129,135,128,125,128,128
9,19,8,16,14,25,12,14,15,25,20,15,11,12,13,0,3,0,4,1,127,125,128,131,128,128
9,15,16,19,16,21,25,34,27,14,14,8,3,3,1,9,0,7,0,4,0,133,123,128,128,128
25,9,12,8,17,9,23,26,22,21,27,18,13,19,14,12,5,0,2,0,1,129,128,128,128,128
11,12,20,22,16,19,25,21,37,37,35,46,49,40,35,22,12,4,2,14,9,124,129,129,128,128
13,14,20,14,24,23,23,26,35,41,43,40,44,39,47,47,39,47,51,46,50,130,124,129,128,128
16,13,20,14,20,28,32,27,37,38,33,38,41,47,35,30,40,48,39,27,32,30,128,129,128,128
11,20,18,8,20,25,24,30,37,45,47,50,48,53,45,45,20,22,34,40,36,31,133,126,128,128
22,18,27,25,16,17,24,28,43,53,54,47,47,38,43,39,45,40,30,19,31,26,130,125,128,128
26,27,26,27,27,13,5,26,40,47,37,42,55,48,58,43,30,38,34,24,38,22,124,133,128,128
35,20,23,33,25,16,8,12,4,19,11,28,32,33,41,37,34,26,37,30,20,15,131,123,128,128
41,39,31,33,34,31,13,17,17,30,33,39,30,28,30,39,52,41,46,41,42,26,133,128,128,128
44,45,41,36,30,37,24,17,15,11,24,23,34,36,33,41,39,45,51,52,51,47,40,129,128,128
47,45,36,41,20,37,33,26,15,13,21,21,32,26,38,33,35,46,51,42,43,32,24,131,128,128
47,46,48,54,37,42,40,35,30,30,19,14,24,34,33,29,32,34,18,24,32,38,32,127,128,128
47,40,41,45,36,37,41,40,35,34,27,24,22,19,20,40,35,42,26,28,18,21,16,128,128,128
47,42,43,44,33,32,35,36,42,44,48,33,34,31,33,36,26,19,21,26,13,20,19,127,128,128
30,36,41,48,35,35,32,32,39,27,38,49,44,23,20,27,20,42,26,13,25,18,22,126,128,128
44,42,35,41,37,43,36,33,38,39,26,28,16,24,31,37,25,31,32,37,31,19,27,29,128,128
74,58,43,41,43,42,37,34,28,34,11,26,29,25,19,21,25,28,41,38,22,19,34,22,128,128
46,37,39,39,41,27,26,27,29,58,33,23,31,20,24,27,25,21,40,30,27,30,18,22,128,128
41,47,32,37,39,34,34,45,39,39,41,30,39,25,29,21,20,19,23,41,31,34,30,32,128,130
38,44,52,45,38,42,44,36,37,37,37,30,38,26,25,14,30,31,21,27,31,36,27,32,127,132
33,43,41,33,37,29,37,36,26,29,23,26,17,14,26,46,40,37,35,36,31,36,37,34,132,126
39,43,30,33,48,41,43,42,43,39,21,29,28,42,51,65,53,52,41,31,31,31,36,47,123,128
45,41,55,53,42,53,44,40,47,53,59,40,53,47,62,54,65,46,55,61,42,39,45,32,133,124
52,59,39,58,53,49,67,54,61,69,58,62,56,62,58,58,70,63,62,65,52,45,42,44,125,130
