43,43,47,43,41,47,47,45,39,29,35,39,43,39,36,34,54,67,69,59,46,41,43,53,61,121
42,41,46,42,41,47,48,49,48,35,39,42,38,24,53,53,77,81,79,66,64,50,50,59,55,127
42,48,51,53,60,67,51,54,64,65,58,50,55,66,77,84,85,78,79,82,64,58,56,64,62,127
51,66,69,75,81,84,85,92,87,96,101,100,100,100,95,91,95,88,88,95,85,73,65,61,57,126
74,88,87,91,96,91,102,106,111,121,127,127,125,119,110,103,103,102,101,101,85,65,68,65,52,125
82,88,91,97,113,114,125,128,126,132,133,130,129,127,123,122,117,113,109,109,100,74,71,54,51,126
104,98,105,105,119,123,124,127,127,133,134,132,132,131,130,130,126,120,113,112,103,78,74,55,51,128
100,95,106,108,115,122,123,131,124,131,134,133,133,131,129,130,125,121,115,110,95,77,74,62,49,128
89,89,96,104,103,108,114,124,123,129,132,131,131,130,129,131,127,119,113,115,104,91,69,49,44,127
72,77,76,91,87,90,102,109,115,122,125,125,126,125,125,128,127,121,117,114,95,83,61,47,39,126
58,70,65,58,63,62,80,84,88,96,105,117,118,127,122,125,123,108,106,105,85,80,62,59,44,129
66,87,78,68,68,69,74,76,72,88,94,79,94,103,122,110,115,122,99,93,93,78,66,58,40,124
79,79,74,88,92,98,95,92,106,111,105,107,108,96,112,115,125,102,110,102,86,85,70,55,47,129
72,62,73,87,79,87,97,97,90,107,107,106,109,109,121,121,131,114,96,103,100,78,69,64,43,119
96,79,77,63,65,82,88,78,85,102,112,80,98,105,120,112,117,111,104,102,93,69,107,147,117,134
137,122,109,71,65,68,73,88,90,96,100,85,101,110,117,124,91,107,95,108,58,84,137,250,106,119
177,139,119,87,66,64,59,71,78,94,85,85,92,107,104,105,105,75,87,100,68,60,183,249,114,125
181,137,133,108,61,70,71,68,76,89,79,82,101,100,106,101,106,65,94,109,89,68,173,255,119,127
165,133,130,101,72,87,76,85,81,77,81,96,101,102,111,111,113,87,119,114,96,82,135,207,74,128
145,125,109,82,64,73,86,88,104,97,92,99,103,106,116,121,121,101,118,114,114,99,94,77,65,124
118,99,88,80,81,77,94,100,116,113,105,109,113,111,117,123,121,98,129,116,112,106,91,71,59,126
88,79,86,89,95,92,95,110,118,120,114,118,123,117,118,122,128,94,125,117,105,90,82,77,56,128
80,94,102,101,99,108,110,119,124,126,120,123,127,122,123,127,125,95,120,123,118,98,92,75,54,125
93,110,105,115,116,121,127,125,128,129,125,128,129,125,127,128,123,86,129,120,113,100,75,72,61,127
98,103,105,120,126,125,129,127,130,129,128,132,130,126,129,127,123,88,130,122,122,110,81,77,69,129
96,102,126,119,120,127,130,136,135,131,129,132,128,127,133,131,129,126,129,126,122,97,103,74,70,125
105,115,116,121,129,130,133,134,129,134,129,135,133,131,127,126,132,131,129,125,112,113,95,78,70,128
113,124,126,127,130,133,136,133,135,139,130,131,128,129,129,130,129,130,127,125,115,113,94,77,73,129
117,127,131,131,130,135,139,133,137,142,134,134,131,132,131,131,128,131,129,128,122,116,96,80,74,130
116,123,129,133,131,135,142,136,137,142,134,135,133,135,133,130,131,134,131,131,128,120,101,82,70,129
