158,184,176,182,185,172,152,162,161,154,154,177,154,186,198,186,190,200,195,189,201,195,200,194,178,178
208,193,204,195,162,173,181,167,193,172,165,194,209,206,205,226,208,203,216,210,184,221,220,200,206,208
225,220,200,196,198,167,182,192,166,187,192,185,205,233,212,218,231,224,219,222,219,203,221,225,208,227
218,231,216,202,196,182,167,189,182,186,197,215,201,223,225,216,230,229,229,218,229,219,214,215,222,215
230,218,219,212,180,206,192,181,196,190,194,224,227,222,230,237,225,222,234,230,219,235,220,218,227,212
237,226,223,223,213,188,194,201,184,211,215,211,233,239,229,229,226,231,222,236,234,218,226,235,221,228
227,238,228,220,225,206,196,216,204,201,229,235,231,233,234,222,223,238,227,223,235,231,229,224,238,237
224,228,227,219,190,220,199,191,213,225,224,226,229,228,231,229,226,230,236,229,230,243,234,235,240,244
219,208,219,222,207,199,203,217,200,221,218,213,230,233,227,235,236,228,236,240,244,239,245,244,245,242
216,204,214,218,215,200,206,222,214,222,227,233,225,235,240,232,244,250,240,247,252,245,244,237,239,241
217,201,207,198,195,211,193,202,219,208,221,235,243,245,252,250,242,248,251,247,249,249,250,235,234,240
217,198,207,210,202,207,218,209,214,228,228,233,250,247,246,254,247,245,245,243,245,242,246,237,236,238
219,202,198,199,212,187,217,211,211,229,237,240,237,248,249,244,253,249,230,242,247,234,236,239,243,240
224,208,205,199,204,209,204,206,224,225,232,242,240,242,251,249,245,248,236,239,242,239,245,243,247,248
226,215,211,218,202,221,212,210,220,234,233,239,247,235,241,253,243,245,246,238,240,246,255,249,249,253
233,230,217,201,230,209,211,222,223,236,235,235,242,252,243,240,249,236,239,245,249,246,253,253,254,251
228,224,231,210,208,217,217,227,232,220,233,231,232,242,251,246,242,249,246,248,251,251,249,251,250,244
247,226,220,215,208,210,229,209,224,232,228,230,230,232,247,250,251,250,253,252,251,247,240,235,228,219
248,233,229,208,227,218,230,227,231,227,236,236,236,235,248,252,253,249,245,237,230,223,218,215,213,207
230,221,235,205,227,227,225,239,238,221,233,237,243,252,253,247,236,232,215,207,202,204,209,218,225,226
226,240,227,229,218,231,240,225,236,238,239,241,238,242,227,222,211,211,217,212,211,214,219,224,224,220
236,243,229,244,236,233,249,227,230,238,236,237,227,221,204,209,207,208,211,211,215,221,228,234,232,224
225,242,234,233,242,230,227,228,220,221,217,216,220,223,221,221,219,211,216,217,218,219,222,227,223,212
214,231,235,229,222,228,208,212,213,223,229,214,221,224,232,218,218,209,217,220,221,219,219,221,214,199
203,215,218,223,213,203,206,210,213,222,225,227,228,225,231,225,212,211,216,209,219,216,209,210,217,215
190,212,205,198,192,202,219,223,221,226,227,226,230,231,216,197,196,203,204,222,209,211,214,216,209,126
192,214,195,204,210,213,218,221,223,228,219,228,231,228,213,211,220,210,218,210,210,218,221,216,213,131
195,210,206,212,218,219,222,227,226,220,214,217,211,221,214,210,215,208,216,200,227,207,220,218,124,127
197,212,222,214,218,229,231,226,220,213,202,218,211,221,219,216,219,220,202,203,203,214,222,130,126,128
206,220,206,205,217,223,212,205,201,192,206,231,221,216,210,213,206,200,207,195,215,210,122,124,126,128
