168,175,168,173,160,146,144,146,149,147,138,140,144,156,171,166,183,172,174,176,157,154,156,141,154,155
171,175,167,155,151,152,139,147,135,140,149,142,172,167,162,178,179,182,168,163,159,154,153,146,145,153
172,167,164,163,147,160,164,147,153,139,144,164,155,166,179,169,178,164,168,170,161,163,153,154,143,168
160,160,148,140,147,140,151,155,141,152,149,170,168,169,170,176,167,168,156,152,163,170,150,151,141,170
158,141,142,136,138,160,145,146,151,146,161,165,171,164,174,162,167,150,162,152,158,155,158,163,158,170
152,146,148,140,144,136,147,144,154,147,156,169,160,156,172,175,157,161,149,158,154,153,148,164,165,156
156,155,147,152,141,148,152,166,137,162,181,167,165,172,155,183,167,163,180,169,176,166,166,166,167,185
150,151,156,152,137,141,145,156,153,146,163,170,160,162,180,161,157,174,176,166,171,166,172,161,179,204
146,168,146,154,148,146,153,161,163,162,158,180,164,170,166,163,170,170,173,180,172,171,157,173,201,210
165,150,149,154,140,154,152,156,164,165,168,166,174,166,169,160,177,177,172,175,176,178,179,176,200,220
146,158,134,155,157,146,156,171,167,186,172,181,183,174,180,169,165,159,174,165,164,173,160,209,216,208
148,149,155,148,165,155,168,168,181,185,186,179,179,180,172,155,159,155,149,164,180,154,176,205,205,212
171,167,152,165,164,174,182,183,188,194,184,186,169,187,157,152,151,156,152,167,172,171,183,226,215,204
161,173,177,164,194,193,184,199,200,185,181,184,173,180,162,161,151,157,152,175,169,183,203,217,205,205
169,173,166,192,188,188,198,198,204,193,192,184,175,170,162,175,177,167,184,182,173,180,213,219,209,207
157,179,177,198,193,204,206,211,199,204,186,187,185,192,180,194,184,178,174,174,175,183,216,217,215,199
178,191,195,211,210,215,213,208,190,202,193,191,212,189,190,184,163,174,164,156,161,180,222,214,208,215
210,200,212,216,223,215,210,199,208,187,186,189,192,185,178,179,163,155,156,156,162,178,221,213,211,207
214,206,219,211,216,212,200,209,191,184,188,180,181,184,173,175,176,149,163,153,161,198,218,217,209,198
215,218,215,210,206,211,211,194,196,194,195,182,180,178,175,166,171,154,173,151,159,221,226,208,215,201
221,224,213,218,211,215,211,203,210,204,188,165,173,165,165,171,170,158,163,162,169,221,217,220,198,199
218,219,219,224,221,223,200,210,200,181,174,185,145,170,154,170,165,170,150,152,163,217,217,200,198,194
227,227,228,225,220,221,216,212,205,190,183,167,165,165,170,167,183,175,181,176,193,221,213,208,186,188
241,227,229,227,230,228,222,214,210,205,193,186,168,174,183,186,189,186,191,192,225,224,206,218,198,184
226,225,213,214,189,178,193,184,188,187,178,180,171,187,173,176,181,183,174,179,220,218,217,205,201,183
190,181,151,149,133,139,145,144,166,174,183,179,173,172,167,164,166,173,172,203,221,216,214,208,199,188
138,128,137,138,137,135,141,139,146,161,181,182,181,160,156,171,162,164,171,220,218,203,211,183,201,196
144,139,139,142,137,134,135,141,136,159,169,178,178,156,157,181,169,178,189,219,215,203,197,194,199,184
145,150,139,160,148,151,143,143,136,146,146,161,176,172,159,163,166,184,211,223,212,204,210,188,194,176
162,170,159,162,152,158,145,136,143,144,148,152,163,160,164,160,194,193,214,221,206,205,201,186,183,164
