15,66,41,44,46,44,54,101,114,140,130,143,163,139,160,161,154,161,148,123,106,91,122,154,164,135
27,35,38,39,36,50,90,124,134,151,144,149,149,149,131,146,134,112,96,101,126,132,135,148,134,100
25,17,26,18,61,85,103,138,149,154,155,135,139,125,94,91,78,97,124,138,144,146,145,127,105,89
5,8,12,24,81,55,119,105,101,98,97,82,59,70,92,130,134,127,148,150,145,128,102,87,107,134
15,13,24,41,65,69,64,80,83,75,71,103,116,158,149,167,168,141,147,118,106,93,117,103,138,170
43,41,57,55,52,77,86,102,121,129,133,146,141,142,141,141,104,91,90,102,121,162,156,168,174,178
19,14,37,37,55,61,83,102,125,116,116,101,99,85,59,70,78,94,121,175,176,171,178,167,162,162
54,18,38,39,45,41,57,75,79,75,46,89,93,93,132,128,125,149,154,174,179,182,163,169,166,172
77,20,51,72,82,81,72,89,105,122,128,124,138,151,155,162,171,179,194,194,185,171,187,171,172,169
78,65,84,92,88,94,95,81,75,108,132,142,151,171,167,188,176,181,198,185,177,181,179,168,173,154
92,88,88,105,114,113,105,104,92,100,110,130,146,161,173,187,181,196,179,183,169,178,174,183,164,150
88,70,94,104,122,138,138,137,111,88,96,104,128,157,155,182,185,190,173,185,176,165,143,148,141,133
81,87,75,98,103,105,114,138,146,139,121,111,104,112,115,159,166,175,183,175,159,159,143,126,116,108
53,79,71,73,77,83,45,93,93,113,117,113,113,107,83,91,103,107,123,129,144,134,147,114,115,96
77,83,97,76,84,81,86,86,94,83,92,91,103,109,104,103,94,93,88,93,66,57,73,94,61,73
70,87,99,109,86,96,76,94,88,88,98,95,93,86,84,85,53,72,63,63,48,61,56,35,51,44
67,90,101,111,107,118,132,138,132,120,101,89,88,94,96,97,90,90,53,47,61,46,43,22,28,48
87,91,123,118,114,118,127,127,144,148,163,160,161,139,135,113,101,91,83,68,97,102,115,106,108,104
94,112,116,120,119,115,123,129,134,150,155,179,184,187,189,195,199,180,187,196,194,193,175,144,129,124
109,114,115,113,111,117,117,126,129,147,162,166,190,207,214,207,207,205,219,228,220,205,167,159,150,132
126,122,109,108,108,113,112,121,126,146,161,161,191,211,225,217,222,229,230,226,217,207,189,180,144,123
122,119,126,103,92,95,107,115,123,142,150,178,183,196,216,221,233,246,240,235,230,207,189,172,150,136
110,115,107,100,89,102,114,119,128,137,140,181,188,198,214,216,219,232,234,238,229,219,197,174,156,132
114,109,107,96,96,116,110,118,135,140,141,159,167,185,203,210,211,228,233,233,221,213,191,184,159,143
114,100,98,101,90,107,104,114,130,145,149,154,174,191,204,218,220,232,231,218,214,209,197,192,162,150
107,83,104,97,97,106,125,125,122,143,152,170,186,196,201,220,223,234,240,232,224,225,209,190,176,147
100,97,106,96,113,99,113,125,125,123,171,183,194,193,208,220,224,227,235,233,225,224,212,192,172,167
96,99,105,111,102,111,115,129,133,142,167,173,175,190,201,208,227,235,235,236,236,225,209,200,192,172
110,112,107,102,108,126,110,113,126,154,169,177,179,197,217,215,234,231,238,239,235,238,224,205,198,176
103,107,122,117,120,113,113,109,152,145,170,183,193,205,213,239,218,232,229,237,239,236,229,221,211,180
