149,165,159,148,149,160,137,125,117,99,103,92,80,85,86,99,107,111,114,126,117,125,162,188,171,170
156,155,154,141,138,135,135,116,105,93,90,77,74,90,97,97,114,115,133,135,134,131,134,139,159,149
160,150,148,149,147,137,125,96,83,89,78,69,74,96,105,127,116,117,148,132,138,125,126,134,132,135
158,148,134,135,123,114,101,83,73,79,73,83,91,96,119,129,134,138,130,139,150,116,126,122,126,111
157,151,142,123,106,93,84,84,78,76,82,99,108,105,121,131,130,134,146,140,124,136,127,140,124,108
141,124,132,102,101,88,85,85,82,83,99,99,111,122,123,124,124,133,136,126,137,121,125,115,112,108
138,124,131,103,95,77,89,79,75,91,94,102,125,119,131,129,123,128,130,138,136,133,121,106,104,98
120,106,89,95,95,87,80,79,81,93,101,106,114,119,117,132,134,137,108,138,129,128,131,112,87,70
126,122,98,106,90,88,81,91,96,93,98,99,105,130,113,123,127,130,118,134,117,133,99,101,80,62
119,107,99,97,88,101,100,96,85,81,89,90,92,106,114,96,119,126,125,108,105,99,80,80,60,51
114,103,98,93,89,90,91,85,72,79,86,84,91,88,94,95,92,83,94,77,86,88,71,63,49,44
123,118,101,103,102,85,78,76,68,78,76,72,88,84,64,70,65,80,65,69,76,62,56,46,43,40
129,126,113,103,94,78,84,68,51,52,55,58,64,60,60,64,48,61,57,62,55,54,54,36,30,29
125,111,117,86,75,81,70,54,39,33,39,47,51,61,51,46,50,45,52,54,58,48,44,37,39,36
121,138,114,83,83,58,53,40,33,36,40,38,39,44,53,47,44,46,47,59,55,62,45,51,42,43
130,123,104,82,83,64,54,38,28,29,33,40,50,56,45,46,57,59,53,58,48,58,60,54,55,61
116,105,98,75,65,59,47,33,28,31,33,43,52,52,55,52,51,54,52,58,61,71,59,77,69,65
118,110,102,85,64,59,47,32,28,30,29,41,55,52,48,49,41,53,59,60,74,75,80,84,87,92
128,108,81,83,64,49,44,32,31,32,31,43,56,54,45,49,55,68,77,80,91,96,97,98,89,120
134,113,76,80,68,49,41,33,33,35,33,40,50,50,54,48,65,71,89,105,105,114,118,122,118,96
127,117,91,70,62,51,43,36,31,29,27,34,46,54,65,63,75,85,106,115,114,108,116,90,96,86
129,120,104,63,57,51,33,32,32,34,35,37,45,54,56,70,64,77,88,79,96,79,72,77,66,64
141,126,100,65,69,49,34,25,30,38,38,41,50,51,60,62,67,53,55,44,48,57,51,54,58,62
136,130,96,80,55,47,33,27,28,31,35,48,53,45,39,33,25,17,19,25,32,40,40,54,51,55
134,134,114,89,64,47,32,24,27,37,42,49,54,51,41,32,15,12,6,19,24,28,37,53,53,57
151,113,123,90,66,40,35,33,40,49,48,47,50,54,38,31,21,24,17,24,34,39,53,57,64,67
140,143,108,104,68,36,28,38,47,47,48,54,60,60,65,56,54,55,50,40,52,55,71,69,75,80
136,142,135,96,61,41,31,36,40,44,50,60,68,72,72,68,75,80,86,65,73,69,74,84,87,98
132,138,108,94,60,37,45,43,43,48,56,60,67,77,87,94,104,106,112,84,85,74,77,94,95,105
120,118,112,94,68,55,39,48,50,50,58,71,80,86,88,106,114,113,119,97,102,95,86,97,95,95
