127,127,127,127,127,127,127,127,129,123,130,126,129,128,247,241,232,158,134,132,125,122,119,103,85,90
127,127,127,127,127,127,127,127,127,126,132,121,126,126,252,241,205,144,144,126,142,113,116,110,100,99
127,127,127,127,127,127,127,127,131,124,123,133,126,129,127,239,204,148,148,138,146,134,123,107,118,88
127,127,127,127,127,127,127,127,126,125,128,135,123,128,130,245,219,144,132,144,129,122,117,133,112,113
127,127,127,127,127,127,127,127,130,128,124,122,127,122,128,123,203,150,141,129,133,123,115,113,124,119
127,127,127,127,127,127,127,127,123,127,128,129,130,132,124,133,213,142,145,144,132,130,145,118,131,116
127,127,127,127,127,127,127,127,129,127,127,127,125,120,128,126,131,141,138,133,135,134,128,123,131,114
127,127,127,127,127,127,127,127,126,129,128,126,129,129,127,129,125,133,146,156,153,138,134,121,132,125
127,127,127,127,127,127,127,127,127,127,127,127,127,127,127,127,129,149,146,129,138,150,108,131,120,101
127,127,127,127,127,127,127,127,127,127,127,127,127,127,127,127,122,132,139,129,132,147,139,130,115,120
127,127,127,127,127,127,127,127,127,127,127,127,127,127,127,127,129,125,154,122,135,153,128,143,126,125
127,127,127,127,127,127,127,127,127,127,127,127,127,127,127,127,124,128,126,136,131,110,138,126,132,135
127,127,127,127,127,127,127,127,127,127,127,127,127,127,127,127,130,126,128,141,139,128,139,143,134,130
127,127,127,127,127,127,127,127,127,127,127,127,127,127,127,127,125,130,124,127,140,145,134,144,134,137
127,127,127,127,127,127,127,127,127,127,127,127,127,127,127,127,130,125,126,131,126,141,148,132,144,142
127,127,127,127,127,127,127,127,127,127,127,127,127,127,127,127,125,129,127,128,129,138,150,140,145,163
127,127,127,127,127,127,127,127,127,127,127,127,127,127,127,127,128,127,127,127,126,130,143,155,148,148
127,127,127,127,127,127,127,127,127,127,127,127,127,127,127,127,127,127,128,128,126,126,133,141,123,136
127,127,127,127,127,127,127,127,127,127,127,127,127,127,127,127,126,126,127,129,127,126,130,135,131,138
127,127,127,127,127,127,127,127,127,127,127,127,127,127,127,127,127,126,126,127,128,128,131,134,129,151
127,127,127,127,127,127,127,127,127,127,127,127,127,127,127,127,130,128,126,126,126,126,127,129,145,140
127,127,127,127,127,127,127,127,127,127,127,127,127,127,127,127,128,127,127,127,127,127,126,126,125,134
127,127,127,127,127,127,127,127,127,127,127,127,127,127,127,127,126,127,127,128,128,129,128,127,129,142
127,127,127,127,127,127,127,127,127,127,127,127,127,127,127,127,128,127,127,126,126,127,127,127,127,127
127,127,127,127,127,127,127,127,127,127,127,127,127,127,127,127,127,127,127,127,127,127,127,127,126,127
127,127,127,127,127,127,127,127,127,127,127,127,127,127,127,127,127,127,127,127,127,127,127,127,129,126
127,127,127,127,127,127,127,127,127,127,127,127,127,127,127,127,127,127,127,127,127,127,127,127,123,131
127,127,127,127,127,127,127,127,127,127,127,127,127,127,127,127,127,127,127,127,127,127,127,127,133,121
127,127,127,127,127,127,127,127,127,127,127,127,127,127,127,127,127,127,127,127,127,127,127,127,127,122
127,127,127,127,127,127,127,127,127,127,127,127,127,127,127,127,127,127,127,127,127,127,127,127,129,126
