126,132,165,159,133,148,139,135,145,152,162,154,159,152,172,150,152,164,148,148,135,121,128,118,100,103
131,127,166,169,163,136,160,163,150,144,145,154,161,170,159,172,172,162,139,162,149,136,117,113,115,110
127,124,166,176,178,177,170,161,139,154,149,149,168,167,165,162,164,154,163,156,156,142,127,123,117,112
126,134,169,168,176,175,174,153,155,147,139,156,165,166,157,174,161,165,155,156,149,145,141,132,120,107
130,125,173,183,186,173,173,163,178,162,156,162,161,167,162,163,168,154,153,150,143,145,142,133,139,129
129,125,188,187,182,176,175,182,171,171,160,174,169,176,164,176,154,151,145,146,145,132,130,144,113,126
126,131,177,194,185,171,181,183,174,170,190,164,171,165,168,151,158,166,155,144,142,145,144,127,127,118
128,130,187,187,184,202,184,177,175,195,156,180,173,167,163,164,152,170,159,156,159,143,137,137,120,114
131,123,194,187,191,199,184,184,197,179,177,176,175,173,166,154,155,159,162,165,149,141,145,120,132,117
128,127,192,191,195,173,188,192,185,185,175,154,170,179,181,166,164,157,144,146,142,130,127,121,115,107
127,132,186,190,188,193,197,196,186,175,195,193,185,179,177,163,147,157,156,136,122,133,140,126,133,102
128,124,132,203,201,197,202,201,182,196,189,198,184,170,200,185,155,167,166,154,154,150,137,135,129,148
128,128,129,204,206,203,208,193,199,195,195,192,198,193,185,182,181,179,176,161,164,148,148,149,154,147
126,126,127,203,203,200,203,200,198,200,212,211,193,204,178,187,184,181,179,179,185,161,149,167,174,143
129,129,130,205,204,204,203,211,204,202,202,198,197,193,200,191,191,187,183,179,180,180,171,179,164,156
126,128,128,203,203,208,199,209,201,188,197,198,196,205,190,182,194,187,199,190,180,191,182,158,180,154
126,129,128,202,205,214,201,203,211,195,208,202,200,200,194,193,198,185,198,189,183,182,185,170,161,160
129,130,129,203,208,215,206,201,192,188,203,198,208,190,200,189,185,188,194,185,191,174,177,181,170,174
127,126,126,202,205,205,207,200,204,197,203,199,195,220,204,215,201,209,191,177,183,170,176,183,165,181
130,127,127,204,205,199,211,206,200,209,207,205,203,216,209,206,207,209,190,195,196,183,185,182,183,173
129,127,128,128,210,201,206,220,215,208,204,207,203,210,208,211,206,205,206,186,197,192,186,192,192,165
128,130,128,123,203,216,214,210,213,213,217,217,209,207,206,209,200,209,199,193,189,204,191,191,172,167
130,125,130,131,212,212,211,209,222,214,212,212,215,213,212,205,211,205,204,199,199,193,191,193,187,189
125,133,123,128,201,214,213,211,220,216,216,212,212,206,212,208,209,194,198,206,192,188,180,197,175,172
127,130,128,126,220,213,222,213,217,218,219,218,218,207,208,197,210,191,206,202,193,192,176,186,188,170
130,124,132,129,206,202,212,216,220,219,215,220,223,215,211,193,214,187,209,197,205,193,179,177,153,171
125,134,125,125,131,210,201,217,215,222,217,223,217,211,213,203,201,193,191,199,193,197,181,179,175,168
131,121,135,128,125,219,206,217,220,223,212,222,217,215,211,196,205,217,206,193,186,190,189,171,168,184
128,128,125,130,125,210,216,210,210,202,210,214,216,207,207,203,207,208,205,192,190,196,187,176,171,159
130,128,131,124,132,206,210,208,210,209,211,209,220,218,215,206,208,203,197,194,193,198,181,170,183,167
