26,25,34,18,33,65,91,105,98,133,127,152,155,139,144,132,147,138,145,136,133,124,105,63,68,122
22,27,49,62,76,81,84,111,131,163,136,133,180,173,125,139,148,145,146,141,128,127,116,99,67,129
36,43,72,69,76,88,99,115,107,106,134,137,150,172,203,161,160,144,145,159,133,133,121,86,72,125
65,64,69,89,84,77,124,132,125,144,151,179,159,191,199,186,148,145,149,151,140,131,127,109,79,130
64,74,79,67,79,106,126,132,133,131,145,133,157,169,195,179,173,175,169,154,137,135,128,102,83,128
85,97,97,91,107,121,124,131,135,127,144,144,148,190,191,203,203,181,170,182,144,137,128,114,88,127
101,100,115,127,124,125,129,135,143,149,140,174,181,182,209,186,189,167,158,182,150,142,129,119,97,129
83,93,108,116,119,132,133,134,145,152,173,194,211,218,211,171,161,176,181,180,150,134,127,126,101,127
84,101,91,114,125,124,135,133,141,153,176,166,191,204,222,207,190,184,174,186,171,153,134,129,104,125
89,84,106,115,109,129,131,133,134,139,151,155,180,175,185,191,192,191,183,194,149,146,137,133,111,129
80,86,104,101,116,116,126,131,134,137,138,137,142,187,164,170,199,233,172,175,182,174,141,127,126,125
64,61,80,85,103,134,145,137,131,132,138,147,163,152,168,168,191,203,190,182,182,170,137,135,117,128
99,128,120,79,72,93,95,112,128,132,135,155,174,165,168,191,195,208,192,192,197,179,155,132,128,132
105,133,137,142,151,117,74,83,115,126,197,82,79,89,108,82,119,130,117,133,142,155,179,189,247,127
63,72,91,129,168,182,152,83,63,105,205,132,116,125,94,79,79,159,102,89,129,149,193,203,240,127
44,23,63,125,134,131,151,137,120,95,138,153,147,149,152,166,172,179,162,151,163,157,160,151,216,125
39,23,27,42,67,116,135,126,144,144,140,136,140,147,148,166,187,192,182,183,184,164,157,140,134,129
143,77,32,22,22,49,54,90,135,137,148,144,148,150,137,175,188,204,186,190,188,174,147,144,136,129
175,158,83,12,19,24,58,76,126,123,155,137,135,142,136,161,187,201,178,184,173,185,158,152,140,127
131,76,43,53,37,35,68,111,105,119,135,151,143,127,143,146,179,195,184,195,200,192,170,181,159,131
49,40,65,79,96,112,131,131,119,135,135,141,138,134,142,160,195,179,185,198,200,197,200,199,177,130
56,65,89,118,136,138,139,147,159,128,129,147,140,148,141,156,198,187,192,195,207,205,205,203,192,128
57,83,120,131,155,136,155,154,151,165,149,159,149,147,157,179,204,195,204,203,206,208,211,211,203,130
89,127,124,139,143,143,148,164,152,158,143,156,142,151,178,181,215,188,202,210,204,212,221,215,203,127
97,129,135,131,149,149,150,150,155,149,151,171,165,154,162,203,210,193,201,206,224,222,213,216,200,125
113,106,131,134,131,136,156,153,157,155,160,170,161,159,169,190,221,196,212,209,216,220,227,223,204,128
111,114,131,138,145,148,151,176,175,176,154,177,167,175,182,180,205,196,190,225,221,217,218,217,209,126
122,124,134,136,140,139,139,164,165,181,161,160,168,176,166,194,184,206,210,217,215,226,233,216,213,127
113,116,125,130,140,141,143,171,158,167,170,182,160,174,193,150,164,199,220,223,222,219,226,218,218,128
120,125,131,136,147,147,149,174,155,164,169,163,152,148,153,161,191,203,212,224,231,218,216,220,223,129
