127,130,130,126,127,125,130,127,4,2,4,5,4,4,4,2,4,5,7,7,3,2,5,6,3,5
127,132,123,126,133,129,128,2,6,8,10,9,7,5,4,5,5,3,15,6,8,19,6,7,10,12
130,133,122,131,123,129,125,4,1,11,11,5,8,11,7,4,22,27,17,12,15,13,12,7,11,16
123,127,136,126,130,128,132,3,2,6,4,6,15,14,8,11,30,37,14,15,17,7,22,26,40,40
131,128,122,132,124,127,128,4,8,2,2,15,22,8,4,22,21,21,16,11,17,22,24,39,38,42
127,131,131,125,126,137,0,7,3,7,9,12,10,1,3,17,4,16,18,17,27,38,38,35,52,44
127,127,130,127,132,129,1,0,0,9,12,6,0,1,6,10,8,27,29,33,40,49,57,45,34,40
130,129,124,130,127,124,4,0,10,4,6,11,8,4,9,16,42,43,57,46,42,55,52,57,30,27
130,124,130,126,127,133,0,3,6,4,8,2,13,13,17,37,57,38,61,50,57,52,46,51,64,36
127,132,125,130,127,5,12,18,21,34,7,16,26,18,35,43,55,56,57,63,54,55,49,47,64,64
125,129,127,127,129,15,31,48,35,20,15,30,24,32,43,47,67,61,63,52,81,69,66,63,42,61
131,128,129,128,125,24,37,42,25,16,49,43,25,46,47,62,62,63,66,68,74,75,67,86,80,75
126,127,126,136,125,25,55,38,20,48,59,42,49,58,58,61,67,62,71,87,66,73,83,79,106,85
128,130,126,127,133,21,23,11,40,57,55,51,65,61,67,66,74,72,81,76,70,109,72,103,98,93
126,129,127,128,125,14,25,32,62,61,71,74,66,61,74,90,81,79,96,96,87,81,117,116,115,114
128,129,128,128,47,50,53,64,74,83,70,71,72,76,81,86,94,102,112,117,115,103,100,136,129,114
128,126,126,128,69,64,60,86,82,66,75,82,80,86,91,97,109,91,94,113,117,112,140,109,115,132
128,127,130,128,72,81,89,93,78,83,80,75,87,96,95,101,100,116,112,100,126,120,131,123,123,123
128,129,125,134,82,77,76,84,103,86,90,109,107,96,101,106,119,111,106,99,106,124,130,102,119,126
128,127,122,126,64,89,111,100,94,106,99,96,92,82,92,108,97,92,77,92,84,111,119,107,129,127
128,133,130,128,99,94,98,90,101,105,95,100,108,95,89,89,70,67,47,78,73,96,111,101,127,142
124,125,131,89,82,96,120,80,113,96,80,77,83,94,85,54,31,64,53,61,64,56,79,97,111,109
131,128,122,73,89,91,109,101,101,85,70,67,67,50,34,42,26,31,37,48,46,40,67,67,92,110
125,130,130,93,98,101,107,107,96,72,61,43,26,26,23,18,26,21,20,33,37,32,42,55,58,57
129,126,130,90,100,100,123,95,56,32,19,26,24,19,21,15,17,23,19,23,25,32,33,44,40,45
126,128,127,92,113,121,105,47,27,27,17,22,22,12,15,21,18,20,11,17,16,24,23,33,31,27
130,134,127,92,100,107,77,34,20,30,21,19,20,18,23,13,18,20,17,18,15,11,8,15,16,14
124,127,127,116,118,101,51,29,21,20,15,21,21,34,53,32,16,12,17,13,17,5,7,7,6,5
132,129,125,120,119,96,49,44,29,27,29,39,31,29,39,28,25,15,11,9,11,7,7,5,4,1
126,129,127,120,120,88,45,40,45,55,46,34,32,28,24,22,20,18,11,14,1,5,2,4,2,1
