55,74,93,138,168,169,166,148,168,178,170,152,138,131,124,128,119,111,128,155,124,158,170,142,183,178
70,75,99,168,145,125,184,199,179,148,127,113,144,145,143,133,116,120,145,131,140,127,123,137,143,146
96,115,129,108,62,70,70,77,101,107,103,105,135,108,118,110,120,112,129,111,126,108,115,143,147,149
59,107,58,86,122,83,59,50,47,38,37,40,41,58,75,71,98,106,107,115,109,112,135,135,151,152
53,39,117,118,89,35,49,34,52,37,20,40,28,31,26,31,46,56,58,72,85,110,121,110,144,134
24,40,37,20,26,35,29,32,45,60,68,69,76,48,57,42,38,42,39,49,68,56,61,51,58,80
22,16,4,9,23,30,47,41,43,29,16,36,40,54,58,58,51,44,63,41,40,29,43,76,55,45
14,13,16,9,13,11,38,35,19,30,21,15,22,45,54,58,66,69,63,50,36,30,33,33,39,32
13,14,2,8,22,10,11,18,7,4,2,21,37,36,45,60,51,28,31,36,32,30,30,19,39,38
21,32,22,15,12,16,14,20,30,25,27,11,13,32,51,62,43,31,27,44,41,43,24,42,34,43
19,15,14,16,5,4,12,14,17,23,29,20,29,30,16,47,57,45,25,25,40,15,34,40,48,47
22,23,39,32,32,10,8,22,27,34,19,34,31,29,33,33,22,35,22,26,15,21,27,38,39,43
50,26,39,8,19,20,22,25,27,25,19,14,33,41,29,22,42,41,33,38,21,26,24,11,9,10
58,39,32,24,19,13,24,21,35,34,38,28,18,12,40,28,44,47,31,41,39,39,43,31,36,42
76,69,54,40,56,47,43,37,44,42,40,45,42,32,22,25,18,33,38,35,34,42,45,23,28,24
96,84,78,77,61,59,62,66,52,61,42,58,54,47,31,37,42,31,36,37,29,14,14,32,29,56
95,94,82,73,68,71,57,38,49,75,75,64,67,70,51,43,35,26,33,36,38,32,31,34,36,24
113,102,100,97,90,77,66,74,95,85,69,61,80,89,82,73,49,41,37,38,44,55,34,46,37,26
100,102,99,112,106,113,95,105,110,111,98,82,84,108,108,68,51,69,73,66,44,39,62,51,61,36
155,136,114,121,128,128,107,112,124,123,114,90,101,86,100,97,57,89,83,82,91,73,60,64,46,49
130,161,166,127,122,119,126,122,136,136,122,115,89,101,115,79,77,90,97,91,100,94,86,75,75,67
179,142,141,167,165,136,135,146,144,156,138,129,113,104,104,79,87,118,127,120,97,109,114,107,102,117
186,193,183,169,171,162,159,155,170,168,157,136,121,106,97,102,86,123,152,156,148,157,158,139,102,128
176,193,196,189,183,181,195,181,193,166,156,159,133,117,124,118,97,122,165,157,121,126,131,126,119,135
158,191,188,190,201,184,208,196,187,174,170,169,141,133,126,133,92,130,135,179,164,176,179,179,171,123
130,157,164,159,197,190,199,204,202,193,172,174,157,134,149,153,130,112,153,151,173,193,186,181,163,164
118,124,121,134,150,171,200,200,195,187,186,168,168,123,133,153,123,122,109,115,144,187,201,204,196,182
124,121,115,112,104,119,153,171,175,188,177,173,151,148,140,141,112,132,124,120,148,176,181,186,194,209
113,113,109,83,106,118,116,136,156,153,152,137,127,111,123,127,116,123,141,135,130,165,188,187,201,197
94,95,101,106,99,96,99,85,108,113,122,116,113,118,103,89,110,111,111,114,126,149,171,183,201,218
