35,51,44,44,82,77,74,47,38,21,10,2,13,45,78,126,192,208,223,219,226,232,221,221,224,132
26,46,32,30,41,74,78,62,52,23,12,10,0,26,66,104,155,200,214,230,224,227,225,227,221,123
22,28,19,26,25,33,69,69,67,31,20,13,9,11,41,72,98,170,205,208,221,225,219,226,223,128
19,17,29,32,23,42,44,63,62,55,36,27,20,11,11,49,91,126,195,205,222,224,226,225,223,128
26,33,48,60,69,53,53,47,59,36,28,29,12,11,9,13,60,82,148,186,205,219,223,226,223,129
54,71,64,77,88,62,89,77,51,36,32,21,16,2,0,9,18,59,103,162,203,218,218,215,223,129
85,88,76,98,104,107,84,65,55,37,32,23,19,5,4,11,11,40,65,99,172,202,224,218,221,129
101,102,103,103,92,96,78,76,69,52,26,18,16,11,0,9,7,13,35,60,123,180,211,212,219,128
95,87,91,84,85,78,80,72,49,29,24,24,5,16,26,29,23,17,22,43,71,131,184,214,217,127
82,66,72,72,66,64,54,50,39,33,23,9,18,15,9,10,27,29,31,41,57,74,151,196,215,126
46,57,45,46,51,48,36,38,26,24,31,13,21,8,10,8,15,37,48,46,56,75,96,168,209,130
18,22,18,23,24,20,17,15,16,5,35,9,37,1,19,42,46,59,42,61,58,46,69,106,179,128
9,10,21,33,33,25,24,15,12,8,24,20,34,21,10,38,45,65,72,71,62,41,59,67,132,128
1,0,5,11,17,14,22,16,13,8,21,16,26,19,21,43,66,56,68,57,74,40,54,57,85,129
4,4,0,0,10,11,19,18,22,5,0,27,30,36,34,36,46,59,78,76,95,44,50,51,54,128
5,8,3,3,11,8,10,10,4,4,14,38,34,35,44,32,39,59,79,83,99,78,53,63,45,126
8,5,4,13,8,2,4,6,0,6,2,35,26,57,49,38,31,41,75,97,99,80,40,73,58,129
5,1,13,36,20,7,4,1,3,0,16,30,46,48,45,41,40,43,47,78,96,86,63,67,74,133
4,10,26,57,50,8,3,9,1,4,10,22,50,44,38,47,36,47,70,63,89,101,101,28,60,124
6,26,86,67,30,14,11,2,4,1,6,16,33,52,34,49,52,63,66,75,109,186,133,63,66,135
27,58,49,39,30,24,19,9,6,7,2,32,32,30,32,50,32,53,44,77,82,194,147,112,109,131
61,48,49,33,43,26,23,16,9,6,6,20,35,53,49,42,33,27,45,49,88,139,137,127,133,130
59,62,60,56,46,43,28,29,15,16,2,13,35,63,65,35,30,28,26,49,69,110,105,112,105,125
69,54,78,57,57,58,48,35,22,8,17,15,27,74,43,39,27,23,19,29,59,72,150,108,126,122
72,84,72,69,68,52,40,33,9,14,10,12,32,72,56,32,40,32,23,20,60,67,186,122,169,131
91,64,79,59,48,49,35,23,11,16,13,17,37,42,54,45,23,42,23,25,32,70,117,120,137,125
83,69,70,64,44,37,25,25,14,19,12,12,44,32,57,40,24,35,29,14,16,51,82,164,104,126
86,79,67,49,48,48,33,20,20,17,18,14,24,19,39,49,35,44,41,20,11,33,83,176,125,130
61,62,75,53,52,47,26,33,21,11,12,20,19,17,31,50,24,44,39,18,24,58,66,209,119,131
76,76,58,59,60,43,34,21,17,9,6,24,23,15,35,45,38,38,15,27,25,60,69,153,107,121
