76,85,81,73,41,33,25,22,14,11,19,21,18,8,29,40,44,28,20,21,18,67,77,109,185,133
81,90,64,78,46,29,29,10,15,11,39,22,22,16,21,33,39,30,16,15,47,63,130,88,148,120
110,94,71,65,43,36,19,18,18,17,45,26,32,29,21,27,51,37,27,22,54,124,55,93,116,136
98,101,84,57,36,31,15,17,22,29,41,27,32,27,26,28,36,49,45,57,78,88,44,96,85,128
101,88,65,53,42,19,27,25,23,32,47,36,33,35,23,36,37,41,42,50,109,59,42,96,69,126
95,82,61,33,34,28,24,37,34,35,51,39,26,34,34,32,38,38,37,90,101,39,66,67,56,127
102,79,43,31,25,19,37,28,35,51,51,37,44,52,42,41,36,38,48,87,106,52,60,49,60,135
97,53,39,39,33,38,44,38,41,54,65,56,42,43,44,36,37,54,42,51,97,87,52,38,53,128
75,56,45,37,38,47,40,35,76,74,74,63,49,54,63,61,44,41,64,75,76,91,37,56,64,127
80,51,34,51,42,30,44,59,78,80,80,73,72,74,72,81,73,62,63,83,92,90,75,47,59,129
68,47,54,43,32,66,75,78,74,63,77,62,33,42,61,72,70,83,87,56,83,98,78,48,54,121
73,62,49,51,51,58,56,62,61,56,67,55,44,47,36,40,40,62,76,77,89,90,28,44,126,132
76,58,54,55,35,50,56,63,60,63,59,52,47,36,28,31,30,46,32,78,104,84,53,59,128,128
60,69,55,43,50,57,66,64,65,68,60,55,54,27,39,35,38,39,41,46,61,75,82,85,128,128
59,50,22,33,46,47,70,70,71,80,48,53,62,24,37,25,51,23,37,27,57,72,77,74,128,128
48,53,27,45,52,64,82,82,78,77,62,52,60,49,13,26,44,31,50,29,56,48,62,98,128,128
53,55,13,27,72,98,84,77,56,64,60,60,60,55,32,37,36,40,43,18,53,53,53,68,128,128
59,59,34,33,78,104,100,94,78,63,81,71,60,62,44,34,55,26,22,30,52,30,33,65,128,128
57,63,49,44,82,121,118,86,73,60,60,62,57,56,54,39,24,12,21,21,36,28,23,32,128,128
67,74,41,54,92,120,112,107,88,80,71,63,56,63,39,56,45,28,32,19,34,27,22,43,128,128
61,89,61,46,88,110,115,108,98,87,76,69,53,49,42,36,35,33,18,28,34,26,22,127,128,128
76,70,80,55,100,111,103,84,87,99,80,58,69,48,43,47,40,27,27,27,29,25,32,128,128,128
76,98,94,54,75,90,107,102,103,105,70,65,55,51,42,33,39,35,35,27,33,39,23,130,128,128
86,104,92,97,75,80,98,99,102,88,84,73,48,37,48,32,28,29,38,43,39,29,50,126,128,128
101,120,107,100,97,83,87,117,107,97,98,83,69,50,40,42,36,34,36,41,42,44,44,125,128,128
66,103,95,116,80,87,92,111,99,88,77,74,66,60,32,48,31,47,39,25,42,32,44,133,128,128
69,87,96,99,109,86,101,100,102,92,97,76,63,39,37,49,59,46,36,38,71,38,131,125,128,128
78,88,108,102,80,103,79,63,64,75,77,77,64,51,49,63,48,37,52,63,33,42,125,129,128,128
71,68,126,126,103,134,87,69,72,63,59,74,58,35,45,52,38,31,31,40,43,37,127,131,128,128
61,70,104,124,135,136,129,109,79,81,89,91,73,43,83,34,37,34,42,42,28,50,131,124,128,128
