15,21,32,14,30,12,9,22,28,33,28,49,41,28,28,24,18,16,7,131,127,126,128,127,128,128
21,29,40,17,10,9,12,46,15,43,42,42,31,29,39,23,26,15,14,1,132,127,134,128,128,128
34,18,19,20,11,20,13,55,29,43,45,31,27,37,41,33,45,27,7,14,121,128,124,130,128,128
27,16,9,13,13,36,18,27,47,43,44,43,37,22,35,53,50,28,17,3,132,131,122,130,128,128
24,20,12,17,15,23,15,12,23,26,31,31,40,21,59,83,41,34,18,8,126,120,134,126,128,128
35,16,5,17,25,16,18,22,29,31,46,79,44,56,31,95,46,43,27,3,10,129,129,125,128,128
35,23,12,6,23,28,27,19,25,39,81,35,32,79,49,71,76,57,28,6,9,127,129,130,128,128
35,29,28,14,20,19,13,17,34,44,52,43,70,118,62,25,106,75,38,6,7,127,125,130,128,128
44,29,17,19,27,27,28,26,21,22,51,68,118,64,97,55,94,86,25,15,5,131,126,130,128,128
75,41,40,31,24,16,31,22,18,41,57,147,92,100,138,107,57,76,33,19,12,0,128,128,128,128
50,51,32,29,29,36,11,20,32,44,41,65,129,157,180,102,92,93,34,13,4,15,124,128,128,128
50,54,46,22,16,19,18,43,21,20,38,47,141,180,207,136,83,37,19,21,16,17,129,128,128,128
39,33,32,18,11,25,44,80,36,24,44,54,169,175,174,93,77,49,38,35,20,10,133,127,128,128
32,33,30,30,19,40,37,43,80,51,38,28,56,153,118,107,53,39,51,50,27,21,127,126,128,128
57,46,64,52,37,31,44,23,168,82,36,49,52,72,79,77,69,65,96,66,36,7,126,131,128,128
92,82,65,67,69,40,27,41,38,147,85,33,70,146,54,88,97,92,62,96,62,18,11,127,128,128
162,122,117,122,94,58,55,29,31,53,41,49,45,165,139,90,84,95,59,175,83,38,12,127,128,128
127,170,150,115,136,90,73,60,61,24,63,58,35,44,97,112,149,136,144,144,124,45,11,129,128,128
148,152,168,121,82,116,91,57,93,123,43,36,108,58,74,148,197,202,198,140,136,50,21,128,128,128
179,162,167,157,181,161,142,95,113,128,171,99,130,42,80,158,221,186,196,140,112,77,35,127,128,128
142,174,145,109,144,120,145,120,172,194,170,163,125,171,126,116,200,203,187,182,127,141,55,128,128,128
121,96,142,100,180,72,95,122,128,158,193,194,169,151,168,174,172,134,211,202,191,122,73,28,128,128
103,87,60,53,65,73,58,55,80,108,215,181,206,130,122,194,223,216,198,194,176,158,161,40,128,128
30,60,66,67,54,44,41,46,55,56,48,128,130,146,154,138,195,195,205,217,212,159,159,51,128,128
29,29,24,45,32,41,61,54,47,55,43,52,73,68,69,80,158,205,159,210,215,200,198,86,128,127
27,18,28,18,30,61,58,41,58,66,70,67,67,87,118,61,109,161,175,186,223,213,159,119,132,131
26,24,20,38,24,38,29,48,36,59,97,87,123,83,75,114,111,154,113,203,230,212,185,66,119,126
7,19,6,11,23,44,40,27,38,63,69,66,85,116,140,114,83,92,133,161,211,232,167,166,132,130
7,9,14,21,21,24,23,43,55,68,81,124,112,166,110,123,140,101,114,73,209,217,155,165,127,126
14,24,18,33,22,32,41,52,76,113,161,173,178,169,205,213,175,158,154,116,207,188,132,201,132,125
