110,111,155,188,196,200,206,208,210,222,222,211,234,237,244,240,227,231,225,235,233,223,220,217,214,201
123,136,158,181,189,198,196,203,196,218,224,229,236,237,246,236,236,230,230,240,241,235,218,222,220,212
120,145,173,184,194,194,198,193,217,220,232,234,232,238,245,240,243,232,231,241,239,241,237,228,219,215
150,177,174,188,197,194,197,204,214,223,232,232,233,243,242,245,240,235,230,245,244,246,236,232,237,222
166,151,188,189,184,202,192,199,209,222,233,237,236,249,242,252,239,238,236,242,248,247,244,238,232,228
154,160,177,196,192,192,188,192,218,216,225,239,234,246,244,254,248,244,240,240,247,247,245,242,237,234
165,179,188,198,195,191,188,206,215,223,220,234,242,246,244,246,247,245,245,244,247,248,248,246,243,240
170,179,190,194,196,199,198,211,199,218,219,216,235,240,245,245,251,245,244,240,247,248,249,248,245,241
170,175,182,206,194,197,190,185,199,215,225,209,229,235,246,243,250,245,244,242,247,248,249,248,246,242
162,168,194,189,178,201,201,189,200,207,215,228,234,240,249,242,245,243,244,246,246,247,249,249,248,245
190,187,188,194,198,194,199,196,210,227,210,218,232,241,255,251,251,248,242,243,245,247,249,250,250,247
170,195,193,194,191,166,212,197,205,223,228,233,233,241,253,249,249,252,248,253,246,247,249,250,250,248
181,189,186,197,160,191,194,207,206,204,220,230,232,242,239,246,246,251,250,250,249,248,249,250,248,248
176,183,170,191,194,199,194,206,207,213,227,232,223,239,240,243,240,243,246,248,246,248,252,253,248,247
176,185,190,185,196,189,195,214,213,218,223,224,231,244,243,247,246,251,251,249,243,244,249,250,248,247
172,184,187,195,202,191,196,207,209,221,224,234,238,245,242,250,252,254,250,248,245,240,243,244,250,249
193,179,192,211,203,200,200,204,212,225,219,230,237,243,242,253,252,250,248,253,250,243,244,242,249,248
181,187,197,193,206,209,203,196,200,215,219,238,238,242,240,252,254,253,251,255,252,247,249,242,245,241
190,189,210,185,196,207,212,212,206,215,222,236,238,243,240,249,252,255,252,251,254,248,250,241,244,238
189,195,209,201,202,202,205,210,203,215,227,233,238,252,252,254,250,254,255,255,255,248,249,240,247,242
204,208,206,219,208,205,188,201,195,204,223,232,238,249,250,254,255,252,255,254,253,252,252,247,248,247
198,196,198,213,195,200,187,202,219,211,224,224,237,248,251,253,251,249,254,251,255,252,253,248,249,248
193,183,195,206,206,191,195,188,205,211,227,221,233,244,251,253,249,250,254,248,254,251,253,251,249,251
185,197,194,203,198,194,186,193,195,191,219,226,232,242,250,251,247,248,249,242,249,248,253,253,250,253
178,189,191,200,187,200,176,174,183,218,194,223,236,242,247,244,240,241,238,234,243,247,252,255,252,254
175,195,197,186,193,197,181,151,188,193,205,210,237,241,242,235,233,233,228,231,238,244,248,253,253,253
149,178,187,186,190,173,178,185,173,184,185,224,231,238,240,230,228,222,213,223,230,238,239,247,252,251
125,146,188,178,181,163,164,162,186,201,205,218,227,237,240,229,224,210,195,207,223,232,230,240,251,250
100,127,148,170,178,154,173,169,181,193,198,206,228,235,232,214,198,166,137,148,191,199,221,222,244,245
19,55,133,134,163,160,157,178,173,175,204,209,221,226,185,90,52,20,12,25,52,139,195,220,223,235
