35,114,163,187,198,216,219,218,223,228,235,238,241,242,247,251,250,248,246,244,242,232,107,17,25,30
85,167,198,190,201,218,220,219,224,229,236,237,239,242,246,250,252,251,247,245,245,230,201,57,17,31
141,190,200,188,199,216,220,223,228,229,233,235,238,243,245,246,249,250,246,243,250,244,237,143,37,18
181,191,194,212,213,224,226,228,230,228,231,236,237,243,244,243,247,249,247,245,243,247,241,233,78,15
145,171,199,199,213,218,229,227,230,226,231,232,235,239,244,247,247,247,247,247,247,246,243,242,194,57
176,187,197,218,216,220,227,227,228,227,231,234,234,238,244,249,251,250,248,246,246,248,250,235,238,113
165,203,193,200,220,223,225,228,226,229,232,236,236,239,244,249,252,252,250,248,245,247,247,244,244,208
179,179,203,214,218,221,220,226,222,228,228,233,236,239,243,245,247,249,249,249,244,251,239,246,245,237
177,177,206,210,220,222,222,229,226,230,229,234,234,239,243,244,244,245,247,248,249,245,244,242,244,236
171,192,197,206,220,222,224,230,229,229,229,233,233,240,246,247,247,248,249,249,252,240,246,245,237,245
177,187,207,224,216,217,222,225,226,223,225,229,234,241,247,248,248,251,252,252,249,250,241,243,246,236
183,206,223,219,220,220,228,228,232,225,230,233,235,239,242,243,245,250,253,253,253,252,247,241,244,245
202,210,222,224,218,225,229,229,229,232,221,226,234,242,245,246,249,252,252,252,252,252,251,247,242,239
194,219,214,229,226,220,225,221,231,230,227,228,232,240,244,246,250,253,253,253,253,253,251,248,245,242
212,220,209,225,228,220,225,226,230,226,223,222,229,237,242,245,250,253,253,253,253,254,252,250,249,248
217,214,223,211,224,223,225,236,221,221,216,222,227,234,239,243,249,251,251,252,250,252,251,250,251,252
218,213,212,216,219,222,222,232,214,216,216,223,224,231,237,242,248,250,250,251,246,249,250,249,250,252
223,205,189,215,211,217,219,224,216,212,212,210,219,226,234,241,249,250,248,248,245,247,248,249,251,253
207,193,186,188,197,213,214,219,215,212,206,198,214,222,232,242,248,246,241,239,239,239,242,246,250,251
191,195,172,176,186,211,206,216,204,212,203,201,211,220,231,241,247,242,234,230,231,229,232,240,246,248
173,170,162,152,160,175,203,209,206,185,199,196,207,209,237,241,238,235,243,217,206,218,198,225,227,243
100,74,76,79,100,141,162,170,193,172,184,194,214,212,223,238,242,219,179,105,60,69,83,136,203,220
52,34,29,30,41,74,110,171,156,169,181,178,205,208,227,225,213,186,118,43,21,8,41,67,110,191
46,49,47,26,25,39,70,130,145,153,158,167,178,209,218,222,206,175,126,54,32,33,47,61,106,154
74,67,50,60,54,62,75,114,154,157,143,165,183,213,235,220,205,198,165,135,79,61,56,70,112,160
68,84,68,102,80,85,104,132,137,147,145,152,178,216,216,196,183,178,196,195,166,122,121,133,150,212
93,85,95,104,109,112,129,130,136,123,148,144,166,183,186,166,177,186,200,212,204,183,166,172,206,206
116,122,112,126,122,117,115,138,127,112,130,108,130,145,143,137,165,174,196,207,209,216,210,209,210,216
137,126,117,124,104,113,112,122,124,116,104,105,102,114,121,109,126,166,173,196,209,219,203,218,213,222
140,135,131,121,128,118,124,115,113,123,108,109,96,110,111,123,128,132,162,167,194,202,205,218,213,216
