70,55,41,26,29,20,24,17,10,18,8,15,11,14,10,12,4,8,11,9,9,11,12,16,18,11
37,42,29,32,33,14,16,18,9,6,8,11,2,13,11,14,0,4,5,6,9,10,3,7,20,19
37,31,23,25,21,17,19,10,14,6,5,11,14,16,5,11,10,5,12,13,15,13,13,22,33,36
37,25,21,22,13,14,8,13,14,15,13,12,20,15,8,0,9,12,20,18,20,26,35,47,54,54
26,22,21,21,18,17,10,15,11,14,20,15,20,19,22,20,27,28,44,41,41,44,47,51,55,57
37,18,24,21,30,22,23,20,17,18,21,34,40,42,33,43,50,58,64,63,63,66,67,67,71,78
54,50,63,56,59,45,43,38,36,39,44,47,43,48,51,62,61,60,68,68,68,76,86,88,89,96
58,56,65,61,55,53,45,49,46,52,44,42,45,45,52,48,57,66,61,66,68,74,81,80,79,86
67,73,72,69,56,54,42,38,34,34,44,35,32,36,54,53,54,56,57,65,67,70,75,74,74,84
79,63,58,53,44,38,39,30,38,35,43,45,37,43,50,58,51,50,64,66,62,63,76,80,79,85
100,99,52,43,41,38,34,29,41,36,37,37,27,31,26,24,28,37,43,47,50,48,51,53,65,70
49,128,97,53,31,26,30,29,21,14,19,20,27,22,16,27,27,46,56,60,49,65,66,57,69,70
118,136,59,32,30,28,22,24,18,29,30,25,28,25,21,30,23,34,38,50,56,57,71,65,90,91
59,41,38,30,30,26,16,26,22,28,25,21,12,20,17,16,12,9,12,20,17,21,19,50,53,75
51,40,30,31,25,29,29,38,33,24,21,29,26,21,6,8,10,6,17,13,19,15,9,19,27,67
46,36,31,36,32,35,28,20,20,19,43,57,64,31,4,22,21,19,9,23,18,39,15,24,22,64
53,34,38,29,24,19,19,18,26,39,57,71,75,36,4,25,26,22,12,11,15,21,28,31,39,75
56,45,37,25,28,18,25,31,37,55,70,86,79,48,10,13,25,19,11,0,11,9,9,22,49,131
56,53,30,35,31,18,28,32,42,48,76,85,77,75,24,3,14,16,13,11,11,20,16,14,68,142
57,39,32,27,21,14,20,17,24,33,50,59,72,70,56,15,12,5,2,6,9,11,12,31,84,136
55,51,29,22,21,21,24,18,17,18,23,26,27,32,49,34,15,8,12,2,1,10,25,46,55,47
60,47,41,33,27,22,23,29,32,29,25,31,25,19,24,31,22,29,23,19,29,28,20,33,48,47
75,63,46,42,37,36,36,40,37,30,39,36,44,33,32,33,32,38,36,31,46,47,39,48,53,48
70,70,65,54,40,36,34,37,36,40,39,27,32,40,35,40,35,39,43,36,42,39,41,61,69,71
73,68,61,60,48,45,42,43,36,38,35,34,33,39,26,34,34,44,61,52,52,48,58,73,72,80
62,66,57,65,52,41,40,49,43,42,31,35,38,25,37,38,44,35,39,39,52,59,72,79,77,99
82,70,61,62,59,54,54,53,47,48,45,40,40,42,29,33,38,41,55,51,61,60,75,65,84,88
84,75,76,60,67,61,50,58,58,57,49,44,46,44,39,38,42,43,51,54,53,67,79,93,101,101
95,76,76,71,66,67,60,55,61,58,59,55,58,53,56,50,53,52,54,54,62,72,79,75,91,104
78,66,76,53,73,74,61,71,73,72,64,64,65,61,64,60,61,62,67,66,65,63,83,93,102,89
