127,133,188,170,176,173,176,172,153,168,157,158,136,166,163,149,165,155,152,143,147,156,137,130,124,98
128,130,171,187,185,178,170,176,167,159,178,147,161,152,158,166,147,165,141,153,139,141,141,126,109,135
126,129,184,185,185,187,181,170,168,171,177,156,163,167,152,165,160,158,169,149,147,131,141,139,140,106
129,126,197,196,165,182,163,172,179,166,164,158,175,159,157,162,159,153,162,168,153,153,133,140,148,117
129,122,189,186,174,176,180,170,175,171,167,170,174,152,168,168,167,159,157,164,149,142,152,138,135,149
127,133,187,190,187,169,185,171,169,173,168,186,178,166,176,167,182,167,168,162,146,156,143,152,134,130
130,125,195,175,178,191,183,192,183,168,185,178,167,176,165,168,164,176,169,180,157,151,139,149,138,124
127,128,190,184,178,190,180,182,182,180,177,177,168,177,178,185,167,167,157,162,161,176,137,113,130,123
130,123,192,194,180,182,182,182,178,188,169,177,164,166,163,175,182,169,164,179,157,134,136,150,117,125
126,133,189,194,182,177,203,186,178,180,183,174,182,175,178,188,184,177,150,163,162,144,163,141,149,141
128,130,182,192,182,190,188,177,181,187,186,180,188,165,189,169,182,178,182,184,182,170,171,178,180,156
128,129,129,192,184,179,185,181,179,181,189,197,177,189,181,164,185,188,178,186,196,183,182,187,174,180
126,132,125,197,183,184,183,185,171,189,192,193,176,189,200,193,192,194,197,182,190,191,198,183,189,170
126,128,129,187,192,186,192,183,195,203,180,172,187,203,181,183,207,185,187,210,190,200,190,208,184,185
129,128,126,172,184,185,199,191,173,191,190,188,177,184,189,197,177,197,197,202,201,192,190,185,187,180
125,132,130,186,186,193,195,194,187,177,189,193,183,187,201,184,205,209,196,189,198,205,201,196,193,180
124,131,127,191,188,195,185,189,205,183,209,179,196,190,195,197,194,197,207,213,196,184,207,194,186,163
129,126,123,184,192,193,183,186,194,209,184,201,194,202,204,211,214,195,219,204,199,207,189,187,195,187
129,127,130,190,204,200,187,188,197,184,214,192,201,208,202,216,208,214,195,214,200,199,170,196,192,182
128,129,128,185,194,198,189,196,197,194,193,195,207,216,212,212,200,207,186,206,203,191,188,204,188,189
129,128,127,130,201,189,187,203,203,187,203,210,206,211,204,200,215,203,201,198,204,196,205,186,185,192
129,125,132,126,189,192,206,194,194,198,201,210,208,211,217,217,210,198,196,199,195,199,209,202,194,182
127,133,120,130,195,194,191,198,191,205,205,215,218,219,212,209,203,201,183,194,207,197,170,186,183,172
125,127,133,128,199,186,198,185,184,200,220,221,212,216,206,221,211,207,203,207,199,199,186,202,173,184
130,133,125,128,182,184,193,201,209,198,204,205,205,218,212,218,207,198,195,186,187,202,197,189,170,164
123,126,129,128,189,179,185,204,205,200,199,203,201,201,210,209,198,202,206,197,196,187,182,184,173,154
132,128,128,126,131,184,200,197,188,190,192,193,207,203,205,198,211,196,200,205,196,187,192,180,176,161
127,127,130,130,126,184,187,182,185,194,207,184,195,193,192,207,192,207,200,192,191,187,185,178,182,174
129,125,130,125,129,189,192,181,186,183,183,176,184,178,196,195,202,188,201,181,176,185,171,186,164,161
126,128,131,129,126,186,190,181,186,174,181,189,196,184,189,202,192,209,198,189,205,182,180,164,171,151
