127,130,128,125,129,124,128,129,13,12,14,14,13,8,17,16,14,19,10,10,7,6,3,16,5,0
129,124,125,129,129,129,131,7,16,9,7,9,17,15,19,12,13,14,12,4,9,8,9,18,17,9
129,123,127,135,122,132,125,13,13,11,12,13,16,12,20,17,14,14,13,4,7,11,6,13,11,8
125,129,136,121,131,127,128,21,14,13,14,14,16,12,20,16,15,16,12,13,4,14,0,10,18,16
129,134,118,131,129,124,128,15,17,9,5,7,17,16,18,7,13,13,11,15,7,14,7,18,16,9
124,130,127,130,129,134,7,11,8,9,12,10,11,8,16,12,11,9,11,7,11,7,17,20,9,4
132,127,125,126,125,126,15,11,3,11,18,13,7,1,14,15,10,13,13,4,12,5,21,11,4,2
126,130,126,131,128,127,8,6,13,8,6,5,11,9,12,2,9,20,15,11,14,12,24,5,6,3
126,130,127,131,127,128,15,6,10,14,6,6,13,9,4,3,4,14,15,19,18,23,16,15,10,6
131,127,125,129,129,15,20,13,10,15,10,11,15,15,17,19,17,17,19,23,27,21,17,17,12,12
127,128,129,129,133,10,16,7,13,17,15,17,17,17,24,27,28,25,27,27,35,26,24,23,19,20
127,128,129,123,124,11,22,17,11,12,13,19,21,23,31,31,34,36,36,28,30,24,20,14,19,21
132,124,129,129,130,22,20,7,18,14,11,18,23,26,31,28,28,34,31,28,23,22,15,13,15,19
123,129,129,124,129,15,11,20,23,17,8,14,24,28,32,30,32,34,30,35,27,24,17,23,20,25
131,134,122,135,127,18,28,23,17,15,6,14,30,36,41,45,46,44,39,37,33,26,22,26,28,34
127,124,130,125,6,18,20,26,23,24,16,22,36,38,40,46,41,41,39,29,34,32,33,31,27,33
129,125,131,127,9,14,20,28,22,21,20,28,36,40,45,44,39,39,38,36,40,46,46,43,41,51
124,134,127,124,12,27,20,22,24,20,19,33,45,45,45,43,37,41,45,45,42,42,49,57,63,60
131,120,133,136,11,11,26,25,27,22,20,33,40,35,33,31,37,36,38,44,46,45,48,53,59,67
130,128,130,122,12,23,27,17,26,24,23,30,31,25,27,29,27,31,37,40,38,39,49,60,66,70
126,129,130,130,14,29,21,24,22,25,25,28,29,29,34,34,36,35,30,26,27,40,59,74,64,66
128,133,125,11,22,13,27,19,22,25,23,25,28,29,31,27,30,32,34,39,45,49,47,44,40,52
127,128,128,13,25,16,21,23,24,26,24,27,28,27,30,28,37,38,40,39,35,32,35,40,47,42
130,128,129,15,23,22,19,20,23,26,28,34,34,32,41,48,43,37,37,42,42,35,31,32,30,35
130,125,130,19,22,19,28,25,30,34,27,37,30,44,30,51,50,41,41,33,41,33,38,27,24,23
125,127,124,25,24,20,30,24,26,32,35,42,41,30,43,33,41,34,43,38,31,22,19,24,22,18
129,131,134,15,15,27,43,48,47,55,49,52,60,44,45,31,34,34,23,27,24,24,28,19,14,19
129,123,125,29,28,49,45,61,74,66,61,63,52,67,51,52,38,34,38,29,23,31,21,20,20,23
126,133,128,22,39,46,74,74,70,97,112,76,71,82,63,70,54,55,45,42,37,28,37,28,23,23
130,125,128,28,51,73,78,88,107,107,87,103,91,96,62,67,62,60,65,46,41,47,42,36,35,35
