126,129,30,45,50,44,28,22,36,76,116,150,161,136,141,165,163,164,169,163,156,163,149,148,165,156
131,125,48,49,35,23,11,49,103,146,151,153,128,124,141,166,162,164,167,146,165,162,154,163,176,161
129,125,60,48,20,5,47,96,134,125,147,148,138,132,138,146,155,165,149,143,159,152,155,165,156,164
128,127,52,24,11,35,71,113,120,142,141,146,133,115,144,158,155,126,150,162,150,157,136,137,170,148
125,135,43,16,26,58,90,104,130,138,141,140,116,102,123,150,157,150,146,134,151,154,158,159,175,161
131,122,36,8,41,80,90,108,115,126,129,145,116,111,148,153,132,171,137,145,144,128,132,156,152,150
128,128,17,23,58,83,93,104,105,124,132,136,110,112,136,132,139,135,132,145,144,153,150,134,137,133
129,128,18,40,64,99,85,106,111,119,127,126,124,124,122,138,141,138,139,108,143,148,150,141,130,112
126,133,10,49,75,95,102,117,115,129,105,118,127,107,129,134,138,116,116,135,139,153,158,142,131,127
128,128,23,61,95,92,98,108,120,137,123,114,113,112,146,143,128,123,120,125,128,143,137,139,137,139
128,128,24,65,88,100,102,106,121,114,117,115,107,128,120,132,119,126,118,119,117,132,145,141,139,147
128,127,35,63,87,92,104,113,122,141,109,111,93,95,126,121,125,116,124,115,112,109,139,145,147,124
126,130,51,76,92,90,92,100,120,131,127,111,88,99,108,117,136,124,110,105,106,116,130,152,142,130
127,129,47,79,86,96,90,102,117,124,132,139,107,86,99,127,124,109,125,110,111,120,146,147,147,141
128,128,45,77,82,94,91,103,105,121,111,111,106,112,124,111,122,111,110,92,120,134,144,144,154,157
129,128,50,74,81,82,92,101,108,103,118,113,107,118,121,141,134,117,110,104,95,118,143,151,146,150
129,128,43,67,74,78,99,110,105,106,111,115,109,105,116,126,137,122,113,103,119,120,139,140,155,136
127,131,40,76,76,82,93,98,105,108,112,131,124,105,124,138,129,122,110,116,116,131,146,143,140,118
129,129,34,65,75,89,85,101,106,105,107,119,124,110,125,133,136,120,127,133,123,142,149,145,139,140
130,125,31,54,82,89,85,89,93,109,111,130,137,116,126,118,126,131,133,130,120,131,132,144,130,131
128,127,33,53,79,79,81,90,99,104,112,106,115,120,116,126,120,127,129,136,127,128,121,136,133,126
127,129,33,53,68,70,74,94,89,94,120,111,124,137,112,125,132,127,124,134,121,133,135,140,144,134
129,129,34,39,60,72,73,82,90,101,110,110,120,124,108,113,130,129,123,125,113,126,129,126,143,134
127,128,49,25,53,74,79,70,79,90,106,114,126,135,116,119,98,97,96,119,133,132,131,138,137,138
126,128,61,23,43,70,79,72,88,92,106,107,111,124,102,103,105,92,95,124,139,125,129,138,135,133
131,125,58,25,33,68,73,76,81,98,96,109,113,120,119,103,88,85,109,131,128,118,133,122,134,131
127,129,78,41,22,52,89,81,84,87,87,111,103,117,125,105,90,100,110,105,126,132,113,126,123,125
132,125,97,52,23,35,64,80,75,78,87,102,91,103,118,121,116,91,90,122,125,123,117,126,125,130
128,120,134,64,30,20,46,67,87,74,78,89,99,114,115,115,112,102,98,124,125,127,132,114,123,126
130,127,127,66,53,29,19,53,75,83,92,91,91,98,110,118,117,112,101,108,124,113,126,128,137,132
