127,127,0,23,2,1,7,0,30,35,40,50,48,21,7,62,140,153,126,129,130,134,132,135,150,145
129,126,6,8,0,9,14,8,20,34,44,39,4,26,84,100,126,150,120,133,119,103,141,141,147,115
127,128,3,6,1,0,7,18,16,51,44,2,21,98,117,110,117,132,131,119,129,101,135,135,143,113
128,129,7,4,1,3,6,15,55,41,0,6,75,93,101,129,126,129,135,131,102,89,148,151,143,131
126,129,10,2,0,6,8,40,62,37,6,37,84,91,104,116,124,124,122,114,105,90,137,128,161,137
125,129,7,3,2,9,25,70,59,4,1,85,77,97,93,105,120,112,92,114,85,121,153,134,143,123
128,129,1,5,3,10,69,74,48,0,53,67,87,99,99,88,98,96,80,108,73,103,131,148,141,116
127,129,2,3,2,30,119,72,43,6,78,83,84,91,78,89,78,112,117,96,88,108,123,134,136,117
126,127,4,8,23,98,129,71,31,3,75,78,84,85,79,80,116,115,122,124,86,98,93,111,121,117
129,124,4,19,59,176,106,61,25,30,80,73,80,85,83,80,79,103,124,110,88,111,101,119,104,115
130,125,0,22,152,207,130,67,16,49,73,74,80,89,90,91,81,82,89,96,93,117,130,94,114,88
127,127,7,51,235,196,132,63,17,70,65,72,70,79,86,76,74,89,85,95,79,105,113,97,97,101
124,131,12,80,234,186,144,56,16,71,71,72,75,86,85,83,79,87,86,98,74,103,124,117,109,111
127,128,19,62,236,182,150,76,15,66,77,73,84,79,77,79,77,88,97,89,108,104,130,131,107,155
128,126,27,59,227,191,149,60,9,71,71,80,88,71,82,75,93,97,86,108,74,93,103,110,115,125
129,121,24,52,231,208,166,65,11,67,73,83,80,86,90,85,91,102,96,107,94,93,107,129,139,139
126,127,27,36,31,25,52,73,27,59,77,80,71,88,82,82,90,91,105,120,100,84,102,109,117,99
127,127,17,17,10,26,30,75,36,58,72,83,79,77,90,80,92,85,101,107,105,82,110,121,111,118
126,127,24,14,20,31,34,83,38,39,81,82,85,79,82,73,80,106,98,138,102,100,126,105,107,108
127,124,28,18,34,31,23,77,44,17,77,76,79,89,93,95,95,89,124,122,123,82,114,112,109,87
131,125,23,23,34,20,31,63,60,3,82,81,70,83,92,83,79,84,108,101,123,79,111,98,111,92
127,129,29,14,36,32,21,69,58,7,63,82,76,78,91,81,88,102,105,130,97,100,70,106,88,100
125,129,27,33,35,31,39,71,71,33,21,77,87,81,90,94,84,96,102,98,96,107,71,78,107,112
127,127,35,29,37,38,27,98,117,49,0,78,80,79,86,81,92,103,98,108,101,85,68,77,109,121
130,126,39,33,30,28,40,108,145,44,12,54,72,79,87,72,88,91,103,85,99,106,88,76,82,111
126,128,54,29,32,33,37,113,147,47,32,10,75,82,84,84,84,106,99,92,92,102,100,76,80,100
129,126,49,43,29,26,46,119,143,138,42,8,35,81,74,84,94,82,98,94,89,91,95,83,81,105
127,128,44,34,38,32,46,123,128,157,48,36,8,53,86,85,81,93,89,91,106,95,86,96,67,97
125,128,49,44,36,22,38,124,117,175,105,52,16,24,72,77,80,76,91,105,93,97,90,116,95,82
126,128,55,52,26,22,37,104,126,144,156,53,40,6,25,80,77,82,82,84,94,81,84,82,89,79
