136,118,102,107,94,110,109,96,91,88,84,89,89,96,90,79,78,85,71,76,76,62,75,73,65,61
127,117,104,104,90,105,112,107,88,93,84,93,103,80,90,90,89,88,96,85,102,95,91,100,94,98
136,136,146,136,151,138,140,145,118,132,132,132,111,120,97,95,103,95,89,93,88,90,94,115,112,118
154,155,165,153,160,174,160,162,153,139,142,137,132,114,109,99,93,99,100,92,110,118,114,112,111,126
187,162,151,171,173,179,171,150,165,147,137,133,121,114,118,113,104,95,91,95,94,86,125,113,123,154
162,166,170,152,153,164,161,150,148,159,138,122,123,122,106,109,88,97,87,87,95,88,84,114,102,149
174,167,159,162,149,139,152,145,160,145,143,127,131,130,110,98,104,93,81,83,76,90,102,101,90,165
165,166,168,158,154,162,145,162,140,152,133,131,132,128,120,106,103,90,90,76,81,77,79,82,86,98
166,167,165,167,172,174,163,150,151,141,139,131,129,125,149,114,104,94,93,79,75,82,88,76,75,85
169,182,180,160,180,165,167,158,137,153,120,146,122,121,118,123,103,103,86,88,87,79,74,76,84,84
164,178,186,160,156,144,118,136,119,121,120,117,109,112,111,94,95,99,82,95,89,87,85,82,85,89
165,166,157,148,143,123,136,141,134,122,146,130,121,137,113,110,108,88,81,82,89,68,84,93,80,76
159,149,150,145,141,141,114,140,149,137,150,146,132,130,120,108,97,106,89,75,67,71,84,70,100,87
146,151,123,136,145,155,146,151,147,136,146,122,156,133,117,105,117,82,85,93,77,77,85,77,82,87
147,146,132,146,132,140,144,135,137,114,104,128,111,93,101,98,85,88,98,75,87,80,76,75,81,88
162,160,155,111,122,117,100,88,69,64,75,59,67,65,70,66,69,72,70,78,64,74,77,78,86,79
149,138,118,102,85,69,50,62,47,47,49,54,61,60,59,54,68,59,60,58,60,70,73,79,90,102
117,106,88,70,67,52,48,49,59,53,57,66,74,60,55,68,80,94,74,63,54,61,59,62,71,90
80,73,70,61,69,61,62,70,72,71,54,67,74,50,46,64,118,142,120,81,67,63,71,67,70,83
67,77,83,132,111,92,71,84,67,63,58,54,58,46,51,75,118,133,114,90,66,74,74,78,79,102
253,238,233,249,238,225,213,209,213,193,187,176,146,149,129,161,195,176,162,156,140,149,153,162,158,190
238,238,239,239,248,243,241,239,239,238,239,229,233,231,243,222,243,235,238,229,235,230,222,229,221,227
70,58,70,71,82,70,67,71,63,67,73,67,88,90,83,109,105,81,117,116,122,130,133,132,134,123
111,77,74,68,70,72,65,74,69,65,76,70,67,81,74,75,65,69,77,76,79,69,73,76,92,83
118,109,88,97,79,90,85,94,70,76,79,63,68,73,67,80,80,78,73,80,84,81,72,80,93,91
116,104,104,102,97,87,86,70,72,79,74,79,74,85,85,78,81,81,92,86,87,102,86,83,89,119
114,99,93,103,88,94,88,106,90,90,88,87,89,94,92,94,92,78,102,101,106,107,98,109,106,126
126,109,124,106,113,125,118,120,115,97,107,91,100,111,111,104,101,105,125,107,107,113,117,121,133,134
151,165,139,141,155,132,134,127,120,123,110,138,121,117,128,111,135,123,127,123,97,120,118,147,135,149
188,177,158,154,159,147,143,136,136,115,120,141,113,141,133,128,135,130,125,126,120,136,137,143,145,153
