131,125,124,122,124,79,56,64,99,94,65,32,32,34,25,31,21,20,21,19,11,12,12,10,6,0
130,125,138,140,127,62,74,126,113,88,75,65,61,54,44,59,65,47,45,28,39,30,33,13,16,8
128,127,130,128,129,133,89,128,138,102,95,93,79,88,70,76,56,62,64,99,54,34,41,39,40,23
127,133,117,145,170,140,176,154,143,111,72,71,62,55,66,79,111,46,81,66,81,79,41,50,39,44
124,130,148,142,160,158,139,168,141,101,102,112,90,111,77,88,93,75,72,65,79,73,72,59,60,63
129,129,146,173,155,166,153,148,122,115,89,82,97,99,109,103,74,84,89,76,58,69,62,57,63,52
132,123,172,189,168,159,176,146,128,115,109,90,73,91,94,88,97,70,66,82,86,71,67,51,66,57
122,134,158,181,162,175,141,150,126,119,116,84,101,89,97,96,62,66,78,65,59,63,76,56,52,51
128,127,197,181,184,174,170,185,146,130,110,98,95,87,92,80,78,68,67,65,62,54,58,54,59,52
129,126,178,173,183,149,180,161,130,117,99,77,82,76,76,74,63,61,61,36,44,31,31,23,28,16
127,128,184,202,205,167,177,159,129,116,95,79,69,68,68,64,53,39,18,21,22,18,20,33,40,43
129,129,174,186,190,167,155,171,130,107,68,58,60,57,52,35,23,24,29,28,46,51,65,58,65,56
131,128,167,182,174,178,149,148,137,88,70,75,68,45,33,39,44,64,55,60,58,56,48,59,57,36
122,129,180,184,176,159,149,131,116,98,79,67,42,33,59,46,62,60,65,65,51,28,29,27,16,7
131,131,186,177,198,153,148,141,109,101,72,50,68,45,38,90,75,73,60,51,48,21,4,0,0,1
130,120,169,175,178,167,140,125,106,76,72,70,47,48,84,58,61,39,24,32,7,4,9,9,15,2
125,130,182,193,161,165,142,111,96,94,84,52,56,64,67,54,39,18,11,4,6,12,57,79,57,8
127,134,180,178,174,137,131,90,84,81,71,55,62,49,45,23,13,6,6,13,18,75,140,159,112,22
130,129,165,190,168,152,122,102,87,78,69,65,52,47,22,19,10,5,6,17,84,155,191,205,196,49
127,124,182,177,176,151,145,107,105,76,69,67,53,54,45,13,11,10,19,15,57,126,183,195,195,111
128,132,171,177,154,140,124,116,73,78,76,76,65,59,39,16,23,29,40,27,23,27,77,128,166,144
127,134,174,175,177,156,127,113,109,78,76,100,85,70,62,73,74,57,40,32,36,36,38,37,51,55
128,124,181,177,185,151,132,115,115,90,104,105,114,85,79,97,97,64,60,63,36,36,38,23,17,28
130,125,176,179,155,150,133,112,114,138,120,106,104,116,92,111,107,92,92,77,50,59,52,37,43,44
127,131,177,169,165,176,153,120,134,122,120,107,123,102,114,103,110,89,86,75,88,81,59,69,63,39
128,126,165,174,176,155,135,164,126,130,112,128,128,100,110,119,99,90,102,66,79,78,67,73,57,61
129,123,170,170,161,161,143,144,151,120,136,137,114,119,121,117,82,88,84,76,66,54,72,58,58,56
129,129,180,169,151,149,148,162,130,138,145,143,124,144,141,129,114,115,106,86,81,70,68,75,70,65
127,129,175,189,170,173,153,161,141,141,126,128,134,149,155,135,129,105,117,93,87,95,95,91,97,78
130,124,172,156,167,169,166,150,141,154,114,132,152,148,135,132,146,131,121,133,113,126,82,95,78,74
