127,131,130,126,129,125,129,128,4,7,7,6,24,22,20,22,17,9,3,4,6,8,5,0,1,3
129,125,127,130,129,129,130,4,9,4,8,13,25,21,20,19,15,7,4,5,6,7,5,1,2,1
132,125,126,133,120,131,124,12,14,8,15,21,26,25,24,14,12,4,3,5,5,3,2,1,3,2
122,128,137,123,134,130,127,16,14,17,23,24,27,28,23,13,14,5,2,5,4,1,1,1,1,5
129,135,118,130,129,126,130,16,14,23,24,26,29,24,15,16,19,7,2,3,3,1,1,2,1,9
126,132,127,127,125,133,10,17,21,26,24,30,32,21,11,24,18,7,0,1,0,0,1,1,8,16
126,126,129,130,128,128,18,13,26,29,27,33,29,23,17,25,12,5,1,0,0,1,3,4,14,19
126,132,128,129,125,129,17,20,27,30,30,30,20,27,25,20,9,5,3,2,1,3,8,8,15,19
126,136,126,129,128,126,20,23,27,32,31,35,32,34,22,13,1,7,4,1,6,7,7,14,16,18
129,124,128,128,129,20,15,21,21,29,30,31,21,17,8,5,1,0,2,4,6,11,17,20,25,31
133,127,131,128,129,17,15,15,27,26,21,20,15,14,10,8,3,0,3,11,12,20,31,31,41,55
122,128,127,132,127,18,29,23,28,26,24,27,26,20,11,4,4,2,10,20,23,31,41,46,60,52
133,127,127,128,126,28,37,28,31,29,28,24,19,10,5,1,5,13,20,28,39,43,50,61,70,83
123,127,136,123,130,25,16,29,31,24,18,9,9,8,10,10,15,27,34,41,54,59,63,74,88,73
133,131,124,124,130,28,31,27,24,23,24,21,27,26,27,21,31,40,47,53,61,70,75,77,81,108
126,127,133,127,34,43,43,35,33,39,47,40,41,37,42,40,43,44,53,58,61,72,79,72,83,94
128,128,127,134,36,49,48,48,49,47,48,51,51,49,52,59,45,46,51,57,64,72,72,66,93,100
127,131,126,124,52,46,47,59,49,43,41,48,53,51,48,46,46,42,43,49,57,65,66,61,92,90
129,128,126,130,48,52,58,56,57,48,43,46,50,47,39,34,36,33,35,40,45,50,54,54,77,82
124,133,123,131,41,53,51,60,53,44,36,33,31,27,23,22,23,25,33,38,37,38,44,50,61,68
128,124,133,127,48,50,56,53,38,31,24,20,18,17,18,21,21,24,32,36,33,33,38,43,46,50
129,130,120,46,49,44,46,44,29,24,19,19,20,22,24,25,27,25,26,28,28,29,31,31,26,21
127,128,130,40,62,58,45,21,22,19,18,19,21,23,24,25,29,24,22,21,20,22,23,19,29,27
128,128,128,51,52,48,27,32,18,20,22,23,22,22,26,31,25,24,23,20,16,18,18,14,11,21
127,129,128,54,65,50,32,26,26,34,42,36,33,25,29,24,18,29,13,13,17,16,12,14,10,5
128,128,127,67,60,61,33,21,42,52,50,53,38,40,27,27,21,25,16,27,18,14,9,10,10,6
129,130,125,65,65,43,37,47,67,82,67,70,50,54,48,43,36,22,18,23,7,9,13,0,6,3
126,125,128,77,65,50,58,53,88,115,110,94,90,71,52,47,51,43,28,17,21,11,9,13,8,7
127,136,129,68,81,52,69,92,155,110,123,102,95,88,74,80,60,56,48,38,27,28,24,20,16,15
129,124,124,83,100,91,92,118,105,132,113,89,92,77,77,84,84,60,48,67,47,48,34,39,35,34
