35,34,39,43,55,65,73,90,114,141,154,181,212,210,207,219,185,208,181,172,168,153,186,179,145,126
45,48,58,69,86,95,97,116,137,136,149,207,213,224,227,230,230,212,209,201,189,194,186,213,191,130
60,74,73,90,95,112,108,120,140,178,205,224,224,232,235,237,233,227,221,218,220,223,225,226,215,125
81,87,97,108,117,115,145,143,181,204,214,223,223,229,230,230,232,228,225,223,224,226,227,226,220,126
98,110,115,131,143,165,193,188,180,198,206,218,222,227,228,227,234,233,232,232,232,232,230,229,226,128
93,100,111,106,136,155,167,174,177,197,212,225,230,230,233,234,238,238,238,237,236,234,233,232,229,128
102,109,112,120,126,149,148,169,194,209,221,229,234,234,241,245,240,240,239,237,235,233,233,233,228,127
100,103,122,120,139,149,181,177,196,207,215,222,232,234,241,242,241,241,240,238,236,235,234,234,229,126
84,90,100,113,119,142,167,175,200,212,222,226,237,235,239,234,241,241,241,241,240,239,236,235,233,127
76,70,84,104,105,113,123,178,204,220,233,236,245,241,245,240,238,239,240,242,242,240,236,234,236,127
109,90,91,90,84,99,110,145,168,174,217,221,226,233,230,236,237,242,244,241,240,241,239,235,234,127
97,123,155,170,170,134,103,97,119,170,192,205,216,211,209,212,214,221,227,228,229,234,236,235,237,130
66,100,145,185,230,227,213,164,122,126,183,221,226,205,116,82,77,74,67,69,95,144,195,227,236,129
43,65,91,134,205,223,238,226,193,128,111,187,227,241,249,241,247,248,244,235,226,224,223,223,233,126
50,42,54,61,78,120,190,222,227,193,146,127,169,230,239,234,237,240,241,240,240,243,245,244,234,127
79,79,74,62,68,90,127,176,194,211,196,177,200,230,236,244,237,239,239,238,238,238,238,237,235,128
122,193,215,157,113,104,103,110,120,163,189,206,200,214,231,238,236,239,242,242,241,241,242,242,234,128
179,229,246,237,224,144,79,83,83,101,131,182,193,224,231,237,240,243,245,242,238,235,236,237,233,127
195,231,246,241,218,168,92,77,79,100,140,184,209,217,225,235,240,243,245,243,239,237,237,238,234,129
188,186,167,139,125,131,146,135,122,145,176,201,217,225,227,225,235,240,244,241,238,238,237,236,233,128
115,90,97,90,104,175,198,206,212,217,217,212,214,224,233,235,233,239,243,242,240,241,240,237,233,128
106,88,107,125,181,212,231,226,232,232,233,235,233,231,231,233,236,240,243,244,243,242,242,241,236,129
105,104,124,171,209,230,227,236,233,230,231,236,237,234,236,241,241,240,242,246,245,242,242,244,240,131
117,119,175,204,228,229,227,232,234,237,239,240,241,241,239,238,245,243,244,247,247,244,244,246,242,132
129,151,172,218,220,221,234,225,231,236,238,236,237,242,244,242,244,246,247,247,248,248,246,244,241,130
146,151,162,192,209,220,226,224,232,236,240,241,242,242,243,242,240,246,248,245,245,249,247,239,239,129
181,187,207,216,222,228,227,235,235,238,240,242,242,243,244,245,245,247,248,248,248,247,244,241,237,129
187,203,206,217,227,224,229,232,237,238,240,241,241,243,245,247,243,244,244,245,246,246,243,239,235,127
172,210,219,215,219,226,235,233,239,240,241,242,241,241,243,244,244,244,244,246,248,249,246,241,238,128
212,212,222,222,225,229,226,235,236,239,242,243,243,242,241,241,246,247,248,249,251,252,250,247,246,131
