57,68,61,55,66,56,58,57,66,73,73,84,74,86,72,80,72,60,61,76,75,81,76,74,80,70
55,54,52,54,52,70,58,61,70,64,91,73,87,82,90,81,78,71,71,84,77,76,63,55,73,75
74,57,63,60,61,59,69,75,72,93,75,73,92,92,66,79,82,100,79,78,73,75,80,60,83,74
73,58,74,64,56,48,69,70,75,74,74,70,89,81,94,87,93,85,80,109,89,81,73,57,71,67
83,81,64,60,58,67,72,77,67,64,82,79,73,76,83,98,92,80,96,81,61,70,67,74,61,72
78,82,63,60,79,66,67,84,65,84,58,72,70,86,83,66,84,80,80,88,93,82,71,66,72,82
67,80,65,83,91,67,74,84,94,82,67,72,79,78,81,111,90,95,90,73,79,70,84,76,87,79
80,84,81,68,66,66,87,78,81,69,75,90,71,80,97,69,94,101,91,62,66,60,70,86,80,79
91,94,85,82,74,80,73,82,89,76,90,90,95,91,74,92,91,77,83,90,77,74,85,73,86,103
98,100,103,95,102,92,72,102,100,88,86,92,81,73,89,79,101,97,92,86,74,72,83,87,84,90
117,92,100,97,99,114,106,106,82,81,87,77,81,82,94,99,107,94,96,101,72,90,70,103,118,93
113,123,127,106,105,142,116,111,103,90,73,95,92,97,91,93,95,99,97,94,94,94,97,105,124,102
131,114,136,144,116,121,122,122,127,103,109,121,101,91,102,91,97,103,92,101,90,112,105,116,130,128
120,119,120,146,133,134,129,119,123,110,111,109,109,108,111,121,109,103,96,116,103,79,112,143,125,130
149,147,150,132,151,133,113,140,112,135,126,119,127,143,121,129,110,109,109,107,107,119,114,125,124,144
129,135,139,135,154,147,144,134,127,123,135,140,154,153,149,130,113,97,108,124,121,141,134,125,141,135
138,126,135,151,149,141,155,123,126,140,125,152,142,138,127,153,114,105,114,104,137,124,127,139,146,153
126,136,139,154,150,162,145,138,149,143,141,148,148,140,153,145,124,116,103,110,140,129,128,148,146,167
117,129,132,143,131,145,113,139,157,161,141,167,150,136,155,123,115,126,108,112,147,135,106,162,142,157
110,99,125,120,138,113,136,131,162,137,152,154,153,146,152,135,126,127,109,114,143,143,151,150,147,151
131,107,124,160,109,123,137,139,135,146,155,164,143,149,144,139,142,118,107,138,158,155,137,161,176,174
94,83,107,93,164,117,117,140,153,146,134,157,154,139,155,145,138,134,149,147,146,151,166,158,170,156
41,89,77,113,91,68,115,114,115,135,167,156,143,156,147,126,141,140,133,124,136,151,149,168,167,151
45,61,63,62,34,91,108,108,119,125,158,142,150,148,130,133,118,123,136,113,146,163,146,109,116,130
53,49,62,24,55,88,82,86,108,116,125,131,123,121,132,104,141,97,119,98,131,124,112,107,109,110
40,32,24,28,53,73,63,89,99,92,110,103,131,117,127,107,115,108,93,73,111,114,84,110,101,76
28,34,15,41,60,42,70,47,70,96,93,97,117,116,88,86,85,110,112,74,110,96,77,66,81,79
24,36,27,47,37,45,61,48,77,73,69,99,85,69,87,81,87,109,58,75,70,103,69,56,75,46
19,23,26,38,32,46,33,59,66,72,93,69,78,70,106,116,71,80,79,71,57,78,72,66,67,33
11,28,31,31,36,50,55,74,86,46,53,64,81,84,68,66,52,91,93,61,69,59,62,60,61,31
