189,181,182,169,165,178,178,163,166,148,155,163,142,157,155,135,165,138,113,118,94,107,86,69,71,91
189,198,176,181,172,182,171,160,155,156,155,155,140,143,127,139,147,119,129,111,114,95,95,64,86,89
182,188,189,172,182,176,172,149,160,157,167,147,160,145,163,151,139,134,133,127,110,110,99,102,84,103
189,192,170,189,173,202,169,152,153,166,152,162,155,154,143,151,139,140,119,134,126,103,108,87,92,100
180,178,195,184,177,163,164,169,158,151,170,149,161,148,177,142,149,128,130,118,112,104,100,103,98,95
169,178,170,166,165,146,163,185,163,154,166,174,142,153,130,149,136,122,115,128,109,87,82,99,107,95
181,188,170,163,152,147,148,151,172,146,150,147,142,143,178,131,109,107,86,103,111,82,100,99,97,87
182,182,181,182,178,148,158,163,150,167,151,152,153,130,134,140,104,108,114,131,117,93,103,90,77,94
167,164,149,149,145,145,151,148,148,140,156,127,139,124,124,121,140,100,73,82,89,93,86,77,72,96
167,156,157,139,144,155,153,145,139,162,121,133,128,120,112,113,106,68,86,67,71,98,101,96,108,102
138,154,132,145,145,147,132,141,130,111,104,117,131,104,108,87,84,75,78,82,75,78,85,88,104,89
150,142,130,133,148,145,144,110,122,124,76,94,103,79,88,81,107,88,81,93,71,67,101,112,127,120
135,132,126,132,133,124,76,101,126,56,100,84,77,87,66,78,92,98,113,112,102,83,114,97,108,111
129,132,137,135,145,112,86,89,81,61,60,59,80,104,75,77,87,98,79,91,83,105,115,114,137,91
133,135,126,128,117,102,92,86,91,80,60,70,86,78,73,75,76,88,95,110,107,123,76,100,88,87
139,130,101,132,88,76,51,84,58,66,77,103,90,93,77,74,66,84,93,107,110,118,87,86,71,74
132,114,125,92,92,66,66,70,69,84,64,85,95,62,79,83,88,109,83,98,71,86,83,72,65,70
120,115,119,65,81,68,61,72,69,72,71,66,67,68,75,75,83,94,94,78,79,70,62,60,66,64
121,138,104,68,85,76,74,64,56,62,62,63,47,54,81,66,89,76,79,66,59,58,53,55,60,50
127,105,89,65,80,78,54,55,68,55,47,43,44,64,54,65,66,76,60,53,49,49,48,44,45,37
117,81,91,91,67,74,64,50,52,37,44,40,41,41,53,48,53,43,46,47,36,36,36,33,37,34
111,93,89,64,91,83,55,51,31,33,31,34,28,41,36,45,40,38,31,36,30,35,35,39,49,45
126,107,80,74,84,59,51,40,33,32,26,19,26,24,30,31,33,28,27,30,32,42,41,64,46,66
100,92,72,72,63,47,54,44,37,36,28,25,27,28,25,32,19,35,37,38,45,46,50,65,72,69
120,67,89,70,52,64,59,43,39,32,36,34,38,39,39,34,41,43,45,58,57,76,86,81,74,92
91,82,82,72,72,58,69,52,54,45,60,56,60,58,58,57,50,52,59,60,69,72,81,96,106,117
103,93,74,63,62,63,59,60,56,66,63,71,64,69,80,89,85,83,76,72,74,75,74,103,104,120
83,79,73,70,68,69,63,66,75,66,81,68,89,94,103,108,111,108,93,101,87,100,86,92,89,81
117,76,73,65,80,75,68,85,63,82,68,84,93,110,110,111,99,109,116,108,113,109,97,108,101,83
80,75,83,82,80,92,84,96,76,87,89,89,104,108,110,107,132,122,133,108,121,134,123,106,124,119
