152,114,131,111,120,132,131,144,153,173,160,148,179,171,162,151,132,129,120,119,102,118,104,113,128,124
131,114,120,109,129,133,145,140,141,151,151,166,171,165,124,111,112,125,117,102,90,119,119,122,103,115
122,108,99,104,134,141,141,143,152,131,140,153,144,140,130,114,123,124,109,81,89,121,115,103,112,120
123,107,108,120,134,140,122,154,157,140,132,135,139,141,122,111,130,129,124,97,106,104,102,108,112,115
96,100,103,132,121,136,96,120,103,120,123,121,136,125,105,92,103,102,108,97,112,80,96,104,107,97
104,105,122,115,100,101,101,98,84,106,128,99,126,98,99,81,82,78,83,89,123,92,98,109,102,112
105,109,115,119,82,87,105,65,72,90,77,93,115,97,85,91,79,97,94,88,101,96,104,109,112,107
106,104,111,107,86,79,79,77,59,68,90,80,81,126,116,107,111,94,94,89,110,113,106,110,94,97
99,97,96,87,71,65,57,47,50,76,94,80,76,96,123,116,118,98,81,104,112,124,115,101,133,92
87,92,88,78,51,74,50,54,61,99,79,82,80,109,122,98,96,97,106,121,133,137,117,103,106,91
92,101,55,55,44,46,48,57,79,106,99,91,93,108,102,126,118,109,102,127,149,129,110,96,84,84
76,66,57,57,42,47,53,62,84,81,71,84,116,121,119,123,90,115,112,119,110,86,92,93,87,90
68,53,59,56,47,49,56,70,51,60,65,106,108,122,100,94,85,83,100,85,81,66,80,77,75,67
58,56,55,45,44,56,47,43,48,60,91,84,94,117,94,86,87,69,70,61,60,81,72,61,76,76
53,56,51,47,46,46,39,41,45,52,68,70,75,67,60,72,55,69,58,62,68,53,57,58,72,63
60,54,48,50,45,34,38,35,39,34,49,45,59,54,52,52,45,45,46,49,55,41,51,50,67,48
48,48,44,40,37,37,32,31,21,34,28,38,36,35,36,37,39,33,31,34,36,31,32,36,43,44
54,43,38,43,41,35,31,21,14,10,11,10,22,20,20,31,33,34,22,29,30,34,38,41,34,41
55,46,42,46,44,40,40,29,33,31,39,27,30,12,31,42,37,42,39,41,44,41,41,49,50,47
50,48,47,44,45,54,42,44,51,53,44,42,50,44,41,44,44,49,71,68,72,58,61,76,76,80
64,49,47,54,55,57,68,54,62,65,88,88,94,65,61,58,60,56,79,83,90,87,111,121,102,105
60,57,59,59,60,69,87,86,87,95,93,111,124,116,116,108,97,72,67,78,86,108,117,128,117,104
61,65,70,78,68,85,113,95,100,127,131,126,124,139,166,148,134,120,99,93,85,96,109,111,117,145
92,88,80,86,107,97,108,129,121,122,120,140,126,154,155,162,164,140,144,126,110,116,100,110,99,123
78,93,104,92,90,119,127,136,131,131,123,141,131,163,154,168,181,177,157,161,149,149,152,124,120,127
86,93,108,121,112,134,137,132,138,150,156,134,127,152,149,158,168,162,182,181,172,177,167,155,152,142
105,92,108,114,117,138,137,152,144,145,165,131,130,147,155,158,166,157,181,187,188,197,181,184,183,162
125,112,96,122,137,125,144,161,140,141,149,139,149,144,148,149,166,172,174,191,188,179,188,167,176,168
110,122,121,127,128,140,141,149,140,153,145,152,167,149,162,143,140,121,156,162,166,162,159,173,167,177
128,125,128,123,141,129,137,153,147,146,141,155,178,180,174,145,146,135,126,122,127,127,109,166,139,132
