92,78,74,73,80,71,80,63,57,60,70,78,95,89,108,111,120,114,123,138,114,115,132,109,109,107
99,100,90,95,83,79,71,73,70,89,97,97,104,126,133,153,133,137,138,122,127,121,101,115,108,115
116,103,103,96,86,77,77,95,94,98,103,113,113,111,143,150,139,125,124,115,110,113,101,101,100,107
120,117,94,113,97,100,107,90,94,108,123,134,147,130,142,148,130,118,119,107,100,86,92,82,84,75
118,97,122,107,93,97,89,115,121,109,131,159,162,130,142,132,126,109,103,91,84,87,108,112,118,118
107,127,105,105,97,110,110,113,122,139,142,163,160,125,129,124,105,105,93,68,107,131,135,133,134,132
140,116,124,118,97,119,126,111,122,144,150,128,138,127,113,107,93,97,62,88,137,133,131,138,145,144
137,125,128,106,133,111,117,118,117,137,141,138,128,114,96,100,93,74,73,115,117,121,134,125,127,152
153,130,140,110,132,128,122,125,126,119,128,120,113,105,97,96,69,67,87,107,113,133,139,131,144,122
152,145,134,128,128,142,122,111,114,109,127,112,97,82,82,71,73,76,99,125,124,143,117,140,149,120
149,134,124,145,145,146,133,120,114,117,109,101,85,77,85,81,87,96,107,111,114,118,140,142,153,137
171,122,161,133,156,147,142,138,135,118,96,83,89,89,94,112,105,117,124,103,128,130,133,143,158,157
150,179,159,148,142,142,129,134,134,116,117,97,108,103,122,141,151,139,147,141,144,137,139,120,138,139
156,170,155,156,151,128,129,146,135,131,128,115,123,137,144,137,136,151,169,155,162,139,155,154,142,146
159,171,140,159,142,144,138,142,141,141,130,136,134,144,132,118,133,142,148,146,149,153,166,155,155,162
169,154,155,153,162,129,145,126,157,133,138,144,144,138,145,132,135,128,131,138,129,139,147,152,159,156
158,139,152,153,158,148,146,130,144,153,147,153,143,147,123,137,135,131,117,116,119,144,143,137,142,141
178,158,176,143,157,153,151,133,152,135,133,138,138,125,144,156,115,114,109,120,128,113,122,131,137,126
186,153,167,144,156,156,165,120,158,154,151,158,141,146,147,148,116,125,113,112,125,113,108,107,107,111
168,169,156,171,147,159,167,153,158,138,163,154,141,138,132,115,115,122,118,116,110,104,96,94,86,82
142,162,136,142,142,147,157,169,120,147,155,136,140,149,141,137,143,114,118,127,116,99,99,81,78,82
157,154,135,125,136,135,135,143,138,166,158,123,147,115,124,120,127,109,126,112,107,104,95,84,81,65
149,122,125,132,126,133,117,112,103,117,118,118,121,136,127,126,112,105,97,105,90,93,89,85,92,80
120,117,135,121,128,152,161,159,133,114,121,137,123,124,123,119,117,104,107,80,107,94,80,69,60,50
131,100,114,111,132,137,140,107,117,96,100,102,115,110,130,122,118,86,97,105,101,76,77,73,59,62
94,94,129,120,108,104,106,110,120,117,111,119,101,88,96,106,93,81,63,74,72,63,46,15,26,45
78,101,95,96,99,96,93,92,83,82,87,104,104,94,78,79,95,82,61,76,64,25,34,34,20,22
77,80,85,91,82,99,100,75,82,82,80,47,64,68,63,68,87,75,64,51,26,60,43,20,39,38
52,62,76,80,79,77,64,73,61,56,47,23,5,36,12,28,44,70,35,20,28,23,11,57,37,7
38,36,20,23,62,47,42,34,19,12,18,28,13,32,29,30,18,28,35,18,13,14,17,40,27,24
