226,222,217,223,224,232,235,239,237,242,234,234,222,185,207,231,216,226,237,232,221,246,128,128,128,128
224,224,216,217,228,243,236,232,243,242,228,219,208,180,201,230,203,217,237,221,210,235,128,130,128,128
224,225,218,216,228,246,237,237,243,245,231,213,198,176,198,236,221,223,230,238,216,130,132,125,128,128
223,213,204,208,225,244,238,243,243,244,228,208,195,181,198,237,206,222,228,232,201,126,127,127,128,128
219,207,201,206,222,244,237,242,241,239,221,200,191,185,198,237,217,228,237,231,226,132,129,128,128,128
216,217,221,217,221,243,237,238,238,239,223,197,185,181,197,243,211,220,239,234,212,123,132,126,128,128
230,222,210,214,230,241,238,234,235,234,222,194,182,191,196,243,218,215,236,244,126,132,129,126,128,128
215,215,216,218,224,230,235,239,226,226,213,190,196,187,194,247,218,223,222,233,127,125,128,127,128,128
222,209,220,229,223,226,234,224,215,215,194,196,212,249,249,247,206,204,228,231,123,129,131,128,128,128
218,209,211,208,212,226,234,218,198,190,196,246,247,247,246,247,220,215,219,230,128,124,126,129,128,128
195,209,204,186,201,208,207,201,194,221,245,252,253,226,241,237,208,202,231,131,124,130,131,126,128,128
205,193,190,185,192,187,192,192,240,250,255,249,239,224,250,240,218,209,220,129,129,126,126,129,128,128
190,186,191,177,173,175,217,250,254,254,251,247,213,215,242,231,207,192,228,130,127,131,129,129,128,128
187,191,152,130,205,244,247,248,249,254,247,228,212,207,238,243,212,204,218,122,130,125,127,128,128,128
186,186,208,238,251,250,250,251,250,251,249,198,193,210,226,228,211,196,130,127,128,127,131,124,128,128
248,239,242,250,248,246,248,250,246,252,235,196,189,200,230,240,208,192,128,129,128,129,126,131,128,128
237,235,242,249,248,247,249,246,252,250,209,191,192,195,222,225,219,218,124,129,132,122,130,129,128,128
237,234,241,249,247,247,248,246,245,244,204,197,192,189,215,236,213,186,134,125,126,133,124,128,128,128
223,220,229,241,245,246,249,250,246,223,186,182,184,187,196,225,238,131,123,134,125,133,127,129,128,128
217,217,231,247,248,245,244,242,246,213,193,188,187,191,189,226,202,131,128,123,128,130,124,131,128,128
209,213,228,240,240,241,245,244,239,194,184,185,197,207,195,225,238,125,127,130,123,132,126,129,128,128
212,222,238,244,240,240,243,240,234,197,198,193,192,198,199,241,125,126,129,128,129,129,129,126,128,128
214,233,243,241,241,234,233,242,226,187,184,188,194,201,214,229,128,128,128,128,128,128,128,128,128,128
225,233,234,237,237,233,231,243,219,184,184,181,190,194,238,222,128,128,128,128,128,128,128,128,128,128
229,236,233,238,236,239,235,243,203,186,171,167,185,231,229,124,128,128,128,128,128,128,128,128,128,128
228,241,234,234,228,240,234,234,191,156,165,188,203,240,192,134,128,128,128,128,128,128,128,128,128,128
234,241,230,228,222,234,223,215,177,152,137,188,239,236,186,123,128,128,128,128,128,128,128,128,128,128
239,235,227,234,232,230,209,195,149,132,171,223,241,201,127,130,128,128,128,128,128,128,128,128,128,128
234,229,227,231,226,214,190,170,147,136,187,241,239,185,126,131,128,128,128,128,128,128,128,128,128,128
227,226,223,212,199,186,167,147,140,154,229,244,213,130,128,126,128,128,128,128,128,128,128,128,128,128
