114,110,115,128,140,141,117,138,158,171,168,194,197,190,210,204,228,233,240,247,248,250,251,249,248,249
114,104,130,132,125,150,120,140,152,170,176,173,190,199,200,215,221,226,236,244,245,245,248,249,248,248
136,127,113,133,133,123,126,154,144,177,166,176,190,191,214,209,224,228,233,245,246,242,245,249,248,250
124,135,124,115,121,119,143,151,156,157,175,189,183,191,206,210,222,232,237,244,249,242,243,249,249,251
124,146,120,122,134,144,145,154,165,152,185,187,188,207,205,218,225,233,244,249,251,248,243,245,252,255
133,154,133,117,140,164,160,169,165,193,199,194,198,205,205,218,234,231,238,253,252,252,246,243,247,251
141,122,104,137,169,168,159,184,187,176,185,190,198,202,213,222,221,238,241,237,253,254,250,247,251,255
81,106,156,157,183,174,192,179,193,194,195,197,200,198,207,208,223,229,230,248,252,254,254,253,253,251
88,153,185,192,203,196,190,203,198,184,190,203,194,181,215,210,223,225,242,245,252,255,255,254,246,238
121,178,193,202,195,193,197,194,186,197,189,199,181,200,215,211,220,236,234,245,255,255,254,255,252,240
180,184,199,193,204,208,201,195,197,192,192,177,193,199,201,214,203,226,228,249,253,254,254,255,255,252
197,198,204,196,201,196,191,196,201,195,183,170,174,194,207,199,213,222,228,234,245,254,255,254,254,254
192,198,192,196,206,195,189,198,174,182,171,179,184,192,187,197,199,223,219,234,250,254,254,252,255,255
194,194,183,179,193,175,181,184,188,180,167,169,173,180,174,174,198,201,216,232,249,254,255,255,251,255
198,179,181,182,175,165,172,184,181,163,151,179,174,152,169,178,172,192,214,222,248,255,250,243,252,255
178,155,149,168,154,162,166,160,168,174,149,155,151,173,151,166,182,180,189,222,236,231,237,236,242,248
170,143,135,129,152,165,169,150,166,156,157,157,143,145,150,153,163,172,185,214,227,236,227,225,233,239
137,144,124,130,152,145,156,158,165,146,137,151,143,154,144,163,161,179,213,224,224,228,216,222,198,218
25,22,29,33,56,113,122,158,139,110,135,122,126,142,134,146,149,183,197,210,202,213,191,184,174,197
0,6,0,1,2,29,103,108,108,123,121,134,109,131,127,126,151,164,185,181,176,165,136,107,114,149
2,0,3,0,1,1,14,70,110,112,123,126,101,113,120,120,145,166,178,122,14,0,4,0,4,6
0,5,0,7,11,7,13,31,82,88,93,83,101,91,98,129,166,155,31,3,4,2,0,0,4,0
7,13,14,19,17,29,39,41,67,109,93,79,76,97,119,143,127,88,32,13,4,0,9,8,0,5
41,39,62,51,52,54,54,52,48,60,100,70,86,127,122,121,80,71,55,44,28,22,14,3,9,13
74,69,80,73,57,52,52,47,59,45,53,82,81,90,66,77,64,61,81,68,69,68,55,36,40,30
71,75,61,72,92,69,63,72,58,55,60,74,73,68,73,73,78,60,81,116,127,129,120,94,63,39
62,69,70,74,81,64,88,76,85,79,71,76,85,77,79,127,85,85,113,116,141,160,143,121,78,48
68,64,100,74,64,69,70,82,90,80,86,105,109,84,85,105,61,86,108,127,159,182,186,176,81,41
79,96,74,59,61,69,42,69,75,102,99,108,109,96,82,72,91,87,103,140,160,163,197,197,154,50
80,85,69,64,68,64,67,65,62,90,100,95,109,88,79,70,76,70,109,102,142,128,160,187,180,190
