126,128,130,125,127,176,196,177,182,192,191,194,209,196,193,187,204,198,197,203,192,184,176,161,159,148
134,128,125,130,133,192,185,177,184,195,194,207,196,197,195,194,191,195,187,199,181,185,178,174,147,148
122,128,126,127,132,128,172,190,185,187,199,194,197,186,196,193,186,197,195,199,191,183,161,151,141,141
132,131,127,129,123,131,160,191,191,200,189,195,193,198,186,193,182,188,195,178,183,169,156,151,125,116
121,129,131,127,129,126,185,186,193,192,187,188,195,197,189,188,177,178,194,175,173,163,144,136,120,104
132,124,126,130,126,132,187,181,191,183,184,199,189,206,201,195,188,176,182,171,159,169,141,129,130,116
128,128,126,130,128,130,129,186,194,179,187,201,208,194,205,182,181,172,171,168,169,156,135,133,113,109
128,131,128,127,126,130,126,171,157,187,187,188,188,182,180,180,181,171,151,169,158,157,138,118,101,92
129,128,128,131,127,126,130,182,185,181,195,168,188,179,172,172,181,171,169,159,158,146,154,112,108,89
129,126,127,132,128,127,132,175,199,182,178,180,185,195,171,164,162,162,167,165,153,137,134,102,103,99
127,130,129,125,127,133,126,134,170,178,174,176,185,183,181,175,178,162,151,144,158,121,136,115,110,92
128,129,129,125,126,131,125,124,169,157,184,182,174,170,162,163,162,166,145,143,163,125,134,103,92,90
129,126,128,129,127,126,129,134,155,118,180,168,187,169,175,168,164,168,164,147,164,137,134,105,94,86
128,127,130,128,127,130,130,124,169,172,167,165,168,160,180,181,166,159,152,173,145,159,99,104,74,65
128,128,128,128,128,128,128,128,126,171,170,182,171,168,174,182,167,160,170,146,154,153,133,98,93,61
128,128,128,128,128,128,128,128,132,159,164,170,176,178,173,165,171,152,161,150,141,133,127,125,92,69
128,128,128,128,128,128,128,128,127,177,175,179,182,172,179,174,176,152,154,151,148,150,129,107,95,62
128,128,128,128,128,128,128,128,127,167,174,178,174,176,180,175,176,146,164,149,158,141,143,121,93,70
128,128,128,128,128,128,128,128,125,125,188,177,155,175,178,180,160,170,166,159,129,151,144,118,80,65
128,128,128,128,128,128,128,128,129,129,174,161,179,179,171,181,174,160,153,156,157,141,135,96,81,60
128,128,128,128,128,128,128,128,129,127,154,176,166,153,185,175,166,163,142,150,155,145,146,102,94,79
128,128,128,128,128,128,128,128,124,136,124,161,168,161,169,182,163,168,140,160,157,142,148,115,94,73
128,128,128,128,128,128,128,128,126,130,126,183,155,172,175,163,170,189,154,159,160,147,133,128,103,75
128,128,128,128,128,128,128,128,131,124,130,165,168,167,178,169,175,169,169,158,151,148,131,120,95,74
128,128,128,128,128,128,128,128,131,122,129,130,169,166,173,151,169,162,174,162,148,142,132,107,84,80
128,128,128,128,128,128,128,128,127,131,124,130,162,180,167,157,156,161,139,155,164,138,116,95,85,91
128,128,128,128,128,128,128,128,129,124,135,124,162,152,158,164,159,152,144,165,135,127,105,80,98,94
128,128,128,128,128,128,128,128,126,131,123,130,132,149,148,164,157,153,151,151,128,117,71,104,113,105
128,128,128,128,128,128,128,128,127,131,127,129,130,154,167,167,142,160,154,124,120,135,111,100,114,118
128,128,128,128,128,128,128,128,130,124,131,126,126,132,158,154,161,174,157,156,145,108,137,120,119,136
