16,41,19,26,14,18,17,25,26,23,27,13,10,10,9,7,13,2,15,10,8,9,5,10,11,22
26,41,25,35,15,24,30,30,20,29,14,16,10,7,15,6,12,10,10,6,10,2,12,11,15,17
29,38,38,35,28,32,35,29,24,20,18,21,18,15,15,15,12,11,14,14,12,19,10,13,17,19
35,47,39,42,51,44,35,42,40,33,27,28,24,20,20,19,18,19,19,26,27,35,37,46,41,30
48,56,58,48,62,54,40,45,38,33,31,29,24,21,22,21,23,27,39,46,45,45,48,58,59,58
55,80,59,50,56,52,44,46,39,38,34,32,27,26,27,28,31,38,30,39,47,53,60,63,63,73
63,82,61,70,61,45,40,38,33,30,31,30,27,26,28,29,32,39,39,40,46,50,61,68,72,86
74,62,52,58,42,35,41,36,32,33,25,26,24,23,24,24,26,31,29,33,48,47,54,60,64,75
74,70,57,44,32,30,35,29,18,23,24,27,25,23,23,23,24,27,33,30,46,42,46,54,70,90
73,57,48,36,38,28,25,30,21,23,19,23,22,18,18,20,20,22,29,14,33,40,46,45,52,68
76,67,40,44,37,26,20,22,24,18,19,18,9,5,13,6,11,9,11,9,9,15,23,21,28,60
122,60,41,36,23,20,25,21,15,16,8,10,0,7,0,2,0,5,2,13,13,9,5,15,6,16
91,68,38,28,24,22,15,7,4,3,5,0,5,9,12,10,8,4,11,2,4,0,5,3,0,11
110,66,35,28,25,17,10,8,7,8,9,3,11,0,2,0,4,4,0,1,0,4,0,1,3,5
107,84,46,31,15,5,10,11,1,4,8,4,2,8,14,27,5,2,7,2,4,0,8,2,4,0
115,74,48,15,14,18,11,13,11,5,2,1,12,28,62,63,14,1,0,6,0,2,2,0,6,10
100,65,69,41,44,35,10,5,5,7,13,17,38,48,90,64,5,3,13,0,7,5,0,65,0,19
58,70,56,62,44,12,13,11,5,40,39,38,46,76,122,96,4,1,5,6,0,0,4,2,5,24
90,58,47,46,33,11,17,29,22,37,25,38,45,96,124,98,13,3,5,0,0,2,1,0,8,1
103,63,42,53,36,10,6,15,7,15,16,20,39,59,98,121,52,2,3,2,4,0,0,1,0,3
137,76,52,39,37,35,17,12,10,7,11,13,1,18,31,46,73,8,3,0,3,5,1,5,4,11
139,140,78,53,43,29,27,18,14,21,18,17,24,17,22,13,12,15,5,5,8,0,6,1,5,156
188,154,141,64,46,28,34,33,34,21,23,15,15,23,22,19,33,30,37,26,18,18,17,32,76,155
185,195,182,126,86,36,43,39,35,29,32,26,21,20,21,22,16,19,24,23,30,41,33,33,47,58
212,198,196,194,165,96,51,38,50,36,47,30,40,35,25,27,25,25,12,40,24,24,36,36,53,36
220,210,204,213,193,178,136,74,57,52,46,47,43,40,50,40,33,25,43,28,25,27,38,39,50,58
234,231,224,208,192,193,190,149,93,65,66,69,74,52,58,46,51,51,40,45,37,55,47,44,53,81
239,234,231,228,234,207,202,199,183,124,87,73,97,65,72,67,65,56,56,69,62,73,70,89,94,73
244,237,230,220,217,204,219,200,201,204,171,148,98,92,100,88,81,93,70,83,81,82,89,114,102,110
245,238,236,236,239,226,217,211,213,205,191,170,141,116,115,103,87,93,95,106,84,102,115,116,122,150
