127,131,202,196,177,188,181,184,168,160,166,160,155,154,176,160,150,157,151,151,159,155,154,154,151,158
129,126,209,184,199,177,189,181,180,175,170,162,161,178,163,167,176,154,150,146,159,176,176,163,186,183
124,132,182,193,202,198,195,184,177,170,184,180,167,168,192,186,145,183,175,175,178,182,161,181,180,165
131,126,191,166,202,203,190,162,156,139,154,180,175,191,179,159,187,195,192,190,190,178,192,163,177,180
129,127,170,169,147,144,152,161,189,180,171,150,136,155,146,169,164,133,160,149,147,147,148,176,170,162
127,129,204,178,156,130,184,188,186,146,157,177,141,149,132,123,100,104,118,97,123,102,114,121,115,124
133,126,181,194,139,132,165,140,130,132,189,201,174,151,147,133,201,177,172,123,88,75,106,110,123,140
125,132,147,142,153,107,114,121,123,119,132,163,107,102,86,95,90,68,74,74,80,78,82,75,84,95
129,134,131,129,109,113,127,130,129,120,125,100,88,79,88,86,84,80,89,88,92,62,76,47,62,62
125,125,135,133,130,132,139,151,129,104,85,102,153,152,111,106,117,113,103,85,92,87,76,55,73,61
132,127,145,163,177,168,152,199,137,102,145,170,122,160,165,119,133,101,107,101,80,105,83,78,82,69
127,127,128,129,131,189,162,173,139,123,148,135,138,160,154,129,91,76,83,86,78,57,38,66,65,57
127,128,124,134,115,139,164,132,134,165,141,121,114,114,121,95,80,95,72,96,68,14,19,14,29,19
131,127,129,152,158,174,107,139,122,131,101,104,101,103,89,81,94,89,76,49,44,31,3,33,32,31
124,130,130,154,160,158,128,141,102,87,90,89,120,95,130,92,57,74,50,48,46,31,41,18,44,19
132,125,125,133,107,132,133,99,103,96,109,99,95,93,97,62,76,66,63,39,25,36,44,19,55,58
125,126,135,114,104,105,142,117,92,120,132,111,129,90,111,88,64,78,67,47,48,40,34,17,49,45
134,129,123,103,90,114,92,94,116,104,105,100,128,111,102,95,75,85,50,29,35,28,32,33,28,50
121,131,127,108,93,100,87,74,81,83,92,119,113,86,76,60,51,49,37,45,46,44,43,27,29,37
133,124,130,104,90,122,96,100,86,82,70,80,89,93,87,85,70,45,43,47,44,54,38,25,24,40
130,128,127,130,103,95,112,116,87,77,83,84,49,68,81,48,55,56,32,44,48,50,40,41,29,43
123,130,128,124,85,95,101,82,61,68,92,65,54,72,67,51,63,71,60,46,58,42,29,44,39,56
130,125,129,137,95,80,72,69,107,87,80,73,71,59,59,60,49,63,46,41,58,46,20,60,31,34
129,130,123,126,94,121,137,149,127,101,77,90,62,41,64,61,45,39,38,42,29,34,30,37,41,27
126,129,135,125,166,110,100,121,137,95,92,78,56,48,75,72,60,58,44,14,13,20,47,49,36,30
130,128,121,127,136,144,145,121,104,112,94,121,93,104,100,80,75,69,70,70,64,63,84,74,65,69
128,134,127,127,128,148,168,128,120,120,152,107,101,111,95,83,74,72,70,82,77,63,53,58,44,58
125,129,129,129,129,106,135,121,128,118,108,108,95,92,103,97,114,106,127,109,90,69,64,51,62,52
128,127,129,125,129,170,186,126,108,114,109,107,112,112,109,120,103,103,96,101,99,104,87,90,88,68
128,130,126,129,129,198,175,109,147,136,112,125,137,126,115,161,184,122,117,155,125,101,112,111,96,89
