132,118,128,159,165,166,150,173,171,161,179,163,181,182,164,188,173,179,155,137,174,183,174,175,181,188
140,145,145,119,137,163,156,158,165,156,180,172,155,175,174,179,185,173,177,163,149,194,158,166,181,181
139,121,173,150,158,177,175,164,169,156,156,161,170,176,167,152,164,169,164,163,159,184,180,190,189,191
162,161,139,156,167,148,160,154,158,168,163,162,180,186,161,157,160,158,172,170,178,172,183,176,178,191
148,134,152,169,151,161,167,148,197,180,164,158,166,154,164,155,163,159,161,163,184,174,191,193,182,185
160,162,162,185,168,176,153,171,160,159,167,153,174,172,169,175,171,165,175,169,165,184,178,173,190,191
171,171,183,160,170,167,163,165,167,147,187,168,152,169,178,167,149,163,166,181,188,195,191,189,191,202
179,196,170,190,190,191,176,170,151,164,180,167,147,178,193,168,177,180,188,185,192,199,189,201,190,203
190,191,176,189,175,192,173,177,167,184,187,177,156,169,195,184,178,186,182,200,187,195,203,205,202,203
201,176,193,196,196,194,188,199,195,194,187,189,182,185,179,176,185,175,195,195,193,195,200,206,210,212
186,208,190,191,199,198,188,201,188,205,188,195,198,194,192,193,202,187,193,191,198,201,205,210,211,212
198,200,202,197,187,191,201,194,204,202,200,188,209,197,184,184,185,192,193,204,192,199,209,214,211,207
196,201,194,200,202,198,195,194,204,191,206,204,193,195,178,189,193,197,198,193,203,203,205,209,212,213
195,212,201,198,202,207,192,214,201,197,196,199,201,201,196,190,195,198,201,200,210,208,207,209,213,216
193,192,186,195,208,208,202,201,202,198,205,202,203,205,204,193,191,195,197,204,198,205,211,211,209,208
198,196,190,181,200,198,199,201,202,205,200,202,197,211,182,199,194,195,208,202,209,212,210,201,197,203
189,190,175,171,189,184,195,201,206,204,202,201,200,194,213,195,188,191,213,195,207,200,200,195,208,199
150,137,138,164,187,189,191,196,210,207,217,203,200,209,186,195,180,195,209,205,200,180,182,198,191,202
130,95,123,174,170,159,194,200,202,199,181,203,192,197,184,179,189,192,192,180,193,194,157,180,161,184
106,91,125,129,119,176,189,208,194,181,196,183,185,160,155,161,182,154,191,170,181,189,180,150,171,135
71,76,100,90,108,158,193,175,177,179,200,194,150,168,174,167,189,183,161,169,167,183,157,147,135,84
63,68,79,99,128,125,134,171,180,195,148,149,160,155,157,194,169,149,149,170,154,173,137,107,100,96
60,86,99,110,106,96,123,140,173,168,154,165,161,143,157,172,153,133,144,158,152,132,141,104,67,77
72,84,107,107,107,112,128,154,161,162,133,146,152,144,147,150,146,115,135,119,119,103,137,103,66,64
64,77,112,103,114,130,122,106,91,141,116,150,133,118,114,129,138,120,139,130,162,134,101,100,73,59
62,81,86,106,121,137,107,112,125,119,144,103,103,122,116,117,172,121,127,117,118,108,101,93,86,75
66,77,68,94,91,98,102,118,110,132,118,107,125,101,105,102,156,140,124,112,125,96,104,81,81,90
72,68,84,88,104,94,105,118,134,156,119,122,117,112,115,117,148,138,127,112,116,108,127,102,75,78
66,55,89,78,76,89,107,119,124,144,131,145,129,136,152,130,148,159,159,129,136,133,123,114,106,83
64,57,76,75,79,86,106,108,139,149,169,144,167,120,131,152,163,170,150,161,133,139,133,99,113,107
