128,145,145,135,140,139,141,139,146,144,137,160,166,232,234,230,236,202,154,152,154,216,231,241,237,245
146,138,146,131,139,149,135,151,145,180,213,220,237,237,235,207,157,180,165,214,232,236,236,234,236,236
140,135,135,145,147,137,156,140,227,230,235,245,246,221,172,197,209,232,240,237,233,240,232,242,228,208
143,139,142,160,136,155,217,235,234,240,243,238,210,200,235,234,233,238,235,231,248,224,239,221,170,160
152,146,148,167,229,234,237,241,246,240,240,229,233,235,236,234,233,238,240,236,192,231,171,156,164,169
154,149,213,237,242,233,240,239,238,246,236,238,236,239,235,234,231,238,227,167,169,169,172,171,163,164
144,199,234,236,235,234,240,237,241,231,238,236,236,234,236,204,234,166,153,155,164,166,162,160,180,161
165,234,228,235,238,234,233,244,232,236,234,237,225,208,168,212,159,167,157,152,167,176,168,174,150,160
228,232,238,234,240,237,234,232,236,225,227,177,149,158,155,158,160,140,170,173,177,170,181,167,151,164
240,236,235,237,239,227,205,174,144,143,155,158,158,151,162,155,159,169,178,167,171,150,157,154,169,144
237,236,232,231,166,133,145,147,156,149,170,162,150,158,154,149,154,160,162,159,159,165,166,164,164,164
227,237,161,151,137,141,148,158,152,174,153,149,155,157,149,169,162,172,169,158,171,168,160,183,154,171
209,148,148,155,163,157,161,147,158,161,161,160,164,165,163,159,174,171,160,168,175,169,159,180,166,140
153,153,141,169,148,152,162,177,151,164,155,154,158,165,141,154,163,173,167,159,164,159,168,167,156,173
148,169,151,160,166,181,161,150,154,164,162,160,172,169,158,168,173,165,158,162,146,170,148,154,148,156
153,160,152,161,152,168,154,156,147,168,170,149,150,160,164,169,170,170,150,166,147,154,159,134,126,97
162,147,155,164,179,170,141,158,157,152,151,175,174,170,149,164,174,153,145,160,127,141,103,102,104,79
144,161,151,170,153,160,150,169,152,159,163,149,165,180,155,161,163,162,136,131,106,81,88,82,84,91
157,148,154,169,159,161,152,163,156,163,155,178,161,150,158,142,134,129,109,107,85,75,87,87,85,90
155,164,148,154,149,161,151,161,160,163,154,151,169,149,151,124,110,98,74,74,74,87,76,60,36,11
159,145,143,168,140,162,160,170,146,160,155,150,139,131,105,84,70,81,70,81,92,49,16,15,12,18
142,162,145,139,153,153,161,154,158,135,146,134,105,74,73,60,72,93,67,34,23,10,9,15,10,5
139,157,142,161,137,162,139,139,137,121,97,72,80,77,77,62,50,19,7,10,2,9,6,5,4,20
151,160,152,138,144,128,131,109,104,68,81,67,68,91,54,20,3,11,10,4,7,6,6,8,16,12
147,152,146,134,147,122,110,86,76,82,71,63,37,5,9,8,5,5,8,8,8,9,6,10,11,16
151,141,110,100,109,93,78,80,75,59,25,8,3,8,6,9,8,8,11,10,9,10,13,10,7,16
103,115,93,79,70,67,80,56,17,1,2,8,1,2,4,9,10,9,10,11,11,12,16,14,11,17
86,80,73,83,61,31,7,9,3,5,5,9,7,12,5,10,11,8,9,12,14,16,9,16,18,21
79,75,49,18,3,9,5,4,4,7,1,5,4,2,5,10,12,10,12,15,17,19,18,22,23,27
37,18,12,4,1,2,1,0,2,10,7,13,11,6,4,9,12,15,19,20,18,20,29,23,20,29
