130,130,170,181,171,169,57,39,14,19,105,120,124,135,125,130,112,125,122,137,139,123,141,128,138,136
129,124,180,175,180,166,142,45,35,10,24,90,108,130,120,134,127,91,110,106,102,128,132,136,122,132
131,122,193,180,180,183,160,64,35,31,5,34,121,105,106,120,136,112,115,126,127,127,135,129,134,140
126,130,187,188,192,169,190,181,51,43,33,7,14,106,132,122,130,119,99,119,146,118,130,128,128,144
127,131,205,197,185,193,187,190,169,54,43,38,11,14,90,110,106,109,93,93,124,124,120,129,126,132
130,125,183,186,190,169,191,190,163,161,52,46,47,23,5,47,96,114,126,77,112,109,124,107,113,131
121,134,181,182,181,196,187,184,186,181,178,82,35,46,44,13,6,59,95,111,96,119,106,109,114,123
133,121,200,202,189,195,194,191,217,187,174,175,170,51,48,46,47,12,7,10,61,113,128,114,134,115
127,130,195,192,204,200,207,202,189,190,191,186,188,166,145,26,42,22,43,40,28,14,17,25,47,111
128,129,192,199,206,193,190,210,208,196,202,200,196,175,176,167,127,57,30,29,43,40,43,47,40,29
130,124,203,207,184,189,198,186,193,207,207,199,201,206,174,165,157,150,132,100,52,33,32,40,36,38
128,128,125,200,203,222,198,190,202,202,196,201,210,195,204,195,178,172,158,149,126,99,73,58,53,40
128,127,130,211,196,193,200,204,208,203,213,193,205,199,198,191,192,192,183,190,150,136,120,105,107,94
130,126,129,195,197,203,210,203,208,201,201,210,186,206,182,171,188,199,199,198,170,175,178,154,153,162
129,124,131,200,205,207,204,204,202,216,205,211,215,214,204,201,200,203,198,203,191,184,198,199,179,188
127,126,129,208,204,212,195,203,211,215,203,209,209,206,221,213,201,212,201,205,206,199,207,218,200,208
129,130,126,199,198,221,204,205,218,211,221,211,219,209,213,210,208,213,211,223,216,214,213,217,215,215
128,125,129,203,206,219,215,216,205,226,207,201,220,186,220,222,225,208,218,231,209,216,217,211,219,205
127,124,130,218,214,214,213,216,203,205,215,226,208,217,204,219,224,211,227,218,205,227,228,217,225,215
129,131,126,219,206,219,209,200,210,212,189,202,216,216,215,221,225,210,226,216,222,222,211,225,219,209
123,134,126,128,208,196,208,218,212,220,204,189,209,222,230,224,217,226,210,222,218,214,225,221,209,220
136,124,130,126,212,211,206,223,214,218,214,214,212,222,209,218,212,223,215,221,221,222,231,223,218,222
120,131,123,130,209,212,211,211,194,206,217,221,216,206,212,220,223,222,222,229,231,221,224,226,215,222
128,132,133,126,213,219,209,215,204,197,223,206,208,217,212,219,222,228,234,224,227,228,227,219,213,214
130,124,122,129,222,213,197,202,201,208,209,210,197,211,217,219,223,215,224,226,230,222,221,227,216,221
128,128,132,126,214,200,211,197,207,201,218,216,211,222,219,231,218,223,228,220,221,225,223,218,216,229
128,130,126,128,132,221,200,214,211,199,199,207,224,215,218,208,226,225,223,228,224,218,216,218,217,218
131,122,131,127,124,217,216,211,206,209,210,222,220,221,219,222,218,224,221,226,221,222,221,218,214,210
129,130,128,127,124,218,205,213,209,206,225,220,221,223,222,222,219,218,213,220,221,209,226,220,212,212
128,127,129,127,132,207,210,207,208,214,216,221,210,222,210,210,219,218,221,220,203,222,232,217,221,205
