230,230,231,234,226,219,228,235,236,231,233,253,250,129,132,126,128,128,128,128,128,128,128,128,128,128
240,235,229,231,232,232,236,232,252,239,234,248,247,124,124,128,128,128,128,128,128,128,128,128,128,128
231,241,245,243,233,230,237,236,244,253,248,250,129,129,136,128,128,128,128,128,128,128,128,128,128,128
237,243,245,245,240,237,239,233,243,254,242,250,128,124,119,131,128,128,128,128,128,128,128,128,128,128
252,246,239,241,243,243,243,236,243,239,245,124,126,132,133,128,128,128,128,128,128,128,128,128,128,128
248,248,245,245,240,238,244,243,246,250,251,131,129,129,128,126,128,128,128,128,128,128,128,128,128,128
245,247,244,244,243,245,248,241,249,253,125,125,127,124,128,131,128,128,128,128,128,128,128,128,128,128
246,251,248,242,239,246,255,249,244,252,129,127,132,125,132,125,128,128,128,128,128,128,128,128,128,128
247,255,248,247,237,241,246,247,249,246,131,128,128,131,128,127,128,128,128,128,128,128,128,128,128,128
250,251,228,241,233,246,236,248,249,131,128,126,129,129,126,128,128,128,128,128,128,128,128,128,128,128
243,251,242,251,251,231,245,250,244,125,132,125,128,129,127,129,128,128,128,128,128,128,128,128,128,128
233,249,236,248,250,236,241,232,127,131,126,130,130,126,128,130,128,128,128,128,128,128,128,128,128,128
236,237,246,238,249,248,238,244,124,132,125,122,130,131,130,126,128,128,128,128,128,128,128,128,128,128
220,218,243,244,249,254,239,131,128,125,134,134,124,126,124,132,128,128,128,128,128,128,128,128,128,128
237,221,234,239,247,243,132,122,130,129,123,130,125,132,126,129,128,128,128,128,128,128,128,128,128,128
225,220,217,231,253,233,128,130,128,126,131,125,129,128,128,126,128,128,128,128,128,128,128,128,128,128
221,219,223,225,231,125,129,125,128,128,128,128,128,128,128,128,128,128,128,128,128,128,128,128,128,128
215,225,221,221,226,132,127,133,128,128,128,128,128,128,128,128,128,128,128,128,128,128,128,128,128,128
208,221,217,216,133,126,123,127,128,128,128,128,128,128,128,128,128,128,128,128,128,128,128,128,128,128
204,216,226,227,126,128,133,131,128,128,128,128,128,128,128,128,128,128,128,128,128,128,128,128,128,128
209,220,217,122,133,127,120,127,128,128,128,128,128,128,128,128,128,128,128,128,128,128,128,128,128,128
209,220,127,132,121,127,138,128,128,128,128,128,128,128,128,128,128,128,128,128,128,128,128,128,128,128
212,212,127,126,132,127,128,124,128,128,128,128,128,128,128,128,128,128,128,128,128,128,128,128,128,128
197,128,132,127,128,129,126,129,128,128,128,128,128,128,128,128,128,128,128,128,128,128,128,128,128,128
128,128,128,128,128,128,128,128,128,128,128,128,128,128,128,128,128,128,128,128,128,128,128,128,128,128
128,128,128,128,128,128,128,128,128,128,128,128,128,128,128,128,128,128,128,128,128,128,128,128,128,128
128,128,128,128,128,128,128,128,128,128,128,128,128,128,128,128,128,128,128,128,128,128,128,128,128,128
128,128,128,128,128,128,128,128,128,128,128,128,128,128,128,128,128,128,128,128,128,128,128,128,128,128
128,128,128,128,128,128,128,128,128,128,128,128,128,128,128,128,128,128,128,128,128,128,128,128,128,128
128,128,128,128,128,128,128,128,128,128,128,128,128,128,128,128,128,128,128,128,128,128,128,128,128,128
