129,125,131,131,127,127,131,128,94,81,165,167,200,201,209,199,198,202,201,200,186,184,185,187,177,189
129,126,127,126,125,129,121,111,80,113,159,181,194,194,204,203,206,211,174,192,184,155,196,191,193,192
128,131,130,129,131,131,128,84,79,153,169,179,190,206,206,194,208,202,197,185,173,187,185,190,190,179
123,127,127,126,128,124,135,71,116,168,179,183,196,201,184,184,199,181,194,180,180,198,184,195,200,179
130,132,128,128,130,130,120,95,125,153,165,187,193,202,183,196,191,177,189,181,194,188,186,181,185,192
127,128,124,126,126,129,69,105,149,150,175,174,204,180,193,179,190,184,188,192,184,193,173,173,185,177
129,129,130,130,131,130,58,110,151,150,155,192,190,183,183,186,187,187,166,194,171,179,173,186,173,175
128,126,129,125,127,126,82,114,135,145,170,178,177,173,181,182,180,191,190,183,171,177,177,171,177,168
128,130,127,127,132,127,102,132,137,149,166,177,182,175,179,178,182,177,186,175,173,165,176,169,182,179
127,127,122,133,121,83,116,125,132,149,152,179,180,193,190,180,184,179,166,175,186,177,169,171,177,174
131,126,131,132,131,88,116,128,132,134,150,176,183,167,178,178,184,170,181,177,166,176,167,159,170,187
128,122,131,122,129,103,105,119,129,134,148,167,171,173,169,159,161,185,177,176,177,164,185,170,165,183
131,130,129,129,127,93,115,114,122,130,157,161,171,178,173,163,172,178,166,183,186,161,175,169,176,172
126,129,126,126,131,85,107,111,115,126,162,155,170,161,166,167,169,147,160,182,174,182,172,178,187,166
129,129,133,126,127,98,97,113,114,146,148,153,155,171,164,154,162,175,165,174,172,177,175,183,173,169
128,124,128,126,91,87,95,99,120,155,150,164,165,163,170,170,163,169,174,167,158,170,186,187,182,186
128,126,131,127,84,91,101,100,139,155,160,146,170,167,157,167,169,157,180,177,177,185,190,195,186,174
130,127,130,123,82,90,105,114,136,148,161,166,161,164,158,166,175,163,167,179,179,180,185,190,188,187
127,127,128,131,81,88,100,126,142,157,175,157,163,152,163,175,170,162,164,183,178,176,168,183,167,178
132,132,125,129,75,87,98,140,140,167,175,160,156,158,159,166,159,174,168,174,170,187,166,157,172,170
122,129,130,121,89,98,102,129,150,161,169,160,147,156,166,154,144,167,153,172,154,143,150,163,152,145
131,129,127,81,82,100,122,137,166,164,167,152,161,155,170,162,169,163,155,126,116,139,113,117,122,119
129,126,127,73,87,102,130,147,160,174,162,162,167,166,158,161,148,143,119,115,114,108,112,106,106,104
128,128,129,88,93,104,128,164,158,164,163,150,154,151,161,149,126,98,107,102,106,97,81,92,75,87
127,127,131,81,93,112,130,153,173,165,156,149,148,156,160,157,97,86,92,100,95,89,87,88,74,52
130,123,131,86,92,117,146,146,160,164,162,164,157,169,163,85,82,99,94,81,76,79,85,80,79,79
131,126,127,88,104,121,151,167,161,166,164,148,166,135,68,99,103,67,68,84,87,77,67,79,91,82
127,131,126,73,102,139,155,156,164,158,165,167,120,90,97,76,71,85,75,87,106,96,90,88,82,76
134,121,131,93,107,139,152,160,177,155,154,133,91,84,98,100,77,78,101,105,96,87,70,68,66,69
124,131,130,93,117,162,167,176,169,172,130,84,94,101,85,96,88,94,70,58,59,55,59,62,71,62
