217,227,240,235,233,221,225,213,228,224,232,222,221,231,240,242,236,227,229,229,227,231,231,241,230,227
211,217,228,227,242,223,226,224,230,219,230,228,230,235,236,234,233,234,232,233,232,235,236,240,232,226
203,216,216,222,227,220,222,225,239,229,228,225,224,230,238,239,234,231,235,235,236,233,238,236,236,229
206,223,219,217,228,230,229,230,227,232,224,232,238,238,238,235,236,242,236,235,233,227,232,228,232,225
208,210,230,220,229,226,229,231,226,243,237,238,232,231,240,244,241,239,240,240,233,230,229,224,223,214
218,224,217,228,225,234,241,223,229,224,234,233,223,218,229,239,240,241,231,237,229,237,236,236,230,220
191,217,225,225,236,235,222,221,229,225,237,222,226,227,229,234,240,240,243,240,240,241,237,233,229,224
179,200,229,226,220,226,214,223,220,215,220,217,217,208,205,214,225,235,227,232,236,239,231,230,224,219
192,219,237,243,239,245,234,240,234,237,235,218,216,197,219,209,225,239,244,241,236,235,229,233,227,220
217,227,228,239,244,240,237,233,236,244,232,230,217,211,210,210,214,245,243,237,236,238,241,239,233,224
227,231,228,233,230,225,229,229,232,238,214,224,211,194,191,200,201,218,226,221,231,233,239,226,226,221
231,234,221,227,218,224,222,231,225,231,221,212,211,182,200,192,201,201,215,210,221,223,229,216,216,210
230,227,221,230,227,234,228,234,227,230,222,213,211,205,197,194,196,205,193,198,207,217,219,216,206,196
230,227,227,227,227,225,226,224,222,219,215,201,202,196,193,194,193,184,186,197,198,203,188,196,188,185
231,224,226,228,227,221,218,219,214,201,202,196,195,182,182,183,171,182,172,172,172,186,184,180,195,192
229,224,226,223,222,218,209,200,192,185,174,163,153,169,169,167,194,200,204,215,226,242,235,227,238,234
221,224,226,220,220,224,224,219,208,196,216,203,209,218,218,221,219,211,231,232,228,231,227,228,243,241
252,241,247,245,243,241,241,239,225,206,189,210,214,219,219,215,223,221,227,229,228,234,236,238,240,229
242,252,242,245,249,248,245,247,244,236,218,212,206,208,215,219,222,224,226,231,232,234,234,234,230,219
244,250,251,247,248,250,247,244,245,246,234,208,221,211,204,226,229,235,238,234,224,215,215,220,219,214
229,235,247,242,244,250,251,249,249,249,244,223,210,218,217,224,239,220,214,215,214,210,212,213,206,201
231,216,226,234,245,248,247,248,249,246,241,224,223,240,238,220,211,211,211,217,220,211,205,203,202,208
206,206,207,215,235,247,245,247,248,245,229,233,229,220,203,209,209,206,207,203,189,198,197,207,210,214
194,197,192,206,244,209,243,249,247,231,226,218,208,205,209,204,204,212,202,190,197,194,197,192,204,223
192,195,193,207,203,237,221,226,211,210,216,207,207,202,209,213,215,201,211,200,173,192,197,198,210,213
205,194,204,192,189,194,211,205,202,223,204,215,216,209,212,197,195,209,198,208,199,194,195,184,214,214
189,182,176,163,188,209,214,214,214,203,212,201,197,201,199,208,208,200,197,194,208,193,202,208,208,207
177,162,150,175,193,218,223,199,205,203,200,212,204,197,196,211,209,208,190,193,200,205,203,216,213,223
166,147,145,186,216,217,198,206,202,210,221,205,207,214,204,203,204,194,189,194,193,204,217,211,233,231
145,149,155,213,213,207,204,203,204,214,209,199,206,204,202,201,205,191,186,192,190,211,217,229,228,228
