148,149,144,168,187,155,161,189,172,181,202,203,219,222,224,232,240,249,255,255,255,254,251,251,255,253
131,150,160,153,144,145,163,177,190,202,201,200,222,213,226,233,243,254,245,246,250,252,248,245,248,248
170,143,136,141,162,158,160,163,181,195,200,206,213,215,235,235,234,243,246,255,249,251,249,247,248,247
154,148,157,139,140,154,144,160,187,184,184,227,219,223,226,233,237,242,249,245,249,250,250,252,254,249
156,139,154,128,153,166,169,175,172,188,189,207,203,231,232,230,235,254,243,252,250,251,246,247,243,242
147,141,134,139,153,157,163,162,188,196,199,207,209,226,235,234,245,244,254,247,246,248,244,249,251,249
179,140,127,147,164,175,184,181,183,192,203,219,220,220,231,234,233,244,254,254,255,255,249,249,252,252
160,137,144,175,192,168,174,202,208,205,203,213,204,220,218,237,234,233,255,243,253,255,255,255,252,247
123,129,167,175,189,189,202,192,208,206,214,215,208,216,232,226,241,237,249,250,250,252,255,255,252,242
145,162,185,197,198,193,187,192,213,196,186,212,215,232,223,226,238,234,254,255,255,255,255,253,252,241
135,210,211,201,198,200,195,215,221,215,191,208,211,219,219,230,230,242,236,252,252,253,255,254,255,246
184,178,227,202,207,192,200,210,206,202,201,201,219,214,218,228,236,238,244,254,254,255,255,251,255,254
191,205,191,205,205,204,201,202,206,190,195,201,218,212,214,208,227,235,242,255,254,255,255,255,255,252
194,204,203,210,194,194,191,199,189,192,186,193,205,211,204,198,214,230,233,252,254,255,252,255,255,255
206,198,195,205,195,195,200,188,200,199,173,184,185,184,188,206,205,228,229,235,254,255,255,250,255,252
194,198,187,176,177,185,179,181,184,168,185,174,189,177,170,204,197,220,221,235,246,250,251,251,250,250
176,167,159,162,158,163,154,166,184,188,166,172,172,182,158,191,190,205,189,224,235,239,227,242,233,249
161,152,157,158,159,146,145,162,171,174,162,143,163,160,165,145,182,166,201,224,237,232,219,218,225,240
164,142,135,128,154,151,168,150,150,147,146,156,143,144,155,162,171,171,200,213,225,223,210,190,202,218
139,96,108,149,118,135,143,152,133,133,145,138,137,134,149,153,179,157,183,194,184,200,176,166,151,192
59,45,39,43,70,110,125,135,149,129,130,133,127,125,120,145,128,166,172,183,172,151,141,119,107,137
7,0,4,3,13,42,88,117,123,123,127,123,113,117,112,122,124,150,140,152,78,50,22,21,33,54
0,8,0,0,25,17,33,83,101,104,115,107,103,106,110,115,133,129,85,25,1,3,0,3,2,5
0,2,19,34,24,32,50,61,77,99,89,99,87,87,88,114,131,77,49,30,18,10,5,9,13,21
30,37,41,40,51,64,48,60,87,100,88,79,89,116,126,134,86,83,73,50,46,36,34,27,25,30
52,70,79,92,96,82,77,74,74,77,74,91,93,98,112,78,78,81,88,78,72,73,62,46,50,49
87,87,102,106,95,102,93,88,77,70,87,84,86,80,85,92,84,91,102,107,110,125,103,84,75,66
96,104,106,107,102,103,98,102,107,92,92,86,88,92,101,105,133,84,123,124,125,139,121,116,88,67
91,107,93,92,104,89,95,94,112,101,98,102,114,110,102,111,108,101,110,142,136,133,148,132,94,62
80,90,107,90,87,88,86,94,101,110,92,122,123,128,101,105,116,104,127,106,131,125,158,154,137,80
