33,34,24,32,32,23,35,39,42,48,35,40,41,53,46,47,45,47,50,49,57,66,61,67,75,68
24,29,27,30,22,41,40,43,52,50,45,36,46,51,61,53,56,54,71,50,64,61,73,64,75,82
28,33,30,36,24,47,47,48,50,57,40,53,46,60,59,53,62,55,65,52,60,61,68,77,72,75
26,23,16,32,42,47,57,53,56,57,56,60,61,64,52,54,68,67,63,79,65,69,71,65,70,95
37,45,47,45,59,54,58,71,55,71,70,59,79,64,76,70,73,73,73,84,73,67,61,74,86,96
41,53,66,49,58,71,64,67,70,73,60,79,72,84,80,75,86,96,107,88,95,82,91,103,92,78
66,72,78,72,65,75,73,82,76,79,82,78,100,93,119,104,103,106,96,91,101,112,103,95,108,99
80,69,58,86,80,76,92,87,100,99,96,117,97,103,96,84,90,109,79,114,86,111,111,117,125,105
89,88,105,101,100,105,96,110,120,103,93,124,120,114,107,102,137,128,114,95,118,116,113,105,133,115
93,98,87,104,115,122,127,108,126,117,122,137,132,121,115,135,117,137,116,126,125,129,127,114,118,135
116,97,116,114,118,121,128,133,117,153,129,136,117,153,131,121,133,132,144,129,136,120,143,127,130,145
106,114,108,117,151,147,112,157,142,125,149,156,153,141,137,140,137,133,146,127,150,141,142,136,150,171
122,132,136,164,158,169,161,170,159,155,148,140,162,149,136,152,145,135,163,173,138,159,160,157,150,162
111,115,129,149,174,152,148,153,145,158,128,142,121,141,158,143,135,162,130,149,137,137,155,155,143,137
110,111,133,148,161,167,135,129,135,158,130,96,170,154,115,118,136,121,131,112,113,146,135,131,135,162
108,124,163,153,167,159,111,90,100,122,122,83,66,82,131,151,109,85,99,105,95,118,134,145,133,106
90,102,76,78,104,128,129,72,77,73,85,106,65,48,92,101,118,106,51,71,83,117,132,125,114,149
90,88,84,50,54,61,74,57,54,60,67,55,72,64,47,65,112,70,41,69,72,69,112,102,55,132
54,38,45,46,33,44,11,36,44,34,55,49,45,54,26,63,64,62,36,33,63,24,80,71,76,110
43,20,23,20,97,39,17,38,17,31,47,34,30,42,27,16,37,68,22,33,74,31,94,55,46,77
22,27,18,5,11,15,5,11,12,18,14,41,56,42,29,11,47,47,22,41,44,27,66,56,56,61
10,8,11,11,11,8,13,4,12,21,16,20,38,28,19,20,28,39,14,37,36,19,33,38,64,59
5,6,6,5,7,18,16,10,27,5,11,35,17,29,19,32,9,25,16,34,12,24,42,16,43,57
7,11,6,15,9,6,7,15,9,14,7,17,11,17,23,25,3,19,21,22,21,18,34,5,47,54
16,14,16,8,10,8,10,8,13,10,5,8,12,18,11,21,16,5,19,22,24,17,30,19,34,35
8,4,5,3,10,9,11,6,9,9,7,9,8,9,21,16,15,9,24,28,21,17,29,11,28,29
6,5,5,6,11,6,9,8,14,14,8,7,6,9,15,6,18,14,16,18,15,28,31,29,38,26
6,8,8,10,11,2,8,7,14,14,9,7,6,9,22,10,16,17,19,22,23,34,25,33,26,7
13,12,10,16,16,9,15,6,8,11,13,14,9,7,17,15,15,18,15,16,22,27,23,26,39,10
36,32,29,35,31,28,26,17,18,20,20,21,18,19,15,26,28,32,26,25,31,36,26,27,38,52
