54,34,37,79,157,201,201,197,215,218,209,170,192,202,164,203,159,175,187,171,107,41,60,34,20,31
71,35,28,122,171,181,169,178,206,235,212,168,177,178,203,185,193,161,176,134,111,72,65,45,35,31
62,37,52,126,192,196,175,207,216,219,202,186,131,204,184,170,204,149,146,143,86,83,63,65,28,28
60,45,52,133,185,197,171,222,216,215,211,182,163,199,180,174,180,162,151,123,96,85,67,70,36,35
75,56,69,128,175,165,202,197,220,225,230,195,182,171,176,201,190,170,159,103,113,105,74,76,54,34
55,65,73,107,124,127,171,217,213,228,215,213,191,176,167,204,171,157,135,162,94,83,69,64,65,41
70,77,78,83,111,130,173,205,210,223,223,227,174,190,184,212,199,181,184,146,102,67,78,60,58,49
72,69,89,95,89,99,137,200,219,228,215,229,193,231,209,227,207,200,187,129,125,86,75,67,48,45
69,77,84,101,98,121,143,191,212,221,223,207,238,174,207,213,210,203,177,151,132,113,69,66,39,27
60,62,69,82,103,114,189,202,222,232,224,223,229,181,211,215,208,187,170,151,101,98,67,55,42,36
46,60,61,74,98,135,152,207,224,238,231,224,194,215,222,198,194,177,138,148,82,90,64,42,39,35
32,51,51,64,81,121,133,169,204,227,218,225,206,227,215,208,191,175,151,121,106,68,48,48,42,33
48,57,57,60,64,112,132,183,223,221,218,223,209,226,200,212,202,188,161,105,87,73,59,36,30,35
61,56,67,66,72,88,126,160,193,201,196,200,212,215,216,219,190,147,117,119,81,72,57,38,36,36
63,54,67,67,68,88,105,134,178,195,208,185,215,205,216,195,193,189,154,138,103,71,49,44,30,24
58,59,63,70,68,82,111,126,174,203,211,214,204,198,180,214,222,191,215,170,115,90,57,47,36,24
43,54,62,74,74,85,100,112,139,163,207,232,230,211,222,230,227,216,210,191,176,125,59,35,40,27
47,51,60,66,73,81,120,132,140,173,220,235,226,212,221,227,230,224,213,226,205,149,95,60,45,35
37,55,58,72,78,99,117,121,150,178,224,241,233,209,226,236,231,225,235,218,222,196,123,71,50,34
59,53,60,80,74,92,96,127,146,186,212,219,234,234,240,229,241,233,223,231,208,187,142,101,60,41
58,66,70,81,95,93,128,147,179,202,216,226,234,222,216,224,231,233,226,239,200,167,175,133,98,57
56,60,76,99,102,115,137,176,208,217,225,233,235,223,235,219,241,233,245,207,222,189,174,137,132,70
69,84,103,86,127,156,188,200,210,220,198,221,227,232,235,230,239,234,227,227,221,211,194,164,132,114
80,81,99,110,143,196,209,212,219,222,217,221,218,239,249,209,207,212,206,219,226,205,181,168,162,144
84,102,110,133,187,210,205,206,207,231,216,215,217,224,219,224,207,212,205,212,221,195,170,168,144,159
100,107,125,166,212,215,220,202,212,202,234,232,239,236,203,218,230,218,225,194,198,184,186,151,170,156
107,129,160,230,227,209,214,218,212,204,216,225,217,215,217,216,231,218,218,206,190,181,199,162,185,174
130,151,193,227,248,220,213,208,200,223,239,211,225,221,218,227,202,213,192,207,200,199,170,182,165,165
161,205,218,238,220,227,225,221,204,210,215,218,202,217,209,187,194,193,166,188,200,143,157,157,154,163
174,217,227,217,210,200,222,206,212,215,207,187,203,193,212,203,202,185,170,196,197,175,188,159,146,142
