130,143,124,117,121,138,90,107,106,106,114,90,101,99,106,92,99,86,78,99,106,81,80,92,102,98
131,126,121,138,122,114,99,123,95,104,105,108,94,109,99,103,99,92,93,100,98,90,86,95,97,101
116,138,130,114,112,125,116,105,105,98,90,87,98,86,86,91,77,90,87,85,88,88,95,93,94,90
118,115,130,113,104,140,112,99,94,103,83,91,88,99,92,90,94,109,99,97,87,85,84,92,93,87
119,112,122,118,124,119,103,106,112,104,104,106,93,106,90,85,91,93,91,101,91,104,87,100,90,83
102,119,120,155,119,123,110,106,102,96,104,96,97,97,91,104,97,95,100,99,96,101,98,96,107,103
146,126,119,127,120,136,128,103,124,105,101,111,96,108,93,107,92,96,95,86,91,88,96,79,100,90
103,122,131,128,147,129,124,121,107,112,116,112,134,114,117,115,92,119,103,98,84,91,84,93,110,108
160,141,141,132,157,134,138,117,129,108,129,138,124,125,119,112,94,106,102,96,100,99,117,108,109,109
184,162,144,147,144,144,142,129,141,150,151,137,124,113,118,124,78,110,129,113,104,111,108,90,101,108
157,148,154,185,178,158,150,174,144,158,161,151,152,143,140,117,128,120,116,126,115,119,112,107,107,93
136,145,179,172,178,201,176,178,170,164,186,145,158,133,140,135,117,134,102,112,98,111,118,127,116,109
186,172,192,196,208,201,197,199,193,169,157,163,171,149,140,152,145,125,138,127,118,122,121,138,124,119
187,192,175,188,189,209,211,184,211,164,181,151,175,167,164,143,151,124,145,125,131,124,106,119,113,102
215,212,192,182,188,212,219,194,177,175,175,180,156,179,133,166,153,182,183,162,158,139,118,102,101,107
226,217,217,162,173,214,206,207,174,201,181,170,179,171,162,144,161,138,148,166,153,114,116,102,101,106
242,237,227,213,198,205,205,219,208,167,181,205,158,171,174,159,135,128,110,136,149,127,118,101,101,77
235,229,226,222,183,197,189,194,204,211,153,165,150,145,175,154,159,127,108,131,124,103,73,71,73,68
225,213,181,228,199,236,211,217,206,187,158,184,212,160,145,101,96,84,81,112,119,117,84,72,52,40
189,216,222,197,214,212,226,191,190,179,157,199,175,144,110,68,68,65,50,58,60,51,43,36,31,23
236,211,217,201,196,195,147,148,141,129,105,108,60,57,45,33,21,17,20,15,18,10,19,16,18,12
229,226,224,212,167,117,77,123,110,88,54,26,33,24,20,20,5,10,7,4,6,4,7,10,8,9
234,192,212,84,97,70,52,87,59,24,26,10,18,12,11,0,7,2,5,4,5,5,1,6,1,6
211,102,132,47,35,21,38,29,26,20,11,11,13,7,12,6,3,5,9,6,9,4,3,6,1,5
149,102,67,36,23,19,15,17,14,15,13,10,9,9,6,2,2,4,2,1,6,11,8,4,2,2
77,55,41,20,19,11,10,9,14,15,11,8,7,7,6,4,5,8,11,8,6,4,0,0,3,3
51,36,21,10,18,8,12,10,18,15,11,8,6,5,4,2,4,7,1,3,6,6,3,4,6,3
30,31,17,12,17,11,18,19,22,13,10,8,6,5,4,2,3,4,7,5,6,4,0,2,8,11
33,26,15,15,14,14,17,20,18,8,6,5,4,5,5,4,4,5,3,0,1,2,1,8,22,33
38,19,10,15,12,16,15,14,12,7,4,3,3,3,4,3,3,2,4,2,5,9,13,24,40,51
