133,145,175,164,154,95,123,138,150,143,97,102,131,124,130,127,128,128,128,128,128,128,128,128,128,128
138,122,142,142,134,100,98,116,144,143,103,88,123,130,129,129,128,128,128,128,128,128,128,128,128,128
101,126,133,136,133,112,101,100,92,106,99,96,130,124,127,128,128,128,128,128,128,128,128,128,128,128
139,151,126,145,162,131,103,106,135,87,132,90,124,134,129,128,128,128,128,128,128,128,128,128,128,128
134,151,143,144,131,122,91,112,104,146,123,126,129,124,129,129,128,128,128,128,128,128,128,128,128,128
113,120,113,139,115,118,96,102,116,108,144,129,129,132,127,124,128,128,128,128,128,128,128,128,128,128
114,132,111,115,111,117,118,104,94,86,123,130,128,122,129,133,128,128,128,128,128,128,128,128,128,128
119,120,114,95,115,89,91,121,131,114,130,126,130,134,127,126,128,128,128,128,128,128,128,128,128,128
109,111,99,108,118,102,89,94,108,128,125,129,132,125,129,130,128,128,128,128,128,128,128,128,128,128
88,104,104,96,90,105,81,86,94,126,130,127,127,126,132,126,128,128,128,128,128,128,128,128,128,128
59,88,114,93,119,97,73,86,96,126,131,127,126,128,132,124,128,128,128,128,128,128,128,128,128,128
62,70,87,91,103,101,99,78,118,128,127,128,130,128,129,126,128,128,128,128,128,128,128,128,128,128
59,64,77,109,107,101,97,86,132,130,125,128,131,128,127,128,128,128,128,128,128,128,128,128,128,128
75,76,68,91,99,88,86,125,129,129,128,127,127,128,129,128,128,128,128,128,128,128,128,128,128,128
90,84,62,84,79,106,125,133,126,127,130,128,126,129,129,127,128,128,128,128,128,128,128,128,128,128
56,60,54,61,79,70,132,125,132,126,128,129,128,129,127,127,128,128,128,128,128,128,128,128,128,128
42,43,73,63,68,128,128,127,128,128,128,128,128,128,128,128,128,128,128,128,128,128,128,128,128,128
20,54,40,47,47,126,129,128,128,128,128,128,128,128,128,128,128,128,128,128,128,128,128,128,128,128
31,46,49,47,133,126,133,128,128,128,128,128,128,128,128,128,128,128,128,128,128,128,128,128,128,128
40,50,60,70,124,123,129,127,128,128,128,128,128,128,128,128,128,128,128,128,128,128,128,128,128,128
15,54,31,128,132,130,132,124,128,128,128,128,128,128,128,128,128,128,128,128,128,128,128,128,128,128
21,30,122,129,128,130,123,131,128,128,128,128,128,128,128,128,128,128,128,128,128,128,128,128,128,128
30,17,135,129,126,126,130,128,128,128,128,128,128,128,128,128,128,128,128,128,128,128,128,128,128,128
30,126,125,130,126,131,127,127,128,128,128,128,128,128,128,128,128,128,128,128,128,128,128,128,128,128
128,128,128,128,128,128,128,128,128,128,128,128,128,128,128,128,128,128,128,128,128,128,128,128,128,128
128,128,128,128,128,128,128,128,128,128,128,128,128,128,128,128,128,128,128,128,128,128,128,128,128,128
128,128,128,128,128,128,128,128,128,128,128,128,128,128,128,128,128,128,128,128,128,128,128,128,128,128
128,128,128,128,128,128,128,128,128,128,128,128,128,128,128,128,128,128,128,128,128,128,128,128,128,128
128,128,128,128,128,128,128,128,128,128,128,128,128,128,128,128,128,128,128,128,128,128,128,128,128,128
128,128,128,128,128,128,128,128,128,128,128,128,128,128,128,128,128,128,128,128,128,128,128,128,128,128
