214,232,239,243,247,255,253,252,248,246,245,244,243,244,246,249,250,249,254,253,247,254,245,241,237,129
216,220,219,228,245,253,250,249,246,246,246,246,246,246,247,249,251,252,251,248,254,248,240,250,250,120
194,196,212,212,242,249,248,251,245,246,245,245,245,246,248,249,251,254,251,247,248,240,252,240,246,129
198,185,201,183,231,250,250,246,245,244,242,240,240,243,247,250,249,251,248,249,252,252,244,143,108,129
193,191,210,209,237,246,247,247,236,238,232,241,239,242,249,249,255,251,233,119,85,110,114,101,112,127
187,194,204,208,241,246,251,247,249,250,252,239,205,131,102,82,83,89,87,109,110,120,110,115,115,127
248,243,234,225,191,134,86,97,101,98,98,99,103,108,95,93,95,101,94,98,114,106,111,114,116,128
119,135,122,101,106,123,102,97,104,98,108,106,121,103,100,96,97,105,112,97,109,107,109,127,115,127
140,149,118,113,115,110,117,115,123,129,118,106,120,110,123,98,118,115,127,104,120,113,108,121,114,126
163,131,143,109,130,117,121,124,133,119,123,122,108,103,105,127,102,107,121,109,128,118,118,105,116,127
117,134,120,144,115,112,130,126,145,119,144,126,125,123,112,114,119,121,114,131,119,123,126,124,122,129
122,117,140,128,126,124,140,116,135,130,128,137,119,116,128,125,125,122,128,126,119,125,139,129,128,131
139,118,134,140,152,138,138,136,136,132,148,128,116,143,105,129,119,117,138,136,131,118,128,123,128,128
131,146,117,134,118,155,143,149,140,144,138,144,158,134,140,133,155,151,150,124,140,150,128,153,128,128
118,140,137,131,133,146,142,156,144,127,138,147,168,146,138,159,139,142,154,152,138,135,149,141,128,128
128,139,145,131,144,140,140,145,160,159,163,145,166,155,188,166,162,157,144,140,144,129,157,148,128,128
126,127,137,147,166,133,167,166,165,174,170,164,170,171,144,166,187,162,162,141,157,158,148,177,128,128
158,150,166,177,160,167,158,169,186,186,207,204,180,173,177,163,160,167,161,184,162,148,163,166,128,128
178,191,173,165,167,169,199,166,193,194,188,200,181,169,179,182,178,175,169,167,147,164,153,173,128,128
182,183,181,177,158,155,179,202,186,201,197,174,209,202,179,177,191,188,173,155,144,173,173,185,128,128
183,184,184,187,178,192,187,163,186,195,198,192,204,207,187,183,210,169,184,136,146,155,186,129,128,128
192,190,188,188,168,178,206,182,195,176,170,172,177,199,198,172,200,196,197,162,161,163,169,129,128,128
175,179,201,189,181,188,181,181,189,172,174,188,165,176,179,191,194,183,177,162,150,163,175,124,128,128
175,192,176,187,173,195,179,194,155,210,151,169,165,144,167,187,180,185,183,169,170,170,178,134,128,128
176,175,178,181,180,187,188,187,189,173,184,178,180,164,165,198,191,183,180,167,167,168,169,127,128,128
194,182,197,173,186,179,184,197,173,205,170,191,174,169,168,177,181,160,165,176,168,189,169,126,128,128
187,208,180,187,171,164,166,187,199,184,179,174,168,159,158,162,192,186,171,162,156,173,126,129,128,128
208,207,201,197,174,167,177,194,196,195,193,195,153,173,153,160,194,180,174,167,164,183,125,130,128,128
199,198,205,182,171,167,157,190,178,193,172,169,183,181,153,163,183,181,172,172,175,175,130,128,128,128
197,200,180,197,181,158,160,175,180,184,195,182,169,160,184,193,180,182,179,162,177,188,124,130,128,128
