140,113,113,93,143,135,133,75,105,106,114,83,135,123,125,135,119,143,102,78,69,150,120,115,135,132
149,140,133,129,129,113,85,60,37,116,102,111,91,120,97,118,83,87,83,70,131,78,59,66,84,108
106,104,137,115,55,73,103,108,98,64,51,42,90,83,109,133,81,54,80,126,86,90,91,79,67,93
107,69,90,106,52,57,42,86,103,103,99,88,103,67,73,79,68,66,83,87,94,90,47,71,117,58
70,104,71,129,94,89,100,74,81,123,68,56,49,58,57,75,68,47,72,136,81,87,91,86,75,90
76,67,72,140,113,116,97,90,93,103,94,119,74,82,67,107,79,62,73,128,62,101,88,81,96,61
94,87,96,146,107,93,127,95,91,81,87,80,72,79,71,101,87,109,74,108,116,56,67,75,82,78
128,106,102,142,80,104,81,108,77,80,65,85,87,69,88,117,99,98,142,91,67,69,73,63,75,76
86,110,113,135,101,123,120,85,100,91,112,71,85,85,83,94,123,119,114,82,84,78,75,80,88,64
134,133,136,139,131,90,82,86,97,70,94,73,88,89,80,131,98,141,89,101,75,93,67,74,93,74
99,126,122,131,124,105,107,70,101,102,82,133,110,106,92,63,109,97,84,86,116,89,71,97,107,77
89,87,117,142,81,109,110,123,112,113,122,101,115,111,79,101,123,91,88,107,102,99,92,103,114,85
80,100,103,143,93,109,109,106,107,93,121,101,120,96,105,134,97,102,94,81,97,88,100,97,90,89
91,123,117,135,134,83,99,120,105,110,100,102,104,113,137,105,93,95,97,97,92,96,93,81,74,96
86,112,85,138,119,108,98,115,100,115,115,107,117,134,112,110,98,104,91,103,112,86,98,110,102,105
99,118,103,133,104,121,120,107,98,109,128,118,131,113,124,114,100,101,100,117,111,110,106,100,112,119
116,116,107,130,94,114,128,111,111,112,116,130,135,124,127,103,112,87,108,121,117,116,114,123,97,114
97,119,107,139,125,107,132,124,110,124,127,136,131,122,107,121,107,99,108,120,114,127,125,107,106,121
92,106,100,114,121,87,104,126,107,122,139,116,122,118,126,114,113,109,127,126,122,132,131,119,116,124
92,111,109,123,119,96,105,98,124,139,107,126,117,122,124,129,114,124,123,124,129,128,132,137,131,132
99,96,109,98,124,127,115,109,132,128,120,121,127,127,124,120,122,116,129,130,108,135,128,127,128,114
84,73,86,70,115,102,96,138,99,116,134,111,116,125,128,120,121,118,140,129,132,132,117,125,127,124
37,42,61,61,65,119,129,109,110,110,131,125,129,130,119,118,115,115,103,136,135,125,112,131,112,127
34,46,42,40,51,95,147,71,79,77,94,120,115,112,122,97,65,88,102,104,109,110,118,145,125,124
19,18,19,22,28,35,131,48,59,73,70,85,115,101,114,69,64,66,66,90,75,102,114,141,122,114
15,13,12,14,18,22,133,22,26,39,31,43,90,55,55,45,30,61,48,59,54,85,92,121,126,89
13,11,10,12,13,13,135,12,8,7,16,17,21,42,19,25,35,31,48,25,47,53,68,111,79,90
11,9,9,11,12,10,85,22,5,11,4,9,10,18,15,16,20,21,20,26,20,25,46,62,60,91
4,3,4,6,7,5,14,22,3,6,5,9,4,4,29,2,16,9,26,17,20,18,27,32,40,56
2,1,2,3,3,3,3,20,11,4,2,5,4,3,15,5,3,4,14,10,21,10,25,30,23,31
