47,43,44,48,49,45,45,49,43,48,43,48,53,59,51,52,51,59,62,61,61,59,58,65,67,129
44,43,45,47,48,46,46,48,49,51,50,55,58,59,55,56,51,58,62,62,63,65,68,72,70,129
43,47,48,46,46,50,52,49,56,56,60,60,59,57,60,59,63,64,66,66,65,69,72,71,68,129
55,51,52,55,55,53,55,61,63,57,61,59,64,65,69,60,69,64,65,66,66,72,75,70,66,128
51,63,60,64,60,56,55,65,68,64,57,68,70,64,76,75,64,69,77,75,69,70,71,64,73,124
63,61,59,61,61,57,63,63,65,64,62,66,77,74,82,68,65,74,78,74,71,71,69,65,73,128
67,66,68,60,60,63,76,64,72,76,76,67,70,65,81,74,69,79,81,79,80,80,77,76,71,129
66,70,72,65,61,64,78,73,68,67,68,71,77,75,83,77,74,74,79,82,78,75,75,74,71,130
66,72,65,67,63,62,69,81,77,77,72,77,74,77,76,72,78,67,76,85,75,72,76,72,71,131
62,75,62,58,58,68,68,72,73,80,77,79,71,87,87,86,86,74,81,88,77,73,77,71,75,126
52,63,58,51,55,66,69,59,74,73,70,76,78,87,73,59,79,79,80,79,76,76,74,70,96,124
45,40,48,56,58,51,60,55,60,53,56,62,65,64,57,53,50,66,67,67,82,92,92,94,127,131
205,229,228,227,220,217,226,212,227,227,227,238,235,239,242,238,226,231,237,237,239,240,228,208,128,128
236,232,241,225,227,235,228,230,225,235,232,231,232,237,237,231,228,231,226,239,239,228,228,214,128,128
232,225,238,237,224,226,228,225,216,221,235,239,232,222,231,228,229,230,230,230,228,228,228,220,128,128
247,240,227,234,231,233,230,221,231,224,235,238,228,216,233,235,228,227,237,229,225,231,224,222,128,128
231,237,235,222,230,227,221,232,226,236,222,234,230,241,231,233,228,226,233,237,232,225,221,222,128,128
230,219,223,207,213,195,206,184,214,176,231,190,229,174,221,168,207,187,215,193,188,207,182,200,128,128
231,225,234,228,218,204,238,221,223,228,227,234,236,229,230,236,231,239,229,223,220,224,235,224,128,128
222,228,237,227,226,224,210,228,226,219,230,227,216,218,232,212,230,228,233,231,228,230,227,223,128,128
244,247,248,246,243,243,246,241,246,243,247,245,247,248,248,249,242,223,220,240,229,226,216,129,128,128
250,254,247,255,250,250,255,250,249,252,249,254,251,249,248,247,249,225,219,219,234,233,205,130,128,128
255,246,255,249,249,254,247,252,251,246,255,244,244,244,242,255,235,214,211,218,219,228,222,125,128,128
242,240,240,244,250,236,250,244,244,240,225,226,226,226,227,232,218,223,215,210,201,217,211,129,128,128
234,243,241,244,234,242,237,232,224,220,212,215,196,217,190,218,195,205,180,199,189,178,200,128,128,128
222,182,224,217,237,212,203,227,198,204,197,204,200,210,213,239,209,224,210,212,202,206,212,128,128,128
234,240,235,242,233,230,221,208,226,210,204,193,197,207,195,221,217,215,208,205,206,201,125,128,128,128
231,231,230,232,244,219,229,207,202,210,195,203,175,194,177,219,168,208,169,193,177,186,127,130,128,128
230,199,228,220,233,217,220,229,202,203,211,215,226,217,217,232,218,222,230,231,228,219,131,126,128,128
223,231,240,236,248,226,231,214,211,211,191,187,195,180,186,171,181,187,188,179,174,179,125,133,128,128
