133,122,196,198,193,182,198,193,173,184,186,170,189,158,179,186,185,183,171,160,149,146,150,153,146,136
129,128,202,211,196,199,205,186,174,191,193,165,171,178,173,186,179,179,188,168,174,172,152,173,173,163
131,123,209,202,195,214,202,194,190,191,174,171,174,171,173,176,192,185,198,184,195,204,186,168,170,178
127,132,198,202,210,202,213,192,194,211,170,203,179,182,183,164,189,190,191,176,185,182,186,178,179,180
128,129,210,203,223,224,197,201,193,206,199,206,192,193,183,199,174,180,173,183,186,193,178,188,186,180
131,129,215,214,219,206,219,194,208,206,202,211,188,195,192,192,198,180,179,187,179,172,173,186,181,180
129,123,226,225,230,220,210,217,206,212,207,217,207,212,198,194,199,194,193,185,177,181,180,178,182,184
127,131,219,236,220,225,223,209,222,229,218,220,215,220,205,203,196,204,198,196,200,202,184,184,192,183
128,130,231,233,222,222,219,229,230,229,228,231,216,225,222,213,204,209,210,203,216,212,198,193,207,204
126,129,223,215,239,224,213,226,222,230,231,233,229,233,228,228,222,213,224,206,216,212,220,209,197,217
127,133,229,235,220,233,227,233,233,246,232,227,235,235,225,239,244,221,223,222,226,217,225,232,216,217
128,129,126,236,229,230,235,235,236,241,236,237,241,241,234,237,246,246,229,228,231,241,227,233,234,224
127,125,130,229,239,243,242,237,241,251,239,233,242,244,244,237,234,240,242,252,235,253,239,230,228,215
131,135,126,219,234,239,238,251,230,238,236,244,250,242,242,248,240,234,248,248,249,247,247,240,228,227
127,124,133,245,240,247,243,238,249,246,240,247,251,239,238,245,248,241,247,249,247,247,245,241,223,234
127,130,128,242,244,251,237,241,241,240,236,238,245,247,249,254,247,246,246,246,241,251,244,239,243,232
131,130,123,234,231,244,238,247,240,246,249,246,243,244,244,247,246,241,246,241,249,251,249,242,238,226
127,123,131,247,230,243,243,240,237,237,244,246,247,248,247,252,250,242,242,246,247,245,237,240,239,241
125,132,131,239,239,248,239,244,239,231,236,239,243,247,244,247,251,247,244,248,242,238,229,237,236,227
132,123,125,235,231,248,246,235,237,237,246,245,243,249,247,248,244,241,253,237,247,234,239,240,229,221
128,130,129,127,232,237,243,222,236,242,251,247,243,243,254,245,241,248,245,239,234,239,228,239,228,221
131,131,120,131,244,206,242,234,250,242,243,245,243,252,245,252,229,229,233,244,254,238,230,227,235,219
124,128,131,130,237,229,243,231,243,238,252,247,235,247,246,224,239,239,237,232,249,231,239,218,209,215
133,122,130,122,223,229,234,251,246,253,238,247,236,240,246,238,239,243,235,242,239,235,240,230,224,182
126,133,126,131,234,232,241,235,249,243,251,245,217,220,252,234,238,239,223,228,219,229,223,214,174,156
124,131,129,123,245,217,230,240,242,241,250,228,215,240,235,215,224,237,222,231,172,148,112,118,109,118
129,127,128,134,125,221,233,242,238,233,241,241,180,231,229,236,232,210,216,214,216,124,101,82,72,68
129,131,126,126,128,227,206,222,243,222,219,184,171,206,222,194,167,170,124,99,79,55,61,51,55,60
126,127,132,127,125,216,228,240,235,228,198,208,163,138,97,88,88,89,77,70,56,63,59,71,54,50
129,127,127,123,135,209,228,239,207,217,184,171,107,103,88,69,65,59,48,44,48,35,22,48,44,40
