19,23,12,0,8,7,9,2,0,0,5,1,0,4,3,2,5,26,18,25,16,6,19,11,8,10
16,21,12,8,4,0,1,3,4,0,0,1,2,3,8,17,35,26,37,5,17,7,12,18,17,8
34,7,20,17,7,3,3,0,0,6,1,7,4,0,8,8,35,48,13,19,26,24,9,20,20,28
5,22,32,8,0,2,3,5,2,12,0,0,2,15,2,24,44,43,27,17,14,9,31,24,22,35
10,12,38,14,8,11,12,29,26,15,0,6,9,3,4,5,25,42,35,20,36,27,40,22,28,12
30,29,6,25,5,35,26,15,12,22,20,0,4,36,21,24,22,11,13,3,8,11,28,8,33,30
12,10,29,4,24,22,33,22,30,31,18,16,26,19,14,14,14,6,12,1,1,2,4,21,24,18
0,20,27,34,13,26,19,16,29,32,38,9,31,8,12,5,4,2,1,12,6,2,6,5,11,3
16,17,36,24,16,12,17,46,44,26,4,22,7,3,3,0,0,0,11,11,9,0,15,9,19,17
10,34,21,19,6,28,34,47,31,25,22,13,4,13,8,3,2,0,7,0,0,7,14,14,4,8
27,38,10,18,13,7,36,46,38,30,36,16,24,16,22,9,7,4,0,3,3,25,6,29,11,5
30,18,6,7,14,12,34,43,45,50,23,35,47,50,52,41,43,42,39,36,22,11,35,0,29,3
3,35,12,32,23,40,22,45,50,43,39,65,56,78,73,63,65,61,64,46,56,32,38,6,13,35
11,28,23,25,32,26,44,44,56,51,75,73,72,80,87,74,77,75,68,67,53,55,49,17,3,19
31,25,32,36,37,39,57,54,49,70,69,77,76,88,85,80,91,92,77,65,59,58,52,33,17,13
14,36,48,52,53,62,43,70,63,72,83,75,89,86,87,92,93,84,74,68,70,74,70,52,24,20
35,50,55,51,66,56,53,87,77,72,72,88,94,90,97,102,95,91,85,73,75,73,65,51,25,34
54,54,68,68,57,53,77,74,67,76,71,83,85,91,104,112,109,104,93,76,78,66,59,49,33,41
51,58,62,46,55,62,67,63,61,68,77,69,69,75,87,101,104,92,73,63,45,28,24,12,14,27
36,42,54,52,60,65,60,74,65,65,72,68,71,72,72,75,79,74,62,54,51,44,53,41,41,40
70,61,71,77,64,74,83,80,70,84,86,85,93,87,83,80,77,81,80,70,69,62,65,52,48,44
93,69,79,89,85,82,90,84,86,91,109,115,106,87,93,105,97,91,92,85,83,75,72,68,65,60
89,83,92,104,86,95,87,105,98,114,128,127,123,122,136,124,100,102,125,103,107,107,90,87,72,71
88,86,98,101,105,110,119,126,124,147,151,147,135,167,165,164,122,106,121,119,126,157,119,119,77,89
86,91,101,93,100,124,130,167,142,172,199,173,159,165,185,142,155,129,120,123,144,147,134,116,109,90
86,90,103,107,116,126,138,144,165,180,189,170,157,196,143,144,139,122,135,126,134,130,148,126,118,107
97,101,104,115,109,118,128,135,130,145,154,154,147,172,152,144,142,125,136,137,153,127,132,120,111,118
105,105,98,108,104,121,122,118,152,135,140,150,139,149,144,150,140,136,134,142,154,125,126,123,131,114
115,112,109,119,115,117,135,131,133,143,121,152,144,153,143,148,134,137,140,142,144,153,143,139,121,115
141,147,139,131,148,144,137,134,144,154,136,161,137,151,150,154,163,165,156,126,141,145,135,154,137,126
