57,69,74,66,77,74,69,76,63,63,64,52,61,135,124,128,128,128,128,128,128,128,128,128,128,128
70,58,66,77,73,74,71,66,74,68,91,94,88,122,132,130,128,128,128,128,128,128,128,128,128,128
100,80,56,54,60,73,68,74,80,89,79,75,132,127,125,126,128,128,128,128,128,128,128,128,128,128
89,98,98,84,71,77,79,84,79,103,76,113,128,132,124,134,128,128,128,128,128,128,128,128,128,128
77,97,93,72,85,90,85,94,108,93,73,123,130,125,131,121,128,128,128,128,128,128,128,128,128,128
77,75,94,89,82,86,101,99,113,115,96,132,127,130,127,135,128,128,128,128,128,128,128,128,128,128
81,75,76,76,80,83,86,95,102,101,127,127,128,124,132,121,128,128,128,128,128,128,128,128,128,128
78,85,84,82,77,78,79,99,111,102,132,127,129,129,129,129,128,128,128,128,128,128,128,128,128,128
62,82,84,90,89,92,86,98,99,118,126,127,131,130,126,129,128,128,128,128,128,128,128,128,128,128
89,71,65,92,106,90,89,101,95,121,133,127,127,129,128,128,128,128,128,128,128,128,128,128,128,128
83,80,66,85,84,94,92,92,104,126,134,127,126,128,128,129,128,128,128,128,128,128,128,128,128,128
83,83,76,55,74,87,87,71,124,128,128,127,129,128,127,130,128,128,128,128,128,128,128,128,128,128
95,80,64,64,71,82,69,93,132,129,126,127,130,129,127,129,128,128,128,128,128,128,128,128,128,128
92,72,72,61,81,78,92,127,126,129,129,127,127,129,129,126,128,128,128,128,128,128,128,128,128,128
74,75,68,61,68,97,123,131,125,127,129,129,127,128,129,127,128,128,128,128,128,128,128,128,128,128
58,72,77,66,59,77,130,127,133,125,124,130,130,126,127,129,128,128,128,128,128,128,128,128,128,128
77,60,67,66,64,130,124,128,128,128,128,128,128,128,128,128,128,128,128,128,128,128,128,128,128,128
67,59,60,66,69,125,133,126,128,128,128,128,128,128,128,128,128,128,128,128,128,128,128,128,128,128
65,56,60,54,130,127,121,132,128,128,128,128,128,128,128,128,128,128,128,128,128,128,128,128,128,128
56,57,46,67,121,137,127,131,128,128,128,128,128,128,128,128,128,128,128,128,128,128,128,128,128,128
56,59,65,131,129,126,121,128,128,128,128,128,128,128,128,128,128,128,128,128,128,128,128,128,128,128
64,63,123,128,129,125,135,130,128,128,128,128,128,128,128,128,128,128,128,128,128,128,128,128,128,128
58,57,130,133,124,129,130,126,128,128,128,128,128,128,128,128,128,128,128,128,128,128,128,128,128,128
61,128,128,125,131,130,125,130,128,128,128,128,128,128,128,128,128,128,128,128,128,128,128,128,128,128
128,128,128,128,128,128,128,128,128,128,128,128,128,128,128,128,128,128,128,128,128,128,128,128,128,128
128,128,128,128,128,128,128,128,128,128,128,128,128,128,128,128,128,128,128,128,128,128,128,128,128,128
128,128,128,128,128,128,128,128,128,128,128,128,128,128,128,128,128,128,128,128,128,128,128,128,128,128
128,128,128,128,128,128,128,128,128,128,128,128,128,128,128,128,128,128,128,128,128,128,128,128,128,128
128,128,128,128,128,128,128,128,128,128,128,128,128,128,128,128,128,128,128,128,128,128,128,128,128,128
128,128,128,128,128,128,128,128,128,128,128,128,128,128,128,128,128,128,128,128,128,128,128,128,128,128
