130,127,130,130,124,134,128,128,159,143,163,162,129,173,136,135,142,145,156,165,142,123,156,166,148,158
127,130,125,126,127,126,124,153,134,125,148,145,154,150,133,162,156,153,153,155,154,147,130,147,141,169
128,127,132,131,125,133,131,127,141,143,139,110,162,148,154,154,176,149,135,135,135,135,132,124,134,153
126,130,127,127,130,126,126,144,137,141,157,148,163,153,146,162,150,142,137,135,147,136,135,129,114,140
129,130,124,124,131,127,132,145,141,179,189,130,137,131,169,142,151,141,150,148,126,143,136,152,129,140
130,127,130,130,129,133,136,113,151,151,126,154,156,136,137,144,146,133,169,166,139,129,144,130,139,132
125,129,127,128,133,123,128,129,140,128,141,148,159,172,131,136,137,164,144,183,136,145,130,136,190,141
131,127,130,127,125,131,144,121,116,130,145,156,172,183,177,148,166,167,149,169,120,138,126,138,130,163
132,126,133,122,133,129,155,121,135,142,160,172,189,158,153,161,169,149,149,137,167,191,180,159,149,164
126,128,124,132,125,160,140,138,123,150,159,147,151,176,167,193,182,172,156,172,173,165,147,162,194,171
124,133,126,128,126,153,152,140,154,156,156,159,184,179,182,181,170,164,140,162,151,150,149,194,157,142
134,124,123,129,132,165,161,143,142,136,119,164,163,174,164,184,186,160,147,160,206,173,199,170,172,184
123,134,127,133,127,155,167,130,139,175,119,171,155,179,158,174,176,177,177,213,168,202,192,194,172,168
126,129,130,122,132,156,129,154,157,135,129,143,133,170,161,163,182,169,206,200,202,227,208,162,193,187
129,128,124,131,126,176,162,148,140,148,135,143,152,160,148,175,179,211,199,205,195,208,195,144,180,179
127,129,129,129,181,137,124,171,135,143,136,132,125,157,172,179,198,215,188,199,189,224,169,168,192,192
129,128,129,129,163,132,137,132,127,115,144,165,149,171,159,172,205,222,203,215,208,196,204,170,194,169
126,134,118,129,135,149,141,131,141,161,153,130,131,163,165,172,176,177,157,173,184,187,137,154,174,201
128,123,134,130,169,154,153,136,162,166,169,147,142,120,135,149,171,166,164,203,204,209,215,162,165,152
127,132,124,129,170,188,160,136,117,142,141,130,142,155,124,157,183,171,149,158,159,168,171,189,187,188
130,128,124,126,155,174,164,148,135,168,142,126,139,105,128,153,135,143,129,139,168,139,135,118,124,152
127,128,127,177,157,172,151,152,169,149,141,137,128,103,102,130,87,101,96,115,113,119,124,169,146,148
125,133,130,185,184,183,146,133,131,123,114,75,71,49,39,41,37,55,73,59,54,58,52,63,66,75
128,127,128,153,196,145,132,147,138,80,44,47,27,22,26,31,30,35,27,34,46,34,39,37,39,48
125,130,128,189,200,180,177,74,67,49,34,26,20,16,17,18,23,22,21,24,28,27,27,32,28,39
131,125,128,204,168,157,134,60,36,22,12,13,15,15,14,12,14,16,15,14,17,17,16,17,22,21
127,130,124,185,174,116,55,35,17,14,13,15,14,10,9,11,10,15,14,12,15,17,16,14,21,17
125,131,127,183,129,99,22,16,16,16,16,15,12,7,6,8,8,12,11,11,14,16,14,13,15,12
128,133,127,185,93,23,25,15,21,17,10,8,14,14,11,10,10,10,9,10,13,10,9,11,8,8
130,127,123,92,47,48,39,33,27,25,15,11,16,17,13,15,13,10,8,9,12,9,8,12,6,9
