92,103,90,97,105,107,101,96,101,109,104,105,108,110,111,112,113,115,112,113,114,114,114,116,119,120
93,100,104,104,106,107,107,105,104,105,109,109,109,110,110,112,114,115,114,114,114,114,115,117,118,119
96,100,103,105,107,106,105,105,105,105,112,112,111,109,109,111,113,115,115,113,112,115,117,117,118,121
100,97,97,102,106,105,105,107,108,108,112,112,111,109,109,111,113,114,114,112,112,116,117,116,119,123
97,96,102,104,105,107,111,114,112,108,111,112,112,110,110,112,113,113,114,113,114,117,117,116,119,124
88,94,103,105,108,109,109,110,110,108,110,113,113,111,111,113,113,112,114,114,114,116,116,115,118,122
85,89,97,99,103,105,104,104,108,112,112,114,114,110,109,111,111,110,111,110,110,111,114,116,117,118
90,92,95,91,92,98,106,110,113,115,113,115,114,109,107,109,109,107,106,105,104,106,111,116,117,115
79,84,82,89,92,94,104,114,116,115,111,113,105,104,104,91,103,104,95,107,97,98,112,97,107,110
69,76,71,78,72,89,97,94,109,105,109,111,94,109,100,95,89,91,88,89,92,79,106,86,107,109
69,73,73,68,72,65,68,89,100,105,100,93,67,83,75,75,67,70,65,70,58,71,64,78,76,90
65,65,59,68,67,65,61,72,92,83,86,72,52,50,55,52,55,56,50,49,47,55,46,57,51,61
59,52,50,55,58,63,54,51,66,64,63,54,46,33,42,36,43,41,40,31,44,37,40,36,37,39
65,58,54,49,55,44,35,42,47,56,41,40,33,21,23,22,26,27,26,22,25,29,21,28,24,31
65,68,47,58,46,44,38,33,44,34,30,28,23,14,13,13,14,18,17,15,16,17,16,19,21,28
57,59,52,48,46,46,43,33,25,26,21,16,17,9,13,7,6,9,8,9,5,10,9,13,14,22
43,52,60,49,47,32,26,33,24,22,15,13,11,10,8,5,5,6,4,4,5,6,6,7,11,16
56,43,52,47,49,32,25,31,23,18,13,10,8,6,5,3,2,4,2,2,2,3,3,4,7,11
55,51,40,43,49,34,24,29,22,16,12,9,5,4,3,2,2,2,2,1,1,2,2,3,4,6
56,56,41,43,49,38,28,27,19,14,11,9,6,5,5,5,3,2,4,2,1,3,4,3,3,3
73,59,51,46,47,44,34,24,15,12,10,8,7,6,7,6,4,2,5,3,2,3,4,3,2,2
66,61,52,41,39,44,37,21,13,13,8,8,7,6,6,6,5,3,5,3,2,3,3,2,1,1
59,82,50,37,35,43,38,21,14,14,9,9,8,6,5,7,7,6,6,4,3,4,3,2,2,2
58,66,54,42,39,47,40,22,15,14,12,12,10,7,6,8,10,10,7,6,6,6,5,4,4,5
68,64,55,48,38,38,40,26,26,19,12,17,16,10,9,13,14,10,9,7,5,6,5,5,6,8
72,56,52,44,39,36,40,30,28,22,16,18,19,17,16,17,16,14,13,11,10,10,10,9,9,11
75,59,52,48,50,43,44,40,37,35,29,28,27,27,24,20,18,18,17,15,14,15,16,15,13,13
83,66,58,51,53,43,48,50,44,41,41,39,36,33,28,25,23,23,20,19,19,21,22,22,21,19
91,79,70,58,55,46,55,60,52,44,44,45,43,37,33,33,32,29,24,25,26,28,30,32,31,30
89,86,72,66,65,55,58,57,57,54,44,47,46,41,37,36,33,29,28,29,31,32,34,37,38,38
