33,29,28,20,18,13,13,12,0,15,41,81,97,89,100,114,121,97,114,126,133,151,143,154,145,143
22,29,21,17,9,22,71,73,84,102,98,99,89,107,111,82,95,94,95,110,117,114,150,155,152,146
24,21,22,47,68,80,86,95,101,99,103,88,78,87,86,81,105,99,109,102,100,113,132,130,142,141
21,20,77,81,89,80,83,86,88,84,83,82,96,92,87,81,87,94,90,82,93,108,122,133,132,143
18,69,88,91,80,72,80,69,89,77,85,74,86,90,76,78,102,91,84,66,59,77,95,113,104,112
67,98,74,72,77,69,75,75,82,82,74,78,80,72,94,90,70,84,78,86,82,97,92,87,94,110
74,85,61,71,63,73,76,71,85,78,97,85,69,75,71,62,89,80,96,92,77,87,95,93,104,117
99,67,67,62,67,64,67,78,71,75,72,65,61,62,67,59,67,74,83,82,88,94,101,100,97,120
97,83,68,66,67,60,64,67,68,66,53,71,56,59,84,69,73,88,93,91,89,96,97,97,86,109
85,64,49,46,67,50,57,63,63,69,59,59,65,57,62,67,78,92,118,116,91,116,118,111,88,88
84,59,55,69,65,67,80,65,65,68,58,68,60,85,79,78,106,116,237,233,241,135,117,119,93,86
88,77,72,73,83,74,72,70,47,54,83,90,82,95,100,110,145,129,129,165,128,129,134,128,104,96
106,92,86,79,69,54,21,9,6,16,39,62,84,91,85,109,140,242,154,152,152,145,174,167,124,101
129,107,78,72,73,47,6,2,3,9,33,63,89,106,104,70,180,238,159,221,220,230,239,239,160,122
103,82,61,65,57,32,8,12,36,20,18,45,114,48,138,61,202,236,225,252,252,255,255,239,190,138
99,87,40,21,46,19,5,13,8,20,30,31,50,21,67,101,224,230,240,250,255,252,255,165,60,47
102,84,39,17,24,16,5,3,10,43,39,30,27,16,25,102,230,225,233,255,253,218,46,182,59,73
100,89,32,21,16,14,7,12,13,36,36,31,7,15,24,56,160,222,235,242,250,90,31,63,46,62
104,66,20,19,12,2,2,5,14,37,41,18,12,10,20,92,206,199,230,231,105,71,66,86,122,46
32,22,20,16,3,0,1,5,2,7,5,26,17,23,41,110,114,174,172,104,47,18,60,85,67,55
25,22,15,16,3,2,1,5,1,1,4,9,20,21,28,33,111,157,177,89,31,28,44,55,83,69
24,29,25,23,10,10,0,0,1,3,4,0,4,22,25,43,70,149,178,162,66,35,40,45,57,63
58,53,35,18,4,8,2,3,2,2,0,5,3,16,21,31,48,76,113,178,105,37,33,50,37,86
74,48,39,11,5,7,5,5,5,5,5,0,22,30,36,31,26,72,55,58,27,28,37,42,31,89
38,28,50,18,22,11,4,2,2,4,4,18,63,34,44,46,14,12,10,13,25,29,45,72,38,78
59,41,54,19,28,8,4,5,6,5,8,26,56,50,54,41,18,10,8,16,21,41,43,59,28,53
60,39,23,17,31,10,3,12,8,6,7,48,85,69,79,106,60,17,10,10,20,25,36,41,48,44
50,64,24,10,5,13,9,0,7,5,3,25,33,33,15,25,17,12,5,9,16,13,20,18,37,29
8,64,39,24,9,6,12,13,4,7,11,27,12,27,42,19,12,6,7,17,20,13,17,10,41,25
86,21,65,29,14,9,6,13,7,6,9,14,17,78,72,20,8,9,11,23,18,20,23,20,50,28
