52,52,45,36,29,42,39,37,66,46,46,61,144,233,233,223,18,20,154,241,247,244,234,236,174,130
49,31,28,26,46,47,32,72,38,65,60,70,196,225,222,34,11,70,232,242,242,248,245,239,179,125
64,18,20,14,34,28,49,74,59,57,63,84,193,170,70,19,40,171,238,250,242,243,239,231,191,126
41,13,7,15,19,25,62,42,52,65,75,112,82,49,11,32,101,246,247,245,244,242,241,243,208,132
8,10,17,12,30,51,27,51,62,65,92,85,29,9,37,70,243,246,248,247,245,244,241,238,213,127
9,24,5,22,32,30,41,40,61,84,69,14,27,31,70,239,246,247,247,245,245,244,241,238,207,126
16,15,23,26,24,31,34,51,37,24,29,40,29,112,250,255,251,249,246,245,245,244,242,238,219,126
19,15,25,29,27,24,19,34,37,31,23,20,234,243,255,250,252,250,248,246,245,244,241,239,215,126
24,28,32,29,38,35,19,21,17,61,233,254,252,253,255,253,251,251,250,249,246,243,240,239,199,127
12,14,0,14,22,30,135,231,244,247,250,248,252,253,252,252,250,250,251,250,247,242,239,239,206,134
86,90,123,166,216,236,234,232,234,249,251,249,253,244,255,253,250,249,248,248,246,242,239,238,188,133
170,170,190,222,239,233,244,238,248,241,254,250,254,255,242,252,251,247,246,246,246,242,238,237,130,123
219,222,230,232,239,245,243,250,244,247,252,254,253,250,248,247,250,245,248,242,243,240,240,236,128,128
231,233,238,238,243,248,245,250,249,250,252,253,252,250,249,248,247,243,248,243,244,242,240,233,128,128
237,238,241,241,246,251,249,253,253,252,252,251,251,251,250,250,246,242,247,244,244,241,240,228,128,128
238,239,240,242,248,251,251,254,254,252,251,251,252,253,252,252,248,242,244,244,243,238,239,226,128,128
242,244,243,245,250,251,251,252,253,252,251,252,252,253,252,251,251,242,242,244,243,236,238,222,128,128
239,244,243,247,252,251,253,252,254,253,253,253,252,251,250,248,252,243,240,243,243,237,235,206,128,128
230,238,239,247,252,251,254,253,253,254,254,254,252,250,249,249,250,245,240,240,241,237,225,177,128,128
227,237,238,247,252,250,254,253,252,253,254,253,252,251,251,251,247,247,241,238,240,236,215,151,128,128
225,238,245,248,253,253,251,252,253,252,253,253,252,251,250,249,246,245,243,237,236,230,206,128,128,128
227,237,245,248,250,252,253,254,254,254,253,252,251,250,250,250,241,241,241,241,238,231,185,130,128,128
230,236,244,247,247,250,255,255,254,254,253,251,249,248,249,249,247,243,239,238,229,221,145,125,128,128
235,235,242,245,244,250,255,253,252,253,253,250,248,247,248,248,248,244,239,239,230,225,129,136,128,128
239,236,240,244,244,250,254,250,250,252,252,250,248,249,249,248,246,245,239,236,227,213,108,121,128,128
240,238,240,243,246,250,251,250,250,252,252,250,250,251,250,248,241,240,236,233,229,207,122,133,128,128
237,240,242,245,249,250,250,251,250,251,250,247,248,251,251,248,245,240,234,227,222,182,124,127,128,128
235,242,244,246,251,250,249,254,251,250,248,245,246,250,250,246,243,238,236,233,227,172,131,128,128,128
236,236,239,246,250,251,250,250,251,249,251,252,249,249,248,244,241,237,233,233,227,175,131,126,128,128
234,235,239,245,249,249,249,249,250,247,248,248,246,246,245,242,239,232,230,229,220,169,123,131,128,128
