90,90,97,93,132,100,103,122,109,120,116,131,139,156,141,151,163,152,137,140,156,144,126,111,113,119
119,98,121,124,124,120,105,140,122,147,152,152,152,149,156,151,141,147,140,139,140,118,136,115,105,93
130,123,133,130,126,131,134,158,158,161,167,178,169,163,187,164,179,148,149,144,125,144,119,112,112,120
149,154,139,151,157,169,176,186,172,164,154,164,172,171,150,179,166,156,150,141,127,134,106,99,104,115
152,161,182,173,144,181,180,179,168,182,168,185,161,164,169,175,167,166,165,134,155,146,135,115,114,127
162,168,153,184,181,179,183,180,182,181,179,169,166,189,176,167,139,166,163,169,145,129,129,127,108,135
161,179,182,175,193,197,194,180,196,196,189,162,162,168,176,190,184,162,174,161,138,134,133,141,144,136
197,171,197,198,190,195,201,201,196,192,198,183,170,177,190,193,186,189,161,174,150,132,127,101,126,150
186,196,208,196,205,201,203,199,199,202,194,195,195,189,195,187,198,193,176,137,137,125,133,134,139,145
203,196,204,199,204,186,193,201,200,201,211,197,189,188,181,194,183,185,192,145,130,131,109,120,130,149
199,193,213,206,214,202,204,200,200,201,206,197,201,190,189,199,183,189,159,139,124,116,112,148,121,121
208,206,200,218,194,214,209,215,204,197,197,193,193,187,189,194,168,174,129,119,103,111,101,108,122,108
210,208,208,202,209,207,205,209,189,200,197,192,186,189,178,182,172,153,126,110,98,97,95,105,111,110
218,209,210,213,201,206,216,205,182,193,176,177,181,177,160,142,165,115,110,105,104,103,102,113,119,92
225,215,210,210,186,181,209,206,213,185,181,186,189,164,136,114,125,118,106,103,109,118,113,89,99,123
220,215,207,208,213,202,190,183,201,158,163,159,149,148,113,110,113,114,114,109,120,115,96,114,113,117
213,220,214,207,222,210,182,181,183,167,145,141,112,110,106,110,116,114,122,125,117,120,100,116,117,129
209,214,210,201,208,206,197,185,163,155,118,116,109,90,93,110,111,124,130,131,119,126,114,121,121,171
213,215,217,209,205,202,191,159,145,149,117,97,94,90,89,122,133,122,128,136,137,124,129,137,141,159
199,190,192,195,204,199,167,148,137,132,96,102,76,98,126,142,157,147,117,160,133,148,147,167,158,172
220,196,207,196,185,168,162,138,122,104,114,86,72,102,134,135,154,155,157,157,180,159,160,157,165,185
211,215,191,186,175,169,143,131,133,106,79,78,67,98,148,179,141,173,182,204,174,184,188,178,186,189
192,193,191,187,174,171,159,121,113,84,77,68,75,100,151,159,171,181,184,176,199,182,184,181,183,188
218,170,152,150,155,130,125,106,82,86,81,69,86,130,155,194,188,198,207,199,200,209,194,211,192,192
176,168,173,172,143,139,102,88,70,62,68,60,82,116,144,189,194,198,203,192,197,207,215,199,199,198
177,182,167,128,170,122,94,82,66,76,49,87,89,136,165,191,191,208,212,218,208,205,211,204,206,202
162,178,157,158,118,111,96,68,61,70,73,100,90,124,165,179,198,211,202,201,201,204,205,201,204,206
162,144,143,133,108,113,74,76,68,68,82,99,106,155,163,168,188,199,192,187,183,192,190,185,183,181
143,134,103,112,96,87,69,66,79,75,99,114,124,125,139,144,140,159,144,131,130,118,128,107,121,106
156,150,112,116,90,74,61,73,91,89,110,133,124,127,130,126,138,116,83,64,49,55,73,54,62,62
