150,134,158,152,144,172,150,156,162,161,171,170,165,174,157,179,180,188,186,200,206,224,235,240,239,241
140,141,147,133,162,162,164,181,150,156,156,165,158,178,178,155,186,179,188,194,201,219,227,241,247,243
160,133,149,148,152,184,185,173,171,147,173,174,180,188,158,181,165,192,201,201,207,222,221,235,245,237
161,148,152,165,140,161,171,164,165,163,162,160,174,177,189,188,189,184,181,186,195,214,218,232,245,245
149,159,137,149,167,169,170,191,189,180,153,149,178,191,179,187,169,191,189,194,196,213,221,228,235,244
160,142,143,163,172,155,171,169,178,179,180,170,165,178,177,177,179,168,174,178,175,194,210,222,230,241
160,163,136,140,164,162,172,167,184,182,169,172,159,174,174,170,196,162,167,172,173,187,197,214,227,234
149,149,133,154,151,161,171,167,194,182,182,170,165,179,170,170,184,162,162,170,178,186,182,200,220,221
149,150,145,164,160,166,191,178,182,182,189,158,181,169,168,169,161,165,149,164,160,179,186,193,209,224
146,141,143,151,169,174,161,174,177,190,191,169,174,175,173,176,155,163,170,165,167,183,180,187,209,216
146,157,155,140,153,171,180,186,185,188,200,195,199,191,168,175,166,158,165,156,159,173,184,179,191,209
157,164,158,125,179,178,176,179,195,204,202,204,200,191,183,157,152,167,164,167,173,169,190,193,199,206
148,168,159,157,152,169,179,186,194,201,213,200,202,205,196,177,180,171,176,162,173,172,180,181,196,194
154,150,172,143,155,167,190,189,195,198,197,207,197,191,194,190,178,160,171,164,172,175,186,179,190,191
142,137,162,163,139,183,189,206,188,199,206,194,199,200,192,178,179,161,150,172,174,168,185,186,191,182
139,141,157,161,169,166,179,201,199,190,210,197,208,195,203,184,193,174,167,164,168,183,186,173,188,187
138,140,150,151,167,172,188,186,195,190,200,201,202,195,193,195,189,183,176,175,171,179,186,181,182,190
157,159,175,159,173,159,185,187,202,200,195,196,192,197,199,193,189,178,187,176,182,171,177,182,174,188
155,154,177,170,183,176,182,195,199,206,199,204,198,208,206,193,198,193,194,185,184,178,183,175,177,184
158,155,155,165,181,193,188,199,197,204,204,208,203,206,201,193,202,204,192,181,180,185,191,167,172,176
150,143,145,155,172,186,197,194,206,203,207,205,203,201,201,204,203,203,204,183,196,191,196,181,173,183
145,139,149,161,169,190,195,191,208,209,202,205,211,207,208,214,209,206,205,192,194,183,184,180,179,177
137,145,149,157,163,189,188,190,200,210,198,206,209,209,209,210,211,206,209,204,192,187,186,186,195,183
149,126,143,133,149,165,187,186,198,203,205,209,199,205,210,209,214,203,209,194,196,191,189,199,192,192
138,137,134,152,141,173,171,167,192,189,200,199,197,205,215,206,212,212,213,202,212,202,200,200,200,196
131,135,143,125,136,150,153,164,167,193,196,207,205,209,210,217,215,213,210,222,205,203,202,218,202,129
130,131,136,132,125,154,170,156,168,172,190,205,210,210,209,222,218,217,223,214,212,211,214,209,204,125
126,127,137,143,156,140,180,157,166,184,194,197,212,209,216,217,216,221,216,220,209,210,208,211,131,130
144,151,160,127,143,154,144,190,177,179,203,202,213,211,218,215,213,220,223,218,214,210,216,129,121,129
152,154,138,133,143,148,157,169,182,194,202,209,210,212,212,220,215,217,213,216,211,219,120,126,129,125
