150,176,152,175,166,160,173,175,177,183,166,192,176,185,191,207,168,197,173,195,188,169,149,148,158,150
189,178,172,191,179,170,193,171,168,170,182,175,193,202,188,188,186,195,183,176,171,155,162,150,156,148
180,190,170,185,184,184,180,171,170,179,185,172,179,202,194,200,186,189,178,178,175,172,157,161,173,158
172,176,176,167,179,178,177,180,193,182,198,189,187,175,185,177,176,180,178,193,176,192,173,184,146,177
170,167,159,179,192,184,181,195,197,190,200,173,180,166,170,178,183,201,179,204,188,201,156,157,176,162
180,172,171,187,182,197,180,184,182,193,182,161,178,177,180,161,195,182,184,191,187,196,166,163,167,179
201,174,179,197,167,192,188,158,182,178,179,189,200,203,196,195,205,195,191,165,182,201,174,178,182,166
186,191,194,165,205,196,179,163,185,187,181,196,208,192,196,201,187,192,210,176,185,189,176,181,178,172
203,168,213,189,188,183,195,184,184,177,176,165,164,197,182,175,199,191,167,176,162,194,190,162,175,158
188,194,198,197,193,211,200,198,192,183,184,194,176,171,188,183,177,176,163,170,190,178,183,183,149,142
192,192,192,211,189,219,200,200,188,192,192,196,183,190,189,178,187,183,169,158,140,156,175,149,141,141
185,199,188,202,211,193,202,194,207,199,195,208,205,185,187,175,201,169,167,137,147,141,131,121,110,116
189,207,206,174,179,210,176,196,192,201,200,186,199,171,169,194,184,192,166,176,146,140,127,129,113,101
185,197,169,161,208,184,206,199,176,190,210,192,194,198,195,171,169,193,190,171,157,141,146,142,129,122
163,165,203,178,180,193,207,194,186,200,184,182,200,172,167,188,167,158,175,177,154,155,141,135,122,121
139,167,167,166,183,169,170,186,163,188,184,186,183,187,183,177,169,167,153,180,174,156,155,130,130,125
115,149,156,155,171,169,166,168,167,164,175,168,181,183,188,158,162,156,185,172,159,163,154,139,115,134
118,145,141,173,167,159,164,158,159,166,163,162,170,155,154,169,156,166,159,148,157,152,151,139,101,108
123,108,139,163,172,171,162,167,142,154,139,152,147,150,163,161,165,144,169,156,165,132,144,152,125,113
139,139,137,165,167,153,133,142,153,146,146,144,143,142,142,146,136,155,150,154,155,143,135,146,134,110
136,135,160,155,139,153,143,162,172,174,145,121,138,128,124,135,129,133,161,146,135,120,143,145,160,130
94,125,112,151,150,138,151,150,171,141,126,134,129,139,116,108,122,144,129,139,160,121,135,144,180,123
83,105,118,129,129,140,141,128,146,154,138,136,127,144,137,123,110,124,141,125,141,152,158,150,125,110
83,102,117,128,123,134,126,121,135,119,124,134,105,115,118,93,138,126,128,117,126,139,142,122,147,113
88,102,114,125,111,121,141,140,120,121,121,116,119,147,128,130,132,145,119,118,134,134,148,137,133,139
97,115,117,105,114,126,132,101,123,104,110,110,110,134,129,123,135,121,126,140,141,178,137,127,145,130
98,102,117,115,116,114,122,115,119,108,113,99,110,105,119,122,116,133,126,130,138,158,131,133,148,118
97,101,127,127,105,122,123,127,114,95,87,98,94,96,104,123,113,118,144,142,138,148,139,162,147,120
85,96,134,132,130,119,120,104,125,98,98,89,83,97,91,125,106,106,96,137,149,136,150,154,139,109
88,97,124,115,118,130,112,116,107,117,90,102,90,81,108,104,121,125,105,141,136,150,140,150,139,132
