76,81,53,6,12,11,21,34,73,90,93,79,71,79,60,32,4,14,26,52,32,45,64,83,99,128
75,65,23,19,24,13,51,100,150,146,121,128,134,123,74,14,3,1,4,24,26,42,63,72,74,83
97,49,16,6,6,48,99,148,147,139,179,148,144,117,78,12,2,12,20,35,53,79,87,136,133,129
58,18,17,13,51,84,123,167,164,163,139,134,120,134,23,10,16,20,24,56,52,94,145,162,183,159
26,15,14,45,95,122,173,157,146,136,146,119,106,40,44,17,16,16,30,77,62,125,152,167,164,170
19,35,56,78,103,147,162,153,147,136,139,81,33,54,32,23,27,43,48,67,108,164,183,169,162,168
44,61,73,135,140,134,147,156,150,113,40,37,53,38,29,43,36,44,60,91,167,176,173,187,168,165
69,87,111,134,148,138,144,114,68,37,60,49,48,53,52,46,53,57,79,115,160,174,185,174,179,178
93,136,125,152,126,83,52,22,36,46,51,41,60,64,74,59,44,78,95,128,149,161,157,168,166,169
80,92,95,47,34,45,49,76,90,68,59,65,57,74,55,56,72,101,125,163,169,182,184,171,178,179
38,51,52,65,77,89,92,79,67,62,79,72,66,69,71,77,134,164,127,175,171,184,179,177,189,193
93,105,89,80,85,81,72,62,77,80,69,77,55,75,109,119,135,160,163,166,176,153,157,176,164,179
72,65,57,70,68,85,68,63,75,71,86,66,88,109,116,136,143,152,147,165,172,171,163,159,167,177
65,54,67,75,62,56,85,72,71,46,43,73,92,97,119,129,131,110,109,104,136,116,132,134,143,163
55,86,67,63,61,73,75,49,52,67,79,82,110,90,87,98,98,84,90,97,96,108,118,127,143,110
60,47,53,52,81,55,43,49,50,66,70,73,85,91,81,74,77,92,92,83,95,90,86,112,109,129
42,50,50,47,42,28,42,45,51,48,43,55,65,58,44,62,69,79,78,82,84,80,83,87,95,106
39,47,38,28,27,27,25,25,32,36,31,29,34,36,36,36,47,49,49,60,50,56,96,99,113,101
33,29,14,13,14,12,15,14,18,23,20,16,20,29,38,45,34,42,36,35,50,56,63,76,90,96
27,17,6,14,12,5,5,11,12,10,11,13,15,19,18,24,34,40,38,45,47,59,62,68,68,92
16,14,8,9,6,5,2,9,10,7,8,10,7,4,13,15,20,27,32,47,46,51,66,50,66,86
13,7,4,3,1,1,9,7,6,7,6,5,5,5,4,12,2,13,20,35,56,59,64,60,70,83
14,5,6,5,5,3,11,3,2,4,0,0,5,8,7,6,15,13,9,20,17,31,55,66,62,86
4,5,12,1,2,6,10,4,7,8,1,2,7,5,2,6,5,19,18,18,22,27,37,62,57,59
12,21,2,15,16,22,7,17,4,5,5,0,0,6,1,6,7,7,10,11,13,21,33,36,51,64
48,48,47,47,44,45,42,40,39,28,25,40,31,31,17,10,10,11,7,8,17,25,12,21,33,44
49,44,46,46,45,52,49,44,57,55,42,47,43,54,49,36,38,41,32,30,30,21,27,33,29,29
33,36,30,38,31,35,31,39,36,35,32,42,41,32,27,29,36,37,30,31,35,30,37,37,28,24
145,149,142,153,144,134,139,120,92,80,63,40,18,23,25,24,22,25,30,31,29,28,32,32,33,30
154,159,158,153,146,128,131,141,156,151,149,142,96,92,64,50,32,28,33,29,24,29,27,28,38,35
