242,225,223,210,153,117,150,212,221,231,227,233,239,197,201,185,144,153,162,161,149,184,128,133,128,128
240,233,241,213,207,204,139,205,236,239,236,216,212,199,183,193,166,162,150,151,166,178,124,129,128,128
233,236,224,225,241,216,196,198,242,237,226,230,204,204,184,175,181,170,143,154,220,132,122,132,128,128
236,246,231,233,240,205,215,227,239,223,204,193,203,211,195,157,178,169,148,168,195,127,129,125,128,128
239,240,243,233,227,246,219,182,220,203,238,194,192,213,197,164,154,153,184,171,158,124,137,125,128,128
231,238,241,243,239,237,224,227,235,243,223,211,189,193,191,159,155,147,151,156,153,130,124,127,128,128
231,246,247,242,243,243,194,227,208,226,207,213,199,200,179,159,144,139,146,172,130,129,125,131,128,128
235,242,228,217,232,225,240,237,238,235,227,211,192,179,163,166,145,121,139,150,125,130,131,126,128,128
238,244,232,222,212,222,243,236,226,223,214,208,185,192,173,174,146,131,163,176,129,131,124,128,128,128
211,245,218,229,229,232,227,243,248,237,227,230,197,203,197,168,148,128,144,161,125,130,124,132,128,128
215,198,211,224,238,245,228,238,227,237,229,208,222,188,171,173,166,142,139,134,131,126,130,127,128,128
229,201,204,236,237,228,237,216,243,228,229,199,192,182,172,178,143,140,136,126,127,127,132,128,128,128
223,227,220,229,234,233,215,225,231,220,222,213,192,194,166,168,150,139,134,129,122,132,127,124,128,128
223,228,233,229,221,231,228,226,242,219,205,203,182,163,154,164,141,115,136,128,130,127,129,130,128,128
205,191,225,210,208,197,207,220,216,219,220,189,166,179,169,132,142,135,130,128,127,129,128,127,128,128
191,195,226,220,195,227,224,209,174,230,215,193,193,190,146,134,138,147,130,128,126,129,129,128,128,128
180,171,173,204,226,218,206,185,217,219,212,193,193,189,171,146,133,151,128,128,126,129,129,129,128,128
188,170,193,195,192,224,226,230,225,221,208,198,189,151,163,148,137,141,126,128,129,129,128,129,128,128
194,166,200,184,198,201,208,194,213,222,226,213,202,185,158,166,153,128,127,128,131,127,126,129,128,128
187,188,182,208,210,201,211,211,218,211,218,191,190,205,171,152,164,125,131,127,130,125,126,129,128,128
187,183,207,200,192,209,217,190,209,225,202,186,185,168,170,137,151,128,130,127,129,127,127,129,128,128
190,177,191,204,203,194,190,188,208,200,204,208,177,175,164,160,128,129,127,127,129,130,129,128,128,128
169,185,197,194,204,195,186,187,181,200,198,196,161,152,124,132,128,128,128,128,128,128,128,128,128,128
170,194,207,181,184,194,200,202,202,205,191,188,166,155,153,99,128,128,128,128,128,128,128,128,128,128
124,150,215,177,178,179,182,205,194,199,193,180,158,151,144,126,128,128,128,128,128,128,128,128,128,128
111,136,176,168,177,178,186,197,215,195,183,169,163,139,158,126,128,128,128,128,128,128,128,128,128,128
91,100,137,179,187,194,169,200,203,208,184,163,138,141,143,132,128,128,128,128,128,128,128,128,128,128
91,91,92,145,196,200,192,189,197,195,176,135,151,152,128,130,128,128,128,128,128,128,128,128,128,128
91,121,137,129,182,207,199,176,198,189,153,155,152,139,137,122,128,128,128,128,128,128,128,128,128,128
89,134,141,146,174,198,180,168,180,174,152,143,152,126,126,130,128,128,128,128,128,128,128,128,128,128
