23,5,67,137,169,154,166,204,193,216,199,206,216,219,224,228,231,235,243,251,245,248,248,248,252,244
3,32,132,145,145,156,201,210,203,207,212,213,219,218,220,227,234,238,243,248,250,249,252,247,242,242
27,102,123,139,143,173,205,194,205,189,212,212,217,218,221,228,234,240,243,246,249,247,251,244,249,245
57,103,122,120,147,177,204,186,212,168,212,205,211,219,226,230,233,238,243,245,252,239,252,251,248,245
75,115,135,119,162,205,206,209,214,207,212,205,202,226,215,227,236,232,247,242,252,248,245,247,249,246
105,132,110,155,201,219,210,208,205,194,206,217,213,213,222,226,231,238,241,244,249,250,250,248,247,244
164,141,137,160,205,209,208,214,210,198,202,213,221,208,225,229,231,241,240,244,248,253,254,248,243,241
148,130,141,188,215,212,215,218,216,213,211,213,221,218,225,235,241,239,248,245,251,254,253,247,242,240
154,159,189,218,222,218,223,220,216,217,216,217,212,221,219,225,238,232,245,244,255,254,253,250,246,241
157,174,196,210,215,215,223,222,213,207,206,211,217,220,225,221,238,238,244,254,255,254,254,255,251,244
169,194,206,211,216,219,220,218,209,202,204,209,213,203,218,214,229,231,234,245,250,253,255,255,253,248
183,202,196,198,199,210,212,214,216,214,215,211,217,200,217,223,234,231,239,242,246,253,255,254,251,252
210,195,197,172,171,189,198,195,212,200,201,197,200,183,205,218,224,223,244,239,245,248,251,255,254,255
194,201,182,176,180,177,195,193,210,196,177,178,192,178,199,211,224,229,219,238,237,246,255,246,255,250
191,189,184,168,161,172,158,171,203,184,172,170,171,166,171,196,205,224,226,228,234,240,238,246,251,255
181,171,172,144,143,158,176,181,168,171,165,165,169,153,148,194,208,218,230,237,230,230,237,243,248,247
177,164,145,124,122,143,153,173,175,190,163,154,144,156,163,170,203,232,226,230,222,216,220,237,239,253
144,127,89,54,15,57,103,158,145,148,151,137,132,148,163,178,210,226,229,219,206,187,183,225,225,244
97,41,8,15,25,24,45,77,120,144,128,129,130,152,167,190,206,208,201,147,82,79,118,171,220,222
45,31,34,29,44,47,51,65,105,108,117,117,130,135,152,180,194,163,98,49,32,19,16,49,129,180
48,39,27,56,58,58,79,82,86,83,107,120,109,118,129,146,135,95,100,73,61,51,32,24,35,118
44,28,41,43,59,56,69,95,90,75,89,76,102,99,91,86,69,95,113,101,93,82,79,96,49,69
45,47,50,45,52,59,69,92,89,81,87,77,90,76,68,62,78,88,99,96,85,134,103,157,122,118
79,50,33,34,48,70,81,69,70,70,67,82,70,72,68,81,63,71,86,81,87,106,139,134,123,119
62,46,50,37,34,59,75,53,62,59,59,78,68,75,61,66,62,64,68,87,82,92,124,163,160,191
47,42,28,33,44,51,59,54,61,49,59,60,81,53,61,58,67,68,65,73,77,81,114,120,146,172
40,29,36,42,38,36,40,44,55,53,61,65,59,64,65,49,49,67,52,74,80,70,83,81,90,95
36,46,40,48,40,45,47,37,48,56,44,65,58,54,61,52,59,52,63,86,73,72,75,79,64,98
39,47,55,48,48,63,44,48,41,56,45,61,55,53,57,65,56,56,64,72,71,83,104,69,82,92
39,51,48,54,66,73,73,65,55,49,53,64,53,69,65,69,61,52,72,58,68,97,114,88,92,114
