127,130,7,12,2,3,13,10,9,5,13,19,21,25,27,27,27,37,34,38,41,30,46,53,59,66
128,127,16,3,8,1,9,3,11,11,25,25,20,27,29,33,43,40,54,56,75,66,62,63,78,88
128,128,8,3,2,2,5,11,15,10,19,21,32,36,46,55,53,52,61,74,81,85,91,95,94,105
129,128,6,1,1,1,2,8,24,15,20,25,25,39,52,59,63,64,84,85,106,107,110,105,121,124
129,128,6,1,1,2,3,9,19,25,26,33,39,51,48,59,94,80,82,96,106,111,103,123,107,104
128,128,7,2,3,5,9,16,27,22,33,41,38,56,64,61,66,80,93,99,93,109,98,126,112,94
127,129,9,4,4,7,13,23,21,27,33,33,51,61,64,70,79,81,93,87,101,105,84,83,88,79
127,129,9,4,4,8,14,24,24,18,36,41,50,60,70,63,77,76,84,81,80,78,65,74,56,58
128,128,7,3,5,9,15,23,33,32,36,38,49,57,59,64,64,72,71,64,53,61,48,42,42,39
128,127,4,1,6,11,16,23,37,36,43,53,51,58,51,48,46,42,53,46,48,38,48,51,43,48
127,128,8,6,11,13,17,29,32,35,36,46,42,42,45,53,40,52,34,46,44,43,50,50,47,44
128,126,6,9,15,17,21,33,36,33,36,38,40,47,43,45,38,35,37,32,50,39,49,42,26,31
129,125,5,10,18,21,24,33,30,34,29,33,41,43,50,38,37,24,34,38,35,53,29,38,28,27
130,126,7,10,18,24,26,29,30,26,37,29,38,44,39,37,26,13,26,24,26,33,28,34,50,37
129,128,10,11,17,27,28,25,33,34,29,34,41,31,36,25,21,23,13,25,22,27,60,70,69,49
128,128,13,14,18,28,30,26,39,25,29,30,37,36,23,22,17,9,13,7,18,31,75,104,89,55
128,126,13,18,20,25,29,28,33,28,19,30,33,29,25,19,18,11,10,16,13,47,62,105,96,61
130,124,12,21,21,22,26,28,30,27,24,29,24,26,18,20,11,15,7,13,27,22,53,68,84,68
127,129,26,16,22,22,29,28,26,27,20,27,20,27,19,18,14,17,21,25,26,38,39,47,54,60
127,127,18,14,18,26,30,30,30,28,19,23,19,26,22,23,21,28,26,40,44,46,36,47,52,45
129,128,15,15,19,31,32,32,36,33,29,31,31,35,34,34,40,41,41,58,53,59,58,55,61,74
128,129,20,19,22,30,32,32,31,32,36,39,42,40,39,38,36,55,51,54,69,79,82,87,90,92
126,128,25,19,24,25,32,33,31,35,41,45,46,43,43,45,51,57,67,64,65,75,90,85,105,100
127,128,27,18,25,24,35,39,42,44,46,50,47,48,50,57,45,54,60,57,72,79,88,108,104,124
128,129,24,21,26,29,35,39,43,46,45,53,49,53,53,60,58,52,61,64,63,82,82,97,117,97
127,128,20,24,26,33,32,33,41,46,46,60,56,62,56,61,55,59,64,68,65,89,67,79,89,111
128,125,26,26,29,33,36,42,43,50,48,56,54,70,62,66,60,68,64,68,69,64,71,81,78,81
130,128,28,26,30,34,40,50,54,56,56,61,61,63,62,72,69,76,67,74,78,84,87,89,93,87
128,128,27,27,33,36,42,56,55,49,56,68,74,61,65,81,74,81,86,79,85,79,88,87,89,99
126,128,28,30,37,38,39,50,52,62,67,65,66,65,73,78,77,83,82,85,88,93,86,79,84,98
