228,229,226,224,228,231,232,234,233,232,232,235,237,236,233,232,232,238,230,131,131,126,128,129,128,128
229,231,228,226,229,231,231,232,231,234,235,235,236,236,235,232,229,232,239,233,128,128,130,127,128,128
226,229,228,227,231,232,232,233,229,235,237,235,235,237,237,233,229,238,235,230,132,129,129,125,128,128
225,227,227,227,230,231,230,232,229,234,236,235,236,238,238,234,235,232,234,236,126,127,125,133,128,128
229,230,228,227,229,228,227,229,232,232,233,236,238,239,237,236,235,240,237,224,133,126,131,126,128,128
228,229,228,228,230,229,228,232,235,232,231,235,238,238,237,237,241,241,236,233,230,129,126,127,128,128
222,224,225,228,232,231,232,236,235,235,234,234,235,237,237,236,236,240,237,234,234,127,133,129,128,128
219,222,225,229,232,231,231,234,235,238,237,233,232,236,237,234,238,235,242,235,230,130,128,127,128,128
226,220,224,225,228,232,228,235,238,235,236,237,231,238,232,238,238,237,237,236,235,125,126,127,128,128
184,218,220,226,232,213,233,234,223,243,234,242,240,225,243,236,231,239,241,235,232,229,132,131,128,128
167,130,214,211,222,232,206,225,236,226,236,233,241,237,240,243,243,237,232,237,226,220,123,126,128,128
119,137,97,142,140,206,209,189,208,235,229,238,226,234,232,241,238,247,235,233,233,237,127,131,128,128
98,112,160,114,90,102,123,160,173,164,205,233,229,224,240,228,239,238,235,234,230,231,128,125,128,128
58,81,93,148,125,107,95,77,107,105,131,162,234,221,227,232,227,237,242,233,224,226,136,130,128,128
60,86,77,65,93,114,103,91,84,84,85,72,100,171,173,231,233,236,231,239,238,231,122,129,128,128
52,73,66,68,60,60,60,75,65,68,76,63,46,68,94,146,222,230,233,236,231,224,225,128,128,128
35,31,51,59,52,45,67,84,79,70,78,49,47,32,59,64,107,201,229,234,225,226,220,129,128,128
27,27,23,24,33,30,31,40,37,47,58,55,42,32,34,38,40,116,191,215,227,217,218,129,128,128
16,25,17,12,20,21,12,16,20,31,31,38,26,29,25,34,32,35,58,157,200,196,220,124,128,128
6,18,20,21,14,19,13,9,10,14,11,12,16,19,18,23,37,32,44,70,141,163,188,133,128,128
3,12,14,20,17,21,12,7,7,9,8,5,12,11,11,14,14,35,57,43,93,155,195,125,128,128
0,10,6,9,19,19,10,16,12,17,15,16,11,12,11,16,25,18,17,31,67,120,179,218,128,128
0,2,2,0,10,9,10,17,7,13,16,24,14,16,10,9,18,28,21,22,51,85,167,210,128,128
7,0,4,3,5,8,17,8,9,6,10,15,15,16,15,9,16,20,30,26,36,56,75,201,128,128
3,4,3,5,1,7,6,17,14,12,10,10,11,13,13,13,18,17,36,35,24,60,47,126,125,133
6,5,7,4,6,6,6,13,10,9,8,9,12,15,17,18,18,29,17,25,46,21,79,114,128,133
7,4,9,3,10,6,6,8,11,11,11,11,12,12,13,13,26,20,25,26,30,32,31,70,128,120
14,11,14,9,15,13,9,9,8,9,11,13,15,16,16,17,14,23,23,27,25,25,24,39,130,131
29,29,26,24,22,23,13,15,13,13,13,14,17,20,23,24,23,25,15,19,11,31,28,46,127,124
46,46,40,37,29,31,20,23,26,23,20,21,24,30,35,37,50,52,52,43,30,18,42,60,129,136
