52,55,62,92,103,89,91,80,97,88,85,73,69,82,87,92,99,98,107,134,123,138,146,109,135,182
55,52,62,82,71,70,75,83,79,90,73,73,84,78,74,77,70,87,116,133,167,155,156,165,189,215
48,56,64,65,86,62,68,66,83,87,76,67,78,65,60,75,73,85,97,98,145,169,155,185,190,201
40,50,53,60,66,54,58,67,61,76,70,80,57,71,68,66,61,70,70,80,123,123,121,133,185,213
42,42,49,62,72,58,69,67,69,66,68,66,49,53,63,65,51,76,79,74,89,99,87,90,115,181
46,43,61,59,57,56,71,71,60,58,63,65,64,57,52,59,62,78,65,77,72,60,80,114,98,150
58,54,66,66,59,63,67,63,62,65,69,77,60,53,57,66,54,77,61,60,98,70,82,84,144,102
67,64,69,73,66,79,58,62,71,59,64,67,66,59,45,60,75,66,87,78,93,85,82,87,95,100
70,75,80,85,70,67,66,67,60,53,58,65,70,67,61,71,77,80,76,99,97,93,129,103,102,140
111,114,131,121,116,91,89,86,71,66,63,63,86,88,106,142,107,117,102,96,99,92,123,97,96,128
144,167,153,149,146,143,117,114,106,88,98,107,121,120,125,145,154,160,149,150,143,101,124,106,105,119
148,130,127,128,125,145,162,175,169,153,157,166,168,151,145,151,173,177,176,184,189,174,155,142,136,142
105,93,95,103,113,112,133,144,150,160,161,165,135,148,109,114,144,146,163,183,195,194,190,166,156,126
80,96,94,91,78,93,83,92,111,112,118,121,104,104,109,92,109,121,118,126,158,205,200,197,206,204
88,86,97,91,86,74,91,94,94,88,100,99,89,77,79,91,90,100,101,101,114,127,158,190,217,215
85,85,87,72,79,83,88,102,101,93,87,104,84,90,88,89,97,95,86,95,95,96,104,139,176,199
74,80,85,81,69,75,94,86,87,80,96,94,79,83,80,77,84,90,87,80,90,79,84,102,106,141
73,69,69,77,76,78,91,104,85,77,90,102,89,80,75,78,78,75,88,100,97,90,80,80,88,105
60,49,44,52,47,78,82,81,74,74,79,90,81,88,71,67,78,73,73,86,91,83,82,88,69,86
62,56,54,56,56,59,56,52,50,34,52,70,74,80,58,50,48,57,65,71,84,94,74,79,64,75
107,113,119,118,119,121,102,106,83,89,95,96,99,106,109,130,105,98,106,113,95,109,109,107,75,57
126,124,131,128,136,148,141,156,164,148,139,140,138,160,144,153,150,169,162,146,175,173,170,161,171,136
154,145,148,151,158,148,158,163,171,150,156,155,161,143,160,174,160,178,177,199,197,221,229,209,196,219
182,178,178,153,145,154,175,159,191,165,162,169,152,169,174,180,184,188,200,224,228,229,238,229,223,231
186,186,187,186,182,184,183,172,164,172,162,179,189,176,199,196,202,219,218,226,231,236,234,231,233,224
178,188,190,166,188,187,194,184,154,160,169,190,188,188,191,202,216,218,225,231,224,233,224,227,222,218
153,164,167,172,171,176,176,177,165,170,178,186,185,184,183,202,209,214,225,224,227,218,221,226,214,224
139,158,155,151,165,165,160,164,154,169,177,164,185,171,181,191,186,205,213,203,219,212,222,220,222,229
144,129,145,135,139,142,162,149,136,137,157,151,153,178,161,167,181,169,190,197,201,211,216,219,226,226
131,151,129,116,126,138,129,129,113,130,117,149,165,164,155,156,179,165,176,185,190,196,197,222,211,221
