106,112,105,114,121,145,164,164,172,170,175,174,190,188,205,212,215,226,239,246,245,250,249,249,248,240
112,109,122,116,129,153,155,149,187,175,156,179,195,212,213,221,225,232,239,243,247,249,250,250,250,245
110,105,128,117,133,148,163,144,168,177,182,170,178,204,207,217,226,232,237,244,247,248,251,251,249,248
107,119,123,141,153,154,156,165,164,174,179,180,188,209,217,220,228,230,235,242,245,247,252,252,247,249
109,125,141,133,142,156,165,171,190,201,200,196,202,214,217,214,232,237,240,243,248,247,248,251,250,246
115,123,155,165,165,162,180,192,186,180,193,195,210,215,217,220,233,235,238,247,249,250,250,248,246,245
125,147,152,172,168,172,164,194,177,149,182,200,216,218,219,225,230,235,239,248,249,253,253,248,246,246
119,149,147,171,147,167,213,197,173,176,204,205,214,221,221,226,226,238,241,244,247,251,253,251,248,246
144,147,167,168,144,180,192,186,188,216,196,203,211,218,220,226,227,239,241,243,244,245,248,250,249,246
129,152,165,178,162,184,172,194,179,185,190,208,211,213,216,227,234,237,238,246,246,244,245,249,250,248
159,150,178,191,186,192,207,163,189,194,189,207,208,210,213,222,237,236,237,246,248,247,248,249,251,251
177,166,174,175,188,193,195,148,151,188,186,202,204,211,214,214,235,237,239,243,247,249,250,249,250,251
161,145,170,178,180,198,196,193,191,197,193,205,194,205,218,215,234,230,240,248,251,250,251,252,253,253
148,148,164,160,197,187,190,201,183,207,186,195,204,215,221,216,234,238,241,238,251,249,248,248,249,250
148,168,140,199,180,178,179,199,209,194,197,202,198,212,218,218,230,239,241,242,248,249,250,252,253,252
132,171,183,193,178,175,160,175,171,204,189,193,201,211,216,224,227,232,234,243,244,246,248,251,251,250
156,160,192,181,193,212,167,175,194,211,166,188,203,210,213,225,227,235,235,242,249,248,248,249,249,250
158,191,197,209,203,197,167,152,208,189,195,185,194,207,214,221,221,234,238,240,248,249,251,252,252,252
145,216,200,197,167,194,207,168,186,182,194,207,197,209,218,222,219,227,233,236,239,243,249,252,252,249
178,209,217,209,212,204,194,204,182,174,192,199,204,205,213,225,230,235,240,243,243,246,250,253,252,250
194,203,203,211,197,207,206,185,184,191,190,209,211,196,214,223,229,236,241,238,244,249,253,254,254,254
204,208,205,218,216,212,206,198,193,213,199,209,210,215,222,227,234,236,233,246,245,250,254,254,254,254
209,205,217,195,207,213,210,203,209,182,215,201,217,207,210,222,220,234,239,235,245,251,255,254,254,254
211,221,211,222,213,219,208,201,197,201,207,202,204,212,213,216,225,230,235,246,244,250,255,255,254,254
212,210,209,215,217,210,212,164,192,178,199,197,193,200,212,210,226,224,230,237,241,248,254,255,254,255
215,195,216,213,217,219,209,199,193,167,182,213,203,187,210,209,223,226,236,231,237,244,250,253,254,255
185,188,202,186,214,203,203,219,197,188,162,200,175,173,198,193,212,215,216,235,231,237,243,247,251,255
160,161,179,171,193,196,201,200,199,183,180,165,160,146,184,196,207,222,219,223,226,232,237,242,247,253
145,144,179,186,181,189,180,206,166,172,154,169,149,158,173,195,191,209,209,216,229,226,227,240,246,249
154,140,137,154,170,191,181,180,157,162,157,178,161,152,151,188,190,206,222,213,214,226,220,225,231,238
