117,115,121,107,150,139,210,225,215,224,220,201,176,175,159,151,157,166,168,182,195,214,223,216,228,229
121,87,85,73,95,130,168,158,175,198,207,211,187,176,161,164,158,152,168,177,170,209,213,220,223,226
119,76,114,92,103,107,135,171,123,139,170,165,197,188,165,167,158,165,182,168,174,175,200,219,222,223
105,101,150,109,128,82,94,112,87,105,133,151,169,212,188,161,156,177,160,186,169,183,183,207,229,222
129,167,159,119,111,84,62,69,82,70,99,129,148,164,167,167,136,149,170,176,206,186,186,213,212,229
194,195,121,145,92,81,88,61,55,51,60,77,133,124,167,167,149,125,145,156,176,196,202,216,212,219
212,168,166,143,112,97,103,55,49,43,55,69,87,83,108,106,131,111,123,135,170,190,198,208,210,224
203,178,180,158,134,100,130,70,50,44,45,45,54,56,58,100,105,110,103,139,169,192,202,196,216,225
121,170,208,187,159,108,127,116,61,47,42,43,53,41,49,70,70,102,72,110,161,188,204,209,208,223
88,103,139,189,167,155,161,96,84,67,61,38,40,68,51,62,70,75,74,93,133,177,196,209,207,219
67,78,117,139,174,167,155,152,121,83,64,45,32,62,44,42,48,53,70,67,109,124,164,219,227,226
64,61,69,67,118,157,128,131,93,63,59,73,53,47,49,37,19,51,53,75,108,124,153,164,226,226
73,51,54,64,73,84,108,85,69,59,61,71,55,60,58,68,33,50,64,57,82,129,180,177,213,231
198,150,95,48,32,32,42,38,36,45,42,55,52,44,73,54,34,46,48,73,80,108,159,197,219,225
218,176,190,108,78,36,13,11,22,30,31,39,49,52,53,60,54,46,47,63,83,111,177,213,220,228
231,217,186,143,98,81,58,37,37,23,32,21,43,43,53,53,57,64,57,61,90,127,198,213,234,226
222,218,209,214,185,198,182,144,109,69,39,41,41,41,54,75,49,56,77,102,90,131,173,225,226,231
228,226,230,237,223,232,227,213,176,144,101,73,70,58,50,60,65,67,95,93,153,172,195,214,222,227
227,235,233,234,235,235,232,228,199,167,147,120,74,63,55,74,74,71,88,107,124,182,214,224,240,228
230,234,235,234,235,232,229,220,211,179,160,137,125,88,79,78,109,77,92,135,159,172,219,230,217,236
228,226,223,228,231,234,235,226,222,201,182,164,131,109,100,92,94,96,106,124,150,171,201,221,225,237
215,222,228,230,232,229,229,226,217,214,210,204,172,140,114,112,102,114,111,148,159,177,186,221,230,228
204,222,230,216,232,227,214,225,228,226,207,220,168,155,132,114,133,116,129,137,163,192,207,225,222,231
195,196,218,220,223,224,223,218,219,231,217,223,214,177,146,152,134,133,125,160,153,187,202,213,208,228
170,205,202,205,219,222,221,221,219,226,214,208,210,203,179,167,138,142,146,139,183,195,216,225,232,222
166,170,196,189,201,218,221,214,213,227,223,220,208,204,181,157,155,158,152,161,160,167,219,220,228,228
148,152,160,208,195,191,201,198,217,222,215,201,211,211,197,172,167,180,178,178,179,192,220,224,238,226
136,137,164,168,174,179,199,202,193,214,208,194,212,214,195,171,177,204,192,192,199,203,216,226,231,239
154,139,146,184,179,195,190,176,208,202,208,214,213,213,201,204,194,173,187,211,186,220,220,226,225,228
152,151,168,204,195,182,191,196,200,197,171,204,225,221,188,209,214,220,220,207,193,199,219,222,227,223
