96,120,119,121,109,116,115,112,123,115,137,125,120,130,118,117,98,116,128,129,130,129,135,131,138,144
93,100,100,115,116,116,126,106,111,112,114,129,122,129,119,108,120,123,131,153,139,147,116,147,148,129
97,101,103,104,109,110,113,116,114,106,100,106,96,114,130,141,130,120,119,132,136,149,147,145,147,141
81,86,95,105,114,104,114,109,107,105,89,101,107,95,120,117,144,162,134,129,136,147,155,153,130,114
92,94,90,83,101,109,113,112,114,110,108,104,92,122,110,111,144,131,157,161,161,157,138,148,109,120
81,82,79,74,79,93,96,103,108,99,106,101,100,103,103,123,121,126,132,142,170,161,152,138,125,125
75,66,64,69,87,79,96,100,113,109,101,111,109,105,116,129,170,138,161,159,170,159,148,127,130,125
71,68,64,65,85,81,99,100,122,128,119,117,123,103,128,148,148,160,172,183,193,172,139,133,124,127
90,79,74,83,86,85,92,83,100,105,108,104,139,124,141,154,168,180,176,200,183,168,163,149,139,132
36,39,84,153,181,147,154,125,125,125,123,156,149,158,160,162,139,109,133,163,164,152,139,115,73,76
13,15,35,119,152,167,163,180,119,131,82,62,35,41,49,39,59,35,66,171,150,95,77,96,107,113
21,16,24,101,160,182,195,167,142,133,80,43,22,11,18,26,27,23,91,164,117,93,157,204,185,212
47,13,21,69,152,153,93,83,90,87,75,75,75,90,84,61,21,24,117,155,120,136,216,207,204,186
56,19,7,32,47,42,58,76,76,87,92,94,91,93,102,113,158,132,156,168,157,167,219,218,207,211
63,30,28,40,40,42,60,77,92,119,116,131,123,109,106,113,122,198,199,176,174,181,218,224,206,204
65,29,44,40,26,48,68,95,109,145,154,154,143,153,115,104,108,126,187,158,162,140,217,225,227,215
58,44,52,37,27,60,95,87,141,176,164,156,176,165,161,121,75,68,148,180,183,92,228,220,226,206
59,43,57,25,32,75,105,143,159,170,177,182,199,198,189,156,90,48,140,171,198,128,146,228,219,206
74,33,71,26,43,97,129,182,174,178,165,184,195,202,194,196,144,65,106,202,186,154,93,218,207,211
76,62,55,39,79,126,154,148,158,171,177,194,193,212,220,215,193,102,81,217,184,159,86,85,121,109
81,64,44,56,102,152,149,176,171,162,173,200,191,202,209,215,229,180,80,234,152,149,68,74,141,238
80,63,62,86,135,156,143,161,169,172,186,203,203,214,216,221,222,221,147,208,150,161,59,94,121,230
73,64,77,133,138,160,152,164,157,161,199,209,196,213,219,226,226,227,222,133,193,173,94,64,96,170
57,68,112,171,164,139,162,173,175,189,183,202,176,209,224,227,229,222,231,167,176,138,158,170,149,208
64,92,134,135,174,157,176,165,184,185,205,209,216,224,220,220,232,239,226,238,145,189,190,214,194,218
81,121,158,162,163,171,173,182,189,198,206,210,222,221,227,229,230,231,233,237,229,219,215,206,213,181
119,154,156,179,153,165,176,195,187,206,199,214,220,225,229,232,236,236,235,237,240,237,246,220,205,194
125,147,169,167,175,177,188,191,208,209,221,219,221,226,229,232,236,236,236,237,236,240,255,205,200,159
146,141,155,164,155,172,179,185,188,193,213,217,224,228,231,233,237,238,237,239,240,239,243,225,169,163
149,159,149,163,175,177,160,176,183,212,218,218,227,231,233,235,239,240,239,240,240,232,237,255,146,132
