132,126,127,131,131,170,181,199,188,187,179,178,198,192,193,190,191,196,170,201,159,160,164,185,171,159
126,129,128,127,128,190,180,182,178,175,193,199,192,188,165,184,191,199,179,176,158,185,170,165,151,147
126,129,127,129,133,125,172,179,184,188,187,189,181,194,197,185,191,185,179,172,171,155,147,166,138,147
129,127,126,129,122,133,182,200,193,194,192,183,187,195,202,160,165,189,188,163,186,166,155,131,131,130
128,128,130,130,129,123,185,180,187,183,195,178,183,191,199,183,174,177,164,178,168,172,126,70,86,134
131,124,130,132,121,132,180,183,196,194,191,184,195,203,200,183,174,167,175,151,169,145,130,131,131,110
130,126,127,132,127,128,127,180,201,198,200,195,194,188,188,196,198,174,174,165,165,163,143,146,149,142
127,132,127,126,128,131,125,174,184,203,190,190,195,191,183,192,177,179,164,176,162,145,138,148,140,140
126,131,126,127,130,127,129,191,188,200,178,204,182,183,179,193,179,154,156,159,148,135,144,164,142,139
127,128,127,129,129,126,130,182,167,183,189,189,187,186,190,170,157,151,151,144,142,158,166,143,135,143
127,129,130,127,125,130,126,136,154,168,167,186,193,199,178,182,172,164,144,157,144,174,134,147,154,117
129,126,130,129,125,129,126,123,151,163,177,168,177,186,184,175,158,148,162,169,175,153,182,143,132,129
129,125,128,130,128,126,128,136,165,160,175,185,176,166,170,164,173,174,163,162,172,146,145,159,148,142
127,131,128,124,130,130,125,127,186,177,183,175,203,170,184,169,172,171,171,156,151,146,146,131,139,124
128,128,128,128,128,128,128,128,131,191,191,192,193,184,186,180,183,191,156,165,166,168,148,135,139,141
128,128,128,128,128,128,128,128,125,174,176,193,182,175,152,194,157,164,180,165,144,136,136,146,133,122
128,128,128,128,128,128,128,128,130,179,180,167,185,166,171,166,150,166,184,184,172,141,121,139,141,139
128,128,128,128,128,128,128,128,131,171,181,180,180,162,186,170,183,173,175,158,168,164,126,147,139,130
128,128,128,128,128,128,128,128,128,129,189,180,185,171,176,188,171,173,162,151,149,146,142,127,128,128
128,128,128,128,128,128,128,128,125,127,182,179,179,184,158,181,178,175,154,152,128,141,122,131,133,115
128,128,128,128,128,128,128,128,129,131,168,178,179,164,166,174,169,173,144,158,142,140,120,127,121,91
128,128,128,128,128,128,128,128,127,128,128,177,158,188,186,168,136,133,159,144,146,137,137,116,85,87
128,128,128,128,128,128,128,128,131,124,132,167,163,162,156,162,148,154,150,151,144,139,115,93,85,88
128,128,128,128,128,128,128,128,129,125,123,167,187,158,162,155,167,145,159,131,128,97,85,88,84,73
128,128,128,128,128,128,128,128,128,129,130,130,179,163,175,159,160,156,119,97,118,109,97,85,68,61
128,128,128,128,128,128,128,128,124,132,127,125,195,176,179,143,157,142,137,149,138,136,98,86,64,51
128,128,128,128,128,128,128,128,133,118,132,131,172,178,148,157,149,140,141,134,134,116,75,53,61,33
128,128,128,128,128,128,128,128,127,133,123,126,129,169,157,165,175,149,142,145,122,94,87,58,33,23
128,128,128,128,128,128,128,128,123,130,130,127,129,177,168,148,165,150,138,124,115,117,61,26,17,25
128,128,128,128,128,128,128,128,131,126,124,131,128,126,170,158,166,151,128,119,102,85,57,41,29,23
