247,244,245,251,251,253,255,252,255,255,243,144,92,94,96,104,131,120,141,152,164,186,167,194,200,198
229,244,244,245,250,248,255,253,254,248,238,123,104,99,95,101,106,128,131,153,149,162,165,195,199,192
218,226,237,238,252,248,255,255,251,248,218,122,104,113,110,92,111,128,125,140,152,163,174,184,198,183
157,209,221,228,241,240,242,245,245,246,216,117,128,118,123,127,107,117,122,127,140,147,169,163,191,206
87,130,188,207,216,235,242,245,251,242,194,113,122,133,138,136,113,112,118,131,143,143,164,167,183,190
2,42,102,138,153,205,231,236,244,221,159,130,131,144,131,131,128,106,129,109,123,146,151,167,183,176
19,9,40,81,120,174,214,226,227,202,169,162,151,128,130,144,147,119,116,129,134,142,151,169,153,195
94,34,31,52,96,123,182,220,182,154,169,190,156,154,144,136,159,131,126,113,144,149,154,150,166,192
117,99,69,91,98,139,175,191,216,173,183,175,190,151,155,146,153,130,123,137,131,139,165,158,167,168
132,118,98,88,165,167,207,218,212,199,218,181,177,188,163,149,148,148,123,117,125,143,141,159,162,185
131,121,142,186,206,215,218,210,209,217,199,192,187,212,193,170,159,143,113,121,147,140,152,144,159,155
147,144,156,171,187,209,203,224,185,207,223,202,198,205,197,180,135,147,152,106,135,139,152,161,156,175
109,116,145,145,203,216,229,220,217,223,212,197,216,192,216,199,187,168,168,147,159,125,170,154,158,168
68,57,71,102,181,203,224,224,211,212,217,197,218,219,206,214,216,204,187,166,156,152,138,168,152,163
50,46,73,105,132,186,178,156,211,211,216,200,200,228,215,212,211,196,212,204,181,142,162,144,147,182
47,65,66,61,86,111,136,172,144,204,160,172,220,213,211,209,211,191,189,199,154,171,141,145,148,169
35,49,65,63,81,91,141,132,126,125,185,173,209,197,210,208,206,197,181,195,178,178,172,141,153,173
48,50,66,80,54,73,93,66,103,88,107,130,128,173,129,174,195,155,185,199,170,161,174,171,154,155
66,73,68,71,72,72,74,61,28,80,83,126,133,75,130,114,151,164,166,187,189,209,194,197,159,158
61,69,65,42,64,69,56,42,57,56,104,85,111,98,70,72,95,115,139,132,191,177,193,182,153,165
82,73,73,60,67,46,51,59,53,50,60,66,63,76,51,33,78,85,114,120,176,169,180,187,169,163
130,96,71,64,69,58,71,70,75,51,51,60,41,43,47,40,43,68,134,110,90,179,170,182,189,138
151,118,81,80,87,66,114,91,61,62,42,35,35,22,33,27,38,43,60,105,91,88,153,139,210,171
190,183,120,123,89,107,100,77,70,54,53,48,33,27,23,26,36,30,34,48,65,65,72,103,78,166
167,194,194,182,140,189,148,84,67,77,41,54,39,28,19,17,30,24,33,40,34,42,44,76,134,82
107,138,204,197,214,188,144,123,79,73,65,58,41,33,39,18,17,22,26,31,26,22,34,60,57,120
72,86,125,186,211,181,158,147,112,90,63,75,70,42,18,30,26,23,15,28,24,35,42,42,50,75
61,54,71,110,150,173,175,203,139,115,94,59,84,51,46,25,37,20,19,29,25,24,26,36,34,60
57,38,68,68,86,128,132,213,197,126,112,101,99,85,41,37,30,29,26,10,33,37,24,25,30,46
52,49,50,59,55,81,93,128,164,175,129,124,104,71,54,35,34,39,30,24,25,24,31,26,17,30
