92,85,77,85,74,56,58,63,63,75,78,96,131,150,110,172,190,157,162,200,214,226,185,144,112,97
86,69,69,61,68,49,57,53,55,67,78,96,92,105,156,108,122,144,162,190,207,218,199,176,118,89
48,48,30,45,60,58,52,50,64,66,83,67,94,81,98,65,59,102,166,152,200,226,220,198,191,164
58,66,76,75,59,75,75,47,55,77,101,97,92,90,75,59,52,89,130,131,166,209,197,218,207,210
61,42,62,54,71,54,66,57,55,86,91,91,85,68,74,39,66,98,113,126,190,188,177,194,204,216
38,52,58,60,63,79,57,49,67,95,90,101,96,64,52,76,88,85,83,183,149,157,173,176,185,188
56,55,71,52,48,45,57,67,75,98,113,71,68,73,58,72,87,88,103,157,158,188,185,144,133,160
63,74,79,72,64,78,77,81,90,80,92,69,61,78,64,80,123,114,103,99,179,140,138,120,93,123
66,76,73,74,55,90,100,82,93,84,87,101,50,40,68,88,120,122,113,121,120,103,134,119,106,152
45,71,62,96,79,81,53,51,83,78,54,33,54,57,57,86,126,117,114,117,123,112,133,176,163,163
67,61,63,85,71,58,83,81,70,69,41,64,31,48,64,82,120,130,144,108,125,132,133,158,135,158
54,66,74,87,75,55,69,77,64,66,55,58,60,54,51,42,109,128,134,131,123,169,157,132,145,109
62,65,70,66,94,71,81,64,64,75,64,61,56,56,57,80,124,127,137,151,144,144,136,135,103,121
75,107,93,90,100,81,72,57,78,68,66,56,61,63,61,83,136,191,162,192,182,203,150,134,184,112
100,95,91,84,84,95,88,81,64,62,58,50,79,66,71,111,179,184,189,217,197,214,196,183,192,180
104,94,123,107,99,112,115,138,165,100,91,88,117,94,144,141,164,195,184,190,188,195,231,217,200,193
87,78,97,79,117,123,110,150,166,152,105,119,135,142,121,166,166,189,200,207,205,202,206,217,220,202
73,57,66,61,69,70,95,120,135,121,113,119,145,154,128,134,122,160,115,130,189,188,188,214,212,197
50,62,45,64,59,55,81,79,82,128,118,115,92,101,138,106,109,124,116,102,99,99,148,196,207,210
55,53,40,46,50,51,61,68,73,61,87,92,86,76,92,105,96,123,102,82,93,90,83,120,119,181
47,50,44,46,51,47,57,51,56,49,62,68,69,80,96,93,92,88,97,79,62,59,67,66,43,87
43,37,49,50,49,50,58,66,37,41,44,62,74,77,75,81,66,72,85,76,66,38,36,53,50,53
24,38,45,39,39,38,41,66,40,47,51,69,68,64,38,61,58,88,52,56,50,43,40,36,39,39
30,42,23,37,27,34,41,53,61,40,61,54,82,74,54,48,40,57,35,30,33,29,21,30,18,24
5,8,17,19,17,27,26,34,38,50,42,36,52,54,44,17,22,28,10,20,15,26,21,12,14,9
17,16,8,5,27,9,10,6,12,9,2,6,7,19,18,23,27,19,39,31,27,32,35,27,24,10
30,26,26,25,22,33,28,28,18,26,37,29,29,41,49,36,59,52,64,70,73,71,75,107,67,61
60,72,48,40,58,48,65,77,70,42,55,83,58,61,90,77,87,88,102,81,144,131,145,146,185,154
92,109,69,99,81,77,86,98,95,99,92,144,92,113,82,93,97,109,155,135,166,198,204,203,218,220
149,118,124,88,107,107,97,80,119,114,137,170,153,148,123,142,114,160,175,177,199,214,223,234,220,242
