61,60,85,83,89,84,55,84,97,62,58,91,56,110,104,84,80,50,99,89,90,94,62,82,58,69
34,51,74,50,58,101,67,52,60,78,56,80,100,96,72,55,59,36,90,91,84,94,83,60,60,60
38,59,84,46,40,25,66,49,53,60,76,100,94,99,79,74,44,94,92,103,66,84,81,90,76,84
77,64,83,87,53,73,33,41,40,58,62,69,70,66,105,66,45,95,106,87,98,109,61,65,53,82
61,44,110,106,102,58,74,70,46,25,44,53,49,42,30,65,108,110,91,95,96,96,82,100,68,82
88,75,106,87,85,90,62,71,54,61,70,51,62,81,95,106,110,118,113,123,100,112,95,92,89,96
60,82,171,139,42,67,86,85,97,65,87,91,80,109,99,92,139,102,123,149,126,88,88,76,83,82
62,69,86,113,91,79,78,72,96,67,74,68,72,84,109,140,127,129,147,142,127,89,60,88,80,91
21,94,97,94,81,96,79,85,100,101,111,93,123,115,127,143,143,106,153,150,121,107,99,89,81,70
19,75,122,85,80,93,108,80,91,84,92,84,105,72,128,124,120,125,104,95,114,106,110,96,102,87
20,109,122,96,99,107,100,112,95,96,58,93,92,68,77,145,120,128,123,104,146,113,121,111,102,91
25,143,127,131,121,99,78,101,86,90,112,128,117,104,90,118,132,131,151,137,136,123,113,123,97,105
91,111,122,115,95,116,137,116,101,109,119,132,112,149,138,118,129,142,136,151,115,122,142,130,123,103
116,148,153,117,128,119,114,109,131,118,130,123,143,124,148,147,154,163,169,159,158,149,140,106,112,116
140,138,152,123,116,94,158,131,144,164,147,138,165,127,130,152,141,141,113,182,127,130,151,144,121,93
151,142,111,151,101,99,130,128,159,163,128,166,138,153,125,159,159,160,170,167,163,151,159,160,156,131
134,135,163,163,118,117,116,139,158,139,144,160,143,154,176,158,153,156,171,177,169,164,163,164,145,127
150,127,152,133,130,118,92,130,144,145,154,146,165,161,162,150,168,166,183,178,164,179,174,165,176,161
155,145,149,112,109,138,134,134,144,131,141,159,160,161,161,173,175,182,186,202,185,190,185,158,165,163
145,153,144,111,120,146,139,152,131,123,134,177,165,160,184,160,159,179,187,203,197,204,211,183,179,200
166,165,135,110,116,152,113,135,120,129,94,166,177,173,193,184,166,143,198,197,180,176,181,186,193,197
179,145,143,132,134,138,147,155,158,212,152,179,184,197,191,190,177,192,183,199,179,187,196,193,189,180
152,158,122,142,165,154,146,131,184,158,158,174,191,188,185,178,190,205,196,202,179,197,202,188,172,192
159,161,126,156,171,145,147,160,184,167,167,173,171,195,184,186,184,152,175,182,183,185,181,206,181,178
169,177,173,132,162,147,142,155,160,154,158,167,188,174,193,188,180,169,172,178,180,184,184,101,135,182
175,155,156,152,146,141,140,178,165,136,164,160,168,180,188,197,186,176,181,166,169,148,167,180,166,169
144,169,153,136,143,146,157,163,129,156,157,149,169,167,148,181,186,170,172,171,173,141,91,117,158,124
179,164,162,147,136,155,161,152,139,117,148,157,127,138,152,155,179,113,136,168,166,141,128,66,65,104
172,181,158,167,139,142,123,128,132,133,97,101,128,120,148,137,105,102,105,90,100,93,86,62,81,72
139,177,163,170,147,145,128,125,114,100,68,76,64,81,86,63,83,78,84,52,54,39,49,55,54,85
