130,130,127,130,131,136,128,124,136,118,128,143,123,125,124,116,107,130,116,107,120,117,120,120,109,120
126,130,126,130,126,135,139,138,144,124,123,131,136,139,124,107,105,115,117,106,124,130,131,121,123,119
127,130,126,130,125,131,135,133,136,122,117,127,119,135,132,135,132,113,120,110,121,104,125,121,108,100
131,130,127,131,128,128,116,111,143,131,126,151,124,148,127,108,121,114,83,123,101,112,117,117,104,108
124,127,129,129,125,128,122,136,143,132,143,118,119,132,112,124,109,125,139,113,117,137,128,99,87,97
129,127,128,128,129,131,116,129,171,127,114,146,133,97,99,127,98,104,100,107,110,101,98,101,101,94
129,127,127,129,127,130,129,110,129,123,118,130,132,120,123,127,112,117,107,85,81,111,107,96,116,102
126,127,129,131,128,127,122,102,107,145,117,126,109,124,127,124,120,104,104,111,112,115,103,95,136,121
129,128,127,128,127,130,131,117,127,129,143,117,101,109,136,127,110,89,118,105,120,113,121,126,107,123
127,128,127,129,128,128,126,114,112,117,127,130,113,120,105,129,113,113,90,102,115,125,126,110,122,118
128,129,126,128,128,128,128,121,112,108,112,108,128,103,107,116,116,117,116,109,109,130,110,138,107,150
130,130,125,125,128,129,135,134,108,86,102,113,127,108,103,98,130,119,122,97,116,119,101,118,112,120
126,129,127,129,130,125,124,122,102,81,89,101,115,115,98,113,125,107,117,107,120,144,111,123,118,109
127,130,126,128,130,127,129,130,109,92,98,119,107,110,119,97,121,102,97,100,110,114,122,126,113,110
128,128,128,128,128,128,128,128,128,96,87,104,101,106,118,125,104,135,113,125,118,121,106,113,115,112
128,128,128,128,128,128,128,128,129,115,106,97,104,136,131,114,122,125,113,118,117,130,124,113,91,107
128,128,128,128,128,128,128,128,129,102,96,85,106,156,95,118,103,105,116,140,110,108,97,117,132,91
128,128,128,128,128,128,128,128,127,88,85,89,117,127,117,125,116,100,104,101,114,114,108,117,109,116
128,128,128,128,128,128,128,128,129,125,76,81,104,117,123,117,103,103,121,128,134,123,105,102,88,104
128,128,128,128,128,128,128,128,127,130,75,88,52,95,107,108,120,112,109,138,115,120,112,114,100,97
128,128,128,128,128,128,128,128,130,125,69,56,75,89,111,94,97,105,113,123,126,115,128,106,95,95
128,128,128,128,128,128,128,128,126,129,131,50,69,89,104,92,109,107,88,97,121,97,116,107,99,101
128,128,128,128,128,128,128,128,128,128,129,54,80,94,88,89,97,116,117,98,95,96,101,101,96,90
128,128,128,128,128,128,128,128,128,128,133,70,72,83,101,79,96,86,108,99,105,98,110,90,120,113
128,128,128,128,128,128,128,128,129,128,120,131,51,60,92,99,82,97,109,110,92,92,99,86,101,87
128,128,128,128,128,128,128,128,126,132,132,126,79,72,69,85,86,122,77,88,118,97,99,83,108,99
128,128,128,128,128,128,128,128,128,125,129,126,63,84,67,93,83,79,76,101,84,101,93,108,120,112
128,128,128,128,128,128,128,128,133,126,126,131,130,73,79,80,79,84,85,93,105,93,111,111,118,102
128,128,128,128,128,128,128,128,126,125,131,126,126,58,75,53,70,77,86,92,95,108,106,96,123,102
128,128,128,128,128,128,128,128,129,130,126,133,126,129,58,70,69,66,89,96,108,132,112,111,95,113
