127,150,128,127,127,147,170,164,176,176,190,183,175,161,163,146,145,117,156,137,143,119,146,134,155,147
124,140,119,132,134,149,165,173,183,195,176,170,163,171,172,151,141,153,123,140,137,125,119,158,171,148
136,131,129,132,137,137,132,176,180,146,171,184,181,179,185,152,146,156,132,122,132,132,140,124,163,137
135,122,148,132,141,126,142,155,149,188,162,162,159,184,175,139,170,172,142,155,167,124,135,125,154,142
120,132,137,137,131,147,158,146,146,174,178,172,145,177,152,180,147,157,166,150,147,143,148,130,127,167
108,135,138,132,135,136,147,131,178,153,159,149,152,177,160,156,149,146,131,138,147,152,143,145,137,142
145,135,137,146,150,150,147,126,152,161,144,122,157,152,158,143,152,148,166,138,123,150,132,135,139,172
160,154,163,144,165,139,161,170,168,165,149,141,149,163,157,149,157,179,170,160,141,139,145,153,148,144
147,170,158,158,141,140,155,152,169,153,173,144,158,165,177,184,166,168,125,153,171,145,148,148,136,133
164,163,162,138,154,135,157,169,177,140,152,163,166,169,167,148,147,152,154,168,172,140,136,145,168,140
155,137,153,136,171,174,152,162,149,175,159,160,149,167,178,157,162,134,146,185,137,154,158,151,178,150
167,156,130,153,166,137,163,170,173,182,163,173,182,172,168,142,150,162,147,137,141,135,121,148,179,161
150,154,146,161,169,149,182,191,179,150,180,182,164,174,168,157,166,169,146,154,159,162,146,148,155,171
172,150,153,164,166,209,170,179,179,178,166,178,197,185,160,162,161,169,179,165,147,153,159,159,159,178
160,156,138,166,187,165,156,166,169,196,174,192,185,163,140,184,194,178,161,151,152,165,179,178,161,170
173,172,155,159,155,182,178,181,192,181,177,172,183,174,159,172,141,156,159,167,178,171,157,169,159,167
182,171,158,159,184,179,188,182,176,197,179,187,162,159,189,161,171,168,185,166,172,172,187,176,167,170
161,155,176,183,179,152,183,196,184,188,189,167,168,179,170,151,177,188,163,179,182,170,164,164,187,175
148,162,168,194,159,173,180,184,171,187,190,178,196,190,164,163,157,144,170,179,153,187,189,167,168,182
153,159,185,185,179,162,159,195,186,193,183,178,178,180,189,168,183,184,179,167,180,179,190,198,174,152
157,154,164,172,178,186,180,167,172,193,193,185,182,173,179,174,185,180,169,173,186,198,192,166,191,135
183,172,164,176,189,187,173,171,166,188,191,194,196,158,177,174,175,185,185,155,181,179,176,193,177,186
150,187,180,168,151,179,162,191,188,185,167,188,186,164,167,179,160,142,164,158,178,183,193,177,163,178
180,177,171,169,157,154,137,172,180,187,191,165,166,143,165,175,138,178,156,185,162,193,171,179,173,171
174,180,168,187,161,174,150,149,161,176,179,177,174,169,177,167,164,144,146,161,180,156,157,143,150,167
157,158,158,150,149,166,153,175,146,145,159,161,175,167,161,154,138,131,152,173,130,160,168,155,186,170
162,157,165,173,156,134,127,142,151,138,160,159,145,132,129,136,138,161,151,131,138,143,176,160,177,161
160,162,151,158,150,147,154,111,149,143,143,131,144,122,130,133,122,126,112,123,135,119,137,130,154,153
138,151,153,152,132,152,151,115,135,137,126,138,103,110,124,116,111,104,102,110,103,115,115,114,110,110
99,149,135,119,118,120,113,127,133,109,95,107,130,118,105,110,124,97,105,106,109,105,93,94,85,92
