176,170,182,188,193,184,195,206,196,199,195,201,203,209,199,196,201,207,199,199,198,194,181,218,210,196
173,183,185,175,194,194,190,194,203,198,197,205,202,207,212,215,212,210,194,196,201,197,197,188,210,206
175,185,201,193,191,189,190,195,200,194,208,201,192,203,207,211,204,205,202,202,211,205,199,204,210,211
196,185,196,194,187,188,200,208,205,204,215,204,207,213,205,216,206,198,206,204,209,209,201,198,206,187
194,199,187,204,181,190,196,200,204,209,200,205,219,211,210,226,219,206,200,205,206,183,220,209,208,209
187,190,202,188,202,200,203,206,206,220,211,214,215,206,213,209,210,221,204,210,225,199,216,210,217,198
202,192,191,208,207,199,205,209,202,212,220,215,217,220,217,204,205,222,209,206,215,214,212,217,207,216
194,203,192,196,195,204,206,205,209,203,216,220,210,223,209,222,223,210,205,198,213,199,211,209,225,217
208,203,191,210,210,203,213,210,208,188,208,197,220,219,222,217,213,206,213,220,207,218,212,214,218,221
197,202,209,206,205,222,201,213,231,211,209,207,218,209,209,224,224,216,210,217,216,233,223,226,228,220
200,203,212,220,206,214,213,227,220,210,217,213,214,208,226,218,224,194,207,215,201,223,214,214,217,212
210,212,202,212,219,211,222,216,215,213,211,216,220,220,224,220,218,211,211,210,211,219,220,222,223,221
224,204,222,220,221,209,218,207,206,209,208,216,222,222,218,219,219,222,211,199,198,189,208,218,215,215
195,199,213,200,214,214,210,214,207,208,217,219,213,212,218,214,219,211,213,210,194,196,218,215,205,213
183,189,198,204,215,223,204,206,225,218,214,217,205,205,206,217,215,217,215,221,190,207,213,206,208,221
189,188,190,200,212,199,216,205,206,197,210,202,200,202,218,211,215,197,202,200,210,218,196,194,202,193
184,182,186,184,202,215,222,212,210,214,206,199,214,202,208,198,194,200,204,198,194,188,183,177,198,198
187,166,189,189,206,199,215,198,200,205,185,188,188,217,195,193,200,201,196,191,194,180,175,178,168,168
137,107,154,180,181,189,195,180,190,207,201,183,189,178,187,180,189,183,197,186,180,183,182,154,132,138
108,137,137,160,185,191,186,185,183,188,193,188,189,184,191,184,180,189,187,168,156,151,117,147,88,92
115,103,143,125,163,163,175,175,162,177,174,190,187,173,163,190,190,174,188,178,132,126,120,116,103,79
120,116,101,95,126,136,147,161,158,175,173,169,180,165,154,157,160,146,161,147,134,112,99,90,94,82
110,97,83,94,105,112,122,154,165,165,186,183,173,171,147,163,160,150,128,151,138,114,66,58,57,71
91,74,70,83,114,120,143,131,130,138,168,177,165,159,135,149,130,115,127,119,118,111,63,54,62,56
79,65,67,85,92,109,107,128,139,143,145,138,131,144,165,147,117,116,112,104,116,94,75,64,48,67
61,77,67,72,92,105,128,130,127,129,132,134,126,147,134,126,121,99,105,129,118,116,76,61,70,61
78,75,71,97,81,114,99,113,107,140,105,107,117,148,122,121,127,119,131,107,111,112,91,73,59,71
72,79,74,80,79,94,99,106,140,112,110,105,145,112,130,164,130,123,152,116,120,100,93,92,70,85
68,79,74,69,87,99,104,111,121,131,143,118,163,136,147,143,146,166,155,146,154,109,119,86,88,88
82,74,79,100,93,105,121,121,114,132,148,159,163,177,164,180,181,165,179,174,163,142,142,115,89,76
