128,128,128,128,128,128,128,128,126,128,128,132,125,126,56,62,88,103,113,119,108,148,151,144,145,134
128,128,128,128,128,128,128,128,131,126,129,125,127,131,46,76,79,74,92,114,105,108,122,135,149,117
128,128,128,128,128,128,128,128,127,128,127,128,124,130,133,67,94,85,79,105,145,122,124,129,140,139
128,128,128,128,128,128,128,128,126,124,131,128,131,121,126,61,74,74,91,96,93,107,111,123,142,142
128,128,128,128,128,128,128,128,130,127,127,127,125,132,124,131,65,66,88,94,119,95,118,124,150,142
128,128,128,128,128,128,128,128,124,130,127,135,123,126,136,125,53,82,68,91,107,108,97,115,135,125
128,128,128,128,128,128,128,128,132,128,126,124,131,126,127,129,130,49,67,86,92,95,85,124,116,123
128,128,128,128,128,128,128,128,125,131,124,131,127,132,124,128,129,46,62,64,87,75,118,111,104,117
128,128,128,128,128,128,128,128,128,128,128,128,128,128,128,128,128,35,47,60,71,68,95,116,107,106
128,128,128,128,128,128,128,128,128,128,128,128,128,128,128,128,128,126,51,52,60,70,76,92,79,81
128,128,128,128,128,128,128,128,128,128,128,128,128,128,128,128,128,127,34,42,49,57,55,78,76,76
128,128,128,128,128,128,128,128,128,128,128,128,128,128,128,128,125,130,124,27,43,44,53,47,65,54
128,128,128,128,128,128,128,128,128,128,128,128,128,128,128,128,132,124,129,19,39,29,32,53,64,75
128,128,128,128,128,128,128,128,128,128,128,128,128,128,128,128,125,128,125,130,34,34,30,38,56,71
128,128,128,128,128,128,128,128,128,128,128,128,128,128,128,128,131,127,131,130,121,25,38,37,33,52
128,128,128,128,128,128,128,128,128,128,128,128,128,128,128,128,127,129,127,127,128,29,23,27,21,47
128,128,128,128,128,128,128,128,128,128,128,128,128,128,128,128,127,128,128,129,125,129,24,30,30,32
128,128,128,128,128,128,128,128,128,128,128,128,128,128,128,128,130,126,124,135,127,130,11,20,32,28
128,128,128,128,128,128,128,128,128,128,128,128,128,128,128,128,127,130,131,124,126,128,130,14,15,24
128,128,128,128,128,128,128,128,128,128,128,128,128,128,128,128,131,129,125,124,130,130,125,8,15,19
128,128,128,128,128,128,128,128,128,128,128,128,128,128,128,128,125,128,130,136,126,135,127,133,5,16
128,128,128,128,128,128,128,128,128,128,128,128,128,128,128,128,131,129,128,127,123,122,130,124,128,5
128,128,128,128,128,128,128,128,128,128,128,128,128,128,128,128,126,129,129,127,130,133,126,131,127,12
128,128,128,128,128,128,128,128,128,128,128,128,128,128,128,128,129,127,129,126,130,125,129,128,128,129
128,128,128,128,128,128,128,128,128,128,128,128,128,128,128,128,128,128,128,128,128,128,128,128,130,128
128,128,128,128,128,128,128,128,128,128,128,128,128,128,128,128,128,128,128,128,128,128,128,128,131,129
128,128,128,128,128,128,128,128,128,128,128,128,128,128,128,128,128,128,128,128,128,128,128,128,123,129
128,128,128,128,128,128,128,128,128,128,128,128,128,128,128,128,128,128,128,128,128,128,128,128,131,133
128,128,128,128,128,128,128,128,128,128,128,128,128,128,128,128,128,128,128,128,128,128,128,128,121,133
128,128,128,128,128,128,128,128,128,128,128,128,128,128,128,128,128,128,128,128,128,128,128,128,134,122
