119,112,123,121,116,114,134,107,106,117,139,142,148,156,116,125,111,134,108,79,47,47,48,31,63,112
98,93,108,108,101,115,101,137,118,131,133,151,164,148,154,145,144,132,142,95,72,41,26,32,44,62
98,105,126,96,102,133,113,117,136,154,119,158,128,158,157,134,141,135,130,134,82,88,57,47,59,67
112,109,93,103,131,124,129,139,150,157,129,150,168,150,154,141,135,160,141,98,118,93,82,78,62,54
85,121,116,115,110,105,123,144,153,126,136,166,158,148,146,170,150,141,150,121,86,80,87,70,64,83
97,141,126,103,119,118,126,146,145,135,159,161,177,146,164,165,166,157,134,122,103,83,91,82,66,70
108,123,91,112,101,117,116,143,126,132,149,141,154,150,142,155,102,136,125,125,102,68,88,86,66,54
128,121,114,109,94,97,94,139,128,143,146,121,143,138,108,122,128,121,99,102,115,82,78,84,92,40
152,136,125,120,103,122,113,116,159,145,128,129,138,121,127,109,106,109,82,77,91,85,70,62,53,59
127,122,139,114,120,126,126,114,116,135,124,133,96,115,87,101,91,85,100,88,91,78,65,45,58,50
122,127,102,110,130,107,133,134,140,121,113,111,91,98,60,97,74,82,80,73,59,83,56,51,66,67
120,131,120,125,132,122,137,137,133,113,87,81,72,87,59,64,72,70,82,62,55,69,73,58,64,64
119,122,112,143,128,139,133,114,109,92,75,76,106,57,90,57,54,79,71,59,62,72,79,54,52,56
114,111,115,119,121,123,115,102,108,87,72,82,66,67,45,66,72,73,48,61,88,51,50,50,66,57
103,85,107,110,108,74,102,80,69,61,50,57,77,48,65,62,68,83,54,69,48,46,60,74,71,73
110,94,100,106,126,107,100,70,69,77,49,50,55,72,55,73,71,84,70,55,57,39,79,73,97,110
128,131,101,111,93,83,94,67,60,52,75,48,80,66,80,71,77,71,101,71,56,81,80,81,87,90
94,110,108,70,81,78,65,79,76,64,53,62,60,57,68,79,82,71,74,95,80,85,89,95,104,94
81,107,58,82,92,87,72,67,59,46,62,73,80,76,74,68,65,82,109,117,79,85,72,67,72,62
94,90,83,67,73,77,65,68,55,67,71,68,80,73,77,83,99,104,87,102,85,77,94,54,54,54
91,85,88,52,50,79,62,55,64,61,57,69,75,79,72,116,86,96,49,64,51,44,44,39,37,37
110,102,79,79,72,63,76,70,75,67,63,56,81,70,67,79,97,77,49,39,31,37,23,25,26,28
76,82,88,72,68,80,65,81,73,69,63,64,80,62,55,39,64,44,41,33,19,20,19,19,29,19
91,82,72,73,67,72,66,67,69,65,59,63,50,39,45,32,41,31,22,24,11,13,8,18,16,13
102,83,79,84,70,81,72,66,69,50,62,51,46,30,37,28,22,20,4,11,5,9,6,13,22,10
100,70,84,106,81,66,82,71,71,43,40,50,25,27,23,16,11,13,6,11,13,13,17,16,12,22
92,93,95,83,68,76,72,70,66,48,60,30,28,8,9,6,18,17,16,12,15,13,19,29,33,21
103,91,108,90,67,65,85,67,51,46,43,36,24,27,8,18,54,51,39,35,36,48,44,52,59,65
115,100,98,73,63,65,65,58,48,46,47,29,32,20,20,32,72,82,64,87,76,104,105,71,86,98
84,105,74,79,83,47,45,45,44,37,31,45,50,48,38,33,55,78,65,117,84,111,124,110,110,102
