185,166,196,186,179,180,95,123,150,184,189,183,206,129,123,131,128,128,128,128,128,128,128,128,128,128
176,175,175,182,177,104,101,153,170,168,186,201,198,133,129,126,128,128,128,128,128,128,128,128,128,128
186,183,168,184,131,84,142,166,161,185,190,182,129,127,127,131,128,128,128,128,128,128,128,128,128,128
183,154,158,110,88,96,161,146,174,174,189,196,129,129,125,128,128,128,128,128,128,128,128,128,128,128
129,135,124,69,106,135,141,168,150,171,172,126,126,129,130,129,128,128,128,128,128,128,128,128,128,128
133,116,85,78,127,146,148,151,165,184,175,132,132,124,129,126,128,128,128,128,128,128,128,128,128,128
104,115,68,99,125,146,155,183,157,180,134,123,128,132,122,130,128,128,128,128,128,128,128,128,128,128
102,70,75,110,140,139,161,139,172,181,128,130,124,129,131,128,128,128,128,128,128,128,128,128,128,128
69,109,87,121,142,145,143,160,167,165,129,128,128,127,131,126,128,128,128,128,128,128,128,128,128,128
78,93,105,127,161,159,165,161,179,130,124,130,126,126,127,131,128,128,128,128,128,128,128,128,128,128
78,111,112,135,151,162,178,158,173,125,132,130,125,129,129,126,128,128,128,128,128,128,128,128,128,128
111,116,135,144,152,148,143,171,134,131,127,124,128,127,131,126,128,128,128,128,128,128,128,128,128,128
128,150,144,155,136,169,159,178,120,134,120,129,133,124,126,130,128,128,128,128,128,128,128,128,128,128
108,134,128,143,140,149,164,128,131,132,127,133,128,130,125,128,128,128,128,128,128,128,128,128,128,128
139,124,144,190,177,163,126,128,126,124,128,125,123,132,129,128,128,128,128,128,128,128,128,128,128,128
127,141,156,155,151,167,129,128,128,129,131,126,130,124,127,129,128,128,128,128,128,128,128,128,128,128
115,142,153,155,160,126,130,127,128,128,128,128,128,128,128,128,128,128,128,128,128,128,128,128,128,128
120,127,155,172,157,131,129,129,128,128,128,128,128,128,128,128,128,128,128,128,128,128,128,128,128,128
130,141,149,175,123,125,129,124,128,128,128,128,128,128,128,128,128,128,128,128,128,128,128,128,128,128
142,137,138,170,131,128,127,133,128,128,128,128,128,128,128,128,128,128,128,128,128,128,128,128,128,128
170,152,140,129,129,126,122,130,128,128,128,128,128,128,128,128,128,128,128,128,128,128,128,128,128,128
139,165,130,123,128,130,134,121,128,128,128,128,128,128,128,128,128,128,128,128,128,128,128,128,128,128
149,163,121,136,126,118,131,130,128,128,128,128,128,128,128,128,128,128,128,128,128,128,128,128,128,128
153,124,133,123,131,129,127,128,128,128,128,128,128,128,128,128,128,128,128,128,128,128,128,128,128,128
128,128,128,128,128,128,128,128,128,128,128,128,128,128,128,128,128,128,128,128,128,128,128,128,128,128
128,128,128,128,128,128,128,128,128,128,128,128,128,128,128,128,128,128,128,128,128,128,128,128,128,128
128,128,128,128,128,128,128,128,128,128,128,128,128,128,128,128,128,128,128,128,128,128,128,128,128,128
128,128,128,128,128,128,128,128,128,128,128,128,128,128,128,128,128,128,128,128,128,128,128,128,128,128
128,128,128,128,128,128,128,128,128,128,128,128,128,128,128,128,128,128,128,128,128,128,128,128,128,128
128,128,128,128,128,128,128,128,128,128,128,128,128,128,128,128,128,128,128,128,128,128,128,128,128,128
