1,3,5,0,6,4,5,4,7,6,2,2,6,10,9,20,17,21,22,17,40,40,30,31,43,25
2,3,5,3,4,7,2,3,2,2,6,6,1,6,4,9,18,18,23,15,16,30,25,41,35,34
8,10,7,7,2,3,0,8,0,4,0,3,7,2,2,6,11,9,18,14,18,24,30,29,16,12
16,33,17,21,12,10,6,8,7,6,1,6,2,2,6,12,9,13,11,15,16,26,18,19,16,22
51,46,33,43,30,17,20,17,20,17,13,20,13,19,20,16,5,9,13,19,14,16,27,20,17,23
52,45,40,46,33,29,27,22,22,19,17,19,17,23,21,21,23,17,18,13,20,24,13,18,21,22
77,43,39,30,37,26,34,33,28,29,27,21,25,25,29,22,24,24,32,30,32,27,27,27,30,30
38,39,34,19,26,15,14,17,15,19,22,13,20,17,18,23,27,33,23,25,27,32,26,25,32,37
22,17,21,21,20,11,8,9,12,11,14,9,13,11,17,15,16,24,20,26,24,23,32,40,41,35
42,27,27,34,15,29,27,21,25,11,11,7,4,4,11,8,17,19,22,22,31,30,33,39,50,56
17,18,9,6,13,10,19,15,18,17,17,13,4,7,6,8,7,11,14,14,29,23,30,38,52,45
5,1,5,2,0,0,0,4,5,8,0,11,12,15,6,5,0,10,12,19,17,22,31,36,30,47
0,0,4,3,0,8,10,0,6,0,2,1,8,0,12,12,7,3,22,5,19,14,26,41,43,50
0,11,11,3,4,9,43,6,7,0,9,12,11,4,8,9,14,8,11,16,18,22,25,41,30,45
16,22,13,2,2,1,29,4,3,3,15,56,25,12,5,5,6,12,10,12,23,21,35,37,40,39
26,18,11,3,2,1,2,0,2,1,50,118,74,35,14,0,4,7,17,13,23,24,34,56,45,52
15,14,12,1,2,0,2,0,0,3,94,157,123,74,29,15,10,5,4,35,13,40,42,44,41,53
16,21,13,0,5,0,0,5,0,29,117,156,112,72,44,71,10,4,8,5,28,25,43,54,48,53
40,16,6,0,0,3,0,2,27,93,118,99,84,46,28,46,18,20,3,2,25,35,36,56,52,38
156,60,4,8,6,3,10,52,77,93,82,47,27,10,16,10,3,5,1,4,17,39,43,33,43,53
188,133,83,61,44,53,61,60,35,21,20,17,13,14,14,4,14,16,15,11,17,33,41,40,48,57
47,64,57,35,33,25,18,19,24,31,29,33,35,40,37,33,37,44,48,48,47,37,33,41,37,40
30,35,31,46,30,32,27,27,27,27,21,32,32,36,35,40,48,53,52,61,61,55,50,42,56,64
31,47,36,21,30,22,24,33,31,35,31,32,24,40,47,48,67,66,60,67,57,65,55,54,69,60
50,53,49,33,42,29,39,37,21,27,28,37,33,42,62,55,63,61,70,69,54,51,61,60,72,87
76,69,69,53,50,40,48,49,40,42,34,62,69,51,54,65,67,60,69,57,69,66,73,81,80,88
77,86,69,52,57,61,51,52,61,66,74,66,68,72,73,58,74,73,81,64,70,71,75,86,101,123
123,79,87,85,83,94,97,87,76,75,89,91,83,73,78,77,81,87,71,88,87,84,90,123,111,145
125,136,135,100,109,98,103,95,103,81,99,78,91,87,93,88,95,75,80,69,90,87,97,137,142,155
146,128,111,142,139,132,104,111,104,120,97,95,85,105,93,102,82,94,103,88,105,93,147,147,149,155
