247,240,237,228,243,243,226,222,199,179,175,156,160,166,158,185,158,179,223,223,228,229,228,227,239,232
243,234,237,236,235,232,241,238,227,212,198,175,158,154,162,182,160,189,188,218,220,218,235,236,244,244
239,236,239,248,245,239,242,233,224,212,227,195,156,158,185,168,154,162,175,204,212,222,235,232,243,232
242,246,244,242,246,242,235,239,233,218,228,221,206,173,190,173,165,162,182,202,194,209,233,224,236,238
243,245,241,242,245,241,232,226,226,226,237,228,208,168,182,183,182,170,177,175,191,221,219,229,236,237
245,248,242,244,232,239,226,228,217,229,220,212,196,210,194,195,186,195,181,165,198,194,221,233,234,229
246,249,244,248,238,233,238,238,228,227,210,185,192,225,211,199,202,191,182,164,170,191,214,217,234,243
246,248,250,245,244,238,241,226,225,228,206,173,166,218,210,191,201,222,205,178,196,190,193,198,206,219
244,245,246,240,232,235,227,230,224,220,193,189,173,207,220,201,200,231,225,195,205,234,201,205,191,208
240,240,234,228,229,229,221,210,207,207,180,203,215,220,222,213,215,211,212,206,218,229,226,227,235,203
237,240,231,218,220,217,220,177,175,196,213,196,191,212,221,231,219,200,215,208,217,226,222,234,223,213
239,244,233,223,187,180,216,222,194,182,209,205,209,185,218,198,201,205,202,222,216,226,226,226,234,226
236,230,229,200,167,150,172,176,198,194,169,171,192,191,192,211,219,181,194,206,215,224,224,223,229,235
243,233,237,211,151,155,143,158,172,150,154,168,167,178,189,206,203,173,174,210,213,215,228,227,234,218
243,247,233,201,184,132,126,120,138,127,156,178,175,190,171,180,185,163,192,176,190,174,201,228,198,219
230,237,217,215,163,122,100,105,115,126,147,170,155,162,151,158,162,163,165,162,147,156,179,197,187,180
134,151,148,162,138,97,80,76,90,111,118,110,109,110,86,102,124,120,127,117,128,126,139,154,148,141
80,69,92,89,79,72,52,76,48,64,59,60,64,66,65,77,92,98,90,83,105,100,113,101,105,85
39,48,55,64,45,56,34,44,32,51,56,49,49,64,70,80,85,69,80,86,89,68,77,73,84,59
33,25,14,25,37,35,45,42,22,59,38,51,38,53,64,67,74,71,64,69,78,74,68,61,49,55
10,24,29,33,21,18,6,21,24,44,51,49,35,53,63,60,60,48,54,50,60,47,52,58,62,36
30,17,8,40,14,22,27,33,24,31,63,47,30,43,58,56,41,7,22,24,28,26,22,39,44,32
15,30,7,11,6,5,19,13,41,18,35,54,35,57,46,39,14,53,13,32,29,14,36,48,9,34
30,34,16,0,22,19,10,19,9,0,40,25,38,57,45,31,4,38,55,39,31,31,27,40,55,40
28,28,9,10,2,6,28,31,14,17,22,34,18,53,49,21,36,3,35,33,40,41,43,51,53,54
3,4,15,15,14,13,4,4,44,29,29,46,40,45,31,36,55,54,26,52,38,50,44,40,59,67
9,6,5,7,13,9,21,42,13,25,21,9,48,49,41,35,41,16,38,51,50,49,48,49,52,63
5,6,6,12,16,6,17,3,1,12,13,14,46,49,41,51,37,41,30,36,40,38,62,55,50,44
11,30,10,7,20,11,6,4,11,21,16,47,42,36,45,27,40,54,45,38,32,32,59,44,54,46
11,9,7,5,20,14,8,23,11,2,7,5,30,16,55,48,50,51,54,53,60,48,46,48,49,56
