175,175,171,176,152,168,145,146,116,126,109,113,106,111,122,113,119,119,123,112,136,136,148,169,181,181
191,164,175,144,158,162,130,134,142,111,116,122,115,114,124,112,135,151,162,149,134,144,160,168,181,187
183,184,180,149,141,160,119,132,148,101,112,121,134,134,135,159,146,144,149,151,164,180,197,175,210,191
178,167,150,167,147,146,120,144,131,137,122,131,131,141,157,153,144,175,156,177,161,187,194,188,184,182
177,157,140,133,129,126,132,129,136,147,120,126,156,149,166,151,163,164,162,172,202,197,190,197,186,160
152,154,152,140,152,127,147,162,155,150,141,171,177,177,181,163,183,175,155,176,182,187,159,170,178,159
169,172,159,140,130,166,142,159,165,170,196,189,166,189,189,164,174,162,170,176,181,185,163,166,162,170
169,165,164,168,156,148,188,161,157,176,151,167,169,183,172,147,179,168,175,197,187,190,197,188,174,201
171,162,134,151,136,160,151,131,160,187,187,181,192,178,168,173,168,190,141,182,188,181,192,192,197,205
150,146,145,150,167,160,178,181,167,174,189,183,164,171,153,142,166,175,186,175,173,175,180,203,216,207
167,161,182,157,188,146,191,182,186,162,183,180,176,164,165,151,134,181,187,168,153,175,186,209,213,213
176,174,161,162,190,180,195,168,189,186,196,175,159,167,152,126,133,177,150,155,159,181,214,212,216,225
142,174,172,182,168,175,173,194,186,162,175,169,166,162,141,144,133,158,139,149,163,174,216,220,227,218
176,165,187,174,184,186,178,196,175,193,158,152,158,134,127,119,144,145,158,149,162,186,224,221,220,215
199,182,192,184,160,180,179,185,158,192,152,161,167,124,130,121,129,122,152,154,159,210,222,220,218,225
183,195,182,181,158,189,180,172,179,173,157,134,157,147,123,121,113,123,159,160,188,207,218,225,208,232
214,193,190,201,173,185,159,179,177,157,127,145,141,131,115,105,130,158,155,209,200,210,213,214,223,213
188,180,196,176,175,172,165,165,180,176,158,128,142,139,113,136,162,181,195,209,220,212,209,218,220,220
190,169,186,193,180,164,172,160,161,165,159,126,127,108,117,157,194,210,216,215,203,209,216,219,216,209
173,168,173,157,166,185,168,164,164,151,147,113,109,104,129,138,211,219,209,210,201,206,209,211,213,209
149,151,147,149,168,178,160,171,180,163,119,140,121,138,150,190,214,222,221,214,206,203,205,204,185,202
168,141,172,140,160,151,167,158,158,136,123,128,109,108,163,198,211,209,221,207,207,192,207,191,199,188
167,171,153,157,161,155,166,139,129,141,112,110,123,116,149,212,220,215,206,197,189,168,181,178,154,159
164,157,177,178,154,147,141,156,141,134,110,110,117,107,178,206,208,201,208,189,189,187,137,128,138,164
178,170,157,175,163,149,151,142,156,123,118,136,135,114,167,198,194,189,155,142,102,101,92,96,97,118
148,156,162,137,156,141,162,131,122,126,108,123,151,103,128,176,194,143,97,76,50,37,28,24,39,57
162,151,142,147,165,118,133,130,134,121,118,156,135,126,131,148,150,123,81,58,38,35,38,37,25,25
142,141,135,156,121,143,131,150,140,132,137,133,135,129,143,130,121,98,86,57,61,55,64,59,55,53
122,137,118,133,133,134,126,131,133,151,147,148,159,167,126,132,121,108,97,83,63,71,89,95,89,76
125,121,127,126,117,154,136,139,158,153,165,160,140,136,133,127,124,112,91,74,69,81,104,124,130,111
