128,128,128,128,128,128,128,128,130,127,129,128,129,128,23,24,13,16,8,7,32,23,25,25,24,27
128,128,128,128,128,128,128,128,129,125,122,134,124,126,6,14,24,22,14,15,10,18,19,29,39,22
128,128,128,128,128,128,128,128,123,130,130,128,126,132,132,21,14,18,32,21,6,14,25,28,31,21
128,128,128,128,128,128,128,128,130,131,126,126,127,129,124,9,29,15,27,28,22,16,23,20,34,38
128,128,128,128,128,128,128,128,125,127,130,133,125,132,125,131,13,15,20,32,18,19,14,6,21,22
128,128,128,128,128,128,128,128,131,126,128,125,127,123,135,126,24,5,11,15,11,6,7,4,28,19
128,128,128,128,128,128,128,128,127,129,130,126,130,132,124,127,124,17,12,19,37,15,17,31,7,5
128,128,128,128,128,128,128,128,128,128,128,129,128,127,128,128,132,14,14,20,21,19,9,20,4,4
128,128,128,128,128,128,128,128,128,128,128,128,128,128,128,128,130,13,0,23,28,4,21,4,17,5
128,128,128,128,128,128,128,128,128,128,128,128,128,128,128,128,127,125,24,24,20,28,16,16,28,6
128,128,128,128,128,128,128,128,128,128,128,128,128,128,128,128,128,129,13,24,30,16,11,13,1,18
128,128,128,128,128,128,128,128,128,128,128,128,128,128,128,128,127,125,130,28,25,10,18,2,9,10
128,128,128,128,128,128,128,128,128,128,128,128,128,128,128,128,129,132,123,32,29,21,16,6,15,4
128,128,128,128,128,128,128,128,128,128,128,128,128,128,128,128,126,132,125,124,16,19,5,18,13,5
128,128,128,128,128,128,128,128,128,128,128,128,128,128,128,128,129,122,131,130,134,9,22,9,34,1
128,128,128,128,128,128,128,128,128,128,128,128,128,128,128,128,131,122,133,126,124,20,25,19,9,13
128,128,128,128,128,128,128,128,128,128,128,128,128,128,128,128,128,128,128,129,126,129,16,12,21,13
128,128,128,128,128,128,128,128,128,128,128,128,128,128,128,128,132,127,123,132,125,130,9,13,21,13
128,128,128,128,128,128,128,128,128,128,128,128,128,128,128,128,122,129,134,127,129,129,128,8,24,22
128,128,128,128,128,128,128,128,128,128,128,128,128,128,128,128,130,130,126,122,128,129,125,7,25,30
128,128,128,128,128,128,128,128,128,128,128,128,128,128,128,128,126,128,129,134,124,135,127,132,25,18
128,128,128,128,128,128,128,128,128,128,128,128,128,128,128,128,130,128,127,129,126,125,130,121,127,40
128,128,128,128,128,128,128,128,128,128,128,128,128,128,128,128,129,130,127,124,128,134,128,133,133,32
128,128,128,128,128,128,128,128,128,128,128,128,128,128,128,128,129,127,129,127,130,124,128,125,125,127
128,128,128,128,128,128,128,128,128,128,128,128,128,128,128,128,128,128,128,128,128,128,128,128,127,132
128,128,128,128,128,128,128,128,128,128,128,128,128,128,128,128,128,128,128,128,128,128,128,128,134,122
128,128,128,128,128,128,128,128,128,128,128,128,128,128,128,128,128,128,128,128,128,128,128,128,122,128
128,128,128,128,128,128,128,128,128,128,128,128,128,128,128,128,128,128,128,128,128,128,128,128,133,126
128,128,128,128,128,128,128,128,128,128,128,128,128,128,128,128,128,128,128,128,128,128,128,128,122,132
128,128,128,128,128,128,128,128,128,128,128,128,128,128,128,128,128,128,128,128,128,128,128,128,132,130
