31,32,19,17,18,12,8,5,6,0,3,20,31,26,20,20,20,16,13,21,27,24,25,31,29,27
31,29,18,14,14,12,7,9,10,5,4,19,27,24,21,24,20,11,13,13,14,16,19,20,20,20
77,30,26,17,10,15,5,10,10,9,8,16,23,24,25,26,21,13,19,11,8,16,18,11,13,19
11,78,42,19,17,11,11,0,9,6,12,17,24,28,28,26,23,21,16,16,14,17,16,13,16,18
8,20,56,31,32,17,6,11,3,4,18,11,18,22,30,28,30,24,28,24,19,14,13,9,11,15
10,9,6,60,36,16,17,9,6,20,19,20,16,16,34,33,30,32,37,27,27,14,17,6,19,25
26,13,4,7,28,49,29,26,14,15,24,29,27,26,40,38,34,37,33,27,17,27,13,17,19,32
57,41,24,9,14,6,31,75,35,29,23,21,25,28,29,32,32,25,35,21,16,21,17,15,20,29
81,64,50,22,18,9,0,12,23,43,46,35,26,23,22,30,35,32,39,27,20,24,22,24,32,44
119,107,82,54,42,31,11,4,11,8,2,16,20,29,37,38,33,42,32,35,26,32,22,28,26,40
147,125,100,74,62,49,31,31,19,14,5,14,10,12,11,8,5,21,23,28,31,18,30,15,13,13
215,158,122,109,76,67,59,57,38,44,38,28,22,30,23,21,14,12,12,22,18,16,34,35,25,23
230,216,188,131,82,73,75,63,60,63,54,57,54,59,57,48,60,43,56,51,51,56,62,53,64,76
241,232,215,194,139,85,77,78,85,72,77,64,68,94,86,64,75,89,78,75,95,85,128,114,116,174
245,241,239,230,188,129,101,82,98,110,110,117,122,118,142,126,121,122,128,149,142,153,175,157,169,179
247,247,243,237,211,154,114,105,113,127,120,118,144,138,153,159,176,172,156,169,198,187,179,199,193,198
248,250,248,247,240,184,116,122,124,138,135,137,153,154,165,170,171,180,181,193,199,192,212,202,197,190
248,250,247,240,243,208,126,121,114,133,141,130,164,166,177,180,188,164,175,195,202,201,213,204,196,208
247,248,253,248,243,221,157,148,134,135,159,156,173,178,192,181,186,193,192,197,200,202,199,215,207,219
236,241,243,248,242,227,165,138,142,158,161,166,153,186,176,193,174,185,191,199,209,205,203,195,201,213
219,225,238,249,237,226,144,132,132,161,163,152,182,173,166,189,183,186,193,196,196,202,187,208,215,214
136,192,226,233,248,201,175,142,157,150,161,183,174,163,189,184,191,192,197,198,198,202,210,206,202,207
93,166,203,229,220,195,152,164,169,177,178,175,183,175,184,186,193,186,182,194,209,206,202,207,211,203
92,172,204,216,211,182,172,170,172,168,182,188,187,172,186,190,161,196,189,194,205,214,196,199,205,208
99,159,188,201,202,190,192,190,184,177,188,192,189,188,175,176,179,190,197,203,196,200,206,208,202,211
122,154,186,201,211,192,197,190,192,184,183,196,198,193,183,177,190,183,194,198,200,192,209,212,214,207
111,168,184,194,201,199,206,208,204,195,192,200,202,197,196,190,182,186,194,189,205,207,210,198,209,212
162,182,195,202,208,210,206,205,207,212,214,208,193,205,198,193,182,193,175,197,205,205,211,209,210,223
195,192,197,206,214,214,210,209,218,230,228,213,205,207,205,198,192,188,195,206,200,216,209,210,211,218
196,202,212,218,222,223,223,220,220,226,227,215,209,213,215,212,206,198,205,203,207,218,218,207,208,212
