104,139,176,184,199,219,233,234,241,240,238,237,235,127,130,128,128,128,128,128,128,128,128,128,128,128
99,123,155,191,209,218,225,239,239,239,243,237,237,132,125,129,128,128,128,128,128,128,128,128,128,128
110,130,130,173,197,228,230,237,246,243,242,239,123,129,126,128,128,128,128,128,128,128,128,128,128,128
85,103,126,151,203,205,233,240,237,244,234,244,130,132,121,132,128,128,128,128,128,128,128,128,128,128
79,116,125,133,171,204,230,225,237,236,242,127,126,127,131,125,128,128,128,128,128,128,128,128,128,128
86,98,112,134,185,204,226,226,229,229,235,132,130,122,128,134,128,128,128,128,128,128,128,128,128,128
95,112,114,135,155,199,215,226,228,235,124,126,129,132,127,124,128,128,128,128,128,128,128,128,128,128
101,106,118,141,169,202,215,222,226,226,130,126,128,129,125,130,128,128,128,128,128,128,128,128,128,128
113,111,116,142,145,158,210,223,224,216,130,129,124,131,131,127,128,128,128,128,128,128,128,128,128,128
134,118,115,147,159,178,209,204,216,130,126,127,133,128,128,124,128,128,128,128,128,128,128,128,128,128
144,147,132,143,142,160,192,201,203,131,131,127,127,123,129,132,128,128,128,128,128,128,128,128,128,128
139,147,138,152,155,162,174,207,126,129,123,132,130,130,129,125,128,128,128,128,128,128,128,128,128,128
119,124,132,137,139,160,151,165,132,125,132,126,126,128,130,126,128,128,128,128,128,128,128,128,128,128
129,146,120,140,127,128,162,127,128,120,128,128,128,127,128,128,128,128,128,128,128,128,128,128,128,128
150,125,124,133,130,136,132,128,126,138,126,132,128,128,128,130,128,128,128,128,128,128,128,128,128,128
134,139,131,110,118,131,126,128,128,127,126,127,129,130,129,128,128,128,128,128,128,128,128,128,128,128
138,126,129,123,117,127,130,128,128,128,128,128,128,128,128,128,128,128,128,128,128,128,128,128,128,128
135,125,121,123,129,131,127,128,128,128,128,128,128,128,128,128,128,128,128,128,128,128,128,128,128,128
144,122,112,122,126,127,131,126,128,128,128,128,128,128,128,128,128,128,128,128,128,128,128,128,128,128
139,130,107,113,130,126,125,131,128,128,128,128,128,128,128,128,128,128,128,128,128,128,128,128,128,128
129,119,115,126,128,127,134,126,128,128,128,128,128,128,128,128,128,128,128,128,128,128,128,128,128,128
122,128,123,126,133,129,126,129,128,128,128,128,128,128,128,128,128,128,128,128,128,128,128,128,128,128
134,124,129,131,124,127,130,127,128,128,128,128,128,128,128,128,128,128,128,128,128,128,128,128,128,128
135,123,129,130,127,129,127,129,128,128,128,128,128,128,128,128,128,128,128,128,128,128,128,128,128,128
128,128,128,128,128,128,128,128,128,128,128,128,128,128,128,128,128,128,128,128,128,128,128,128,128,128
128,128,128,128,128,128,128,128,128,128,128,128,128,128,128,128,128,128,128,128,128,128,128,128,128,128
128,128,128,128,128,128,128,128,128,128,128,128,128,128,128,128,128,128,128,128,128,128,128,128,128,128
128,128,128,128,128,128,128,128,128,128,128,128,128,128,128,128,128,128,128,128,128,128,128,128,128,128
128,128,128,128,128,128,128,128,128,128,128,128,128,128,128,128,128,128,128,128,128,128,128,128,128,128
128,128,128,128,128,128,128,128,128,128,128,128,128,128,128,128,128,128,128,128,128,128,128,128,128,128
