110,106,110,108,100,104,113,107,106,123,123,114,115,117,118,117,116,124,124,121,126,124,125,123,133,139
114,103,111,113,106,103,108,103,100,109,111,111,117,120,120,121,118,122,125,123,128,125,127,126,130,127
106,106,115,122,116,111,115,113,109,112,117,118,122,118,115,117,118,122,126,126,129,123,125,126,132,128
113,119,107,114,111,107,112,114,110,110,118,118,120,116,115,120,123,129,127,124,125,122,126,128,133,128
105,110,117,119,116,116,121,121,117,117,118,116,120,122,123,123,121,126,129,121,123,126,133,131,131,125
111,121,117,118,118,119,121,121,119,120,122,118,122,125,125,123,118,121,128,124,130,131,133,129,136,140
115,117,111,117,121,122,121,121,122,124,121,118,121,121,123,127,125,128,127,128,134,130,128,128,142,149
115,112,106,117,124,122,119,120,123,123,124,124,127,122,122,127,125,124,130,127,129,125,130,134,139,134
107,121,107,104,122,122,121,121,122,109,120,126,121,121,118,128,129,121,127,132,129,132,142,139,136,147
117,113,107,104,117,122,117,117,119,121,120,125,125,126,121,123,127,123,122,131,130,127,136,144,146,151
106,115,108,104,113,115,121,118,117,119,119,122,124,126,124,122,128,127,127,127,128,131,133,134,138,145
95,125,112,114,123,114,127,123,120,115,118,119,120,121,122,122,129,126,123,120,126,135,133,131,136,141
117,113,111,119,123,115,115,115,112,117,112,119,120,120,117,120,126,122,119,125,134,134,130,137,141,134
103,102,115,116,104,109,99,109,100,117,102,115,117,121,112,118,122,121,121,126,132,131,128,134,138,132
97,100,119,111,98,103,99,109,101,109,99,107,104,114,103,112,112,113,112,115,120,123,125,131,136,135
115,107,108,103,104,94,99,100,99,95,104,102,87,102,92,102,96,97,106,118,122,115,118,130,132,121
110,94,95,99,95,86,87,92,93,92,90,86,90,95,89,94,95,99,101,104,101,124,112,118,115,118
100,101,91,87,83,84,86,80,77,81,82,67,79,86,85,83,105,90,89,94,98,95,97,121,113,120
88,90,82,84,79,74,80,83,74,63,71,69,72,81,67,74,71,75,83,94,86,93,94,85,94,100
88,87,76,73,70,73,75,70,65,66,66,63,69,65,69,67,67,74,76,74,73,75,86,101,97,94
84,87,65,67,67,64,59,53,56,66,59,49,42,55,60,58,77,59,50,43,58,84,84,86,77,81
72,76,64,68,62,51,49,53,53,51,43,29,39,43,39,55,32,38,30,54,54,55,37,46,67,67
67,62,66,56,46,45,48,43,37,36,21,35,28,31,43,19,28,23,22,27,37,34,39,46,41,60
66,45,44,48,42,32,30,29,23,17,30,21,23,22,12,17,15,21,10,26,23,22,43,29,25,34
49,48,47,38,29,27,25,17,14,21,16,16,15,18,17,18,12,8,18,21,22,18,13,12,18,24
42,48,35,30,23,20,19,15,14,18,14,13,17,13,17,12,16,15,17,16,15,14,14,15,17,19
32,33,25,23,19,16,14,14,14,15,18,19,12,15,7,14,10,14,8,7,6,6,7,8,9,9
28,22,23,20,18,17,14,14,15,15,24,15,14,5,14,6,10,5,3,5,6,5,4,4,6,8
31,22,23,17,18,20,16,13,15,17,17,15,5,12,6,11,3,4,2,3,4,3,3,3,3,5
29,23,24,17,19,22,15,11,15,17,12,9,13,7,11,0,4,3,3,1,0,0,2,3,1,0
