19,13,12,8,4,3,2,2,3,4,4,10,17,22,25,26,28,29,31,33,36,43,44,53,55,54
25,16,13,9,5,3,3,3,4,5,6,13,20,22,24,27,30,29,33,32,35,49,44,47,49,59
24,21,14,10,6,5,6,6,6,7,10,18,24,23,24,29,32,30,30,37,42,42,42,51,55,51
29,28,13,10,7,8,9,9,8,9,14,23,28,25,25,31,34,31,39,34,39,43,51,50,53,49
37,23,21,15,12,4,12,15,2,11,21,23,27,29,29,33,37,37,35,41,43,41,44,47,50,53
9,46,34,16,14,11,17,8,11,15,25,26,27,29,33,36,37,35,38,39,38,39,47,52,49,45
12,13,37,22,14,17,18,10,15,15,26,32,33,31,30,30,33,37,38,39,40,45,51,51,41,30
39,7,4,33,21,14,12,20,12,28,30,31,27,26,33,37,37,39,38,41,45,48,49,47,38,27
82,53,16,3,22,42,14,15,12,21,32,35,36,35,36,38,39,41,40,40,44,46,45,47,44,36
132,100,72,24,5,8,30,29,13,20,27,32,40,44,41,42,45,43,41,39,44,49,51,53,49,37
178,148,111,85,56,12,5,13,32,44,18,16,27,37,39,45,48,39,42,39,46,53,55,58,55,41
222,172,173,119,79,70,46,15,9,10,10,20,40,39,15,13,29,33,42,39,45,49,50,59,64,56
229,218,191,144,102,78,72,68,54,46,14,9,10,9,11,15,19,27,34,30,25,20,27,21,26,28
231,224,215,185,155,117,94,68,79,70,68,61,54,37,25,19,15,16,12,18,16,9,18,17,17,13
228,231,225,208,180,145,126,113,95,81,78,81,85,79,74,73,66,62,66,63,52,46,56,54,57,69
223,231,220,214,190,171,182,124,124,108,121,114,106,93,86,89,91,96,95,94,89,92,103,95,88,103
224,223,220,205,193,168,171,146,143,141,123,121,125,122,114,108,107,115,124,124,113,104,115,125,124,140
233,220,210,205,178,196,175,177,171,151,152,149,153,150,142,136,140,153,140,141,139,137,144,150,141,153
243,231,228,193,176,173,169,162,165,184,172,163,159,155,154,154,154,160,167,165,169,175,177,176,160,171
248,246,232,225,185,156,168,170,162,175,193,180,173,175,187,195,187,181,191,193,197,194,193,205,191,194
253,249,252,236,212,155,159,166,164,186,174,187,202,190,202,190,207,210,207,209,214,216,212,211,217,220
250,253,253,249,222,179,152,156,161,173,183,187,199,198,210,215,207,210,215,216,217,215,212,215,221,223
248,252,250,253,246,206,170,164,163,166,181,188,192,205,210,221,208,213,207,217,225,225,222,223,227,229
255,249,248,255,248,200,179,178,154,174,176,190,184,202,209,211,216,216,211,219,225,227,229,229,229,231
249,252,255,243,247,221,171,181,170,162,180,187,186,194,211,208,219,218,225,224,220,222,229,230,229,231
231,242,246,254,249,217,205,173,176,163,178,176,193,185,201,206,208,219,212,220,225,229,234,233,231,235
156,213,239,245,238,204,206,164,185,171,170,169,184,178,186,207,199,218,201,219,227,226,231,234,232,235
175,217,231,235,224,214,195,178,179,173,170,170,163,174,181,214,203,214,222,228,216,202,213,228,230,227
205,225,231,219,217,205,181,178,187,181,168,177,168,178,194,196,211,219,220,223,227,228,228,228,227,226
208,218,232,224,221,217,201,183,176,175,180,176,172,189,181,197,214,219,220,224,229,231,232,234,236,236
