117,111,125,148,152,177,177,203,214,201,218,227,222,215,208,218,217,221,221,237,234,244,245,233,135,126
129,143,153,169,193,206,209,219,221,211,218,217,211,218,221,223,221,217,221,238,247,246,244,205,166,127
161,182,174,200,206,221,219,216,214,227,222,219,232,227,220,235,223,228,238,227,246,250,246,157,212,129
186,178,207,209,210,221,226,227,221,230,231,225,223,231,239,235,231,232,241,246,248,244,236,156,242,128
182,181,213,216,221,227,226,228,227,226,240,237,238,242,236,242,238,236,247,243,242,251,181,195,247,127
184,196,208,218,213,230,224,236,229,238,237,240,241,237,245,239,237,243,247,245,253,244,160,232,248,129
180,199,205,209,213,223,226,239,241,234,243,241,245,240,239,245,237,248,240,248,243,217,202,254,245,123
178,198,205,212,217,223,232,237,238,230,245,236,242,243,237,242,242,243,246,245,235,160,224,248,254,131
194,207,199,216,201,219,227,230,228,239,241,238,243,244,250,239,241,228,217,211,164,190,248,247,242,130
212,221,225,243,233,238,242,235,237,235,235,233,226,217,209,208,210,222,225,230,244,254,248,251,255,122
183,178,175,167,168,163,176,178,188,182,200,215,218,229,219,239,224,251,244,242,242,250,250,250,244,131
155,162,163,173,184,195,203,221,224,238,235,240,229,238,233,229,245,246,240,247,250,247,247,251,129,130
175,184,180,208,213,205,210,213,230,237,238,237,237,238,239,243,243,244,245,248,250,251,250,249,128,128
181,195,209,215,215,218,219,226,227,232,234,235,239,242,243,245,244,245,246,248,250,251,250,249,128,128
193,195,209,216,221,219,217,223,224,227,229,233,240,243,243,244,246,246,248,249,250,251,250,249,128,128
215,213,215,228,237,224,230,225,225,228,230,234,241,243,242,242,247,248,249,250,251,251,250,250,128,128
218,223,229,230,230,223,232,224,229,233,236,239,244,244,243,245,247,248,249,250,251,250,250,250,128,128
232,223,239,237,232,233,230,236,232,237,240,243,245,245,245,248,247,248,250,250,250,250,250,250,128,128
239,217,229,239,237,239,231,242,236,239,241,244,246,245,245,249,247,248,249,250,250,249,250,250,128,128
233,223,222,238,236,241,242,241,240,242,243,246,249,247,246,250,246,248,249,249,249,249,249,250,128,128
237,230,227,238,236,239,238,243,242,243,245,246,247,248,248,248,252,245,253,251,244,251,250,126,128,128
242,236,232,245,245,245,243,242,244,245,246,246,247,247,247,247,247,248,251,244,253,248,241,134,128,128
243,235,226,240,243,242,245,242,244,244,245,246,247,248,249,249,247,247,251,248,237,248,247,124,128,128
243,235,226,240,245,242,248,244,244,245,246,246,247,248,249,249,247,250,241,244,245,245,241,129,128,128
240,234,233,245,249,242,243,239,247,247,247,247,247,247,246,246,240,247,233,241,243,250,239,129,128,128
241,232,236,241,243,237,237,237,244,245,246,247,247,247,246,246,248,234,241,240,250,239,220,127,128,128
244,229,237,236,241,241,240,245,242,243,245,246,247,246,244,243,233,233,207,246,231,232,130,129,128,128
236,220,234,234,243,245,241,248,246,246,247,247,245,242,238,236,235,240,243,240,237,241,127,127,128,128
204,219,238,242,244,240,243,245,242,245,244,246,238,214,229,239,246,236,244,239,245,235,129,126,128,128
229,224,247,242,246,243,246,242,244,243,227,238,239,231,242,245,238,242,235,228,235,229,126,133,128,128
