36,37,45,40,35,35,31,32,43,43,56,56,205,255,5,27,177,238,243,245,246,244,225,235,218,128
26,35,34,30,32,33,31,32,37,41,42,121,255,56,7,36,218,245,248,244,251,242,234,231,221,129
31,22,26,17,33,28,28,45,41,41,62,222,131,9,25,157,237,254,244,241,241,239,248,235,228,129
18,45,37,40,30,35,37,43,58,77,128,77,15,27,40,233,244,244,242,250,237,246,235,238,233,127
20,42,33,25,39,33,45,42,49,55,48,17,21,24,221,238,243,249,245,249,240,250,240,232,230,125
30,25,20,35,37,31,40,43,48,41,14,27,22,144,238,246,248,246,245,244,243,246,245,240,241,130
22,28,28,39,35,41,39,42,21,15,25,34,125,243,247,249,251,243,245,240,246,241,247,243,230,125
31,34,33,38,37,39,19,19,34,33,31,196,244,245,251,252,249,243,246,240,245,239,243,238,235,128
23,18,32,32,19,22,22,28,18,57,226,241,248,255,244,247,248,247,247,242,241,241,241,235,231,124
18,25,23,20,23,12,13,57,199,235,233,244,245,249,254,249,250,251,247,245,239,244,242,238,238,123
15,11,13,11,27,131,210,219,224,242,241,248,249,252,252,255,252,250,247,247,241,242,240,238,223,135
16,42,91,151,156,195,216,224,234,241,241,249,250,248,254,250,253,247,247,248,244,238,236,235,125,128
105,124,146,161,174,204,211,220,232,241,250,252,252,252,252,250,254,250,247,243,243,239,242,233,128,128
136,152,171,192,203,216,221,234,233,241,248,250,250,252,253,253,249,248,249,246,246,238,237,226,128,128
156,175,185,203,215,222,230,245,242,247,251,251,251,252,253,253,250,249,249,246,244,237,238,229,128,128
187,211,212,214,223,229,236,240,248,251,253,253,251,252,252,252,252,251,250,245,242,234,236,228,128,128
192,218,221,221,236,243,247,244,246,249,251,251,251,252,252,251,250,250,251,246,243,231,230,219,128,128
217,230,233,232,243,244,247,247,248,250,251,252,252,251,250,250,250,249,249,245,242,233,232,222,128,128
220,223,230,229,238,241,246,252,252,252,252,252,252,251,250,249,251,249,248,244,243,235,236,225,128,128
231,232,246,240,245,245,246,249,249,249,249,250,251,251,251,252,250,249,250,248,247,235,230,216,128,128
233,239,244,245,245,246,248,248,249,252,251,249,251,252,251,251,251,242,249,247,237,231,234,127,128,128
237,240,241,240,240,242,245,247,249,251,250,249,250,251,249,249,246,254,247,241,250,225,232,129,128,128
234,239,244,247,249,249,247,245,249,250,250,249,249,249,248,247,244,243,249,245,229,234,230,123,128,128
240,239,239,239,241,245,248,249,249,248,249,250,248,248,248,246,250,247,244,244,233,234,215,130,128,128
237,239,243,247,248,246,242,240,249,247,249,251,248,248,249,246,236,247,238,230,236,224,228,126,128,128
243,242,241,243,244,246,248,250,249,245,249,251,247,247,248,244,241,245,244,236,230,231,211,128,128,128
232,234,239,245,247,247,246,247,249,244,248,251,245,244,246,241,244,243,233,233,231,219,128,129,128,128
237,238,241,244,246,247,248,251,249,243,247,251,244,242,243,238,233,245,241,233,235,223,128,130,128,128
236,235,239,244,246,247,248,247,246,233,249,246,243,247,249,240,238,235,237,240,234,224,126,128,128,128
237,238,244,246,242,242,245,248,249,247,249,249,241,232,243,232,233,232,231,224,224,212,132,130,128,128
