123,124,131,125,128,131,142,149,151,158,157,141,150,184,161,179,188,180,173,174,175,172,176,179,188,187
130,132,125,128,127,148,147,155,156,130,159,144,164,163,174,175,167,190,174,154,187,169,191,167,163,193
128,122,121,128,127,123,165,153,150,152,157,142,141,156,168,166,169,158,153,183,164,169,155,172,178,180
125,131,134,129,127,129,129,173,148,148,146,138,154,166,169,156,152,174,187,164,162,185,166,172,167,183
130,125,125,122,131,120,136,143,131,144,131,140,166,166,176,156,141,150,164,176,164,169,165,170,185,169
125,130,126,127,129,129,146,134,133,127,147,143,137,148,149,180,157,169,166,170,159,174,167,172,150,172
125,126,126,128,128,124,135,156,155,126,140,126,147,159,165,178,172,174,168,164,177,158,178,171,172,169
129,128,126,127,128,125,126,131,127,133,129,145,151,137,172,177,171,177,180,183,162,166,171,188,168,176
128,127,127,127,127,129,125,118,129,131,128,153,151,144,159,169,165,172,170,168,173,181,179,156,179,170
126,125,129,128,125,128,130,124,133,138,116,149,119,142,145,174,163,128,179,163,154,161,171,168,174,174
128,125,127,128,124,125,128,126,132,113,126,126,141,150,145,150,174,159,171,163,168,187,175,161,158,179
130,125,125,128,128,126,126,125,113,131,104,127,116,118,145,142,135,161,147,175,181,156,172,178,167,180
128,127,125,127,130,129,126,127,125,129,116,124,119,127,139,139,161,157,153,157,168,162,175,156,183,176
124,129,128,124,126,125,124,129,118,109,118,108,105,122,127,147,140,176,160,158,182,160,162,187,164,162
127,127,127,127,127,127,127,127,130,118,118,113,124,140,132,129,144,162,168,150,147,174,155,188,168,164
127,127,127,127,127,127,127,127,127,127,105,118,125,134,123,128,137,134,159,173,146,156,163,179,156,157
127,127,127,127,127,127,127,127,129,120,114,122,113,127,116,141,122,154,155,155,152,157,148,147,140,151
127,127,127,127,127,127,127,127,126,115,120,108,94,125,134,131,135,141,130,146,140,159,167,172,149,142
127,127,127,127,127,127,127,127,124,126,115,121,105,108,138,132,139,131,132,173,130,150,152,169,154,168
127,127,127,127,127,127,127,127,128,133,116,129,124,115,118,136,126,130,154,144,151,140,155,169,166,145
127,127,127,127,127,127,127,127,127,129,121,103,121,138,113,121,124,132,146,166,150,152,146,155,164,131
127,127,127,127,127,127,127,127,128,123,130,109,121,117,121,141,122,128,139,144,140,136,145,147,145,154
127,127,127,127,127,127,127,127,128,125,131,104,109,119,117,133,120,141,151,149,155,162,163,144,155,155
127,127,127,127,127,127,127,127,128,123,124,114,120,136,128,129,146,120,111,145,133,144,155,154,150,151
127,127,127,127,127,127,127,127,126,130,131,121,101,108,110,115,120,124,157,149,150,134,148,145,141,142
127,127,127,127,127,127,127,127,126,125,127,128,113,115,125,127,123,124,138,130,142,150,139,155,142,135
127,127,127,127,127,127,127,127,132,122,124,130,124,110,116,115,131,137,136,143,131,134,129,152,141,138
127,127,127,127,127,127,127,127,127,124,129,130,127,105,111,123,116,135,128,123,155,130,147,139,129,145
127,127,127,127,127,127,127,127,130,129,123,122,126,110,102,116,122,143,135,142,170,135,140,137,129,143
127,127,127,127,127,127,127,127,122,131,125,127,131,121,101,117,130,133,140,138,132,127,139,141,138,148
