93,97,97,103,103,99,108,129,122,125,120,135,129,134,117,117,114,127,122,123,114,109,106,96,101,106
93,98,98,105,110,101,112,134,135,132,131,117,117,124,109,110,116,119,116,113,103,107,100,102,102,122
97,98,109,112,116,124,129,134,123,124,122,124,112,109,116,113,110,106,109,100,98,106,104,109,114,115
101,105,117,123,125,132,131,128,131,127,118,117,116,112,110,106,109,103,105,105,103,109,113,118,118,115
105,112,119,128,135,139,130,134,137,125,108,118,126,115,102,100,115,109,102,103,109,113,119,119,119,120
105,109,108,115,117,140,135,130,124,131,119,121,96,99,101,99,104,99,105,114,125,128,134,126,123,126
100,106,107,117,122,123,130,138,129,114,114,127,115,118,125,117,107,104,118,124,133,137,147,142,136,132
91,100,109,124,126,122,138,134,136,113,119,118,121,114,118,112,111,118,135,135,136,139,147,147,140,132
83,87,98,115,122,115,129,139,148,120,118,127,119,118,121,114,114,114,128,135,141,147,146,143,136,130
85,84,96,112,111,129,131,137,139,130,112,116,117,116,115,116,128,124,124,131,133,148,145,140,140,140
76,80,86,98,117,132,129,135,132,126,124,119,113,118,114,123,123,130,121,142,147,159,157,156,147,122
67,71,82,92,93,121,127,130,115,128,122,115,113,112,124,121,128,135,136,145,160,154,147,145,129,107
102,93,83,68,63,84,80,77,85,103,95,108,108,115,118,117,117,108,120,104,88,76,89,98,76,70
75,85,99,105,106,68,70,76,74,74,72,67,74,76,82,78,73,76,71,66,79,72,88,75,82,130
77,79,84,94,135,88,68,71,71,72,77,80,67,80,64,71,76,68,78,76,71,80,81,79,138,119
81,82,79,88,108,121,73,67,71,72,56,70,75,74,76,66,79,71,64,73,65,63,75,98,156,110
82,78,80,90,104,130,73,70,58,67,68,66,61,63,62,62,69,62,63,63,66,69,80,114,157,101
87,86,87,85,106,134,70,70,71,63,64,59,61,55,56,61,54,74,69,77,70,71,79,130,165,100
76,75,83,87,97,131,76,68,58,59,53,67,65,78,82,81,78,71,65,56,55,60,78,104,157,110
83,78,87,89,115,119,66,57,46,61,79,98,105,118,129,137,131,120,102,67,33,50,57,96,170,111
96,89,89,91,105,101,66,53,53,97,137,148,158,160,161,173,177,183,175,131,58,31,58,76,152,112
105,100,87,87,99,94,65,44,69,130,174,186,189,196,198,213,221,225,222,185,96,45,52,70,162,118
99,102,91,79,97,86,57,55,114,163,189,208,216,224,218,219,222,226,239,236,189,91,51,67,155,120
88,100,100,77,90,77,55,81,163,200,206,216,218,222,220,223,230,234,241,246,230,139,61,64,157,140
88,98,93,75,99,72,62,113,186,211,216,218,232,224,228,232,237,245,244,244,244,229,98,53,146,146
95,96,74,69,104,62,73,158,213,214,222,228,234,223,237,237,231,243,246,245,248,246,167,77,117,175
95,100,68,82,99,67,125,203,210,219,228,231,230,230,238,239,232,238,248,248,249,249,241,104,105,174
113,99,60,91,83,84,171,218,221,225,223,233,235,236,241,242,239,243,249,247,252,250,253,189,92,165
107,82,62,96,78,112,209,221,230,237,225,235,237,238,240,242,244,246,247,246,248,253,248,241,111,163
111,76,75,99,82,146,220,218,233,240,232,237,236,239,239,241,246,247,247,248,255,248,248,253,171,169
