9,9,9,15,22,25,20,13,10,10,11,7,7,10,12,11,12,15,13,25,17,15,19,11,20,13
7,7,5,5,6,6,6,11,22,33,34,42,50,52,57,66,72,73,75,77,72,72,84,89,86,89
2,8,10,8,28,39,42,55,61,66,64,59,80,66,57,73,65,58,63,73,82,79,88,91,90,70
21,32,42,44,53,52,51,63,61,48,48,56,58,60,58,48,61,57,54,60,51,69,62,67,79,78
36,45,54,51,50,51,48,50,54,45,59,52,51,53,55,61,57,55,56,59,62,69,68,58,59,64
38,41,55,48,41,48,48,42,49,47,49,51,46,56,52,59,53,81,73,75,63,55,60,57,66,62
44,50,57,55,50,56,58,54,58,52,57,52,62,52,59,66,81,214,255,238,119,69,59,52,46,52
49,57,58,57,54,53,45,36,43,54,61,67,72,65,72,77,85,92,103,100,74,75,65,59,51,55
49,52,61,52,45,32,15,3,10,33,54,68,63,60,76,80,68,87,180,126,106,113,86,68,71,46
58,56,54,46,34,11,3,7,6,12,50,64,68,76,39,65,69,61,179,234,165,202,205,112,64,59
57,53,54,50,21,5,12,21,22,10,44,42,88,119,45,117,142,72,158,226,248,249,251,206,126,69
50,51,54,54,33,13,5,6,19,25,39,63,46,78,41,37,55,55,114,226,252,247,255,235,197,95
46,46,42,31,10,0,2,8,21,30,19,46,49,29,28,21,40,52,81,199,239,248,246,207,182,119
48,41,31,23,10,2,1,5,19,32,25,25,55,37,17,44,43,45,69,166,220,243,235,169,72,39
42,31,23,20,16,8,2,6,16,24,22,12,25,8,13,19,39,37,74,135,180,218,215,133,43,38
23,15,11,3,2,0,2,10,9,5,12,19,6,8,10,27,35,46,62,106,146,194,175,55,24,32
11,8,6,0,5,2,0,2,1,2,6,0,13,14,20,17,17,25,47,89,121,142,127,32,21,22
14,13,5,0,5,4,0,3,4,8,1,3,4,3,9,23,31,32,31,68,102,98,96,45,17,39
6,11,0,0,1,1,0,2,3,4,4,4,2,7,4,17,26,33,34,32,66,79,89,55,27,45
10,0,6,3,0,1,4,6,6,5,4,4,2,5,0,10,19,27,22,25,44,68,83,47,23,57
18,8,4,3,3,4,3,1,4,9,7,5,11,31,44,51,43,33,62,106,71,44,121,92,54,85
18,12,43,23,3,0,0,3,4,4,4,6,20,45,58,53,30,10,32,43,15,15,57,110,94,92
35,17,18,10,4,3,2,0,0,2,2,4,11,13,11,14,26,35,33,12,17,40,56,89,82,133
3,19,38,20,2,0,2,5,3,1,6,18,38,46,49,51,62,67,74,52,25,27,32,49,110,86
4,0,10,7,4,0,0,0,3,6,1,10,28,35,40,35,31,20,13,25,15,13,29,41,40,83
12,4,0,1,1,0,1,2,3,3,4,13,28,24,21,14,16,9,11,10,10,23,31,35,40,47
12,1,7,4,2,0,0,1,3,6,4,9,11,9,9,11,12,10,10,6,9,27,32,40,41,46
7,9,5,3,1,1,0,0,2,4,4,8,11,12,12,14,15,14,5,12,22,27,34,43,50,48
8,6,5,3,1,1,1,1,1,3,3,8,13,17,18,19,20,20,16,13,26,38,47,41,51,58
12,6,8,5,3,2,2,1,2,3,3,8,15,21,23,24,25,26,25,26,35,39,47,51,57,54
