224,234,226,229,234,227,235,225,232,239,241,241,246,246,245,249,248,240,246,250,252,246,127,124,127,127
214,232,225,229,227,234,236,230,231,238,239,241,247,245,241,247,245,240,245,246,244,252,132,127,127,127
214,217,229,231,230,239,231,244,235,238,234,235,243,243,241,248,244,247,246,246,250,124,122,127,127,127
212,222,228,228,238,229,243,241,237,239,237,238,245,246,244,247,243,248,246,242,242,130,128,130,127,127
220,224,237,224,235,236,236,234,233,235,238,240,243,245,244,243,246,246,246,246,248,128,125,126,127,127
233,226,235,233,237,238,225,234,237,238,240,240,239,244,248,248,249,247,247,245,247,129,127,128,127,127
222,231,235,232,229,228,231,238,238,239,247,235,233,240,246,240,247,248,247,248,128,130,124,130,127,127
229,236,237,235,237,240,238,235,237,236,240,239,236,241,240,242,246,248,240,249,125,130,126,128,127,127
222,232,235,232,235,242,243,240,237,239,239,243,241,248,241,246,244,252,247,249,122,126,128,126,127,127
231,238,237,233,235,240,242,242,234,241,240,238,241,249,242,242,251,243,246,250,126,132,125,127,127,127
237,235,230,232,239,243,242,241,239,242,245,237,245,247,244,245,242,253,246,126,126,124,127,127,127,127
227,227,227,231,238,239,239,242,245,240,246,242,248,242,243,249,248,243,245,126,130,130,124,129,127,127
229,234,236,235,235,234,235,240,241,236,242,243,240,236,237,244,245,247,251,126,127,127,127,127,127,127
230,234,232,229,233,238,238,238,239,240,246,247,235,241,241,243,244,246,244,127,125,127,129,126,127,127
228,219,234,236,235,243,239,240,243,245,240,239,245,242,238,244,241,246,125,131,129,125,126,128,127,127
210,224,240,238,229,235,241,241,242,243,240,241,241,232,230,244,244,240,125,124,122,132,130,123,127,127
217,228,234,238,233,229,238,242,239,238,235,238,243,239,238,246,247,242,130,133,128,122,125,128,127,127
225,227,230,236,238,234,235,241,240,243,239,235,240,244,241,239,239,249,117,127,129,128,129,125,127,127
217,226,239,234,235,241,236,242,237,244,244,238,237,239,239,238,247,127,135,125,129,122,130,128,127,127
227,226,240,234,232,238,236,247,240,238,239,242,242,239,238,240,242,117,128,128,121,131,127,126,127,127
238,228,234,237,233,234,236,245,247,240,239,244,245,241,237,234,236,134,125,128,127,130,124,127,127,127
225,228,236,241,234,234,240,234,234,236,241,243,242,243,243,240,124,126,125,129,130,123,126,130,127,127
227,230,239,241,233,244,237,232,237,246,244,237,244,244,236,244,127,127,127,127,127,127,127,127,127,127
234,233,236,242,238,244,238,234,227,243,241,231,241,234,252,240,127,127,127,127,127,127,127,127,127,127
232,229,227,239,238,235,233,230,239,233,242,246,245,242,234,125,127,127,127,127,127,127,127,127,127,127
234,236,235,247,248,241,242,239,234,236,237,236,245,243,247,126,127,127,127,127,127,127,127,127,127,127
220,230,235,242,243,236,239,236,240,242,245,239,243,252,239,131,127,127,127,127,127,127,127,127,127,127
218,231,239,241,245,240,241,239,244,239,234,236,239,241,129,127,127,127,127,127,127,127,127,127,127,127
224,230,238,236,244,243,240,241,232,233,237,236,241,247,132,121,127,127,127,127,127,127,127,127,127,127
231,228,235,230,243,243,238,241,238,240,237,236,235,126,125,131,127,127,127,127,127,127,127,127,127,127
