177,178,171,169,181,179,187,190,198,186,191,189,185,198,198,192,195,191,199,204,211,206,188,207,209,186
173,186,183,175,179,184,191,195,188,196,192,193,206,191,193,185,196,192,194,201,198,177,193,199,206,191
184,180,181,186,165,188,198,205,200,200,196,202,201,209,201,218,204,192,197,189,198,204,192,194,200,192
184,174,181,196,176,197,200,200,184,190,203,206,203,211,210,198,196,202,202,201,206,203,201,202,197,202
181,184,190,182,190,186,209,198,215,201,195,205,205,214,204,187,211,216,206,213,206,212,201,196,193,210
178,187,195,186,202,198,205,217,204,198,204,200,212,192,205,207,196,197,197,199,202,204,200,199,206,209
188,184,188,192,195,195,198,216,211,200,208,210,209,213,200,213,201,208,190,185,207,204,213,214,219,209
186,184,188,196,200,186,212,205,203,206,200,208,205,210,199,203,198,196,211,215,191,215,209,202,200,207
207,194,192,202,189,209,205,201,218,215,212,217,206,210,192,210,204,202,202,199,204,197,206,199,191,216
190,186,212,189,194,196,197,202,210,218,212,212,206,203,203,203,189,210,207,211,204,207,205,207,211,211
184,177,193,186,196,222,199,208,204,214,204,201,210,205,210,203,204,205,208,202,209,211,201,210,213,220
179,181,186,189,195,199,204,204,200,206,203,197,208,197,207,207,207,208,190,196,198,207,206,200,218,210
188,173,180,188,181,172,192,187,194,187,184,180,196,193,202,196,195,204,191,193,190,198,199,205,200,214
173,174,170,164,187,175,184,166,176,173,181,186,191,181,192,191,195,194,196,191,193,188,199,194,199,203
150,144,151,151,149,147,150,153,176,183,172,175,180,179,183,198,187,193,181,190,187,186,199,188,197,206
155,125,161,150,146,145,149,134,128,147,148,170,169,156,185,188,176,180,182,174,182,188,179,192,188,210
108,107,129,126,113,106,118,134,132,124,130,129,139,138,137,150,176,172,180,177,174,168,178,181,178,199
117,98,94,97,107,105,99,91,104,108,102,98,111,118,119,115,139,163,158,159,142,166,180,182,185,171
101,106,106,98,89,69,83,73,73,61,70,80,85,96,121,125,114,151,128,153,133,157,154,182,169,170
74,76,68,66,60,58,49,59,63,52,68,77,70,64,87,93,122,110,112,138,118,122,118,130,154,136
71,63,49,58,49,49,50,46,48,48,48,52,73,71,61,90,103,98,92,110,106,96,95,104,127,113
55,50,47,66,54,49,48,45,43,48,52,46,62,65,79,84,98,62,71,91,91,80,65,94,100,120
37,33,30,39,39,43,46,49,44,42,56,52,52,58,75,90,76,67,66,87,90,72,61,77,113,117
33,34,32,34,41,40,47,34,44,43,44,46,54,63,63,72,74,66,65,65,74,70,58,81,93,106
34,43,33,33,30,35,39,29,37,39,35,42,46,50,58,66,67,67,52,64,71,53,66,73,86,93
24,27,28,29,27,28,34,28,37,37,34,42,44,44,60,59,60,64,63,62,63,46,64,70,104,99
28,22,21,17,23,27,24,25,35,36,36,43,45,41,46,49,58,64,71,56,56,54,72,73,98,78
20,18,23,24,22,20,17,21,31,37,39,45,47,44,43,53,64,72,76,59,57,68,75,82,87,80
14,18,22,29,21,22,20,21,25,33,37,40,45,47,41,49,55,67,76,75,67,76,83,87,79,83
30,32,29,32,26,35,30,29,25,30,33,33,42,47,51,56,61,73,79,91,84,85,72,80,88,90
