128,128,128,128,128,128,128,128,129,127,130,126,127,131,97,134,130,125,135,147,140,157,159,149,167,143
128,128,128,128,128,128,128,128,129,128,128,128,126,128,108,118,123,112,127,153,126,156,141,149,147,158
128,128,128,128,128,128,128,128,129,129,126,129,127,128,123,106,130,133,117,151,138,166,123,154,160,144
128,128,128,128,128,128,128,128,128,128,128,127,130,129,131,111,105,122,136,131,140,152,167,158,159,153
128,128,128,128,128,128,128,128,127,128,131,124,131,129,130,124,109,101,106,128,133,142,153,145,147,165
128,128,128,128,128,128,128,128,128,128,132,123,130,127,125,132,92,103,118,113,122,146,151,144,156,161
128,128,128,128,128,128,128,128,129,127,130,126,129,126,126,130,128,107,108,129,120,150,148,135,147,141
128,128,128,128,128,128,128,128,129,127,127,131,128,127,131,125,127,107,98,113,139,133,150,149,142,142
128,128,128,128,128,128,128,128,128,128,128,128,128,128,128,128,127,108,103,118,122,140,133,149,137,152
128,128,128,128,128,128,128,128,128,128,128,128,128,128,128,128,130,126,108,104,137,133,142,154,150,145
128,128,128,128,128,128,128,128,128,128,128,128,128,128,128,128,126,127,113,115,124,136,137,118,137,157
128,128,128,128,128,128,128,128,128,128,128,128,128,128,128,128,130,127,131,114,125,124,132,140,143,141
128,128,128,128,128,128,128,128,128,128,128,128,128,128,128,128,128,125,126,105,101,115,134,133,151,140
128,128,128,128,128,128,128,128,128,128,128,128,128,128,128,128,130,132,125,129,100,113,140,120,115,141
128,128,128,128,128,128,128,128,128,128,128,128,128,128,128,128,125,128,128,129,131,89,120,142,140,142
128,128,128,128,128,128,128,128,128,128,128,128,128,128,128,128,129,126,130,125,128,107,112,115,129,133
128,128,128,128,128,128,128,128,128,128,128,128,128,128,128,128,130,126,130,126,127,132,103,100,116,120
128,128,128,128,128,128,128,128,128,128,128,128,128,128,128,128,125,130,128,129,132,125,110,109,104,114
128,128,128,128,128,128,128,128,128,128,128,128,128,128,128,128,129,129,126,128,125,130,135,98,111,120
128,128,128,128,128,128,128,128,128,128,128,128,128,128,128,128,129,127,129,130,126,127,125,70,69,102
128,128,128,128,128,128,128,128,128,128,128,128,128,128,128,128,130,131,126,122,133,130,131,130,96,69
128,128,128,128,128,128,128,128,128,128,128,128,128,128,128,128,125,128,133,127,129,125,120,128,131,93
128,128,128,128,128,128,128,128,128,128,128,128,128,128,128,128,130,126,131,129,121,131,133,128,130,83
128,128,128,128,128,128,128,128,128,128,128,128,128,128,128,128,129,128,124,132,129,127,123,129,129,124
128,128,128,128,128,128,128,128,128,128,128,128,128,128,128,128,128,128,128,128,128,128,128,128,130,125
128,128,128,128,128,128,128,128,128,128,128,128,128,128,128,128,128,128,128,128,128,128,128,128,127,127
128,128,128,128,128,128,128,128,128,128,128,128,128,128,128,128,128,128,128,128,128,128,128,128,132,126
128,128,128,128,128,128,128,128,128,128,128,128,128,128,128,128,128,128,128,128,128,128,128,128,124,129
128,128,128,128,128,128,128,128,128,128,128,128,128,128,128,128,128,128,128,128,128,128,128,128,131,128
128,128,128,128,128,128,128,128,128,128,128,128,128,128,128,128,128,128,128,128,128,128,128,128,126,132
