112,150,145,143,173,166,165,166,159,153,154,151,121,124,126,108,115,138,107,121,136,118,123,134,109,83
120,142,157,159,154,170,176,160,153,154,137,119,110,134,127,102,128,126,126,142,150,127,127,122,110,87
118,133,132,140,167,155,173,156,147,144,118,125,155,144,130,124,142,152,145,157,142,132,126,112,97,85
114,108,127,137,149,146,159,146,150,158,147,147,132,119,128,149,155,148,158,154,151,150,127,102,97,81
106,109,132,121,159,163,158,143,144,153,149,135,150,142,132,137,148,151,145,142,130,126,121,102,96,82
98,96,115,122,135,155,149,152,147,156,150,131,141,122,127,144,146,153,133,149,156,148,101,98,102,69
87,96,102,113,133,164,155,159,125,128,129,133,126,147,153,137,142,146,128,147,153,106,102,102,83,70
71,82,92,111,132,143,126,142,122,140,139,150,135,131,148,158,160,143,158,143,158,123,106,92,81,65
65,68,74,101,122,133,136,147,123,132,130,152,161,163,148,145,152,142,151,132,92,92,97,68,52,45
50,52,48,69,69,61,65,80,87,110,109,127,153,160,140,134,105,79,57,60,66,86,37,27,81,96
85,78,109,74,52,66,61,69,52,49,45,49,46,54,56,45,55,64,66,64,58,75,24,92,97,70
51,54,78,129,43,55,46,54,62,70,63,63,59,61,62,73,62,62,47,45,52,55,36,113,62,56
48,57,70,128,66,63,48,42,49,53,49,53,58,47,52,45,44,35,42,38,49,48,59,108,57,48
52,50,52,86,85,51,45,45,46,43,44,43,28,32,31,36,37,44,43,37,45,59,77,122,70,62
57,48,64,81,114,44,44,53,44,36,37,26,24,28,20,31,40,41,37,38,41,43,82,126,74,59
67,52,58,93,118,45,39,34,19,28,49,59,86,80,74,69,66,29,22,18,25,37,52,142,55,69
52,54,66,101,85,36,19,8,37,93,126,155,169,178,175,184,150,109,53,1,10,32,41,151,71,71
54,60,63,117,91,55,20,13,97,183,189,200,218,226,233,232,226,206,143,30,3,20,24,156,73,77
80,68,76,114,61,54,5,62,179,215,235,233,237,239,241,245,244,245,221,122,13,13,23,131,85,80
100,67,55,85,68,55,18,142,201,231,232,237,245,244,244,247,247,248,255,218,66,12,21,115,80,67
85,69,62,107,61,26,63,197,233,239,240,244,244,244,245,249,252,245,250,249,200,35,22,73,108,66
74,70,37,81,44,35,163,210,231,232,243,237,245,245,245,245,249,249,247,250,245,136,24,56,101,57
59,73,38,91,52,60,198,227,247,245,240,247,246,247,252,249,246,254,254,254,245,240,48,28,136,40
62,63,39,87,46,137,240,239,235,240,241,242,247,245,250,254,248,253,250,248,255,245,174,30,131,47
73,48,49,73,65,188,236,238,242,240,248,246,249,248,244,250,249,254,253,255,240,255,249,60,131,54
78,38,67,69,100,231,239,240,241,244,245,244,242,255,250,254,253,252,249,254,255,246,248,179,84,81
81,34,81,53,182,227,239,245,241,242,247,246,249,249,250,251,252,253,253,254,255,248,253,243,84,127
79,40,76,67,216,241,238,241,241,245,249,246,250,250,250,251,251,252,252,253,251,253,249,250,168,164
63,45,77,122,231,242,234,239,244,246,246,244,249,249,250,251,251,252,253,253,250,255,250,255,241,111
77,82,50,194,231,237,235,241,244,242,244,246,247,247,249,250,252,253,254,254,255,252,251,246,253,157
