3,9,11,3,6,10,21,19,14,14,10,13,29,31,20,28,24,32,36,43,55,137,225,225,237,134
7,7,10,17,17,10,14,18,11,9,22,18,14,20,24,27,22,28,51,70,43,45,59,192,234,124
17,15,19,23,26,24,24,30,38,33,40,37,24,22,20,27,29,40,33,48,37,44,38,40,136,133
30,36,30,44,42,60,69,71,61,64,68,45,53,46,45,35,25,41,39,37,49,68,58,58,39,125
40,49,49,50,61,88,64,49,78,66,78,108,64,63,71,72,65,76,58,57,41,46,52,78,69,123
49,56,56,62,65,74,86,66,86,90,83,103,116,94,98,137,150,103,104,98,108,64,41,40,64,128
71,71,70,70,89,84,68,92,70,99,106,102,112,126,132,117,121,115,154,111,113,95,62,60,46,128
73,89,58,71,97,96,80,96,116,101,108,102,111,99,121,121,117,138,136,122,123,133,105,99,97,126
32,37,57,77,76,100,97,90,110,108,93,99,95,111,100,104,114,122,134,147,143,124,128,120,111,126
30,30,25,33,48,47,48,57,46,52,59,55,64,65,65,83,93,77,104,101,120,201,195,135,133,128
64,74,91,79,77,103,103,103,113,106,109,113,119,131,129,145,139,131,143,111,108,40,47,198,169,128
116,126,135,141,125,136,136,125,82,73,65,101,123,137,144,145,142,163,123,164,170,176,52,88,189,125
64,97,109,151,168,159,153,125,160,108,39,38,50,79,102,120,108,141,135,148,151,164,98,36,119,128
32,36,78,123,103,186,186,168,169,198,126,73,40,36,51,80,103,102,112,148,180,193,186,68,46,130
0,9,16,34,72,118,151,211,191,204,190,133,79,72,35,53,74,97,101,138,159,185,193,130,46,127
0,4,5,5,16,30,63,182,204,215,183,182,104,62,82,39,39,51,79,108,136,147,162,177,51,128
2,2,5,1,10,9,16,25,81,173,211,175,140,102,52,79,86,48,45,89,120,131,143,188,93,128
3,5,17,30,27,52,23,19,16,31,97,143,125,121,102,55,92,94,58,72,98,144,160,172,192,124
8,0,48,139,71,131,79,46,29,25,29,51,95,129,154,119,73,105,113,105,115,135,187,185,199,132
0,12,212,255,255,243,57,27,49,16,6,20,25,46,85,192,137,138,110,117,126,175,198,198,182,120
10,46,119,195,255,255,189,77,28,14,12,11,16,13,33,37,168,189,193,169,171,190,205,202,199,127
65,137,181,235,244,232,197,172,29,14,17,21,35,43,55,40,56,150,198,183,185,196,204,215,207,126
150,192,203,247,242,244,226,93,32,26,28,61,30,44,76,121,75,87,146,199,180,158,190,211,206,129
202,205,231,236,240,233,174,88,65,97,92,86,101,53,49,108,152,120,109,148,185,186,196,196,188,131
183,177,195,204,221,195,118,100,111,152,175,100,145,139,110,85,153,141,121,141,154,182,188,205,146,120
108,102,103,113,103,90,115,132,195,204,158,130,153,186,185,145,161,155,160,147,170,188,194,196,140,128
67,80,68,103,95,131,161,211,240,218,188,186,171,195,198,185,172,174,184,168,174,199,211,203,101,130
70,82,81,107,103,189,224,245,225,246,240,234,202,192,217,210,186,174,190,196,163,179,195,187,73,122
80,90,110,102,173,208,246,239,246,235,236,230,228,217,203,191,198,178,172,163,178,194,196,151,62,124
56,82,103,115,183,218,216,236,233,242,222,237,216,206,191,185,179,193,193,165,195,196,197,116,78,131
