39,15,25,32,64,87,104,159,168,220,228,221,221,221,211,214,221,206,208,206,207,187,197,213,218,228
156,69,64,65,75,105,131,157,196,214,229,239,226,222,227,209,202,220,205,207,205,194,209,200,217,220
244,214,163,105,94,100,131,165,197,223,238,239,235,234,223,211,213,218,218,216,204,199,204,196,216,225
233,236,206,139,106,116,143,187,204,211,234,241,234,228,226,224,224,222,212,213,213,214,204,209,208,217
224,234,207,147,126,135,175,201,225,217,241,238,239,237,227,228,233,220,214,209,211,209,197,201,208,212
204,215,204,152,151,198,217,232,227,240,234,244,240,242,246,234,229,238,220,213,217,216,212,189,214,205
215,221,208,208,212,215,228,229,237,228,233,244,245,245,232,240,231,232,230,226,216,210,211,209,202,196
220,217,224,223,228,234,243,231,231,235,239,239,239,243,242,243,235,233,231,225,222,214,203,216,198,209
175,223,221,212,223,195,214,231,224,230,229,233,238,238,241,241,239,233,227,236,223,228,219,217,215,213
158,181,196,198,197,199,205,217,219,215,228,231,230,233,234,237,240,240,229,226,233,225,229,226,215,215
123,153,135,143,198,173,201,206,218,194,225,225,218,235,234,236,235,237,236,229,236,226,232,228,220,221
95,127,113,120,140,184,191,199,204,201,203,216,205,210,202,216,226,229,233,240,233,238,235,227,226,222
118,146,133,123,134,156,171,197,175,181,177,208,218,225,215,219,229,227,229,223,234,230,232,234,216,222
135,164,167,142,137,133,162,179,166,185,182,190,195,211,210,202,225,243,230,223,224,221,238,230,230,222
128,147,182,169,133,108,137,162,156,135,166,199,208,207,208,158,231,228,219,213,220,234,237,221,226,219
135,136,202,185,169,144,160,159,127,169,159,173,208,210,190,162,203,228,221,211,216,222,225,227,227,222
165,193,193,194,191,195,170,195,160,165,143,182,199,186,189,158,165,198,202,195,211,222,224,235,231,230
202,215,224,223,207,201,199,212,197,193,203,146,183,179,193,206,184,191,199,191,203,216,220,229,232,235
204,212,239,241,237,240,214,225,201,212,199,185,181,199,140,191,145,180,205,191,177,180,195,212,230,230
97,150,175,212,239,237,246,229,227,229,203,219,217,183,154,173,160,177,131,169,189,200,196,198,217,230
67,87,93,123,168,218,231,230,244,236,239,213,208,204,163,148,194,160,129,156,162,186,189,202,200,221
61,62,63,71,100,116,172,206,221,251,244,239,230,220,207,197,164,176,153,156,140,165,158,171,152,192
73,59,71,66,65,70,90,122,150,214,234,243,225,215,224,226,200,186,157,139,157,143,132,146,170,188
73,68,73,64,65,61,68,66,75,116,167,187,202,213,209,206,198,199,156,134,132,126,136,147,128,197
66,76,61,58,62,61,59,48,45,63,83,98,133,175,193,208,207,198,166,139,113,119,153,150,135,152
57,70,50,54,54,52,43,41,39,44,55,60,76,104,125,158,175,177,146,142,128,130,133,126,159,153
50,46,41,40,41,35,33,30,35,37,33,43,49,62,76,100,118,134,130,115,109,117,109,109,111,140
45,29,26,15,24,14,25,14,20,22,28,32,28,37,46,55,62,83,82,66,87,100,99,93,94,147
25,25,32,25,30,22,30,32,22,22,11,17,17,26,28,30,30,43,45,39,55,60,67,59,86,118
34,58,60,68,67,70,75,110,88,87,62,48,22,9,7,18,17,14,23,36,39,49,55,61,71,100
