129,127,124,129,123,130,175,174,196,178,191,171,186,185,198,197,197,210,193,202,203,198,198,190,179,182
126,124,131,128,126,129,170,221,194,194,170,167,164,175,193,185,191,191,182,210,205,180,178,190,195,171
128,129,124,128,124,129,166,158,215,188,185,132,155,183,180,177,187,197,182,194,183,172,186,176,180,182
132,127,126,123,129,131,155,187,176,184,180,158,156,148,159,160,186,172,196,191,192,195,166,174,172,163
123,128,127,130,128,126,157,159,179,182,172,172,158,151,158,156,161,189,185,149,183,184,162,200,157,175
127,128,128,127,127,124,155,183,190,194,191,175,150,153,152,131,184,178,183,168,183,174,170,188,156,183
126,129,127,127,125,129,125,175,183,191,164,164,172,152,142,148,197,175,176,154,156,180,185,179,163,162
127,127,125,129,128,130,123,170,183,182,177,181,159,180,164,170,159,152,157,163,167,152,162,168,160,172
127,127,127,129,125,126,128,176,167,152,183,164,172,171,170,154,145,146,164,162,177,165,157,168,150,180
126,127,128,128,124,125,129,166,137,155,176,175,183,166,175,174,163,142,162,161,177,166,146,147,158,176
128,126,126,127,129,131,123,135,164,186,169,188,192,188,182,176,182,164,164,160,165,167,172,146,139,143
128,127,127,126,127,130,124,125,151,168,179,188,194,191,191,171,162,195,176,140,168,176,155,161,114,169
127,127,129,127,124,126,129,131,176,169,162,166,167,185,193,179,174,177,192,177,171,174,148,153,151,159
128,124,127,128,128,127,127,126,151,161,169,188,188,183,190,181,171,187,178,172,173,173,156,160,148,129
127,127,127,127,127,127,127,127,127,158,164,182,184,193,186,136,167,170,174,170,141,147,144,147,140,144
127,127,127,127,127,127,127,127,126,151,166,180,196,197,178,185,192,178,168,149,177,176,154,147,150,133
127,127,127,127,127,127,127,127,126,168,150,180,164,184,149,176,184,184,183,177,157,166,179,154,152,141
127,127,127,127,127,127,127,127,132,161,163,168,179,158,178,162,179,175,169,142,163,163,152,154,151,159
127,127,127,127,127,127,127,127,122,134,158,179,179,159,180,178,202,175,153,159,175,168,169,156,143,157
127,127,127,127,127,127,127,127,128,127,177,182,177,169,165,191,178,169,172,168,165,176,153,161,148,140
127,127,127,127,127,127,127,127,127,127,162,170,167,175,169,184,163,165,176,153,180,173,160,153,161,133
127,127,127,127,127,127,127,127,128,128,125,167,165,175,191,175,170,160,183,164,172,168,160,180,146,138
127,127,127,127,127,127,127,127,125,126,128,172,170,191,179,163,194,185,152,180,168,156,165,152,140,128
127,127,127,127,127,127,127,127,127,129,126,175,166,200,170,173,186,184,184,192,172,153,155,164,151,152
127,127,127,127,127,127,127,127,130,122,129,126,176,199,162,170,177,167,200,200,185,166,149,168,147,149
127,127,127,127,127,127,127,127,127,129,129,125,161,169,185,181,174,178,219,185,158,171,156,156,140,160
127,127,127,127,127,127,127,127,125,124,129,126,164,186,173,188,191,166,191,188,172,185,171,169,157,147
127,127,127,127,127,127,127,127,129,127,124,126,128,181,189,187,182,169,185,184,162,164,163,168,172,151
127,127,127,127,127,127,127,127,123,132,123,130,128,192,168,172,185,172,175,180,180,164,166,184,163,158
127,127,127,127,127,127,127,127,126,130,131,122,127,128,169,183,154,181,195,180,188,166,155,158,160,165
