143,145,162,140,140,93,148,96,72,57,41,17,3,128,123,129,128,128,128,128,128,128,128,128,128,128
138,133,157,127,134,102,222,58,51,62,33,2,1,133,133,125,128,128,128,128,128,128,128,128,128,128
140,109,152,107,86,135,72,63,66,41,8,3,123,124,125,129,128,128,128,128,128,128,128,128,128,128
119,120,119,94,64,166,78,59,47,19,0,0,135,126,129,131,128,128,128,128,128,128,128,128,128,128
96,85,117,93,99,69,73,72,23,4,0,129,126,124,129,126,128,128,128,128,128,128,128,128,128,128
89,95,79,64,100,75,64,45,8,0,3,121,129,131,130,131,128,128,128,128,128,128,128,128,128,128
84,98,75,138,77,72,44,14,4,0,131,133,129,127,130,122,128,128,128,128,128,128,128,128,128,128
102,112,91,121,77,49,25,4,0,6,125,126,130,126,127,132,128,128,128,128,128,128,128,128,128,128
88,77,153,96,52,35,4,0,0,8,125,127,129,127,128,128,128,128,128,128,128,128,128,128,128,128
110,79,114,62,33,8,0,3,0,123,127,129,128,130,130,126,128,128,128,128,128,128,128,128,128,128
150,140,84,52,9,4,3,0,2,132,129,132,125,122,127,131,128,128,128,128,128,128,128,128,128,128
99,132,51,14,7,0,1,7,128,126,128,123,128,133,128,124,128,128,128,128,128,128,128,128,128,128
107,78,22,2,0,4,0,0,134,125,129,131,128,128,126,129,128,128,128,128,128,128,128,128,128,128
62,20,13,0,7,2,0,132,124,134,127,124,130,126,131,129,128,128,128,128,128,128,128,128,128,128
54,11,4,3,4,3,125,129,128,128,131,124,133,126,129,126,128,128,128,128,128,128,128,128,128,128
22,5,5,5,2,0,129,129,128,131,124,130,128,128,126,130,128,128,128,128,128,128,128,128,128,128
10,7,3,0,7,126,130,127,128,128,128,128,128,128,128,128,128,128,128,128,128,128,128,128,128,128
15,14,5,3,7,127,130,127,128,128,128,128,128,128,128,128,128,128,128,128,128,128,128,128,128,128
13,9,0,1,128,134,120,131,128,128,128,128,128,128,128,128,128,128,128,128,128,128,128,128,128,128
14,9,6,3,126,128,129,130,128,128,128,128,128,128,128,128,128,128,128,128,128,128,128,128,128,128
19,1,3,126,125,130,126,130,128,128,128,128,128,128,128,128,128,128,128,128,128,128,128,128,128,128
13,6,128,137,130,130,128,125,128,128,128,128,128,128,128,128,128,128,128,128,128,128,128,128,128,128
11,22,124,124,128,125,129,134,128,128,128,128,128,128,128,128,128,128,128,128,128,128,128,128,128,128
18,124,130,129,127,132,127,126,128,128,128,128,128,128,128,128,128,128,128,128,128,128,128,128,128,128
128,128,128,128,128,128,128,128,128,128,128,128,128,128,128,128,128,128,128,128,128,128,128,128,128,128
128,128,128,128,128,128,128,128,128,128,128,128,128,128,128,128,128,128,128,128,128,128,128,128,128,128
128,128,128,128,128,128,128,128,128,128,128,128,128,128,128,128,128,128,128,128,128,128,128,128,128,128
128,128,128,128,128,128,128,128,128,128,128,128,128,128,128,128,128,128,128,128,128,128,128,128,128,128
128,128,128,128,128,128,128,128,128,128,128,128,128,128,128,128,128,128,128,128,128,128,128,128,128,128
128,128,128,128,128,128,128,128,128,128,128,128,128,128,128,128,128,128,128,128,128,128,128,128,128,128
