76,74,91,95,94,100,101,104,112,115,121,142,118,129,146,132,140,158,162,161,159,178,184,176,170,185
74,87,85,97,96,114,105,95,97,137,116,135,124,134,122,140,128,168,147,183,163,163,172,195,186,190
84,93,104,115,90,116,105,107,121,127,132,148,128,146,120,152,138,143,147,159,185,168,185,190,193,180
103,101,92,102,109,119,111,113,113,129,120,140,139,138,123,158,145,150,171,166,158,158,170,183,177,176
101,102,97,112,113,113,121,132,131,137,142,154,150,149,136,155,151,131,181,167,183,178,165,164,157,151
120,126,126,117,134,124,125,133,143,126,150,137,143,133,146,127,153,162,179,178,170,168,164,155,181,181
128,147,133,122,129,147,155,136,112,137,154,166,148,148,125,145,156,188,181,176,174,174,168,161,179,195
141,134,125,134,125,136,125,129,143,156,168,156,136,141,149,193,170,156,164,176,160,152,180,174,198,181
182,131,153,133,113,150,170,133,156,159,161,164,142,149,129,161,157,178,179,169,153,165,172,181,169,194
164,121,148,159,145,152,147,133,160,166,182,169,148,179,147,149,177,157,181,162,187,178,169,166,181,185
139,153,144,160,157,159,158,146,161,150,171,171,150,145,153,146,143,159,184,165,167,184,187,180,187,188
170,169,162,156,162,156,173,166,174,170,176,182,158,167,155,159,148,166,175,169,160,164,183,180,194,179
144,173,143,165,168,167,174,183,150,182,177,166,150,171,163,152,169,174,163,163,173,161,167,190,174,156
159,162,161,167,173,171,167,175,180,143,148,175,167,173,172,163,167,175,177,155,171,182,194,199,163,179
175,171,153,161,163,166,163,190,166,176,179,177,174,152,171,155,156,184,170,178,164,162,193,164,170,178
156,158,168,155,167,161,170,170,183,161,157,184,190,156,166,162,158,154,168,168,184,152,176,183,180,145
137,153,160,155,153,160,167,153,164,163,174,166,179,181,168,174,166,161,166,177,175,158,161,180,186,174
138,165,153,154,183,156,166,152,147,159,160,164,182,162,171,157,160,146,144,158,160,151,173,190,185,172
132,155,117,147,183,163,162,157,134,149,160,157,155,160,156,152,151,160,165,160,175,148,149,174,206,152
122,108,137,146,150,152,132,158,140,135,149,148,166,151,142,126,136,131,164,160,139,146,134,124,158,142
85,95,111,128,138,168,133,146,146,149,145,131,140,124,150,139,152,148,158,151,135,122,125,120,141,161
88,104,100,132,142,129,127,143,154,155,126,167,143,136,144,136,137,153,165,148,151,113,126,126,123,130
80,87,91,125,125,135,112,137,133,112,129,128,153,133,132,124,139,139,176,155,131,125,137,129,125,137
87,94,90,98,120,119,132,129,118,130,132,110,124,112,122,111,115,142,149,122,135,112,118,124,124,114
81,90,88,103,109,135,118,139,104,134,138,100,130,109,112,114,122,133,135,129,124,133,106,98,109,98
77,83,89,99,105,135,111,133,120,118,115,136,140,129,106,111,104,133,127,126,112,102,120,114,112,95
66,82,83,100,116,104,106,114,118,107,124,120,118,113,104,111,115,131,130,116,119,102,117,104,92,76
63,77,80,104,101,109,106,117,122,121,108,105,111,130,98,106,122,127,104,114,105,119,97,87,80,70
69,69,88,101,87,116,114,107,119,115,101,111,115,117,104,108,111,115,115,108,94,123,97,88,81,62
62,73,90,90,111,78,90,103,127,97,107,111,100,101,112,99,116,105,117,106,105,102,96,86,84,64
