129,130,121,122,109,111,96,104,96,86,94,99,98,103,127,114,133,129,133,151,148,129,144,130,120,128
149,136,150,136,127,117,133,105,112,100,95,114,110,114,110,126,150,164,157,134,150,135,161,128,139,137
153,142,157,144,150,136,143,131,118,133,139,135,140,133,134,159,146,153,167,138,149,161,158,142,143,138
156,171,168,166,148,154,161,137,138,153,148,145,153,150,168,139,167,168,152,164,157,151,167,161,140,140
174,180,164,167,172,163,169,156,154,175,158,161,147,154,167,144,162,186,180,184,162,170,159,153,134,156
194,201,184,189,175,187,181,168,177,170,178,183,175,180,173,182,171,171,177,167,182,162,161,145,152,156
176,191,198,199,184,182,183,174,183,171,172,166,180,166,166,182,175,180,181,163,178,178,173,177,148,149
210,207,206,196,201,208,188,178,182,168,181,190,174,183,187,175,174,178,193,177,178,175,159,156,155,150
223,215,215,217,199,210,192,188,183,183,172,178,184,179,177,182,174,184,173,187,176,157,169,164,172,136
216,223,209,210,197,210,186,191,196,172,172,175,156,164,180,179,186,183,153,163,155,159,172,145,156,154
203,212,200,190,198,196,194,186,183,183,194,198,187,170,154,146,184,177,190,167,163,159,163,162,135,148
219,205,204,194,200,190,201,192,185,185,189,194,178,189,150,184,161,164,154,157,167,150,166,138,133,129
205,212,204,192,206,196,190,177,193,196,196,184,180,173,183,175,153,157,175,164,167,152,145,146,138,130
212,213,214,204,200,191,205,191,187,182,198,182,181,188,172,174,162,166,160,155,152,151,138,109,109,125
204,206,212,215,177,192,194,188,192,175,166,167,165,161,174,151,146,160,147,149,150,149,152,122,164,130
220,202,199,188,186,199,193,189,194,194,182,158,173,162,150,142,152,165,158,140,134,123,120,115,121,142
207,198,199,194,189,203,195,193,173,167,159,193,157,154,133,144,129,132,137,129,132,130,124,113,117,125
202,189,203,191,208,183,193,183,167,167,136,168,140,163,147,140,119,139,117,110,115,108,103,101,118,124
199,186,190,187,191,186,185,181,159,151,157,142,171,127,128,120,117,140,105,99,108,112,99,107,107,112
195,178,187,190,190,180,183,185,172,160,159,142,138,122,96,110,99,95,101,102,91,98,102,93,109,138
209,193,193,183,182,182,190,170,166,153,143,144,117,135,86,99,102,102,91,103,95,94,103,100,124,149
175,197,176,190,180,178,180,179,174,164,130,129,139,109,98,101,95,95,91,99,94,90,97,132,147,177
200,189,189,191,182,188,174,163,165,177,157,114,106,103,96,98,90,92,90,90,95,93,99,144,189,189
182,194,202,177,165,176,146,157,145,118,123,104,99,105,88,91,85,92,93,86,94,92,131,175,198,193
190,186,179,187,158,162,144,142,135,127,121,89,97,92,88,87,79,90,97,89,93,87,150,184,199,204
187,176,171,169,144,175,159,131,132,127,119,94,87,80,85,88,83,92,93,92,95,93,163,211,212,224
169,178,177,171,162,162,153,124,132,124,124,108,89,95,85,93,92,96,89,96,97,101,170,207,224,220
177,173,174,161,150,142,128,131,129,117,101,89,98,89,94,100,97,99,91,103,96,97,174,212,212,226
179,169,168,158,135,156,125,124,115,110,105,96,94,95,103,99,108,109,116,90,102,99,171,198,199,208
164,168,169,141,134,103,125,122,119,104,90,85,88,104,90,107,115,122,106,117,89,93,127,173,181,181
