207,204,191,190,190,182,174,168,163,144,142,148,147,149,163,170,158,164,158,157,144,137,144,155,158,143
201,196,185,177,178,186,173,168,159,144,136,135,157,164,164,175,159,152,162,163,150,152,142,155,161,155
193,201,197,187,190,182,186,175,171,148,138,141,153,155,161,154,153,156,159,164,153,164,145,158,150,141
206,196,191,183,185,177,185,170,172,134,128,160,164,172,160,141,146,158,136,161,155,156,157,165,156,154
204,190,197,201,191,184,191,167,158,142,142,160,149,152,156,145,148,158,142,168,170,162,166,150,143,174
198,203,189,190,190,193,171,169,143,133,134,154,164,155,148,145,143,154,163,160,160,159,169,167,159,154
198,193,206,192,178,174,163,152,144,127,144,147,151,147,147,136,152,142,151,160,139,152,154,159,143,127
211,198,200,199,186,182,171,164,139,132,143,150,147,155,137,132,126,121,130,149,136,139,134,117,118,97
206,194,197,195,201,177,165,164,132,127,151,158,154,157,114,111,104,95,111,114,125,120,105,108,98,100
211,204,179,191,184,183,171,172,137,140,160,166,149,134,102,89,65,82,92,104,98,92,86,91,88,85
204,207,198,177,190,178,179,176,145,162,165,165,137,115,88,71,65,57,68,66,75,76,77,66,65,72
203,198,209,197,192,187,177,162,153,161,172,145,126,105,85,68,49,42,37,57,55,58,68,61,66,62
197,213,195,205,193,201,184,169,165,157,177,140,117,96,79,73,73,54,44,44,59,67,74,89,81,94
214,203,204,208,193,192,192,193,169,170,176,168,118,101,84,86,89,89,70,61,72,82,109,110,126,138
206,209,200,204,203,198,194,205,181,181,165,143,126,115,99,110,127,109,101,84,81,104,118,140,143,173
215,196,203,202,207,229,199,198,186,167,167,140,130,109,118,123,137,138,131,126,103,100,125,141,164,177
215,200,210,185,193,200,221,202,191,175,167,138,130,126,148,140,153,146,143,139,135,131,124,148,153,175
198,193,205,207,208,206,215,193,183,182,166,152,136,142,148,152,153,160,138,144,135,147,133,148,152,156
189,203,206,206,219,198,215,192,187,162,165,157,154,147,160,167,171,162,168,161,153,151,131,144,145,150
202,190,189,199,201,208,213,202,182,175,155,163,150,158,163,177,159,152,157,176,162,156,150,154,131,141
205,193,196,189,189,188,194,179,181,172,183,161,156,157,165,171,167,151,164,169,169,152,153,148,154,149
188,176,190,194,190,186,196,188,156,173,173,188,160,159,170,168,167,164,164,160,157,140,152,145,138,140
184,187,183,188,186,189,177,187,182,190,168,179,178,166,180,178,176,172,158,166,155,152,141,144,149,141
180,176,179,200,196,192,176,181,167,194,192,173,170,165,172,173,179,165,170,160,152,150,140,129,139,116
184,175,191,201,192,189,182,178,186,174,197,186,171,175,173,173,162,165,163,168,150,151,150,145,137,129
168,167,194,194,193,169,179,191,181,190,185,177,156,163,178,159,161,167,156,162,163,148,155,151,143,143
170,176,178,176,185,141,167,171,179,174,184,171,175,172,178,193,177,174,169,161,143,156,152,148,143,148
173,180,178,182,184,164,183,173,180,172,174,183,178,176,186,190,175,187,156,166,158,160,157,158,151,148
164,169,180,185,177,177,185,173,167,182,201,174,187,175,174,170,167,162,164,164,178,171,171,162,166,149
153,175,177,178,187,188,195,193,176,185,190,192,182,175,178,185,176,170,171,169,175,174,183,165,160,175
