179,179,170,172,145,149,161,156,148,158,149,123,141,144,146,139,121,125,133,159,176,199,171,207,220,229
187,178,161,181,161,164,158,168,182,152,165,137,137,141,140,128,125,118,133,148,169,170,170,199,220,229
202,192,170,160,179,165,161,174,161,180,162,151,152,143,134,132,135,149,133,144,159,178,172,203,200,212
202,176,180,176,164,170,164,178,175,170,174,172,149,152,151,145,149,163,160,153,152,158,164,174,186,202
179,187,185,166,176,173,139,192,169,179,154,190,158,151,136,149,150,167,178,184,162,155,156,189,179,195
162,173,179,171,169,187,149,167,167,167,165,165,174,155,150,161,137,146,145,172,173,203,200,168,187,187
181,185,164,191,181,159,169,180,163,157,187,138,170,156,169,158,148,143,153,144,151,169,167,168,182,177
191,178,177,197,170,164,161,168,182,159,146,163,153,148,156,153,156,159,159,149,146,148,150,171,146,141
183,199,201,185,176,174,183,181,174,161,152,154,163,159,169,166,152,198,155,157,131,128,137,144,128,136
162,179,200,191,187,179,185,181,188,187,180,169,170,167,181,163,173,151,153,160,166,130,134,127,128,121
157,180,189,187,201,178,177,195,192,194,180,176,178,177,144,153,191,172,178,164,161,157,145,140,135,124
151,151,172,178,186,191,211,185,199,192,178,204,184,164,172,163,178,187,161,169,171,189,178,173,144,126
155,160,175,193,185,190,180,175,167,183,194,195,190,172,155,176,177,178,180,186,167,171,184,160,154,157
131,154,165,183,175,191,190,176,164,150,198,185,187,163,169,174,175,170,171,181,180,179,183,199,160,182
129,166,162,174,182,169,179,185,161,176,149,178,191,175,186,190,183,182,193,196,171,190,211,186,194,174
131,140,166,173,176,159,183,192,201,177,185,185,176,201,187,195,198,174,178,202,186,205,192,195,212,205
112,128,150,166,188,180,175,201,175,191,196,178,184,195,199,208,210,199,195,206,195,226,205,207,204,174
101,133,142,165,161,183,177,177,171,187,184,172,182,170,203,208,209,211,205,200,204,202,199,197,198,192
105,120,139,160,183,164,184,152,171,192,182,201,187,197,186,199,208,209,212,205,208,213,201,208,180,196
89,109,125,153,154,178,167,189,192,189,190,181,206,193,215,217,186,209,193,204,216,206,206,212,218,203
76,102,108,151,158,166,161,159,169,183,192,205,182,195,216,216,217,188,211,199,202,220,211,221,210,224
78,87,115,119,134,149,163,165,179,178,192,189,198,193,207,210,203,209,218,222,220,221,216,223,225,214
84,76,75,114,126,154,179,174,159,186,195,188,208,205,216,219,221,208,214,218,214,234,225,205,223,197
69,84,94,97,111,142,170,161,169,162,184,195,194,202,214,213,220,217,222,217,230,227,233,223,231,225
124,72,83,99,109,118,143,175,149,153,182,179,196,205,194,216,217,221,226,232,230,230,238,230,226,224
132,127,74,78,100,112,126,143,140,176,166,173,199,204,199,220,214,229,235,232,236,234,240,229,228,223
126,134,66,64,86,106,118,141,131,134,161,168,194,205,209,218,208,221,229,228,233,239,227,228,223,226
124,128,126,65,72,90,107,113,125,138,145,169,189,168,204,199,213,214,222,233,210,228,232,231,235,222
127,128,131,125,62,83,106,100,114,119,157,142,164,190,190,205,195,211,219,215,217,215,218,221,214,222
132,124,131,132,130,78,70,100,104,107,120,149,146,168,192,191,200,195,203,220,207,223,220,220,220,211
