220,244,228,251,231,243,224,210,146,166,170,169,183,179,204,207,223,223,232,236,238,247,247,250,248,255
239,245,246,241,243,223,233,234,198,138,161,169,172,194,184,207,220,227,228,236,237,246,247,250,250,254
242,252,241,246,246,250,227,237,223,185,158,175,172,196,205,192,191,207,221,238,241,249,250,254,253,249
242,236,245,252,235,251,243,235,220,220,163,156,169,164,210,181,201,198,218,237,237,242,244,251,254,249
242,245,245,248,247,245,236,244,238,214,190,163,165,156,167,172,192,201,213,230,227,234,237,244,253,251
242,244,243,243,254,248,250,250,240,232,214,164,151,150,163,179,176,206,203,221,222,236,240,243,251,249
249,241,242,244,248,251,240,246,247,243,212,199,157,144,156,170,185,202,204,209,228,232,233,244,247,251
240,240,240,251,249,249,250,251,245,249,240,200,191,154,164,161,180,188,204,215,220,225,236,241,243,247
239,239,240,249,245,246,248,252,246,251,252,236,213,170,178,179,177,185,204,214,218,229,234,242,255,253
237,241,244,242,242,245,239,249,254,251,250,242,230,185,176,165,173,173,184,214,216,215,228,230,232,240
230,233,239,236,235,237,231,243,248,245,250,255,244,220,174,159,141,184,174,196,222,224,228,242,245,241
241,243,239,246,239,238,240,245,241,246,246,247,247,242,191,139,169,161,187,210,223,216,228,239,230,236
243,237,235,242,234,232,232,235,230,235,246,242,255,242,214,186,151,164,190,200,216,223,223,232,240,241
248,247,246,243,241,240,228,235,237,234,239,245,243,242,233,180,137,151,175,194,212,230,231,225,235,239
245,243,246,250,242,242,230,240,234,245,239,247,246,248,239,208,160,134,178,191,199,224,246,233,241,238
242,246,250,243,237,251,229,233,239,237,227,237,237,238,239,222,175,136,154,198,195,219,215,236,234,231
185,222,226,243,244,233,233,228,240,219,230,225,228,240,245,220,174,136,157,195,211,213,231,230,246,243
125,138,182,207,212,207,200,201,222,229,220,223,226,225,231,227,196,156,153,188,189,218,218,230,229,243
118,125,125,145,180,159,140,149,185,182,185,207,227,235,239,237,209,171,166,192,210,212,233,229,241,240
114,120,115,104,125,129,115,104,119,133,167,185,204,226,230,229,209,196,179,201,220,218,231,227,239,237
113,113,108,98,69,80,60,83,89,111,124,153,176,211,224,234,209,196,193,205,220,226,227,227,235,236
95,93,93,59,45,22,18,15,73,79,111,128,148,207,228,229,197,197,205,212,224,227,229,235,242,236
152,122,95,60,13,18,12,21,41,74,85,110,124,204,215,216,209,204,197,215,224,228,228,234,241,231
233,195,130,88,69,90,100,109,114,64,95,117,117,134,189,204,212,210,213,220,232,245,240,233,240,241
211,214,155,121,127,145,190,180,127,100,86,106,125,141,176,203,214,216,224,229,235,236,228,231,241,236
219,193,174,196,214,221,223,202,167,127,99,103,109,147,179,201,203,226,217,229,239,235,230,241,243,223
233,229,226,236,235,227,223,221,213,153,132,117,123,137,168,194,225,224,220,221,229,229,227,237,243,239
228,226,225,230,237,224,238,215,206,196,138,131,123,131,182,181,194,221,210,217,231,235,233,232,232,236
238,240,241,245,236,233,242,220,230,210,156,152,142,135,164,200,200,204,219,226,233,227,228,233,230,237
244,239,233,234,241,237,238,238,218,209,181,151,153,150,159,174,180,219,219,222,225,223,233,235,225,231
