87,36,86,97,102,101,116,137,136,159,180,183,198,207,219,220,224,218,213,213,213,217,215,218,220,221
71,33,85,88,81,94,106,128,123,138,155,179,184,198,188,197,210,209,206,206,201,201,207,211,215,216
24,24,31,69,57,79,94,91,105,105,118,132,165,155,166,178,186,200,207,210,210,196,196,201,211,194
6,31,10,80,36,19,46,81,97,103,107,114,136,146,153,169,154,150,171,186,194,173,182,184,196,194
56,11,31,38,53,9,61,59,79,75,97,104,105,108,123,122,137,155,161,151,163,156,167,169,140,198
3,24,46,56,90,60,66,75,56,73,92,100,92,111,127,108,121,111,144,160,146,157,142,143,158,148
31,13,20,43,68,69,60,47,77,73,78,85,91,100,96,113,118,114,115,119,157,143,141,150,143,153
75,32,45,46,43,90,63,76,72,80,81,88,86,80,89,98,108,100,111,115,124,138,141,146,148,147
87,90,100,89,97,94,91,81,95,88,96,98,108,96,91,98,107,106,108,118,127,119,131,134,137,164
76,77,58,54,98,81,89,84,77,83,99,91,102,103,106,121,109,109,106,107,128,129,137,131,146,172
5,1,2,0,3,2,18,14,16,24,23,9,53,64,97,107,104,111,117,120,118,122,126,131,132,131
22,3,4,1,1,1,11,24,4,45,105,60,57,63,91,96,98,97,109,107,110,109,123,124,123,121
44,5,0,0,22,40,21,26,55,22,151,172,127,55,65,97,92,49,99,107,115,114,114,118,119,118
27,6,3,4,75,97,103,105,96,44,138,217,212,152,99,82,91,112,89,99,104,102,107,114,118,118
11,0,4,2,15,52,114,219,102,121,113,217,247,224,204,128,91,104,113,105,96,101,107,110,111,111
9,2,2,3,4,5,84,97,99,126,140,225,255,241,218,207,145,103,103,123,100,110,108,107,105,108
85,2,6,3,0,53,25,27,58,113,211,246,255,243,235,203,195,142,95,111,129,104,111,112,112,116
71,0,6,3,3,5,69,54,79,109,219,209,248,249,227,209,194,166,120,107,105,134,117,121,123,123
64,11,0,2,17,9,76,62,83,199,226,243,223,236,228,223,205,162,130,133,95,118,138,138,129,134
79,11,10,6,16,53,92,132,146,212,213,224,214,232,219,207,190,153,151,153,88,93,118,161,147,164
92,107,78,33,55,78,115,190,227,213,220,205,222,204,201,166,162,125,135,113,94,90,109,136,167,167
108,113,94,113,118,122,126,192,208,221,197,204,164,117,111,128,112,93,101,107,121,113,114,135,147,177
95,71,88,88,106,105,132,135,135,129,109,98,91,99,106,117,135,149,158,176,199,152,144,130,149,135
87,30,29,29,47,73,65,93,101,85,105,138,138,138,147,155,193,169,162,125,135,124,132,132,168,168
94,71,47,31,30,80,87,100,102,96,101,112,120,135,128,128,144,136,127,137,135,128,140,148,127,166
89,77,88,77,69,85,87,92,102,115,114,124,139,135,124,128,121,127,143,146,138,143,143,166,163,169
90,84,94,101,91,104,103,103,106,117,117,110,115,122,121,120,135,137,147,147,147,152,152,164,156,167
93,80,85,99,90,99,103,102,105,114,121,115,117,115,138,130,151,150,149,164,156,169,164,166,170,175
70,93,91,78,101,86,101,103,108,113,124,125,137,139,153,147,148,160,161,161,174,190,203,170,176,162
99,77,89,97,101,96,110,111,116,119,129,127,142,147,150,167,147,153,176,156,163,182,180,174,171,165
