126,124,129,129,130,123,131,127,63,27,36,96,86,25,8,15,8,21,22,26,27,43,78,100,76,77
129,131,126,121,124,125,126,56,30,43,81,86,25,4,1,10,15,16,19,23,33,72,90,88,66,80
125,126,129,128,133,126,127,53,43,51,98,62,29,7,9,20,13,21,27,49,65,96,86,69,75,75
128,128,127,122,127,127,129,49,51,78,97,24,29,7,10,17,28,30,40,63,96,89,85,76,85,49
128,124,121,135,128,121,130,45,45,87,57,10,8,9,12,31,17,26,45,90,86,90,69,80,61,69
127,125,132,121,130,122,48,33,95,85,30,20,7,3,8,26,26,31,95,84,82,75,88,92,55,38
126,128,122,131,125,129,63,35,101,58,29,13,6,5,20,25,12,56,106,82,77,76,82,68,73,50
127,127,131,124,125,130,33,86,92,32,23,5,5,10,15,22,22,98,86,73,80,92,86,61,41,52
123,131,129,126,127,128,11,98,72,13,19,10,1,9,10,16,80,108,91,77,100,87,73,45,60,34
130,123,121,124,130,39,48,107,36,32,4,6,7,8,13,41,122,85,90,83,77,81,67,56,64,23
127,131,130,127,125,35,65,108,40,21,0,9,11,11,10,97,92,78,89,84,64,85,47,49,45,23
121,127,124,126,129,48,73,90,52,9,8,2,10,7,50,107,81,85,87,77,83,45,36,64,43,45
131,125,130,130,127,62,91,74,47,16,8,6,18,16,104,83,81,98,72,79,63,42,51,73,51,73
125,123,131,125,129,64,84,47,37,18,7,12,10,71,99,79,82,79,64,74,72,49,59,73,73,88
128,129,127,128,127,51,79,36,24,14,9,5,14,104,82,81,76,89,73,62,57,72,68,68,59,78
126,124,131,124,48,72,60,36,31,15,0,19,73,71,94,88,71,67,74,57,59,59,79,78,60,75
125,129,127,125,64,36,67,45,25,10,10,26,83,73,96,72,78,47,77,60,70,87,72,69,67,69
125,130,131,127,55,49,24,61,11,7,12,83,86,70,93,83,43,54,59,65,62,80,59,56,38,66
134,117,127,126,58,27,32,78,14,12,50,90,81,83,88,65,22,70,55,53,100,44,67,52,69,84
118,139,124,128,44,32,44,54,14,4,102,67,79,84,54,60,47,73,74,57,57,39,46,71,74,71
135,126,124,130,31,35,51,43,14,51,72,72,91,86,63,62,62,69,54,98,26,54,70,55,83,59
123,124,125,63,32,21,48,24,13,63,80,89,98,67,53,65,81,35,49,68,25,57,78,72,71,69
132,128,126,67,42,20,48,12,78,73,66,101,75,62,57,90,65,42,75,57,45,68,65,102,41,72
124,128,127,53,31,33,50,12,88,38,99,69,68,43,67,70,21,51,49,37,38,74,77,91,83,73
125,126,129,37,22,33,48,58,84,92,90,60,42,49,94,40,50,55,29,54,57,61,88,58,109,52
131,125,125,26,13,42,60,87,83,104,88,70,62,85,55,46,55,31,15,34,82,78,91,94,86,43
127,122,134,32,16,25,95,75,75,99,58,50,58,81,73,29,42,37,31,45,80,90,87,97,33,33
129,128,123,20,38,21,86,59,92,66,52,36,85,85,37,36,27,25,27,67,75,88,89,89,61,9
121,128,129,9,30,64,90,94,87,47,66,83,55,35,33,32,47,26,28,72,88,91,71,39,47,28
131,132,124,19,45,85,94,94,76,59,68,61,44,47,40,32,32,42,55,88,82,78,56,64,2,39
