89,87,86,99,102,100,96,113,126,138,147,159,171,184,194,202,219,227,244,250,247,248,236,242,233,242
84,92,95,86,94,96,100,113,118,131,139,149,162,184,201,206,220,230,248,251,255,250,241,235,233,230
97,89,87,84,91,93,110,122,123,139,147,161,164,182,198,206,218,225,242,245,249,252,245,245,240,237
91,94,97,104,110,100,115,132,136,151,152,163,192,191,196,203,216,220,238,246,249,254,248,244,244,241
91,97,90,100,132,120,134,125,133,138,148,185,168,182,203,194,211,220,239,244,252,253,253,250,243,237
94,102,127,111,128,111,113,130,121,138,149,174,182,192,185,199,200,220,236,248,248,250,252,252,245,238
109,96,110,111,117,119,115,129,123,162,175,173,180,179,192,203,207,237,232,244,250,251,252,250,245,240
105,103,108,119,103,117,111,117,145,161,162,179,186,172,195,191,205,217,217,228,250,251,252,251,247,243
95,94,102,106,111,104,125,137,149,163,173,177,181,184,181,206,210,212,230,242,243,247,253,255,253,247
100,93,88,107,89,107,120,132,156,172,166,187,180,190,203,196,216,206,227,225,243,248,253,255,254,249
89,100,99,116,102,105,115,153,166,171,175,200,186,201,200,201,197,230,218,240,246,250,254,253,252,251
109,101,119,112,124,121,132,166,165,172,192,189,200,196,195,193,209,203,209,235,242,248,254,255,253,252
111,121,146,144,123,130,149,168,174,174,179,186,190,196,195,198,215,208,215,231,243,249,251,252,255,255
131,150,163,151,144,151,168,187,189,184,180,192,199,192,185,189,190,204,204,221,231,245,251,250,253,254
167,193,181,193,180,176,175,173,183,194,181,170,184,186,173,190,186,196,205,208,228,232,248,255,251,249
171,193,192,195,191,168,168,169,173,183,184,187,178,172,178,174,176,185,184,196,208,225,241,247,247,247
182,203,212,194,184,177,172,165,144,170,173,167,170,174,154,151,160,160,175,185,195,235,243,230,234,235
191,201,194,195,180,168,152,165,140,154,157,169,163,160,150,145,154,164,157,178,192,209,226,226,215,212
192,195,186,191,155,158,140,131,132,131,146,156,156,159,151,153,157,148,153,160,190,190,204,200,170,159
182,177,146,133,105,95,80,70,130,105,126,129,148,140,153,140,145,132,153,164,169,196,175,113,65,38
175,163,138,86,55,31,27,14,20,36,72,118,117,128,118,115,137,118,128,153,153,149,92,52,28,18
135,123,80,57,44,30,16,22,33,36,59,78,87,91,112,100,97,96,111,145,158,165,137,63,32,26
103,95,78,59,54,45,47,47,59,69,67,100,96,93,88,87,89,96,121,135,158,169,204,192,107,72
85,78,74,77,78,84,85,87,82,102,106,87,90,84,87,77,82,90,85,109,125,157,181,194,207,215
74,78,77,92,107,113,108,124,125,113,106,112,94,83,85,76,78,89,93,124,119,160,162,195,197,213
74,69,77,82,82,106,115,107,114,119,105,113,103,91,87,93,91,88,102,104,130,134,155,181,200,196
96,79,75,79,86,86,91,112,110,105,115,81,98,82,95,87,91,98,106,119,137,152,159,175,192,196
90,104,96,84,96,98,91,91,110,101,93,93,97,102,93,87,106,93,96,94,114,135,153,157,173,204
116,95,86,98,97,88,104,93,99,99,93,83,87,102,95,101,92,90,98,101,96,117,140,143,181,188
85,105,97,94,90,104,96,93,83,78,97,84,95,87,96,107,93,92,90,89,104,109,133,165,164,173
