238,235,231,246,248,236,230,232,217,222,229,222,226,211,236,242,246,244,248,124,130,126,123,129,127,127
249,245,249,233,249,229,249,224,236,226,244,224,232,233,251,228,226,231,238,226,131,127,126,127,127,127
239,208,229,213,247,249,248,247,245,253,238,251,209,239,239,239,250,236,230,225,120,130,128,126,127,127
235,243,251,236,252,244,240,233,224,234,240,242,238,242,247,251,245,252,233,250,132,125,123,131,127,127
231,235,241,230,240,227,237,228,235,239,255,237,219,236,232,255,243,249,255,249,126,122,128,124,127,127
252,222,227,230,233,240,242,242,235,235,221,253,223,247,239,234,219,245,238,252,246,131,130,128,127,127
235,237,231,229,237,245,251,242,248,205,244,222,231,239,238,250,250,244,245,241,241,126,128,122,127,127
240,222,227,189,243,238,227,245,240,228,242,224,238,243,247,250,245,239,251,243,249,128,125,129,127,127
239,233,223,249,225,246,232,230,225,244,235,249,232,233,241,247,237,255,255,250,251,126,129,124,127,127
224,240,229,243,228,245,230,239,232,228,236,223,247,220,246,232,243,245,245,252,251,247,123,129,127,127
224,244,222,234,239,234,245,243,222,248,214,251,226,227,241,243,249,246,252,245,242,246,129,126,127,127
241,223,227,225,242,234,237,231,239,234,238,233,245,228,247,246,252,251,241,241,255,253,131,127,127,127
224,222,223,224,228,214,234,236,236,239,221,238,233,231,242,243,249,252,251,255,244,242,124,123,127,127
217,222,225,219,220,225,198,201,228,217,228,218,227,227,232,242,250,236,249,253,250,247,131,129,127,127
214,233,226,225,219,224,232,237,225,227,208,222,219,228,231,231,229,228,234,232,244,244,130,124,127,127
215,204,207,220,232,228,229,198,227,233,229,223,218,209,227,229,216,218,207,225,227,227,234,129,127,127
224,215,221,220,181,230,224,222,218,215,228,247,221,226,189,226,230,218,214,229,209,219,217,126,127,127
225,191,218,219,221,216,214,235,218,222,234,216,214,204,220,228,214,220,226,202,223,222,220,124,127,127
222,235,226,200,221,219,192,216,235,203,215,233,222,186,224,229,198,228,218,208,231,204,209,129,127,127
218,220,222,233,225,217,237,199,202,224,194,228,233,224,209,229,227,221,216,196,205,180,236,127,127,127
214,242,214,200,231,214,201,241,199,205,226,227,214,215,234,213,214,209,222,208,241,201,212,127,127,127
234,179,236,233,194,242,222,175,240,184,214,246,198,238,178,229,219,211,219,226,199,230,183,207,127,127
197,234,212,205,229,203,239,238,194,242,222,234,186,237,201,232,189,233,230,215,223,199,225,228,127,127
216,216,239,215,230,236,188,253,221,232,204,234,220,222,201,245,210,215,218,225,204,216,237,234,127,127
234,225,218,236,194,230,219,243,219,240,235,244,230,229,225,209,237,226,231,217,246,219,224,250,127,125
242,237,249,237,229,229,246,241,231,209,247,231,236,255,221,238,214,238,220,215,250,169,251,183,129,131
211,254,213,254,227,236,242,235,241,213,255,219,247,215,244,239,190,235,170,218,180,204,162,172,126,121
191,238,213,240,232,207,181,175,203,202,232,139,222,171,200,156,142,126,140,96,68,69,54,35,128,131
122,170,136,157,133,110,116,119,115,91,85,67,36,16,17,41,20,20,7,13,29,49,40,23,128,123
24,23,17,19,24,51,76,81,79,89,70,54,27,18,10,3,7,3,0,19,21,44,32,38,126,136
