105,108,104,108,114,120,107,105,109,110,120,128,122,117,120,130,125,127,110,131,129,122,117,104,108,109
123,133,129,109,115,129,126,134,123,116,135,125,133,123,119,129,126,120,125,117,119,123,105,120,109,109
114,120,136,137,138,135,127,136,148,123,123,121,120,134,128,122,119,138,121,123,126,120,127,111,126,124
128,140,146,132,132,143,131,141,132,132,130,135,133,128,132,143,137,138,143,150,146,129,124,123,105,91
146,127,126,125,121,147,161,144,137,146,146,133,110,124,141,157,157,148,166,146,133,122,122,135,128,121
129,144,141,145,169,133,175,155,178,157,138,143,150,141,157,155,153,156,168,158,154,134,140,123,111,102
140,148,164,150,168,172,135,133,144,159,158,159,161,156,147,181,200,147,146,179,152,145,138,136,115,120
170,198,170,182,172,179,156,163,171,177,192,206,178,190,181,192,158,192,180,156,184,137,130,140,105,117
198,186,198,205,200,200,191,186,178,176,187,182,191,181,189,194,211,186,155,188,175,129,128,139,132,122
202,199,197,214,200,200,205,188,184,166,159,177,200,220,213,202,200,197,179,175,155,137,144,128,121,104
205,193,201,198,196,191,192,203,178,179,196,222,213,191,216,200,202,202,185,178,164,149,134,132,118,109
217,207,222,200,208,198,211,217,214,204,216,216,214,209,201,207,205,187,188,176,145,154,132,138,107,102
225,226,220,221,226,217,210,202,225,225,202,212,223,213,215,222,203,217,194,194,160,151,144,133,104,112
230,228,216,212,225,221,225,221,224,224,227,227,219,220,214,203,216,207,201,167,156,159,146,132,117,111
232,239,232,224,233,228,224,229,224,219,227,223,211,219,219,232,206,196,197,187,162,143,142,125,129,122
221,232,233,232,234,232,228,232,232,221,213,217,219,214,211,203,225,211,199,186,175,161,132,135,106,140
227,233,235,236,226,229,231,228,233,232,224,227,224,203,216,213,207,197,202,184,176,139,122,118,120,124
243,243,242,241,231,234,238,228,219,222,223,223,225,218,213,176,207,197,201,171,162,124,110,123,118,126
240,236,237,236,241,241,226,225,224,233,231,218,212,204,204,203,176,176,160,165,142,119,105,134,105,120
237,238,242,234,242,230,238,230,224,225,212,204,203,186,180,170,153,176,166,162,123,117,97,107,119,120
245,240,231,238,235,239,229,230,220,219,230,208,173,176,167,162,155,161,147,157,120,113,105,110,123,133
242,244,242,246,236,234,242,227,220,207,197,184,180,185,161,157,163,157,169,140,120,99,118,130,136,152
247,248,241,240,235,241,235,234,235,209,190,186,176,152,147,153,153,158,161,141,111,111,118,154,155,163
242,240,237,237,228,226,230,221,208,194,192,195,179,164,149,120,155,150,136,128,131,134,147,180,188,199
243,236,234,231,219,211,222,228,210,187,175,191,163,129,130,120,141,137,122,118,125,161,195,212,214,217
248,236,232,230,226,222,226,217,204,189,161,163,150,137,131,135,151,155,141,122,154,186,213,219,231,242
239,232,237,237,232,226,214,217,209,178,156,151,144,137,129,156,146,167,147,138,155,204,222,237,240,240
242,236,235,225,220,219,210,212,197,163,165,141,131,143,156,154,169,170,157,142,177,211,235,247,241,247
240,237,228,211,205,206,212,190,196,163,145,135,120,154,156,170,186,161,152,145,186,214,238,235,251,249
222,223,223,225,205,208,195,188,145,164,128,145,161,147,185,191,198,172,197,143,175,215,214,233,237,248
