126,128,125,127,127,128,129,126,12,44,54,29,50,70,76,62,57,59,73,51,73,68,60,36,19,15
129,128,131,124,134,124,125,4,3,46,74,33,27,82,45,60,38,40,93,63,44,48,45,23,23,22
129,126,125,131,120,131,122,15,9,25,68,30,46,96,49,53,33,87,46,73,75,35,47,52,2,34
126,125,133,128,127,131,126,6,9,26,77,57,78,91,77,64,36,52,81,88,62,31,56,77,16,33
133,127,118,129,128,121,130,0,34,41,37,17,47,88,84,63,16,22,76,87,61,77,63,62,62,31
121,131,126,125,128,131,2,8,27,26,37,60,84,71,52,75,28,9,72,74,79,83,72,76,45,43
124,133,126,131,127,127,1,1,39,54,53,65,77,49,72,62,60,47,43,54,71,74,67,89,39,17
128,128,124,125,127,126,11,5,62,79,43,86,77,26,77,6,59,71,34,18,57,81,83,84,32,18
131,124,130,131,126,121,17,23,30,54,55,78,61,11,71,13,24,60,61,73,83,74,77,81,37,41
121,127,126,122,129,12,7,30,40,49,55,78,86,33,74,44,47,50,67,54,53,64,57,55,22,31
132,129,125,130,123,8,24,67,60,62,48,75,65,73,56,14,35,33,62,49,75,81,63,79,36,42
124,122,132,121,131,19,51,51,79,73,72,42,57,73,18,21,50,42,64,72,66,45,33,53,43,39
125,131,132,126,124,8,37,42,32,66,70,84,53,84,27,39,71,51,47,65,85,56,20,9,23,58
129,127,119,130,131,1,34,70,83,28,73,49,29,86,44,48,69,40,49,83,75,96,69,36,26,47
129,124,132,127,128,0,65,87,71,17,72,46,41,25,5,29,78,46,58,52,87,81,73,54,30,45
125,129,129,123,9,18,25,83,86,40,38,54,63,62,56,47,38,43,33,80,82,84,53,77,12,26
128,124,129,125,11,74,5,87,52,54,40,47,80,66,37,36,49,76,59,69,90,77,84,87,28,55
129,126,127,128,12,13,52,57,74,58,49,61,35,20,53,23,13,60,27,76,73,71,74,73,71,65
124,129,124,130,8,42,56,48,21,75,88,72,36,34,66,15,26,37,20,38,59,70,79,87,48,47
130,127,129,123,11,13,65,71,63,62,46,47,6,47,49,14,15,75,65,71,81,76,88,69,76,86
126,128,126,125,9,31,60,42,64,84,81,63,0,62,39,2,32,59,70,42,87,60,86,73,66,80
123,126,132,11,28,35,81,55,40,68,85,36,26,44,26,4,7,44,62,76,79,82,82,96,85,42
133,123,129,0,43,71,23,34,64,42,86,22,39,25,44,25,32,27,82,19,64,72,98,70,95,83
126,128,127,36,21,48,71,63,62,15,73,32,32,19,22,16,37,40,37,21,22,32,82,35,93,46
127,128,125,54,29,74,55,72,47,100,26,42,3,18,9,12,39,37,80,18,41,81,75,74,93,83
129,124,129,35,67,77,60,83,46,98,64,37,12,21,10,18,64,83,83,24,79,45,93,65,87,91
123,124,134,41,62,62,65,68,30,22,76,13,37,63,40,34,69,66,74,72,40,32,88,64,81,92
131,129,122,81,25,66,61,46,67,23,36,0,18,65,35,26,29,54,90,64,60,75,87,67,96,86
124,126,126,46,77,58,70,60,75,85,20,7,19,40,45,29,45,45,72,58,35,67,85,76,97,95
134,125,126,75,50,64,67,56,59,34,9,0,9,23,32,78,10,61,68,71,55,84,77,72,68,91
