128,128,128,128,128,128,128,128,127,129,126,129,131,124,1,1,5,18,36,43,47,52,51,54,45,50
128,128,128,128,128,128,128,128,129,132,125,129,126,130,5,12,18,41,51,48,50,50,53,65,55,66
128,128,128,128,128,128,128,128,126,130,130,125,130,126,124,15,37,37,43,57,63,63,66,64,71,68
128,128,128,128,128,128,128,128,125,128,129,130,130,124,131,37,32,62,58,45,56,67,69,67,68,75
128,128,128,128,128,128,128,128,132,130,124,128,122,134,123,126,55,49,55,65,64,67,71,63,66,72
128,128,128,128,128,128,128,128,126,127,130,132,126,124,132,128,67,62,64,64,68,69,64,67,64,57
128,128,128,128,128,128,128,128,131,127,125,127,129,130,125,133,127,63,52,64,66,68,60,57,48,48
128,128,128,128,128,128,128,128,128,128,131,127,128,127,132,123,127,71,65,70,71,76,58,51,43,32
128,128,128,128,128,128,128,128,128,128,128,128,128,128,128,128,127,78,70,74,72,74,66,60,45,35
128,128,128,128,128,128,128,128,128,128,128,128,128,128,128,128,126,133,77,82,78,76,78,66,56,50
128,128,128,128,128,128,128,128,128,128,128,128,128,128,128,128,128,125,84,85,75,87,85,69,68,62
128,128,128,128,128,128,128,128,128,128,128,128,128,128,128,128,131,126,133,80,95,83,85,97,88,78
128,128,128,128,128,128,128,128,128,128,128,128,128,128,128,128,128,132,124,92,85,89,90,91,93,87
128,128,128,128,128,128,128,128,128,128,128,128,128,128,128,128,123,130,126,136,82,91,90,94,98,100
128,128,128,128,128,128,128,128,128,128,128,128,128,128,128,128,131,126,131,125,127,92,85,89,96,100
128,128,128,128,128,128,128,128,128,128,128,128,128,128,128,128,128,128,126,128,130,100,111,98,102,101
128,128,128,128,128,128,128,128,128,128,128,128,128,128,128,128,127,128,130,125,128,132,102,103,100,116
128,128,128,128,128,128,128,128,128,128,128,128,128,128,128,128,132,128,128,131,127,123,111,102,110,105
128,128,128,128,128,128,128,128,128,128,128,128,128,128,128,128,125,126,125,130,129,129,128,91,99,89
128,128,128,128,128,128,128,128,128,128,128,128,128,128,128,128,130,132,130,129,129,127,128,87,83,88
128,128,128,128,128,128,128,128,128,128,128,128,128,128,128,128,126,123,127,127,130,126,132,128,84,99
128,128,128,128,128,128,128,128,128,128,128,128,128,128,128,128,132,130,133,126,128,127,123,129,126,74
128,128,128,128,128,128,128,128,128,128,128,128,128,128,128,128,125,128,129,125,127,136,128,124,129,47
128,128,128,128,128,128,128,128,128,128,128,128,128,128,128,128,131,128,126,131,124,128,129,129,128,127
128,128,128,128,128,128,128,128,128,128,128,128,128,128,128,128,128,128,128,128,128,128,128,128,128,127
128,128,128,128,128,128,128,128,128,128,128,128,128,128,128,128,128,128,128,128,128,128,128,128,131,129
128,128,128,128,128,128,128,128,128,128,128,128,128,128,128,128,128,128,128,128,128,128,128,128,126,127
128,128,128,128,128,128,128,128,128,128,128,128,128,128,128,128,128,128,128,128,128,128,128,128,132,126
128,128,128,128,128,128,128,128,128,128,128,128,128,128,128,128,128,128,128,128,128,128,128,128,122,134
128,128,128,128,128,128,128,128,128,128,128,128,128,128,128,128,128,128,128,128,128,128,128,128,134,128
