90,98,97,99,107,92,99,99,106,94,101,95,111,128,153,167,163,160,160,157,164,163,176,144,118,108
94,98,105,121,115,102,99,99,94,92,89,98,113,123,146,152,172,173,180,191,202,194,187,160,162,146
108,114,108,111,111,106,103,104,95,103,94,107,114,131,148,148,191,197,194,212,206,219,218,207,212,197
113,113,108,116,114,113,118,115,111,110,101,102,117,113,144,156,149,180,208,206,216,228,226,232,232,229
101,98,91,99,115,108,111,107,109,108,108,106,114,128,125,123,126,158,179,207,221,233,225,234,232,237
93,90,89,105,108,100,101,108,109,109,108,102,107,114,118,134,150,182,197,202,182,213,215,232,233,235
100,97,97,91,100,110,115,119,117,112,112,108,112,105,116,137,147,193,211,213,219,212,220,226,222,225
89,89,88,96,106,118,120,120,119,116,113,106,112,110,122,134,141,165,182,197,200,216,203,203,200,215
86,74,97,110,112,124,119,112,110,106,99,91,102,104,112,113,123,140,163,188,191,218,216,217,198,215
85,94,91,107,113,123,117,111,109,103,97,93,92,98,100,99,107,128,149,165,181,192,205,211,207,198
84,97,96,111,113,120,118,117,114,103,99,99,101,104,106,117,117,143,161,169,188,207,182,182,176,163
107,111,116,99,107,110,112,117,111,101,101,101,115,110,101,114,106,128,154,173,183,182,159,145,164,163
112,118,111,109,101,98,100,105,99,97,105,103,101,102,94,105,110,129,159,184,189,192,175,152,143,140
114,118,125,124,108,99,93,89,78,80,91,86,98,114,112,115,126,127,137,147,155,185,176,178,176,164
120,119,131,129,141,122,117,101,97,81,76,88,89,88,105,115,119,130,133,148,171,187,182,176,167,174
133,124,136,137,136,130,141,115,101,114,111,106,102,106,129,113,131,168,180,193,206,208,187,184,159,164
137,153,147,151,158,144,129,125,121,112,101,114,104,118,140,156,167,198,203,226,227,228,217,178,167,181
164,154,191,156,167,176,162,160,150,135,122,144,154,162,170,182,212,216,236,234,236,234,228,212,195,200
131,122,129,141,178,175,178,171,161,180,159,161,170,186,180,195,183,184,202,221,236,235,237,222,210,210
106,92,113,131,137,161,148,164,156,153,162,156,166,153,166,168,171,157,159,165,174,188,218,212,236,237
66,85,89,86,94,107,122,128,143,161,133,134,128,125,135,134,119,129,123,121,140,142,157,186,217,229
67,51,55,66,67,69,72,100,106,114,123,113,109,94,97,105,93,84,93,91,95,105,122,118,145,153
48,45,59,46,58,60,64,62,68,79,80,80,89,76,71,66,70,67,58,76,80,80,83,87,94,117
45,49,51,47,51,53,54,56,51,60,60,68,68,67,73,63,66,67,64,76,80,80,76,82,77,94
45,49,51,51,50,52,52,58,48,54,49,59,66,67,79,69,71,72,74,79,79,85,85,83,77,85
52,49,60,56,56,52,49,50,48,55,55,62,76,69,77,69,69,64,66,68,82,79,85,80,93,90
58,53,58,54,54,54,62,57,63,65,67,69,84,80,84,76,71,67,69,69,87,74,80,85,101,86
45,51,46,56,57,61,76,67,72,69,75,77,91,99,96,81,67,64,62,61,65,68,68,76,83,86
34,43,40,53,56,53,57,46,45,45,55,65,73,83,72,60,44,43,39,43,36,49,50,54,58,71
45,39,35,36,38,32,34,32,27,23,22,30,36,43,30,38,38,48,50,66,86,91,101,106,98,73
