231,235,236,234,234,239,242,243,245,246,248,251,253,254,253,252,252,247,249,248,251,247,128,127,128,128
230,235,237,234,234,239,242,242,242,245,248,252,254,254,253,252,255,252,249,242,238,247,129,125,128,128
232,237,240,238,238,241,244,244,243,246,251,254,255,254,254,254,245,249,249,248,251,127,127,131,128,128
233,236,239,240,240,241,243,244,243,247,252,254,253,253,253,254,253,255,255,251,246,130,127,126,128,128
234,234,236,238,239,240,242,244,245,247,250,251,252,251,252,252,252,249,252,251,248,128,128,128,128,128
236,234,234,238,239,239,242,246,248,248,249,251,252,253,252,252,248,244,248,247,245,127,129,128,128,128
226,231,236,236,235,238,244,248,244,246,249,250,250,250,251,253,252,247,249,247,127,130,130,127,128,128
227,230,233,237,241,244,242,239,244,245,247,250,251,252,251,250,251,251,248,246,129,126,129,129,128,128
220,221,223,229,237,243,245,243,244,244,245,248,251,252,251,250,249,253,246,238,131,127,130,125,128,128
214,218,223,227,232,239,244,247,245,245,245,246,249,251,252,252,249,242,248,244,129,127,127,132,128,128
220,226,232,235,236,237,239,240,243,244,246,248,249,249,251,252,249,250,240,124,127,128,130,124,128,128
222,224,226,229,234,238,240,239,240,243,247,249,249,248,247,248,247,238,242,132,126,128,127,131,128,128
218,218,218,221,229,237,241,242,240,242,244,246,247,246,245,244,244,238,240,124,129,131,128,127,128,128
218,220,223,226,230,235,238,238,243,242,240,241,243,244,244,244,242,242,239,124,132,127,127,129,128,128
222,219,225,235,234,235,239,240,237,237,244,238,236,243,241,240,240,236,132,127,129,126,131,127,128,128
225,221,224,230,230,233,238,238,243,238,240,238,236,238,234,231,233,221,122,132,127,130,126,127,128,128
226,224,227,230,230,234,238,238,235,232,230,233,232,228,229,226,218,191,134,128,123,127,130,128,128,128
218,223,228,230,231,234,236,235,239,240,237,240,235,228,231,225,215,209,125,125,130,130,129,127,128,128
211,220,227,228,229,232,233,234,233,238,236,238,235,229,226,213,201,132,130,128,137,120,126,130,128,128
215,224,229,229,230,232,234,238,241,241,237,234,228,219,204,184,176,122,127,125,123,130,129,126,128,128
224,229,230,229,232,232,232,236,233,229,232,230,227,225,214,204,211,122,132,130,131,127,126,129,128,128
225,228,226,226,230,227,224,227,227,221,224,218,209,206,201,204,126,130,126,127,127,127,131,128,128,128
224,226,228,232,227,223,228,227,222,218,220,223,215,206,204,196,128,128,128,128,128,128,128,128,128,128
218,226,219,221,231,228,227,231,232,217,206,218,215,173,173,184,128,128,128,128,128,128,128,128,128,128
226,224,223,228,228,230,235,229,219,228,221,206,209,209,199,126,128,128,128,128,128,128,128,128,128,128
221,221,227,229,218,220,230,220,218,207,211,210,184,166,167,129,128,128,128,128,128,128,128,128,128,128
213,228,226,223,225,222,221,220,232,214,200,198,191,184,154,128,128,128,128,128,128,128,128,128,128,128
216,226,220,218,224,225,220,212,198,192,186,170,140,139,127,132,128,128,128,128,128,128,128,128,128,128
223,225,218,215,220,226,224,209,198,182,176,177,159,147,129,123,128,128,128,128,128,128,128,128,128,128
196,210,192,182,200,205,196,195,158,172,161,153,152,135,124,131,128,128,128,128,128,128,128,128,128,128
