113,139,150,157,150,175,170,204,215,221,227,224,239,242,245,248,248,247,247,247,238,239,235,234,233,231
149,134,159,140,180,181,201,220,189,219,229,235,242,244,247,249,249,247,247,248,243,243,237,235,235,234
140,159,189,179,186,206,167,216,226,225,231,242,242,244,247,250,250,249,248,250,248,245,236,235,237,236
151,173,164,182,191,182,188,208,215,214,230,243,241,243,247,251,252,250,250,252,243,245,240,240,237,233
151,165,169,204,197,197,201,200,222,224,229,244,245,245,247,250,253,254,252,250,252,246,242,239,236,234
157,178,175,185,175,187,191,217,218,230,236,240,245,246,248,251,253,253,252,251,252,250,246,241,238,238
173,169,191,199,198,201,211,215,225,230,234,237,244,247,250,253,253,253,253,252,252,252,248,240,235,235
173,187,210,208,203,222,195,206,223,223,236,240,243,248,252,254,253,253,253,253,250,251,248,242,238,238
185,184,216,200,191,200,209,203,234,227,231,235,242,248,254,254,253,253,253,253,254,251,248,244,238,235
206,203,205,211,213,221,206,225,212,222,239,241,241,248,254,254,253,253,253,252,254,250,246,244,238,231
212,184,195,210,218,209,222,226,220,226,233,234,241,248,253,254,253,253,253,251,249,247,245,245,244,240
203,213,232,207,223,212,209,209,219,225,235,241,240,247,253,253,253,253,253,250,251,250,247,244,243,238
217,214,226,222,209,217,212,230,221,221,230,240,244,248,252,253,253,254,254,254,249,247,245,245,245,244
206,221,230,216,221,219,220,205,231,219,230,235,240,245,249,251,252,253,253,253,252,250,249,249,250,250
213,218,213,214,213,228,217,211,201,180,224,232,237,242,248,251,253,254,254,253,251,251,249,249,249,249
189,207,214,199,220,218,204,202,186,178,202,225,234,240,247,252,253,254,254,252,251,251,251,251,250,250
204,205,198,213,212,206,193,168,205,174,190,208,230,238,246,250,251,250,250,249,246,247,249,250,250,251
179,200,193,185,192,186,199,174,167,190,160,202,226,235,244,247,245,244,244,244,244,245,245,246,247,248
166,178,180,183,188,166,190,165,165,168,183,182,219,229,238,240,236,233,233,235,238,237,237,238,241,245
147,164,189,173,179,155,156,149,162,157,188,175,211,222,231,232,226,223,223,225,218,217,218,221,228,236
115,145,155,143,148,140,150,148,138,153,168,175,187,208,229,211,217,204,225,157,164,159,158,170,177,208
91,87,97,126,112,126,139,129,138,127,142,173,196,208,204,199,167,138,51,31,12,8,21,79,117,164
12,35,83,81,99,108,117,119,134,121,138,163,173,159,152,92,32,18,5,0,2,0,0,8,43,96
16,34,49,79,100,102,96,106,115,119,132,141,147,117,76,36,17,6,5,0,4,4,3,9,22,64
45,71,62,65,72,95,98,105,117,125,135,139,159,152,104,76,61,47,13,12,6,9,11,18,23,49
79,76,78,87,73,86,105,100,111,129,160,158,157,142,125,143,131,94,76,59,37,27,21,17,28,45
106,90,83,74,71,70,101,106,112,125,142,123,134,153,135,155,139,134,117,104,81,55,25,37,36,44
82,90,86,81,69,69,76,82,99,116,114,117,127,120,130,142,138,160,135,153,143,118,71,43,33,50
79,88,91,79,68,73,73,72,84,69,68,85,118,124,117,131,129,129,159,155,135,117,119,83,71,79
99,89,87,74,73,68,66,63,50,57,68,70,94,107,114,130,143,144,149,151,160,144,141,133,152,146
