79,93,89,170,244,249,246,240,240,245,249,255,250,124,134,126,128,128,128,128,128,128,128,128,128,128
89,94,82,85,215,240,250,244,252,240,251,255,251,127,128,125,128,128,128,128,128,128,128,128,128,128
99,79,88,95,184,233,243,250,244,252,255,238,130,131,132,130,128,128,128,128,128,128,128,128,128,128
91,84,86,82,86,216,252,247,252,252,254,249,127,124,123,128,128,128,128,128,128,128,128,128,128,128
92,85,85,98,93,200,246,252,251,251,254,121,134,130,132,129,128,128,128,128,128,128,128,128,128,128
97,96,90,97,102,174,240,247,252,252,253,132,125,123,133,125,128,128,128,128,128,128,128,128,128,128
103,102,93,101,104,142,224,248,248,255,127,128,132,128,124,131,128,128,128,128,128,128,128,128,128,128
96,102,101,111,130,129,208,248,252,252,131,127,127,131,128,128,128,128,128,128,128,128,128,128,128,128
112,109,115,108,123,136,177,243,255,247,130,129,127,129,129,128,128,128,128,128,128,128,128,128,128,128
125,132,117,128,136,137,122,219,255,132,129,127,128,126,126,130,128,128,128,128,128,128,128,128,128,128
135,116,145,129,111,140,131,205,253,124,127,124,131,134,129,125,128,128,128,128,128,128,128,128,128,128
139,143,140,138,125,145,137,196,128,130,128,133,128,122,127,131,128,128,128,128,128,128,128,128,128,128
158,156,139,127,164,187,163,208,123,131,128,125,128,127,129,127,128,128,128,128,128,128,128,128,128,128
185,140,155,171,173,176,182,124,133,123,129,132,126,130,125,127,128,128,128,128,128,128,128,128,128,128
217,181,176,195,196,193,129,130,129,129,125,132,123,130,127,130,128,128,128,128,128,128,128,128,128,128
232,201,203,205,200,205,131,126,129,126,132,126,128,128,130,127,128,128,128,128,128,128,128,128,128,128
228,215,205,205,202,129,132,124,128,128,128,128,128,128,128,128,128,128,128,128,128,128,128,128,128,128
221,233,204,207,212,130,121,133,128,128,128,128,128,128,128,128,128,128,128,128,128,128,128,128,128,128
219,237,209,211,125,120,125,131,128,128,128,128,128,128,128,128,128,128,128,128,128,128,128,128,128,128
212,234,208,207,128,133,129,127,128,128,128,128,128,128,128,128,128,128,128,128,128,128,128,128,128,128
214,231,224,128,130,126,124,130,128,128,128,128,128,128,128,128,128,128,128,128,128,128,128,128,128,128
205,230,123,129,124,129,130,128,128,128,128,128,128,128,128,128,128,128,128,128,128,128,128,128,128,128
175,216,128,131,128,127,129,128,128,128,128,128,128,128,128,128,128,128,128,128,128,128,128,128,128,128
108,128,130,128,126,131,124,129,128,128,128,128,128,128,128,128,128,128,128,128,128,128,128,128,128,128
128,128,128,128,128,128,128,128,128,128,128,128,128,128,128,128,128,128,128,128,128,128,128,128,128,128
128,128,128,128,128,128,128,128,128,128,128,128,128,128,128,128,128,128,128,128,128,128,128,128,128,128
128,128,128,128,128,128,128,128,128,128,128,128,128,128,128,128,128,128,128,128,128,128,128,128,128,128
128,128,128,128,128,128,128,128,128,128,128,128,128,128,128,128,128,128,128,128,128,128,128,128,128,128
128,128,128,128,128,128,128,128,128,128,128,128,128,128,128,128,128,128,128,128,128,128,128,128,128,128
128,128,128,128,128,128,128,128,128,128,128,128,128,128,128,128,128,128,128,128,128,128,128,128,128,128
