127,128,128,124,124,123,117,107,112,106,103,111,109,99,96,89,97,84,87,84,89,82,78,79,77,75
128,126,130,126,124,120,120,115,121,115,105,110,110,103,105,97,105,94,95,91,86,87,83,86,83,83
128,125,131,128,126,123,128,125,124,120,117,119,117,114,109,99,101,95,109,99,97,97,98,100,102,96
130,126,133,131,133,133,139,133,134,126,127,120,119,125,120,118,120,110,134,114,124,113,112,100,109,110
127,130,136,133,132,144,141,128,142,128,131,139,133,133,123,124,123,119,129,120,124,124,121,129,135,122
131,124,141,143,139,144,139,146,140,137,131,138,133,128,144,135,138,137,138,137,139,134,131,132,123,127
125,126,147,148,142,143,140,144,147,146,153,147,140,143,147,144,142,144,134,143,148,145,149,148,142,148
130,131,139,141,143,145,149,141,139,145,154,151,150,160,151,157,145,145,132,142,143,142,144,146,152,141
126,126,150,155,155,150,152,156,154,166,153,151,162,152,154,155,158,157,151,155,152,152,149,154,152,148
131,125,159,159,167,169,158,160,161,161,160,151,171,158,161,162,157,157,153,151,148,150,152,160,148,154
123,135,166,162,158,153,169,178,174,163,175,167,164,164,155,153,162,168,160,156,154,149,158,159,153,152
128,128,130,165,186,163,179,160,182,180,176,192,161,171,174,160,157,173,167,168,169,153,165,154,154,158
131,124,132,178,176,166,173,177,177,182,180,182,180,174,172,181,175,191,180,180,175,170,165,164,165,164
128,128,130,163,165,170,173,169,181,191,187,186,190,179,185,189,183,198,181,187,171,174,164,164,183,184
132,127,128,165,174,183,182,186,177,189,175,196,202,181,192,202,202,193,188,192,197,177,182,182,184,180
129,126,132,178,186,183,169,175,171,182,192,185,188,199,179,193,188,199,193,191,185,191,197,187,182,169
124,127,131,178,185,188,181,188,170,184,192,179,197,190,194,189,199,211,201,192,182,187,189,173,180,174
133,129,125,177,174,168,170,185,182,184,180,201,195,206,193,209,189,201,209,204,195,177,194,203,175,184
127,126,127,196,188,170,173,187,191,196,201,192,205,198,210,192,201,212,191,200,191,199,185,177,180,178
127,132,128,190,177,165,174,177,195,190,203,200,195,212,194,190,191,205,197,201,192,181,177,183,190,188
128,127,132,125,202,184,186,182,191,175,212,197,206,211,208,206,206,187,211,196,199,190,197,176,194,201
128,126,130,125,187,194,206,195,187,198,198,202,208,209,215,209,208,215,191,203,208,201,200,192,192,191
127,135,121,135,192,195,180,197,208,205,209,213,202,198,199,216,207,200,219,213,211,195,198,192,202,186
130,124,133,120,185,183,191,183,194,203,208,209,191,190,212,196,207,197,216,200,207,213,202,217,204,204
128,127,128,128,170,189,188,184,196,197,203,206,198,206,211,192,208,213,215,211,205,199,209,200,205,194
129,128,129,129,171,187,187,198,217,202,204,206,204,216,192,215,207,208,212,214,193,189,223,201,198,192
127,128,124,132,127,193,204,205,198,210,195,194,197,207,207,216,211,216,206,213,205,216,196,194,201,193
127,130,126,128,126,175,185,198,194,189,197,191,201,207,206,206,214,200,205,194,201,203,205,204,198,192
127,126,131,127,129,198,185,203,204,200,196,196,205,206,211,200,217,193,195,207,187,206,209,195,195,189
128,132,129,123,127,186,201,193,189,189,195,197,201,221,214,212,193,198,198,210,208,208,199,199,193,197
