73,62,45,50,20,33,20,17,12,20,3,18,8,22,22,33,18,19,26,38,42,29,47,46,37,54
69,47,38,40,46,27,12,20,13,23,21,10,22,20,24,33,38,36,51,70,71,67,67,75,68,71
65,42,46,33,30,18,14,22,22,22,20,34,30,48,60,65,76,68,77,78,96,100,108,95,112,95
52,41,40,37,30,19,30,20,37,21,42,75,81,110,80,94,101,108,96,119,120,124,105,103,113,106
58,60,59,51,49,46,40,32,42,63,83,81,91,106,115,121,126,107,102,108,123,127,128,127,119,131
85,74,72,71,66,55,50,62,51,60,82,87,94,110,107,118,121,123,123,134,125,120,135,129,126,114
86,81,79,79,74,76,79,58,69,76,63,78,89,95,94,92,101,121,113,112,123,130,128,123,109,141
83,86,88,89,80,78,82,81,67,50,35,44,29,44,52,62,60,72,66,67,57,69,90,98,112,112
97,87,85,79,83,89,62,54,26,35,53,64,65,56,77,73,98,97,100,96,107,109,98,71,61,54
86,92,84,81,74,70,49,36,52,63,56,76,70,80,85,102,117,105,116,124,116,143,128,131,121,99
106,98,80,75,65,48,62,56,67,76,78,87,96,83,83,95,86,85,75,81,90,106,116,120,137,124
101,83,84,76,67,64,75,67,75,86,78,92,84,73,61,33,37,11,16,26,29,43,58,63,74,96
105,86,68,81,69,56,65,79,87,66,67,48,39,39,22,15,7,1,6,6,10,15,9,14,19,38
100,91,84,63,78,73,70,62,46,52,47,50,106,72,32,17,22,44,21,18,23,24,17,12,8,2
103,104,83,85,88,69,55,45,45,32,92,130,154,108,28,36,49,51,40,46,49,55,59,18,7,7
116,113,93,82,60,43,41,55,76,71,146,176,176,104,19,20,63,65,43,13,15,51,74,26,17,7
120,100,100,63,54,36,46,102,95,117,144,167,168,126,23,16,21,36,33,3,21,48,42,8,17,14
133,99,80,74,52,73,73,104,100,106,146,173,178,148,46,16,11,14,16,0,8,15,21,18,16,9
132,105,112,103,79,70,53,54,66,73,84,100,145,161,86,18,16,8,3,13,3,24,24,7,19,12
139,126,131,120,114,109,112,94,90,74,86,88,88,102,98,69,39,8,18,11,18,13,23,19,13,83
132,130,127,124,116,111,97,92,100,106,113,111,106,109,99,83,90,95,75,65,64,48,62,60,88,117
140,128,137,130,117,114,96,94,92,97,106,112,119,118,99,95,105,95,101,88,113,116,97,90,90,77
131,129,132,116,114,108,112,101,98,91,96,106,101,104,119,119,112,113,107,106,120,101,106,116,113,88
140,123,139,126,123,118,114,108,103,103,106,94,97,107,107,110,126,141,145,112,126,120,124,135,104,117
154,145,139,124,118,130,129,135,116,111,105,119,104,97,121,118,100,112,126,135,128,154,118,144,131,131
179,150,176,146,133,125,136,138,135,133,123,106,109,112,105,106,110,110,101,102,126,116,118,125,125,109
174,174,164,151,159,150,133,150,135,150,144,130,123,124,122,118,110,111,121,109,114,114,102,92,105,96
190,182,182,163,159,149,151,159,153,156,150,153,158,150,166,147,127,121,105,114,103,118,116,116,111,101
202,194,192,174,175,158,172,164,158,152,162,163,158,167,154,169,151,143,140,145,127,116,113,120,102,107
190,206,204,180,201,166,175,176,160,177,175,165,177,170,166,166,166,145,149,153,150,147,147,133,136,112
