129,130,43,43,46,44,44,38,29,28,26,20,21,51,131,144,166,140,84,54,48,35,42,58,95,120
127,128,45,43,45,40,42,32,27,27,28,20,24,50,136,164,173,186,173,123,78,51,49,46,43,49
126,127,47,43,45,40,43,33,43,31,23,16,28,50,135,172,186,160,186,194,166,131,96,66,51,53
128,130,51,48,50,45,52,42,31,36,34,16,23,48,136,177,175,188,194,195,198,187,186,164,118,101
127,126,57,55,56,51,51,30,35,36,25,20,25,44,133,174,193,185,197,198,202,197,191,190,159,180
131,126,65,68,56,70,50,41,40,31,20,7,26,39,125,161,185,189,198,197,195,200,192,186,185,171
129,128,66,73,73,72,38,55,48,35,22,9,27,39,115,161,186,192,199,207,202,206,198,200,191,192
129,128,78,74,86,77,60,49,42,34,20,16,18,31,95,165,189,194,199,206,203,200,194,198,190,193
127,129,81,67,117,99,63,54,35,28,20,20,15,21,74,164,181,195,200,196,201,202,202,196,196,198
133,118,97,83,133,138,81,54,37,26,25,18,21,17,60,152,182,196,202,199,210,206,209,204,196,209
124,137,125,98,155,167,91,56,37,28,25,15,20,17,42,130,184,199,201,205,209,200,199,201,198,196
128,127,125,126,173,143,82,59,39,37,28,21,15,23,32,118,168,196,198,202,203,206,204,202,205,205
126,130,128,156,176,126,60,48,41,33,31,23,18,10,25,87,166,194,194,203,191,199,195,205,203,205
128,128,127,177,154,92,55,47,45,41,36,21,21,18,23,65,165,191,189,197,200,199,195,203,201,203
131,125,124,184,132,76,49,48,48,43,42,34,35,25,22,61,146,187,188,197,198,199,198,205,207,204
126,128,134,170,105,63,38,49,59,53,51,43,41,28,22,59,116,174,191,201,186,197,205,205,206,205
126,126,130,158,95,61,48,52,53,58,58,42,41,38,31,59,104,151,185,198,181,192,209,196,201,203
131,126,125,168,103,54,57,49,52,65,74,60,52,38,28,60,119,132,170,187,183,189,204,186,200,201
127,131,133,190,131,65,53,50,55,61,71,69,69,56,51,89,136,135,160,181,176,190,195,188,196,202
129,127,126,200,184,130,72,64,95,85,72,57,66,69,62,87,142,148,159,183,161,195,188,198,195,200
127,127,127,127,192,184,134,145,163,118,75,63,56,56,72,94,133,136,158,184,188,177,187,200,197,200
134,126,126,133,193,190,176,186,200,178,139,116,101,106,77,90,142,114,154,154,179,179,181,208,194,199
124,131,127,125,186,185,187,188,196,197,174,154,156,135,113,83,128,127,146,149,157,162,160,195,188,187
126,128,127,126,168,143,151,185,198,197,164,164,149,140,133,87,118,112,177,187,175,179,173,195,194,186
131,124,134,129,156,151,145,159,193,185,172,162,143,138,115,67,123,132,145,170,169,175,155,190,194,190
130,128,122,128,175,172,131,168,193,191,176,151,148,126,114,66,115,139,142,149,179,161,178,161,187,193
129,123,134,132,128,178,175,182,190,197,176,181,163,141,125,82,112,152,161,151,164,164,163,147,188,194
127,131,125,125,128,195,188,194,197,170,181,184,171,151,146,117,87,121,151,176,164,148,173,134,182,186
128,129,127,133,124,210,190,199,197,192,189,183,174,171,171,126,96,148,177,144,170,159,175,175,174,176
128,128,124,129,131,236,215,203,204,196,195,194,188,184,183,144,84,128,158,141,158,180,158,186,172,175
