85,82,105,96,118,126,161,135,131,137,146,134,150,157,157,127,105,132,126,113,107,105,76,77,89,72
56,75,100,92,129,116,149,128,132,143,137,146,147,138,143,153,137,103,117,108,97,88,67,73,87,72
50,86,83,81,113,97,123,139,123,138,132,177,157,160,149,133,140,98,116,97,96,95,76,77,84,70
52,61,71,83,119,114,132,128,123,142,162,138,140,160,136,139,138,137,122,105,94,77,70,63,77,63
56,60,69,90,117,115,121,138,129,129,141,163,147,177,147,161,124,140,131,116,102,98,67,80,73,59
57,72,65,84,114,125,135,144,140,149,181,165,163,166,175,163,174,129,127,140,102,120,77,79,70,75
61,82,77,93,109,117,151,156,138,173,167,178,174,164,190,168,167,166,143,134,128,115,93,73,90,84
69,82,87,98,112,129,153,136,166,176,181,176,200,205,203,196,198,175,158,164,143,123,102,89,107,84
77,77,79,89,106,120,152,155,157,166,179,189,189,213,209,219,198,183,177,165,132,141,114,95,101,96
86,90,88,111,105,139,145,170,188,172,185,195,205,198,224,192,216,196,182,172,159,141,132,98,112,99
91,93,100,117,118,143,160,175,176,177,201,208,210,223,219,233,220,223,189,199,162,143,124,118,106,99
88,87,97,111,107,151,156,176,185,202,199,208,226,243,232,243,236,219,195,184,178,151,129,123,107,104
88,87,94,106,111,149,176,185,182,182,192,213,206,221,239,238,231,223,193,192,179,149,133,129,114,118
92,91,92,106,125,156,171,167,176,161,158,186,200,216,217,228,229,224,208,189,175,152,138,133,120,120
93,97,97,105,117,135,152,169,160,180,180,180,191,213,228,233,231,214,210,189,178,162,144,135,130,124
81,85,99,113,127,151,160,170,173,183,189,204,206,204,224,216,228,219,212,187,180,166,145,131,135,130
90,98,101,100,136,144,155,172,188,192,215,225,228,233,220,221,213,206,224,202,179,168,151,128,128,124
83,88,99,116,120,157,156,178,196,212,223,241,234,238,227,244,220,230,215,197,178,172,164,138,130,127
87,97,103,120,141,155,158,186,195,199,214,224,236,239,241,246,219,226,218,190,176,175,165,144,128,133
93,91,103,129,143,155,172,177,192,204,214,222,231,242,250,247,223,220,221,207,177,168,173,159,136,132
87,90,113,122,153,163,174,196,195,207,214,242,244,246,245,243,244,238,231,214,177,166,163,151,148,142
95,106,122,135,141,160,159,193,206,221,220,215,237,245,243,243,248,235,224,216,183,169,175,166,142,150
89,110,139,148,159,166,172,185,218,220,240,232,235,247,244,246,243,229,217,217,182,185,181,176,155,160
98,110,126,153,153,162,193,204,223,217,228,241,250,252,243,247,247,238,223,216,190,174,179,194,159,162
104,115,133,149,162,177,191,200,212,232,234,238,245,245,248,248,246,233,230,220,196,184,188,202,177,166
109,118,137,156,172,181,186,201,221,221,241,242,240,237,248,248,250,236,238,222,218,186,187,200,188,182
106,125,127,151,177,179,193,200,221,232,241,243,246,252,246,248,220,217,233,216,201,190,197,192,191,183
119,144,148,147,180,194,220,215,221,235,242,250,251,247,245,239,237,236,224,235,225,211,191,217,191,198
116,136,143,183,185,210,214,229,239,237,255,243,254,251,255,240,245,239,219,235,213,215,194,202,198,208
132,147,167,178,195,204,219,230,238,241,248,254,248,251,255,248,243,238,237,220,217,205,205,202,214,200
