171,173,167,170,210,188,196,195,161,151,167,150,152,128,125,129,128,128,128,128,128,128,128,128,128,128
164,136,151,173,200,193,178,159,175,144,157,164,156,128,129,128,128,128,128,128,128,128,128,128,128,128
147,146,158,170,203,198,195,186,193,167,117,149,132,122,128,129,128,128,128,128,128,128,128,128,128,128
141,153,155,150,146,210,188,166,166,160,148,169,126,134,129,125,128,128,128,128,128,128,128,128,128,128
173,164,145,153,170,185,201,195,187,195,157,128,128,121,133,128,128,128,128,128,128,128,128,128,128,128
156,161,154,151,167,183,179,202,155,154,161,130,126,127,128,129,128,128,128,128,128,128,128,128,128,128
159,146,160,171,174,173,174,159,156,152,128,125,131,130,126,127,128,128,128,128,128,128,128,128,128,128
142,139,147,154,149,192,172,168,165,142,131,128,129,124,132,128,128,128,128,128,128,128,128,128,128,128
153,135,138,155,173,185,196,196,183,184,127,128,130,125,127,130,128,128,128,128,128,128,128,128,128,128
150,152,136,143,151,196,191,187,166,128,124,125,132,129,128,125,128,128,128,128,128,128,128,128,128,128
152,143,162,175,173,188,189,176,181,126,135,125,125,127,130,131,128,128,128,128,128,128,128,128,128,128
180,171,157,144,160,156,164,167,130,122,126,131,129,131,127,126,128,128,128,128,128,128,128,128,128,128
170,167,146,189,171,163,147,156,128,138,126,129,123,128,127,130,128,128,128,128,128,128,128,128,128,128
169,154,161,161,158,160,176,129,125,122,126,129,127,129,129,127,128,128,128,128,128,128,128,128,128,128
151,174,174,167,144,140,127,131,132,123,130,130,130,129,130,126,128,128,128,128,128,128,128,128,128,128
151,151,140,129,145,156,126,130,125,132,125,126,127,125,130,127,128,128,128,128,128,128,128,128,128,128
116,132,137,128,136,126,127,129,128,128,128,128,128,128,128,128,128,128,128,128,128,128,128,128,128,128
157,145,124,109,130,129,134,126,128,128,128,128,128,128,128,128,128,128,128,128,128,128,128,128,128,128
146,136,144,115,131,123,124,129,128,128,128,128,128,128,128,128,128,128,128,128,128,128,128,128,128,128
156,165,137,152,127,133,132,127,128,128,128,128,128,128,128,128,128,128,128,128,128,128,128,128,128,128
148,126,113,134,120,125,129,126,128,128,128,128,128,128,128,128,128,128,128,128,128,128,128,128,128,128
114,171,131,126,131,134,125,125,128,128,128,128,128,128,128,128,128,128,128,128,128,128,128,128,128,128
134,118,130,129,129,121,129,129,128,128,128,128,128,128,128,128,128,128,128,128,128,128,128,128,128,128
148,126,130,127,126,132,131,126,128,128,128,128,128,128,128,128,128,128,128,128,128,128,128,128,128,128
128,128,128,128,128,128,128,128,128,128,128,128,128,128,128,128,128,128,128,128,128,128,128,128,128,128
128,128,128,128,128,128,128,128,128,128,128,128,128,128,128,128,128,128,128,128,128,128,128,128,128,128
128,128,128,128,128,128,128,128,128,128,128,128,128,128,128,128,128,128,128,128,128,128,128,128,128,128
128,128,128,128,128,128,128,128,128,128,128,128,128,128,128,128,128,128,128,128,128,128,128,128,128,128
128,128,128,128,128,128,128,128,128,128,128,128,128,128,128,128,128,128,128,128,128,128,128,128,128,128
128,128,128,128,128,128,128,128,128,128,128,128,128,128,128,128,128,128,128,128,128,128,128,128,128,128
