112,122,110,87,44,50,37,21,32,46,62,65,75,87,104,99,76,82,64,48,45,38,33,40,29,54
109,119,125,124,79,44,42,40,23,44,55,69,71,105,100,92,71,79,62,49,39,33,41,41,55,90
105,107,123,113,110,57,54,27,36,34,50,62,82,109,109,97,77,81,61,53,39,36,50,41,97,107
110,107,111,107,115,99,51,43,42,39,49,59,74,102,108,107,111,87,58,22,36,33,49,72,97,87
114,113,119,113,104,106,41,38,44,34,45,59,70,104,86,94,88,66,60,40,33,46,42,92,80,86
113,106,103,115,109,108,42,49,34,43,34,57,65,73,79,72,65,64,29,37,44,40,69,101,86,78
96,94,104,106,107,92,59,43,38,34,39,36,41,41,45,34,48,40,34,37,35,49,122,110,81,88
96,92,94,103,91,94,57,54,35,42,44,27,26,23,30,22,33,36,32,36,38,47,118,120,99,83
80,84,87,79,79,90,48,42,36,30,27,17,13,23,6,19,21,27,42,32,35,49,121,103,119,85
77,86,84,75,79,94,38,45,38,38,12,34,58,71,79,58,39,19,36,30,34,50,131,122,117,102
86,96,100,82,100,121,59,41,36,27,32,80,129,141,160,133,108,43,36,29,28,70,113,111,96,81
46,68,104,97,122,128,56,32,38,17,84,151,171,185,186,189,181,80,27,35,45,92,124,92,86,75
16,16,90,89,115,96,54,30,39,49,145,177,185,191,191,194,194,180,48,35,33,65,93,104,87,70
43,31,94,97,126,60,37,34,17,100,165,183,192,194,193,200,205,202,120,26,31,53,80,115,86,74
40,72,66,131,68,46,37,33,36,177,186,186,186,191,191,213,221,210,189,29,36,40,76,106,96,94
48,61,66,131,53,49,30,17,101,184,184,198,196,196,207,204,214,234,209,74,43,36,69,106,99,102
37,43,52,62,39,43,24,34,152,186,195,195,193,198,209,205,227,229,239,181,31,34,59,89,91,113
5,15,22,40,46,35,17,102,166,189,187,192,189,206,192,213,221,232,234,221,43,31,49,64,97,110
12,19,14,29,57,28,23,146,184,191,185,194,191,201,214,218,224,234,235,234,113,23,41,60,95,114
12,13,12,40,34,9,97,167,178,178,199,198,202,207,217,218,223,234,236,239,211,20,22,59,76,114
8,10,34,45,24,29,151,188,195,187,202,195,201,206,218,224,230,237,237,240,231,52,29,51,59,110
12,17,47,36,6,110,181,186,191,198,196,191,198,203,218,228,235,239,236,238,239,166,11,36,65,53
17,37,50,13,52,174,187,186,193,198,194,200,207,209,219,225,231,236,237,243,238,236,42,10,57,49
30,46,26,24,149,188,185,194,207,193,198,205,212,214,223,228,233,239,242,249,240,240,159,21,33,73
45,30,11,99,185,191,196,197,200,193,203,204,212,218,229,233,237,243,245,249,255,244,236,34,18,52
38,10,56,174,185,192,190,204,207,203,202,214,217,223,233,234,236,241,243,247,253,252,239,131,13,28
17,47,164,182,191,195,200,204,212,213,209,216,219,220,231,232,239,241,249,247,239,255,241,219,47,41
45,167,185,195,200,202,209,213,218,221,219,225,224,226,233,237,244,249,255,254,253,240,239,244,124,85
166,193,203,204,206,205,213,217,218,222,222,225,226,227,230,237,241,250,254,253,253,245,249,238,231,116
197,203,213,213,211,207,215,219,218,222,220,218,214,216,219,231,237,252,255,255,254,252,255,241,236,199
