153,123,134,141,149,165,148,147,138,124,120,122,123,105,57,57,53,46,48,43,28,17,29,49,118,203
61,49,81,96,118,126,125,118,111,100,91,73,66,52,49,51,52,41,36,29,35,51,58,61,194,208
53,52,57,42,53,57,57,54,42,57,53,59,54,55,47,31,34,36,49,56,59,61,58,136,196,207
75,63,59,56,55,50,47,54,48,57,45,45,41,43,50,42,59,59,59,67,71,61,78,180,214,211
160,156,135,117,101,89,80,70,70,74,61,66,70,69,72,68,68,71,78,80,79,90,100,202,214,196
164,166,171,136,142,131,117,115,100,108,96,90,93,80,98,97,77,93,95,94,108,109,109,208,208,200
180,184,175,174,169,140,140,144,129,129,118,113,120,116,119,115,111,93,127,113,121,132,111,202,201,185
189,195,188,179,175,157,168,156,141,133,136,145,131,129,140,147,132,135,145,134,148,136,135,196,201,172
191,197,195,181,179,184,186,178,170,165,171,178,156,153,155,179,150,154,170,158,147,137,132,162,181,164
198,194,193,193,188,189,185,195,189,193,191,189,183,184,174,170,165,163,173,172,155,136,131,133,149,150
203,194,205,191,199,196,196,195,186,191,192,193,187,185,178,192,162,183,182,180,164,157,140,118,112,120
202,208,191,197,199,201,202,194,201,199,197,205,191,200,193,186,187,191,187,178,167,171,158,130,107,91
200,199,193,204,203,199,201,199,201,203,198,203,193,197,189,194,182,191,184,185,170,163,163,141,154,103
201,205,203,211,208,203,213,209,206,204,198,199,188,193,190,194,189,190,184,178,174,174,168,171,148,135
198,199,200,209,210,210,209,208,205,204,204,203,195,204,194,193,186,189,187,180,178,180,182,178,164,172
203,206,210,212,211,212,208,210,208,206,204,198,193,201,190,188,180,188,185,180,176,179,184,179,154,172
203,205,211,211,211,215,208,212,210,205,200,190,190,195,188,187,186,185,187,177,181,184,177,164,156,161
200,197,205,204,207,213,203,206,207,202,198,192,198,197,188,182,184,172,189,176,185,178,169,162,146,149
205,202,213,207,205,206,205,207,209,204,197,191,196,183,178,174,167,161,179,177,176,161,137,143,160,134
200,195,209,207,207,208,205,205,209,204,196,187,188,164,170,177,164,170,171,183,171,158,128,119,119,125
196,210,209,214,203,206,201,207,207,199,197,178,172,164,145,153,159,169,158,154,159,148,119,132,117,129
203,206,207,208,201,194,199,199,198,195,188,165,145,142,138,143,137,140,130,135,114,126,121,118,118,138
199,198,204,202,209,202,209,203,198,189,189,167,131,150,148,122,130,121,115,118,128,125,133,113,124,132
199,202,203,194,204,204,196,209,191,199,189,147,142,144,163,129,138,161,126,112,136,132,166,138,148,147
202,210,204,196,199,198,200,189,194,181,153,132,127,133,125,136,135,125,120,131,160,162,149,149,173,176
199,203,197,203,203,200,199,199,199,189,179,157,117,114,114,109,116,102,141,136,143,158,154,169,190,183
194,192,190,199,200,198,197,186,186,171,162,167,99,111,122,115,112,112,145,163,159,161,185,172,159,138
187,188,193,195,196,198,196,180,179,182,133,147,116,116,120,131,142,141,181,175,186,174,173,145,123,100
169,186,181,191,199,191,187,117,163,171,142,148,111,128,151,149,137,129,177,173,186,168,124,99,88,76
156,176,165,192,189,188,182,160,163,173,160,138,137,143,141,131,145,152,158,164,161,117,83,82,90,92
