123,116,112,119,121,122,126,125,130,136,137,135,133,131,142,138,138,154,157,159,168,163,158,159,153,167
134,127,125,131,131,137,142,138,138,143,147,146,145,147,147,153,151,164,174,172,164,167,159,157,158,183
138,145,143,137,135,139,144,152,154,154,156,155,159,168,166,160,170,180,172,181,176,162,163,162,172,184
159,165,162,156,162,159,159,162,156,155,166,171,168,168,177,181,183,180,179,189,173,167,168,175,195,187
176,176,173,161,167,161,175,164,172,163,166,178,178,173,182,181,189,177,187,179,179,190,192,200,207,210
172,165,173,183,169,173,177,176,173,175,172,185,175,181,187,186,194,182,181,176,185,199,212,202,198,206
175,175,179,181,171,174,174,175,178,174,191,185,189,195,174,192,196,190,202,198,193,211,215,211,207,205
180,187,186,180,181,180,180,186,181,188,189,189,187,192,188,181,175,183,201,212,200,185,194,202,211,208
189,188,189,189,185,187,188,192,193,200,194,194,192,184,185,195,188,194,209,197,183,195,194,183,181,178
197,197,195,190,193,187,182,181,199,198,200,194,195,181,195,182,189,209,208,183,177,177,176,171,176,173
199,205,199,191,202,194,197,201,208,215,203,206,190,192,192,191,196,202,199,165,161,166,153,152,156,145
207,200,192,199,191,196,190,189,199,191,193,183,171,183,162,167,184,189,185,160,155,133,117,102,100,96
210,204,197,197,198,184,194,191,194,182,199,167,176,191,189,179,174,137,152,131,110,90,71,57,39,67
212,198,196,199,202,203,199,178,196,185,168,203,183,191,194,178,191,168,112,92,104,76,53,7,11,17
200,193,208,191,206,199,192,192,195,165,175,184,187,179,182,185,158,157,117,101,76,63,32,8,20,33
205,208,199,212,193,206,203,196,187,166,175,192,180,187,162,158,150,138,130,95,74,56,34,16,13,1
201,199,207,201,208,202,203,192,190,190,137,152,166,169,159,150,153,147,107,88,67,58,33,25,14,5
217,212,206,212,193,189,194,196,189,174,182,178,166,176,170,154,152,128,103,83,67,61,51,31,22,13
213,208,210,203,206,191,196,203,188,194,186,177,183,166,167,153,138,128,87,86,76,66,48,46,38,39
211,217,201,210,198,192,202,190,189,174,173,180,163,174,159,152,130,111,97,84,79,63,51,25,23,21
204,212,211,200,188,193,186,170,173,174,180,172,163,165,160,151,140,108,87,75,62,34,32,49,48,53
207,217,202,198,188,193,177,183,191,166,170,179,163,159,144,135,127,101,66,54,37,26,15,31,20,26
203,191,194,196,196,182,183,173,188,168,165,169,150,145,118,86,49,57,36,29,27,37,15,26,42,35
195,191,181,193,186,187,181,173,183,166,161,150,118,97,69,47,20,40,23,13,19,37,38,11,6,14
189,179,195,175,170,175,170,173,172,157,143,105,67,46,35,28,32,26,17,26,13,20,20,4,12,14
173,170,179,179,160,158,173,162,160,141,98,61,52,29,30,29,3,5,15,20,28,8,15,35,14,4
185,161,166,165,171,162,169,161,147,99,58,55,59,31,35,12,20,2,7,26,2,14,10,35,44,7
168,163,159,159,166,161,156,153,113,56,56,50,28,32,20,18,17,10,9,19,4,5,39,19,44,24
153,151,155,156,154,158,129,108,64,42,48,43,41,23,10,17,18,17,50,28,38,18,33,7,12,15
159,120,140,119,119,109,81,55,36,48,25,33,48,15,3,16,34,35,44,52,10,29,28,20,17,37
