189,207,214,211,221,218,229,225,232,234,237,235,244,246,250,250,255,248,227,237,244,245,245,245,247,252
178,179,198,207,212,220,217,220,225,231,234,233,241,244,245,246,252,251,255,242,229,234,246,250,246,245
158,174,198,197,220,202,215,222,222,222,230,232,238,245,242,244,248,252,250,255,251,238,232,237,242,244
154,159,169,182,186,210,217,215,225,224,226,229,234,246,243,246,244,248,249,250,253,255,247,233,230,240
119,141,147,163,174,191,201,217,219,217,224,227,229,241,243,247,242,244,244,251,252,250,255,255,244,229
74,70,92,134,155,171,183,185,220,217,222,226,227,234,240,246,244,246,248,246,247,255,255,252,248,253
100,97,75,71,84,129,153,184,184,205,210,219,224,225,234,238,242,245,245,250,249,246,250,255,255,254
120,116,105,89,80,69,87,132,159,185,195,209,221,218,228,229,236,240,245,247,248,249,250,248,247,252
141,138,126,114,111,96,72,70,86,142,168,200,206,217,222,224,225,230,241,243,245,246,251,251,250,250
174,165,152,147,140,133,125,103,85,81,99,153,181,196,210,217,223,233,229,237,244,248,249,246,247,252
170,175,163,168,159,153,151,128,124,108,88,80,103,158,198,205,211,212,223,227,232,243,249,249,245,247
187,185,191,186,172,176,178,161,161,150,132,115,88,81,128,172,197,200,208,219,226,236,241,246,246,251
206,196,201,192,186,197,197,188,176,170,164,148,144,118,87,89,139,174,193,208,216,226,230,242,242,245
210,215,195,193,199,204,194,195,184,185,173,168,165,154,141,115,93,93,151,171,183,200,209,230,238,247
210,205,210,204,208,207,200,197,186,179,191,178,177,175,164,152,123,103,80,109,139,178,195,214,217,227
199,209,206,199,204,202,198,189,194,193,187,191,187,177,169,170,150,146,117,95,73,103,143,188,202,213
184,201,194,201,192,198,187,189,181,176,177,171,168,167,165,167,164,154,145,136,107,81,66,106,149,176
186,173,188,179,178,193,171,167,165,159,144,142,142,151,158,150,136,133,134,127,117,102,88,59,71,109
183,147,179,181,182,188,162,153,144,131,113,124,119,112,115,108,97,98,119,109,104,116,89,81,60,51
174,155,156,175,169,160,140,122,103,97,92,100,91,76,75,78,78,80,66,75,74,72,82,89,78,65
156,141,148,163,152,141,122,98,85,93,85,75,69,69,70,69,67,64,73,71,66,66,68,65,64,71
151,127,126,138,134,119,97,83,79,76,75,67,66,67,63,60,57,49,55,52,49,63,47,61,60,58
126,129,99,121,117,95,82,79,74,62,56,61,61,55,50,49,50,51,38,57,59,44,53,56,58,59
113,103,82,106,93,74,79,71,63,67,55,55,48,47,49,40,38,52,53,49,44,54,48,59,62,67
95,97,86,82,79,69,63,62,56,54,45,34,41,33,33,36,44,49,44,53,51,56,57,67,67,72
89,92,73,70,70,63,59,58,51,49,56,47,42,40,36,49,51,60,55,64,65,66,77,79,75,75
84,78,68,66,67,63,60,58,50,48,38,45,50,53,51,59,58,67,85,82,94,89,83,78,86,77
86,85,70,66,66,62,58,55,47,46,38,46,55,51,62,65,76,87,97,106,114,105,105,93,94,96
72,79,73,67,66,63,60,57,51,51,60,61,61,61,79,85,95,100,117,106,111,109,98,103,116,110
84,77,74,67,67,67,67,66,61,64,64,71,71,86,93,100,100,102,115,116,109,101,105,108,115,125
