83,81,64,63,42,55,42,50,17,38,59,53,31,3,1,12,4,8,9,7,6,16,23,35,45,44
92,96,95,71,81,73,90,64,90,74,52,70,78,57,16,21,26,28,18,7,18,28,7,12,12,14
103,103,116,96,103,98,95,97,85,93,96,85,80,75,67,23,16,32,24,34,14,26,6,2,6,0
127,99,119,113,107,106,106,103,106,110,90,90,87,84,73,61,55,30,28,26,9,12,26,28,4,18
153,141,123,108,122,110,111,115,112,117,106,108,86,97,89,76,65,62,38,22,8,12,42,21,1,6
151,148,142,139,126,120,110,121,108,120,108,118,110,99,92,82,91,73,71,33,39,17,40,35,33,32
137,150,135,164,150,150,144,131,129,119,111,130,105,106,105,104,87,89,76,70,51,56,41,38,17,31
165,156,175,181,190,176,171,155,150,132,116,118,127,112,114,107,102,106,99,99,104,75,68,61,49,29
208,195,175,208,195,179,173,172,145,142,130,121,124,124,109,116,115,122,124,107,126,118,110,92,81,71
218,214,187,217,217,211,214,202,191,163,166,146,132,132,127,121,135,131,144,130,127,139,127,143,109,94
170,190,214,226,221,218,221,204,191,168,152,157,151,171,147,131,117,119,128,152,153,152,127,159,138,133
147,146,168,203,220,228,229,227,190,185,163,137,142,136,159,143,140,143,157,167,168,157,151,157,146,133
125,129,149,160,208,215,214,207,204,195,185,163,160,150,145,134,136,153,155,161,170,165,164,162,171,154
122,115,124,123,141,185,190,171,171,187,177,149,132,144,149,141,146,138,161,148,152,181,174,173,183,174
126,126,115,108,111,125,147,149,157,155,161,153,130,139,136,148,141,152,157,168,181,164,186,177,176,178
129,119,109,113,119,100,108,121,121,126,132,125,122,130,135,128,131,149,166,188,173,196,199,186,193,176
125,126,137,101,101,98,90,88,91,103,115,115,112,129,127,126,124,143,164,177,177,201,192,187,184,206
124,110,122,136,124,94,73,65,75,83,112,119,113,124,116,124,121,137,159,180,188,196,200,207,199,180
155,136,135,129,126,114,77,63,81,94,123,130,134,124,122,115,125,140,152,164,188,203,202,195,196,180
194,164,158,164,158,128,106,104,111,149,152,154,152,144,137,126,128,141,150,179,184,186,201,209,202,196
187,151,149,139,135,132,142,165,165,180,173,177,164,160,147,144,132,136,139,183,178,198,205,183,193,195
153,137,138,149,141,161,185,191,180,184,180,189,186,164,160,151,148,142,152,154,191,202,200,209,210,181
159,161,156,181,189,186,210,203,201,187,185,180,181,179,165,164,154,158,150,162,189,204,204,199,188,199
176,183,186,196,206,218,213,214,204,204,197,199,199,193,168,154,149,163,172,173,161,213,203,198,184,188
192,214,211,214,221,218,198,217,207,199,201,203,194,193,184,170,160,161,180,190,181,175,194,206,191,191
208,214,210,199,209,212,211,216,219,215,212,225,214,203,191,176,171,170,168,170,163,187,192,177,185,185
206,218,205,205,212,215,225,215,219,212,220,226,209,193,182,165,161,160,145,175,167,175,201,192,191,185
216,209,195,217,218,218,222,221,224,218,212,221,220,205,186,163,164,173,171,169,184,181,194,190,187,179
211,205,212,219,220,225,220,216,215,224,221,219,218,202,194,181,167,156,161,173,158,168,170,159,151,145
212,199,195,202,215,212,213,224,222,220,219,221,221,189,180,181,169,148,151,132,142,125,149,147,154,146
