168,152,169,147,168,144,171,158,167,166,145,168,175,180,191,198,183,178,186,174,163,172,183,185,174,167
169,161,153,160,158,184,193,195,166,192,177,197,220,173,181,190,168,174,171,185,162,171,182,168,160,171
170,142,170,155,167,158,177,176,164,187,186,184,195,204,184,191,179,173,182,200,174,142,175,188,168,178
159,166,159,152,167,162,158,169,184,175,186,192,188,191,182,176,170,179,179,171,177,161,174,160,174,177
158,144,165,180,172,156,182,179,177,176,177,184,193,198,203,208,208,190,176,153,176,169,187,166,176,198
124,154,175,168,176,186,185,188,189,180,186,190,194,197,196,179,194,183,149,112,120,161,171,179,170,181
176,166,183,168,179,181,188,206,174,189,204,199,161,184,189,189,173,169,189,134,140,172,178,197,181,176
153,168,172,188,190,189,197,192,188,177,216,165,200,190,191,187,170,170,185,184,167,158,204,188,160,178
175,199,174,184,190,192,196,191,200,196,204,197,173,189,206,213,193,182,175,172,190,184,205,176,184,194
199,187,198,178,203,201,190,211,178,171,164,170,193,177,196,200,203,198,180,164,170,200,189,193,192,148
213,199,200,208,199,203,205,195,207,178,165,179,183,187,192,201,199,196,180,185,190,185,192,195,181,220
221,196,191,203,196,196,210,202,207,190,170,198,187,202,188,208,220,209,195,185,195,196,202,207,215,204
191,197,189,190,204,218,197,196,213,227,199,204,195,200,203,190,192,177,207,198,190,221,217,209,205,217
193,193,199,203,212,217,213,206,187,179,210,181,190,210,209,186,209,202,195,210,210,217,212,204,216,220
203,195,201,181,205,206,200,216,195,167,190,193,193,189,199,205,193,216,209,206,194,218,216,211,210,210
190,194,192,191,195,214,223,215,195,184,184,186,181,196,197,206,213,215,205,207,197,191,202,214,212,226
193,180,208,194,211,222,209,214,226,208,186,179,217,220,201,210,199,211,206,195,200,170,194,217,196,226
212,202,202,211,199,215,224,219,211,217,218,218,210,209,206,212,220,195,193,212,197,193,178,208,202,200
169,183,194,204,206,213,212,209,215,224,210,218,200,204,202,210,203,211,192,187,189,197,191,176,147,174
187,175,184,209,197,212,211,212,217,217,199,208,212,218,194,217,190,202,197,193,182,170,187,154,94,127
169,189,191,178,191,206,210,213,207,213,209,191,198,193,202,196,199,197,167,182,163,155,150,123,56,71
129,138,163,155,168,195,208,209,201,197,214,217,195,213,189,189,198,189,201,174,162,140,123,108,43,43
107,106,132,177,191,203,209,206,214,197,194,200,194,205,191,211,197,193,191,169,152,99,72,69,41,37
78,76,97,135,178,183,213,208,211,205,201,191,199,193,189,198,203,210,159,151,94,99,68,49,44,28
53,62,95,96,129,147,177,188,214,205,193,220,197,203,205,217,193,175,130,98,75,83,45,35,41,21
40,54,84,94,113,128,143,178,164,175,226,195,208,205,188,186,176,138,127,79,59,58,74,36,34,19
34,49,79,88,115,96,110,191,194,190,193,174,167,204,188,180,165,155,147,72,63,53,63,38,32,27
55,43,59,100,124,142,136,152,188,181,189,179,198,205,188,172,167,152,148,86,70,55,54,47,44,35
48,58,69,84,106,134,146,161,182,185,177,165,190,213,201,202,166,150,140,105,83,47,62,53,62,44
69,70,78,106,137,152,173,176,171,192,192,183,181,175,170,186,196,152,158,130,107,78,75,82,88,71
