135,154,160,183,182,186,216,219,231,226,230,243,248,245,249,248,236,226,158,59,28,15,39,32,28,122
140,127,160,179,198,211,214,216,218,240,235,237,245,243,243,248,241,223,141,120,29,22,30,38,27,131
147,150,159,177,183,200,204,233,228,227,229,235,245,235,246,244,244,219,198,170,77,26,21,38,35,129
133,135,161,178,183,191,219,213,221,214,214,222,227,242,237,232,245,229,194,148,105,39,26,37,31,128
106,105,133,155,164,206,196,208,210,205,202,187,216,221,234,234,231,234,202,173,122,77,47,29,26,126
67,93,103,139,124,149,131,157,173,157,167,192,177,173,223,229,226,237,208,194,126,95,49,36,23,126
38,48,61,75,73,92,108,134,119,169,160,153,194,197,204,217,224,198,202,194,129,94,69,40,25,127
24,20,28,17,28,43,42,59,76,76,111,108,145,163,189,189,205,192,185,162,146,111,82,49,28,128
63,74,45,45,30,20,23,25,35,52,87,86,107,149,178,206,202,188,168,150,138,113,99,45,32,129
116,98,94,108,76,61,48,28,27,21,53,56,87,107,141,142,176,163,151,151,152,99,99,45,34,129
77,100,108,162,152,101,114,92,57,28,18,26,46,73,103,126,139,142,126,119,131,119,96,68,45,129
16,32,75,91,89,142,185,134,117,69,32,26,25,44,67,97,108,138,118,96,103,100,93,64,45,128
5,5,6,14,57,96,102,168,162,101,61,40,42,34,48,66,74,109,90,84,85,83,87,72,45,127
18,6,4,4,4,10,41,75,87,97,90,69,34,37,40,55,58,70,69,69,75,60,66,51,47,126
88,28,116,7,6,10,4,14,35,31,48,51,59,41,37,39,48,62,61,89,67,96,79,64,53,125
23,81,247,94,24,1,12,0,0,14,16,22,30,52,41,32,57,51,77,76,79,83,87,63,62,125
15,255,251,242,88,35,19,6,2,2,6,2,15,22,32,43,52,45,64,74,86,81,92,86,70,126
14,156,249,255,147,118,107,27,7,3,3,7,6,7,21,52,54,58,57,78,87,87,93,95,75,127
26,189,235,234,189,184,82,24,21,10,17,22,10,11,19,18,45,65,66,77,94,107,82,104,88,127
142,217,210,203,217,97,37,27,37,35,19,18,24,30,31,48,40,46,64,72,100,101,113,114,98,130
160,211,192,117,39,30,30,41,34,26,27,37,39,46,47,71,89,90,94,124,85,131,136,132,93,128
54,28,23,20,31,36,47,51,46,43,44,54,74,59,105,103,100,87,99,122,122,158,133,132,102,127
23,34,34,27,43,57,65,90,81,87,83,98,103,135,127,143,155,113,136,133,132,149,151,127,124,129
27,30,50,62,91,87,90,111,121,123,142,153,164,162,153,158,176,145,163,165,165,131,153,147,110,126
41,62,49,68,115,126,149,150,161,166,187,198,191,187,166,185,176,189,169,171,142,172,172,140,104,125
51,66,99,101,124,147,166,175,164,219,196,207,211,205,182,191,188,202,190,174,184,175,158,149,138,130
86,112,112,155,170,192,201,210,221,216,231,215,230,218,193,199,189,218,213,202,197,177,188,150,136,124
88,88,146,177,178,203,213,218,213,215,229,227,223,214,222,201,209,223,226,214,194,183,168,166,143,130
102,107,113,159,162,188,205,215,219,226,230,232,233,224,238,221,226,226,227,220,218,227,191,180,150,126
150,159,163,171,168,186,205,191,210,205,212,212,226,228,224,228,222,225,225,221,221,225,209,180,171,131
