16,16,25,26,27,40,49,53,55,65,70,71,72,78,74,71,64,54,52,49,33,27,19,12,10,22
27,15,21,25,25,37,44,52,54,69,77,83,87,84,71,71,68,53,46,41,36,19,10,16,29,47
48,26,16,20,29,38,41,54,54,61,82,71,85,81,81,70,63,53,49,39,25,13,8,32,39,46
12,10,25,22,21,31,31,49,51,59,71,75,79,81,75,70,57,55,42,32,23,15,17,42,48,49
4,13,23,22,21,32,32,47,50,61,63,77,79,84,76,69,57,56,41,28,10,14,27,52,55,50
32,27,45,34,18,25,34,41,45,58,59,70,78,81,78,60,57,49,37,19,15,26,38,53,53,49
23,51,65,51,21,11,31,39,46,53,61,69,77,81,77,60,57,44,30,13,16,36,51,56,55,52
34,55,82,65,32,8,26,38,47,44,57,65,67,75,66,59,48,39,19,12,17,42,58,60,60,55
28,35,42,38,31,11,14,21,32,30,38,45,44,49,40,37,28,19,6,11,34,52,63,59,58,48
17,11,22,25,24,18,6,5,17,25,27,30,29,28,23,14,16,3,5,15,32,51,66,65,59,33
0,14,5,13,26,14,0,9,2,5,12,10,11,10,10,3,4,0,5,13,35,51,51,37,46,39
0,9,5,9,17,18,4,5,2,6,10,10,15,9,5,3,8,5,6,9,33,43,44,29,29,27
1,2,6,8,16,21,7,5,9,13,19,30,32,36,35,31,18,7,6,16,36,40,38,20,11,12
6,12,41,53,26,18,5,7,11,13,23,40,42,46,43,42,26,15,7,12,40,48,44,24,13,13
7,16,51,60,26,8,4,10,14,20,34,45,48,51,45,42,29,20,9,11,26,45,42,24,17,12
6,16,35,29,17,2,7,10,16,30,46,52,65,67,57,43,28,19,11,11,27,54,54,40,32,24
8,33,48,36,18,6,9,7,18,33,55,74,98,93,76,51,38,26,14,4,23,48,51,43,31,27
7,39,50,37,21,9,9,10,31,48,80,122,140,143,130,88,56,28,19,12,16,34,41,37,23,29
20,48,49,26,14,12,6,22,37,69,99,145,151,150,160,159,103,52,20,13,12,29,33,17,17,18
3,12,24,26,14,0,15,27,58,86,134,149,170,176,184,196,175,81,38,17,13,32,34,10,13,26
19,29,28,19,11,7,13,45,74,128,159,184,188,187,200,203,204,154,71,19,5,23,41,25,13,10
15,26,23,12,10,8,24,64,133,166,167,165,193,196,199,204,212,210,157,56,23,18,36,32,19,8
22,23,20,17,7,7,44,82,144,165,179,178,193,189,211,212,229,232,223,140,37,12,28,33,21,13
21,27,18,7,1,28,58,125,162,194,175,183,195,190,214,215,229,239,232,207,75,12,16,32,23,9
10,20,17,10,12,56,106,152,175,183,172,183,194,212,201,220,230,236,242,235,165,40,3,21,25,17
23,21,12,9,31,53,122,153,169,174,188,175,193,201,212,218,235,240,244,248,211,70,15,19,23,23
22,14,9,1,47,101,135,163,176,179,182,193,190,197,209,224,239,248,249,247,234,199,44,11,22,23
25,12,15,37,66,119,158,162,169,184,186,193,193,198,208,219,233,244,250,251,251,227,104,25,15,32
14,5,23,52,91,148,157,176,164,182,188,182,194,200,209,220,233,244,251,253,252,244,200,46,8,15
7,16,45,78,130,150,158,165,176,173,196,186,193,201,214,227,240,249,252,250,249,245,241,148,34,10
