98,74,71,54,61,54,45,40,41,35,34,47,36,38,44,50,91,117,75,108,120,113,93,99,72,95
93,68,68,67,60,53,47,43,32,38,35,36,41,46,32,40,78,106,102,115,120,114,91,75,71,75
77,76,60,59,54,51,47,45,35,41,39,40,44,46,41,44,65,92,108,96,91,77,73,74,59,75
86,84,79,57,56,56,44,38,38,32,34,52,42,42,41,37,44,72,76,65,61,45,25,18,2,9
84,66,62,56,45,45,36,45,30,34,38,48,55,42,50,54,41,43,48,39,24,28,19,12,12,5
83,68,67,51,53,31,36,39,43,45,46,58,54,56,61,49,49,37,29,34,33,32,28,25,21,11
69,60,67,51,53,52,41,50,41,43,50,42,48,63,51,57,51,44,45,31,31,38,36,36,43,25
66,55,56,40,43,42,45,47,42,49,58,57,59,59,57,62,51,57,48,48,36,31,47,58,57,54
73,59,57,37,42,39,38,52,44,42,56,54,53,64,55,61,56,51,70,52,42,37,37,57,62,56
49,50,38,45,39,40,40,44,49,50,43,44,54,60,63,58,56,66,56,48,42,35,34,51,48,63
48,40,32,32,33,36,35,44,44,46,57,51,45,60,56,65,54,53,55,50,43,47,35,32,42,39
38,29,34,35,32,31,35,26,35,44,45,47,49,53,54,52,54,40,40,40,50,30,38,29,27,34
134,123,90,97,46,39,38,39,42,40,44,45,43,57,41,56,49,54,54,68,65,62,75,63,70,81
240,234,235,238,227,238,236,233,239,236,232,235,230,231,224,225,232,234,231,223,229,224,224,225,219,217
241,243,239,244,236,241,239,243,243,239,242,242,225,241,236,236,233,246,234,241,237,231,229,219,230,218
250,237,247,241,240,246,241,243,232,243,240,233,240,226,238,238,235,236,225,233,226,232,231,232,226,224
242,239,243,249,242,242,238,237,240,241,234,234,243,239,237,238,243,231,247,228,241,234,227,237,235,227
243,247,235,242,241,241,242,239,242,235,241,242,233,241,244,241,232,242,228,245,227,232,238,233,229,241
234,231,239,231,234,232,232,239,233,235,241,236,234,239,240,233,239,238,243,233,241,224,231,233,216,229
230,229,242,233,226,230,226,226,223,224,220,231,229,229,230,227,228,229,219,215,215,207,222,222,229,228
195,211,211,223,226,227,204,218,210,206,199,214,202,196,207,202,208,202,199,218,202,223,217,209,216,214
134,145,149,161,168,124,89,171,160,163,142,131,140,142,136,165,141,148,173,130,153,132,189,182,172,174
151,158,189,185,187,171,125,135,172,158,171,169,162,174,166,184,178,187,200,199,181,191,196,214,209,196
173,200,197,202,202,177,180,198,184,180,206,192,182,187,185,217,204,203,212,202,213,203,211,206,207,209
173,189,199,213,197,193,186,208,210,222,214,209,233,203,195,211,193,216,226,207,201,207,204,184,195,226
176,189,218,217,214,210,203,216,215,216,216,231,200,218,226,211,220,201,213,206,197,187,195,213,206,226
190,216,219,203,205,221,214,204,218,209,215,196,204,205,188,202,181,215,192,174,216,178,214,174,198,180
218,231,221,207,199,205,196,218,186,193,184,197,190,164,168,175,211,187,181,184,175,170,185,204,190,212
231,224,215,206,196,167,179,164,159,187,186,167,149,194,166,182,176,191,178,162,163,173,188,179,193,207
235,226,194,194,158,190,158,175,168,180,192,160,161,149,168,166,195,197,168,174,180,172,175,184,185,188
