123,113,107,133,130,118,117,121,126,146,132,129,124,121,139,136,115,96,92,92,86,84,79,56,73,57
103,92,108,113,121,123,136,118,137,142,133,128,135,126,119,122,107,100,95,86,72,77,70,60,83,76
111,101,105,122,119,121,117,139,144,126,126,135,127,129,120,120,110,106,74,71,75,87,74,82,92,93
114,129,123,137,132,132,124,145,150,147,130,124,111,119,113,111,107,97,87,97,90,98,101,94,94,88
118,132,129,127,128,122,129,137,137,121,124,119,115,96,103,114,108,96,91,96,100,99,95,98,82,77
119,124,126,113,117,138,133,134,141,135,130,104,106,92,108,95,104,84,89,105,92,85,90,97,85,40
118,142,110,105,117,117,135,134,124,135,114,107,98,92,94,82,82,84,90,95,101,76,84,83,51,26
115,125,130,109,110,118,106,124,135,142,119,111,99,89,85,70,85,85,85,88,85,72,53,33,23,13
131,122,124,111,112,115,117,106,117,118,117,94,83,76,85,82,71,83,88,72,65,40,14,21,7,0
105,115,107,147,122,104,110,114,124,115,101,90,76,75,76,86,75,79,81,57,41,27,6,5,2,7
116,119,128,147,130,122,120,127,120,122,89,90,77,69,79,79,73,74,81,65,26,3,11,7,2,7
116,119,137,121,133,121,121,124,133,132,110,86,72,57,82,84,68,54,40,50,55,16,18,15,3,2
107,129,135,117,121,118,131,107,115,117,120,87,80,71,75,78,67,56,85,69,67,16,13,7,9,0
118,106,119,118,116,110,116,121,132,108,102,89,86,67,86,78,70,75,68,63,49,25,27,18,0,4
122,125,124,119,113,141,110,108,109,104,97,95,79,69,74,71,71,49,38,49,32,41,69,18,4,0
118,126,112,130,122,128,114,127,124,105,81,90,77,75,80,76,73,24,39,30,3,17,36,0,0,11
118,119,122,120,127,121,112,104,102,99,89,84,66,71,80,67,45,28,5,13,6,13,28,1,13,12
113,114,104,109,119,129,120,112,114,96,92,82,68,69,66,71,31,24,9,10,7,0,10,5,3,11
107,116,112,103,117,130,119,114,113,100,91,81,77,63,75,57,37,21,14,7,1,4,9,3,8,17
110,106,101,102,103,112,110,104,100,100,91,92,74,59,72,64,42,21,12,11,6,11,10,9,11,30
119,110,107,111,114,112,105,102,105,102,87,84,65,55,68,67,38,14,0,6,3,9,7,7,17,43
110,106,105,101,116,106,106,103,116,103,92,83,73,65,66,67,35,17,4,9,3,8,7,3,20,27
108,107,108,99,113,104,116,104,105,96,100,96,78,54,64,58,28,23,16,16,8,10,13,21,38,22
106,103,107,105,103,103,104,113,114,108,89,87,77,63,68,50,18,20,15,13,12,14,9,30,33,9
107,104,112,116,112,108,110,114,102,103,98,103,94,66,65,41,15,21,18,13,21,22,29,34,15,5
106,106,114,118,122,107,108,114,103,93,92,89,94,63,44,26,13,26,26,16,25,20,40,25,3,19
82,109,115,119,119,119,109,114,105,110,80,83,87,59,28,18,20,23,20,18,22,34,31,13,13,56
88,100,113,115,112,112,109,115,109,106,98,87,95,50,27,11,22,28,16,19,32,36,11,20,45,100
86,83,118,106,100,102,113,122,110,102,104,87,94,44,24,20,30,22,12,30,35,12,11,44,86,127
98,97,94,103,49,89,102,119,111,113,104,93,80,43,27,28,20,21,42,40,16,11,32,86,110,133
