205,175,152,162,150,141,112,100,68,84,83,95,86,80,103,99,87,96,84,86,90,106,112,121,124,136
194,200,166,169,184,154,133,125,111,81,93,88,88,81,96,102,103,104,103,106,109,127,135,115,131,152
198,212,201,202,188,194,170,166,143,123,93,100,92,89,102,103,100,102,93,117,127,150,116,137,151,144
199,197,210,200,208,195,196,160,178,134,121,113,104,112,95,104,121,105,99,119,120,117,146,137,138,141
210,211,212,217,207,211,187,184,179,173,147,126,134,114,115,104,97,112,111,128,127,126,137,158,136,129
223,224,221,214,226,200,215,208,196,160,175,156,154,127,132,122,120,111,113,118,119,137,149,122,145,159
223,221,223,212,222,229,217,225,202,216,204,178,182,166,149,131,155,135,131,124,130,149,139,134,135,159
233,226,217,207,229,216,219,217,204,209,191,205,199,182,179,163,164,125,121,137,133,151,119,136,136,143
238,227,238,240,232,219,208,229,215,213,197,208,199,202,191,191,202,171,138,125,133,132,123,142,147,150
244,233,230,231,235,229,231,222,218,218,222,233,209,216,206,180,169,178,183,135,146,126,124,151,138,149
243,238,241,235,233,219,231,228,226,222,220,216,201,206,206,212,207,201,208,193,183,179,147,161,153,156
245,245,244,238,231,229,227,234,222,232,217,213,211,213,214,209,195,193,199,191,200,204,170,182,152,154
243,244,246,245,241,233,235,232,235,224,218,226,218,219,215,221,210,219,214,214,208,194,208,196,197,176
240,241,240,241,242,242,238,232,234,228,228,229,215,215,209,216,210,214,201,202,191,204,201,202,199,212
230,239,240,238,231,238,241,234,227,225,222,232,219,221,214,221,222,210,208,210,210,196,208,207,209,212
222,232,241,228,228,239,220,224,231,220,223,210,234,228,218,236,213,221,211,210,212,203,214,212,206,213
207,221,230,229,216,216,215,222,223,220,228,210,219,232,224,220,213,220,199,217,227,203,211,224,221,213
195,189,209,221,205,195,203,209,211,218,221,208,216,221,219,222,212,206,215,212,219,214,223,218,219,218
201,193,197,201,208,194,171,178,209,213,201,212,211,219,219,217,219,195,212,216,209,218,214,229,225,216
207,207,199,211,191,167,179,178,189,207,200,199,215,218,216,211,204,205,219,216,226,222,229,221,237,224
217,219,213,204,203,178,151,153,182,172,157,192,204,205,200,215,214,215,222,208,221,223,219,232,216,230
215,218,224,223,210,196,136,123,138,162,166,189,203,187,210,218,216,219,225,219,226,214,221,236,226,223
230,218,216,228,225,203,144,107,116,146,163,170,190,189,200,200,198,222,226,213,213,210,227,228,227,228
245,243,249,235,226,223,130,135,138,118,146,157,185,174,208,202,210,209,221,221,215,210,226,230,238,232
249,250,246,250,246,238,137,134,132,120,119,150,153,174,197,192,193,223,221,225,216,218,223,222,235,234
254,249,252,236,246,246,162,131,130,112,130,150,168,166,162,171,218,220,219,216,214,226,223,212,230,237
250,255,255,255,247,247,167,133,119,134,118,146,150,171,188,184,179,189,210,216,225,222,221,222,244,234
240,245,251,246,250,237,172,136,134,130,138,133,147,155,171,185,203,198,210,206,223,221,225,217,242,232
229,238,241,247,238,235,161,133,147,132,122,142,143,142,154,177,173,198,204,218,216,214,222,226,238,230
205,205,220,242,233,205,152,139,136,118,123,152,142,149,152,169,166,183,220,225,222,222,225,226,235,238
