128,124,129,127,130,164,168,213,186,200,211,182,224,206,216,222,218,225,215,210,220,198,204,196,192,188
127,129,126,126,124,153,167,169,186,202,185,177,212,206,210,218,220,216,223,218,222,209,193,189,215,188
126,129,128,127,122,137,156,157,183,188,205,195,217,203,202,219,208,196,205,198,214,213,185,210,188,197
126,124,132,129,128,124,140,182,177,200,201,202,184,198,202,209,214,228,199,219,199,206,196,187,193,172
129,127,123,130,125,123,166,166,175,200,189,205,194,208,198,159,219,210,202,184,189,169,222,175,167,175
127,127,128,126,130,125,148,165,164,162,176,182,197,204,204,183,202,182,205,205,197,197,188,181,179,174
128,124,129,128,130,127,125,151,156,171,163,190,184,204,195,180,166,159,173,179,194,162,139,174,180,160
129,125,129,126,127,127,128,154,150,161,167,174,196,205,200,187,168,160,138,155,194,190,182,176,173,159
128,126,129,125,126,127,129,149,143,167,154,188,187,190,206,180,191,169,167,181,167,187,178,183,155,155
126,127,130,126,126,128,126,135,151,182,153,177,173,193,191,220,183,172,178,174,170,177,136,166,154,147
126,127,128,126,127,128,125,126,152,168,165,180,179,179,181,210,182,186,186,181,182,156,159,190,148,127
127,127,127,126,127,129,128,126,162,154,158,182,167,158,184,184,173,181,161,163,151,169,168,147,152,134
127,127,127,127,127,127,130,127,149,155,156,171,177,172,165,187,174,179,153,177,174,178,120,140,133,133
126,127,128,130,127,125,129,126,151,170,146,156,173,155,172,187,169,194,179,157,154,158,110,124,122,109
127,127,127,127,127,127,127,127,128,127,126,148,183,147,173,178,174,166,157,152,167,112,115,137,144,122
127,127,127,127,127,127,127,127,124,115,122,124,142,150,165,160,178,159,145,153,147,116,101,124,122,127
127,127,127,127,127,127,127,127,127,108,123,159,141,173,189,168,163,162,122,163,133,131,123,136,117,120
127,127,127,127,127,127,127,127,130,113,126,162,146,183,164,182,156,174,136,170,133,139,125,124,115,125
127,127,127,127,127,127,127,127,128,133,132,150,125,129,138,143,170,151,151,141,146,140,134,151,114,142
127,127,127,127,127,127,127,127,124,124,121,113,152,149,141,157,158,165,162,147,144,159,135,125,134,93
127,127,127,127,127,127,127,127,129,130,132,127,143,127,147,163,168,145,153,152,167,126,136,124,130,85
127,127,127,127,127,127,127,127,126,125,133,132,135,131,117,125,163,150,159,170,151,144,136,126,88,83
127,127,127,127,127,127,127,127,125,129,127,118,156,127,130,109,149,151,155,170,162,154,134,118,99,81
127,127,127,127,127,127,127,127,128,129,123,117,156,144,145,127,155,169,151,175,152,150,147,141,111,79
127,127,127,127,127,127,127,127,126,126,130,133,138,116,127,159,168,162,157,165,163,154,130,147,95,105
127,127,127,127,127,127,127,127,127,129,125,123,127,129,116,123,146,150,124,154,155,163,136,134,131,117
127,127,127,127,127,127,127,127,126,127,125,127,127,136,127,142,158,151,150,152,135,146,152,130,127,110
127,127,127,127,127,127,127,127,127,131,128,123,122,136,131,141,144,153,162,99,132,147,145,117,125,112
127,127,127,127,127,127,127,127,130,123,127,134,129,110,102,116,148,130,140,153,133,111,127,131,150,130
127,127,127,127,127,127,127,127,126,129,129,122,127,126,125,118,131,113,114,140,156,145,117,142,128,114
