82,78,84,69,80,90,96,112,121,140,146,150,141,131,160,155,162,176,188,183,213,202,200,213,206,175
83,86,104,85,103,105,110,109,122,139,120,142,144,152,152,148,159,163,202,201,198,200,214,212,210,181
74,83,81,108,111,131,130,96,107,122,158,153,147,149,168,174,139,180,188,200,217,197,220,220,209,206
74,97,86,89,98,105,120,109,130,150,139,151,144,157,154,150,160,189,196,210,221,227,235,220,224,203
61,75,75,92,104,120,114,110,129,155,139,151,164,168,155,168,181,185,207,209,213,224,225,233,223,225
69,70,71,94,90,111,109,132,142,145,138,154,144,175,172,167,181,199,195,206,227,223,234,234,222,218
52,62,73,92,100,120,127,119,126,145,146,146,140,176,170,180,191,197,211,206,215,235,228,238,219,225
52,56,62,70,91,100,109,122,144,138,150,142,164,160,165,191,197,190,221,210,221,237,238,231,236,225
56,60,66,71,75,95,100,112,143,129,146,133,157,150,178,169,186,210,200,222,229,234,237,241,238,240
47,48,57,64,71,78,104,113,149,137,143,170,163,170,183,200,190,205,216,230,237,239,249,241,243,236
45,47,59,78,71,68,82,127,116,130,153,171,162,150,176,183,190,207,221,235,235,244,243,248,242,228
42,45,51,59,58,68,77,97,109,146,131,154,164,159,169,172,186,209,222,234,241,246,245,245,240,226
36,42,48,53,61,63,75,91,108,123,121,182,153,176,170,167,197,212,217,241,247,249,249,244,239,222
32,37,44,52,52,69,76,73,92,108,134,141,164,175,175,177,198,202,218,228,247,248,250,242,239,220
33,33,36,43,66,69,66,84,101,103,140,140,176,175,159,156,197,196,217,237,243,245,248,240,237,222
30,33,36,43,52,73,67,85,91,112,136,150,165,154,163,175,197,198,226,226,245,247,248,239,232,223
25,34,42,50,52,77,71,99,103,126,128,134,164,168,166,165,180,194,218,233,243,249,248,240,229,225
22,32,42,49,56,76,72,107,108,123,136,134,148,158,158,161,170,202,218,226,235,245,246,242,230,229
18,23,38,48,50,85,75,95,107,114,115,155,159,151,163,166,177,202,211,220,232,247,244,242,235,233
14,23,38,49,56,68,83,94,103,117,144,139,160,169,164,180,186,195,210,227,236,236,239,241,230,232
24,29,37,46,58,82,98,105,122,96,119,146,160,189,172,170,182,190,206,232,233,247,244,237,238,226
40,42,44,54,74,89,101,115,117,108,130,146,178,179,187,178,175,193,217,228,231,237,246,242,232,215
40,45,51,67,82,89,103,111,91,104,141,159,180,179,178,185,197,201,203,232,235,238,244,245,244,229
52,60,62,78,95,107,109,100,109,122,141,174,178,179,169,190,197,206,208,225,225,241,238,237,246,232
62,73,67,76,75,102,122,99,102,127,147,180,177,183,180,179,200,208,206,222,230,240,248,252,241,235
80,95,86,90,94,102,114,109,118,140,143,192,182,156,194,180,197,196,200,207,227,248,245,249,250,245
89,91,95,110,105,106,96,102,121,159,155,171,193,172,168,177,172,195,207,213,222,236,247,251,250,244
99,102,97,101,111,108,97,113,129,149,169,177,181,191,180,178,195,195,214,209,226,235,244,250,251,245
106,119,115,110,109,101,111,122,135,149,170,175,183,190,172,187,183,185,211,221,228,234,241,249,251,245
125,121,124,117,111,125,136,154,165,162,179,163,184,175,177,184,189,180,197,210,225,233,242,248,250,246
