105,108,87,80,89,90,102,89,88,78,69,75,75,72,69,78,82,100,96,98,97,98,99,117,125,135
112,110,104,104,105,101,98,93,99,85,76,82,76,83,72,92,92,120,107,122,121,117,120,123,130,132
124,110,111,108,102,95,102,95,90,85,87,80,65,73,96,94,107,115,113,118,123,107,118,122,139,128
135,112,106,99,95,99,98,81,84,96,86,75,85,99,119,122,124,131,127,131,117,129,135,134,121,134
113,109,104,112,98,103,93,111,98,87,89,97,98,112,104,135,139,139,135,123,119,130,125,127,129,120
103,112,107,102,105,111,93,90,93,95,98,118,118,121,135,128,124,148,132,136,111,134,139,126,126,128
110,99,93,101,94,95,89,89,89,105,112,127,136,129,130,138,153,157,147,123,131,120,123,124,119,130
110,110,102,101,86,97,96,98,112,112,120,140,130,144,143,138,141,142,133,136,143,145,133,118,128,140
97,102,92,90,112,128,123,138,140,142,143,152,157,164,149,153,143,139,141,133,134,124,112,110,125,120
108,112,102,109,129,140,136,128,146,140,132,151,142,151,150,150,161,143,133,155,120,141,123,119,116,124
119,136,127,128,138,161,157,149,152,158,155,161,154,158,169,152,159,152,160,143,125,133,124,131,107,119
131,150,137,128,143,141,154,148,150,154,166,167,144,166,158,161,149,163,149,152,130,123,123,119,50,91
147,151,155,152,160,161,160,152,160,168,159,168,186,171,161,165,162,166,146,140,130,128,128,113,91,137
142,155,148,160,177,146,160,149,146,163,157,150,160,158,158,157,161,156,143,128,127,139,129,125,127,165
152,158,151,156,157,179,160,168,159,163,173,165,174,152,170,167,165,142,120,147,119,138,134,144,127,145
173,159,153,164,168,147,164,154,180,155,165,167,166,175,154,175,178,140,127,126,120,115,120,144,151,142
172,165,173,151,152,166,171,158,158,159,170,171,170,155,170,152,148,112,119,112,105,111,114,113,124,144
156,170,174,169,172,177,168,175,172,176,161,173,165,160,151,146,120,114,108,90,104,109,102,115,129,147
158,182,183,167,176,174,173,185,154,166,156,155,159,157,150,130,115,93,105,103,114,111,99,129,155,140
168,170,174,185,175,167,160,186,175,150,156,163,149,136,124,123,107,110,104,116,116,112,123,145,148,158
186,169,183,187,178,180,181,175,148,164,151,146,145,114,110,114,123,127,133,121,134,119,140,145,156,177
191,190,190,186,185,180,177,184,171,163,166,155,120,99,110,116,132,150,156,134,142,153,140,167,167,179
199,184,201,197,190,177,189,162,172,177,148,138,123,104,110,130,151,162,166,164,161,155,165,177,180,173
197,170,182,186,188,184,182,181,168,170,147,116,98,117,114,133,167,189,180,174,170,176,172,174,181,188
191,193,185,194,194,183,169,168,172,161,131,121,124,124,131,159,174,184,190,195,184,191,184,171,172,186
186,186,185,192,181,171,170,161,174,145,133,131,129,124,120,155,156,177,213,203,166,174,177,179,182,177
197,178,186,182,177,187,160,149,153,148,144,141,128,131,118,175,176,174,202,207,188,185,163,168,158,171
185,198,209,191,177,174,175,163,136,152,128,133,129,131,128,168,181,194,203,189,172,156,144,143,155,172
187,192,193,164,175,172,155,167,140,145,141,143,127,141,129,155,189,191,175,174,131,88,35,27,79,146
193,190,195,164,168,171,156,162,137,134,144,138,140,124,116,123,163,164,150,115,62,49,33,10,7,15
