184,176,188,173,195,194,191,219,191,202,213,206,201,204,208,218,224,231,221,218,200,212,229,215,206,208
176,174,178,190,199,191,195,196,201,212,200,183,215,211,210,218,220,220,221,225,225,220,204,223,225,211
189,189,183,184,180,186,190,177,201,216,206,219,212,218,218,212,212,216,220,231,218,213,204,213,226,209
189,179,187,185,195,197,185,198,208,201,209,203,225,214,220,204,199,185,230,220,224,207,217,213,209,211
166,175,191,189,203,202,182,196,198,196,204,204,207,211,205,210,202,198,220,221,224,220,220,204,216,205
177,189,195,193,196,205,203,190,193,208,187,208,200,200,215,201,209,206,207,210,221,219,218,220,205,218
189,179,178,192,190,202,204,202,194,193,211,210,208,210,197,217,214,217,209,214,207,219,226,224,212,223
194,163,198,197,191,208,190,209,199,208,197,215,199,209,212,213,205,199,221,207,217,217,211,220,218,211
186,188,203,218,198,191,214,195,193,216,229,210,216,215,225,219,222,219,216,224,221,227,222,229,221,220
190,197,203,192,200,204,211,214,199,205,227,218,225,216,219,214,223,228,231,226,216,221,202,217,222,219
182,204,201,204,213,216,217,219,200,216,218,218,228,221,227,223,225,225,223,218,223,226,229,227,236,219
217,207,214,211,206,217,209,207,217,211,221,222,228,219,226,232,237,238,226,236,224,229,229,227,223,221
201,198,211,216,207,212,208,197,221,216,214,222,235,231,232,236,239,238,232,236,236,218,232,216,231,235
218,209,202,220,222,212,216,202,210,226,225,221,226,222,220,229,236,235,242,241,242,244,236,236,233,230
200,198,216,204,218,216,207,215,219,216,222,213,224,231,227,231,230,221,238,230,244,238,246,245,243,241
206,215,215,211,215,214,204,217,222,230,221,214,232,243,232,233,235,229,238,246,253,240,239,239,227,248
206,212,218,214,211,187,187,213,217,227,225,231,230,228,233,231,236,240,246,238,250,243,245,238,228,243
205,203,207,216,203,204,200,217,209,212,231,227,226,232,228,240,237,229,236,245,243,248,247,238,244,242
199,191,194,191,167,206,191,201,195,201,214,214,229,220,223,225,234,237,228,239,245,237,230,235,242,242
177,177,172,163,132,195,156,180,161,165,166,170,169,183,198,209,189,209,217,211,225,226,220,205,203,204
139,121,159,107,97,136,144,110,110,137,104,79,69,60,83,68,52,66,124,140,140,127,136,133,147,111
91,118,106,88,57,55,62,56,36,61,45,27,19,27,17,22,23,45,41,37,41,37,48,43,63,63
57,52,52,54,36,32,42,44,26,37,25,16,22,19,15,9,13,9,14,12,27,18,20,26,24,39
52,30,38,36,29,28,24,30,25,19,9,22,17,11,12,17,17,13,9,12,6,12,16,23,21,28
30,26,30,27,24,24,24,21,17,15,15,23,10,8,21,15,4,10,10,9,8,10,12,6,18,17
24,22,20,20,21,24,24,21,16,13,18,13,15,18,14,15,17,9,4,10,13,16,14,14,16,13
18,20,26,24,23,23,22,19,17,17,24,28,22,15,15,14,11,14,27,17,21,34,30,22,28,51
16,20,24,22,21,21,21,21,24,27,28,24,29,27,20,26,31,28,35,37,56,31,48,52,78,86
23,26,20,21,23,24,23,22,25,28,35,37,46,48,53,62,64,67,39,53,49,60,66,122,140,168
27,30,27,28,29,29,28,30,36,43,58,60,52,39,47,48,38,54,58,69,67,64,88,129,147,156
