101,101,100,105,101,91,97,106,105,93,88,85,76,68,76,77,69,81,79,78,78,85,86,81,77,99
107,103,106,99,100,80,79,85,80,71,72,75,79,68,68,78,73,70,78,76,75,78,76,83,82,90
102,98,98,99,80,87,83,75,73,68,75,65,67,59,68,73,73,74,74,69,62,81,83,79,82,89
106,106,89,86,76,71,67,68,66,62,62,60,68,67,69,70,69,75,69,66,70,73,85,77,90,91
94,90,83,72,72,68,69,70,63,55,56,67,71,61,57,68,65,61,62,68,68,72,71,73,79,80
96,76,78,63,66,66,67,62,62,54,60,52,45,49,47,51,51,60,53,60,56,60,54,65,68,72
77,73,74,68,64,63,59,50,61,50,43,33,19,20,15,16,16,22,29,25,27,17,24,25,34,35
68,77,63,68,61,62,58,47,45,20,8,20,17,13,14,27,33,27,26,24,30,32,41,47,48,48
59,63,57,58,51,52,45,32,18,3,14,19,21,26,27,20,26,25,32,34,35,42,41,55,43,44
70,62,70,59,47,40,20,8,6,27,27,30,29,27,27,15,17,8,15,13,21,17,34,52,60,61
69,66,64,52,32,16,10,16,21,21,29,12,5,0,1,4,0,3,1,4,0,4,1,11,31,44
63,61,44,24,11,11,12,15,11,13,1,1,2,2,1,2,0,0,0,2,2,0,8,0,4,10
65,49,36,8,9,20,8,10,3,0,7,5,2,2,0,0,5,0,4,0,6,0,1,5,19,26
46,33,19,8,11,14,0,4,1,11,32,6,0,2,7,11,19,19,5,11,10,6,5,27,40,121
43,32,12,17,9,1,2,4,9,44,48,3,3,6,22,33,25,16,3,12,47,55,3,11,51,208
48,19,20,10,3,4,6,11,36,64,50,0,5,3,22,38,22,1,0,4,51,44,2,53,87,160
48,34,11,3,1,8,21,25,56,65,48,0,1,0,10,24,20,2,2,3,9,6,1,19,17,73
47,26,5,31,15,9,50,40,47,58,58,7,3,1,2,2,11,1,0,11,0,3,5,19,22,75
61,7,9,19,16,11,46,34,51,66,55,24,0,4,2,0,7,0,1,0,9,2,2,7,18,150
35,16,5,3,9,27,47,44,39,48,59,46,10,0,2,3,4,1,3,3,6,14,8,7,65,197
45,30,11,5,9,6,0,8,1,1,7,22,15,1,2,0,0,2,0,11,3,26,9,41,170,217
56,45,50,18,7,8,9,6,4,7,0,2,7,5,3,3,0,1,0,1,2,10,42,107,174,174
73,65,44,48,37,29,22,19,18,11,10,5,4,2,1,1,0,2,12,4,19,30,58,70,67,61
110,66,69,64,40,54,48,36,21,20,16,25,17,10,15,12,8,15,7,8,6,10,10,2,24,27
85,103,66,68,55,55,49,54,49,49,39,38,16,9,17,17,15,9,19,28,27,10,23,34,31,43
132,109,86,66,67,61,64,63,58,55,53,44,32,33,22,17,28,16,27,23,27,33,26,34,56,58
155,122,110,97,73,65,71,65,65,69,59,51,56,47,41,35,34,31,32,41,42,45,44,54,69,62
146,147,119,113,89,95,79,70,69,78,61,71,65,65,63,53,47,48,47,53,62,69,79,89,84,87
153,154,128,138,108,92,87,76,71,78,75,75,68,78,61,61,72,60,61,67,73,65,78,81,77,114
153,144,158,141,132,116,103,77,79,82,74,88,75,78,84,78,73,75,70,82,90,94,73,111,111,129
