33,32,45,72,100,126,152,175,197,208,192,178,152,158,116,104,134,124,139,153,135,171,197,193,181,223
37,67,82,117,114,177,165,201,221,218,198,180,166,159,150,137,105,114,131,144,133,194,190,211,210,215
116,132,123,134,159,191,180,215,224,226,213,203,186,152,150,159,128,138,105,127,131,154,159,177,187,198
194,187,174,174,215,213,206,222,226,231,224,224,201,211,152,145,125,119,121,120,138,143,145,175,184,195
220,218,201,211,233,234,225,227,231,231,235,223,219,223,201,180,134,126,116,125,140,130,136,135,159,190
215,214,218,226,236,236,234,234,231,228,231,234,234,218,214,218,196,146,156,143,117,133,121,133,186,214
210,231,233,226,236,231,234,236,227,232,234,226,234,225,230,219,202,174,154,149,136,130,122,158,175,181
212,230,237,234,224,232,232,235,231,228,231,232,234,230,229,219,215,193,202,154,142,122,135,146,146,175
206,221,225,226,223,230,231,233,236,236,231,235,231,236,235,226,226,202,169,203,159,142,153,137,152,172
202,211,213,214,223,229,221,232,219,230,229,232,229,236,235,232,230,210,175,200,174,155,157,141,135,160
180,190,203,193,227,210,242,227,236,232,226,228,234,234,229,231,227,218,185,152,182,161,157,157,140,134
177,208,205,211,211,221,220,220,219,219,227,225,236,236,234,232,221,208,219,165,162,174,167,155,161,170
167,188,211,218,213,227,222,230,230,234,230,226,232,235,241,231,221,198,208,204,166,158,153,152,137,140
183,175,212,202,208,212,222,236,227,231,229,228,228,229,235,223,230,210,189,219,178,158,153,131,140,141
178,177,205,197,203,223,224,229,236,229,228,231,222,225,209,220,209,220,179,164,167,140,151,147,146,148
173,179,177,195,191,216,223,227,224,233,234,224,221,219,201,209,214,202,176,148,136,134,107,152,157,162
193,212,170,181,220,218,211,213,231,229,234,221,227,211,197,198,214,195,158,148,139,130,117,113,165,146
187,175,215,189,211,231,216,228,218,202,222,219,224,204,178,197,180,179,147,159,117,118,101,110,104,124
215,198,198,220,209,218,214,214,203,201,198,201,156,198,161,158,177,186,157,139,128,123,88,86,102,111
212,209,212,191,222,207,191,213,211,195,191,168,162,162,131,121,145,154,139,137,134,115,100,61,95,113
164,185,195,203,195,219,212,187,191,188,168,161,175,127,117,119,138,116,132,114,125,94,107,75,95,114
95,146,137,162,208,205,208,179,177,159,165,133,103,83,77,87,84,98,82,94,86,85,101,72,88,102
91,91,65,81,125,124,123,132,135,100,95,121,82,82,68,55,64,69,71,59,76,78,80,72,98,122
63,71,68,68,67,81,82,59,73,48,42,51,46,34,30,39,36,39,47,44,59,76,63,68,70,103
62,49,47,51,67,55,52,44,38,35,30,16,24,10,10,20,21,32,31,27,45,55,61,76,74,100
30,40,44,47,46,39,37,26,30,25,27,13,3,0,4,5,12,16,26,24,44,52,60,55,61,91
18,29,27,22,21,22,26,29,34,23,20,28,11,7,8,11,20,22,30,30,36,59,56,50,81,134
27,25,32,44,44,50,51,67,122,146,57,41,14,14,26,33,32,40,32,34,38,53,62,55,76,92
35,61,77,86,128,146,125,89,79,122,111,59,30,49,78,72,60,54,50,43,42,37,55,63,81,76
92,108,191,194,183,202,194,134,100,100,96,70,74,101,112,80,79,63,56,51,48,54,43,65,84,110
