107,117,128,155,159,190,210,203,212,227,225,229,231,231,233,237,242,241,246,242,247,245,242,244,244,128
121,125,127,168,183,194,196,187,209,223,222,231,237,233,234,231,240,235,245,240,248,246,241,245,245,129
150,159,141,162,168,182,204,210,220,223,222,225,234,238,240,241,240,241,244,244,249,249,247,248,245,129
153,163,181,194,189,208,210,219,220,221,229,230,237,243,237,241,241,251,242,246,244,247,247,242,246,129
171,200,169,185,190,196,210,216,229,229,233,221,229,241,232,241,243,242,245,247,241,246,249,246,247,127
168,198,206,215,201,217,220,223,218,225,236,233,238,242,233,236,241,245,246,246,252,244,245,253,250,130
172,166,206,205,197,198,203,208,218,226,234,236,237,239,240,242,245,246,246,242,255,251,252,252,242,128
159,164,189,196,179,212,216,217,217,227,234,242,240,238,244,241,245,242,248,246,247,247,254,249,255,127
147,170,185,182,177,189,214,209,219,229,232,239,239,237,246,241,241,247,247,243,251,251,251,253,244,126
159,187,176,194,181,192,210,217,222,232,230,233,235,238,246,243,245,247,196,160,220,254,251,251,251,128
145,163,162,162,181,197,220,214,215,231,236,236,241,244,245,242,249,242,163,97,192,243,249,247,245,131
175,168,173,177,194,205,213,219,219,235,237,232,239,246,248,252,246,252,213,160,241,248,250,251,128,127
182,190,172,191,197,198,202,218,221,230,238,247,243,251,252,252,251,250,247,245,248,253,252,247,128,128
184,196,192,193,205,212,216,223,230,235,240,248,246,252,253,253,251,252,251,250,251,254,253,249,128,128
200,208,214,198,212,216,219,222,235,235,238,246,245,250,251,251,251,253,254,254,254,255,253,250,128,128
212,214,218,208,218,214,222,231,234,231,234,242,245,249,250,250,252,253,254,254,254,254,252,249,128,128
219,224,219,222,223,214,226,233,236,232,236,243,249,251,253,252,254,253,252,252,254,254,252,249,128,128
221,233,225,232,226,219,227,229,239,236,242,245,251,251,254,251,255,253,252,252,254,254,252,250,128,128
221,230,229,235,230,228,233,236,241,240,247,246,250,249,254,250,253,253,253,253,254,253,252,251,128,128
234,232,237,238,234,229,229,240,242,243,249,246,249,249,255,251,251,252,254,254,253,252,251,252,128,128
231,236,242,244,238,228,229,239,241,249,253,250,248,252,255,254,255,252,255,247,250,250,250,128,128,128
232,237,239,237,235,234,237,244,241,244,249,252,251,248,251,255,250,254,250,255,255,255,250,128,128,128
231,239,240,237,238,241,242,242,241,247,251,252,251,252,252,252,253,255,255,243,253,246,249,124,128,128
234,241,243,240,241,242,240,238,240,243,246,249,252,253,253,252,253,247,252,255,255,252,251,132,128,128
238,241,241,239,239,239,240,243,241,231,232,248,255,248,248,255,253,251,255,252,249,255,253,126,128,128
233,235,238,241,242,240,241,247,246,238,238,249,254,250,250,255,255,251,255,255,247,250,255,128,128,128
229,233,236,241,244,243,242,245,247,251,253,251,252,255,254,250,255,252,253,250,253,255,122,130,128,128
235,236,235,235,239,242,243,246,244,249,253,254,252,252,252,252,246,255,248,255,253,251,128,130,128,128
237,238,238,237,239,244,247,246,251,250,250,252,252,252,253,255,248,252,247,251,249,253,126,128,128,128
237,232,239,230,245,240,250,246,248,248,249,252,252,251,250,251,250,250,245,248,247,253,129,131,128,128
