130,129,129,133,125,39,40,77,94,104,108,139,187,200,188,183,181,197,189,183,180,174,180,178,178,150
125,130,124,124,132,43,51,70,100,111,112,126,154,172,192,200,184,181,191,187,174,180,167,176,167,178
130,130,131,131,119,130,56,85,108,102,129,144,188,198,192,202,182,175,160,166,177,184,171,169,166,161
124,129,126,124,129,131,74,76,96,116,117,166,175,190,200,189,174,166,159,163,168,177,182,168,159,173
128,131,127,132,129,124,74,80,88,127,144,162,188,193,189,190,192,174,182,179,176,174,179,159,161,149
126,130,127,129,125,129,79,81,109,130,150,182,162,183,179,186,192,190,185,182,192,160,166,160,152,138
125,131,127,129,128,128,123,91,129,132,159,171,180,167,188,195,195,187,191,169,171,170,164,173,150,136
126,130,125,128,128,131,131,106,133,160,158,184,177,181,174,179,187,181,189,182,149,173,163,136,133,133
128,130,125,127,127,128,131,114,145,136,157,176,184,173,189,193,187,183,170,169,166,152,134,141,131,124
128,129,126,129,127,126,127,116,138,137,166,167,161,185,197,182,181,180,177,173,171,146,140,135,126,130
126,127,127,130,129,128,128,124,124,161,168,161,175,192,181,163,182,184,183,186,160,149,149,134,130,131
128,128,128,128,128,128,128,130,139,160,141,183,180,189,182,175,188,189,176,177,170,142,133,147,136,124
128,129,129,126,126,127,126,129,147,177,158,153,198,183,178,188,187,182,173,174,170,154,143,142,131,129
126,128,130,127,128,130,127,130,155,163,186,170,177,189,186,174,194,186,156,174,160,174,151,160,138,129
128,128,128,128,128,128,128,128,129,168,169,195,174,186,193,180,176,199,170,173,181,155,151,150,141,111
128,128,128,128,128,128,128,128,125,165,174,179,185,183,176,185,173,180,184,168,170,166,152,138,119,119
128,128,128,128,128,128,128,128,126,163,194,160,179,186,169,184,180,179,178,179,170,157,155,126,116,98
128,128,128,128,128,128,128,128,130,147,137,171,170,198,182,180,175,192,179,187,156,187,151,130,119,95
128,128,128,128,128,128,128,128,125,139,173,170,159,185,180,173,172,185,172,187,183,184,155,152,142,115
128,128,128,128,128,128,128,128,131,120,140,166,181,186,176,161,166,195,180,175,193,175,170,145,139,129
128,128,128,128,128,128,128,128,128,130,175,175,177,169,183,181,187,187,186,186,173,180,151,149,141,135
128,128,128,128,128,128,128,128,130,126,126,177,166,170,194,181,194,183,195,176,167,169,170,144,150,144
128,128,128,128,128,128,128,128,128,129,130,180,176,171,169,179,170,179,169,167,172,170,153,157,143,136
128,128,128,128,128,128,128,128,126,126,130,168,158,153,155,168,185,169,167,164,178,144,164,150,159,125
128,128,128,128,128,128,128,128,132,128,122,134,163,173,173,175,176,172,176,181,172,171,157,166,150,140
128,128,128,128,128,128,128,128,125,131,134,125,172,167,165,171,182,170,169,182,180,177,175,146,170,148
128,128,128,128,128,128,128,128,131,123,126,129,170,172,174,177,178,184,181,174,197,170,174,176,140,129
128,128,128,128,128,128,128,128,131,127,128,130,128,157,180,175,175,173,171,170,177,183,169,172,157,138
128,128,128,128,128,128,128,128,126,126,124,131,129,165,187,168,169,193,176,171,184,168,168,164,152,151
128,128,128,128,128,128,128,128,127,131,128,126,129,127,156,165,184,173,168,169,184,172,162,160,160,138
