128,128,128,128,128,128,128,128,126,125,131,129,127,126,177,156,177,154,162,152,137,148,130,112,104,83
128,128,128,128,128,128,128,128,132,127,127,128,128,129,156,161,148,132,157,137,140,123,124,120,103,81
128,128,128,128,128,128,128,128,128,127,127,130,127,128,133,171,167,160,144,163,142,140,137,100,117,91
128,128,128,128,128,128,128,128,125,128,128,130,127,127,123,162,165,138,145,156,141,127,123,131,116,93
128,128,128,128,128,128,128,128,130,130,126,127,129,130,125,135,188,140,146,156,150,132,127,110,99,93
128,128,128,128,128,128,128,128,127,129,128,127,128,130,130,123,169,160,152,132,154,116,145,104,112,101
128,128,128,128,128,128,128,128,124,127,130,129,125,129,129,129,129,164,154,151,167,142,97,111,98,94
128,128,128,128,128,128,128,128,131,128,127,128,126,132,123,130,126,150,159,160,146,144,124,119,96,96
128,128,128,128,128,128,128,128,128,128,128,128,128,128,128,128,129,144,147,149,125,144,105,125,100,96
128,128,128,128,128,128,128,128,128,128,128,128,128,128,128,128,126,133,169,124,136,134,128,106,116,91
128,128,128,128,128,128,128,128,128,128,128,128,128,128,128,128,130,127,147,155,127,133,111,108,103,115
128,128,128,128,128,128,128,128,128,128,128,128,128,128,128,128,130,119,134,135,126,130,124,119,99,103
128,128,128,128,128,128,128,128,128,128,128,128,128,128,128,128,134,125,126,144,135,130,105,101,91,103
128,128,128,128,128,128,128,128,128,128,128,128,128,128,128,128,122,134,129,121,120,129,123,116,119,94
128,128,128,128,128,128,128,128,128,128,128,128,128,128,128,128,127,131,127,133,125,121,120,126,110,110
128,128,128,128,128,128,128,128,128,128,128,128,128,128,128,128,128,130,126,128,128,134,137,123,123,114
128,128,128,128,128,128,128,128,128,128,128,128,128,128,128,128,128,128,127,129,131,123,119,126,111,109
128,128,128,128,128,128,128,128,128,128,128,128,128,128,128,128,128,129,128,128,129,126,121,120,105,90
128,128,128,128,128,128,128,128,128,128,128,128,128,128,128,128,128,129,129,127,127,130,125,116,104,104
128,128,128,128,128,128,128,128,128,128,128,128,128,128,128,128,129,128,129,128,126,130,129,118,102,129
128,128,128,128,128,128,128,128,128,128,128,128,128,128,128,128,130,127,129,130,126,128,129,125,142,135
128,128,128,128,128,128,128,128,128,128,128,128,128,128,128,128,130,127,128,130,127,126,128,130,127,131
128,128,128,128,128,128,128,128,128,128,128,128,128,128,128,128,128,128,128,128,129,127,127,130,127,138
128,128,128,128,128,128,128,128,128,128,128,128,128,128,128,128,126,130,128,126,129,128,125,128,128,131
128,128,128,128,128,128,128,128,128,128,128,128,128,128,128,128,128,128,128,128,128,128,128,128,128,128
128,128,128,128,128,128,128,128,128,128,128,128,128,128,128,128,128,128,128,128,128,128,128,128,129,130
128,128,128,128,128,128,128,128,128,128,128,128,128,128,128,128,128,128,128,128,128,128,128,128,126,128
128,128,128,128,128,128,128,128,128,128,128,128,128,128,128,128,128,128,128,128,128,128,128,128,130,128
128,128,128,128,128,128,128,128,128,128,128,128,128,128,128,128,128,128,128,128,128,128,128,128,130,127
128,128,128,128,128,128,128,128,128,128,128,128,128,128,128,128,128,128,128,128,128,128,128,128,126,126
