168,177,196,195,184,187,148,169,170,179,158,131,180,150,151,185,130,167,207,148,190,196,230,225,215,228
178,202,174,184,196,145,164,141,172,177,129,171,106,161,193,138,180,165,179,192,137,229,240,236,222,215
204,157,209,185,170,190,140,172,156,152,176,150,196,178,166,199,155,187,169,163,190,200,242,242,241,245
159,189,179,183,180,167,138,157,165,165,165,178,171,178,194,196,200,180,173,179,169,213,230,246,250,245
184,171,174,176,184,160,152,164,190,177,174,180,175,218,194,197,165,166,189,156,162,210,207,234,235,246
193,188,191,200,193,187,119,163,171,161,190,137,191,194,142,179,183,187,188,168,187,196,189,210,234,242
215,202,180,177,186,137,192,165,170,189,121,178,161,188,185,115,179,203,177,168,157,198,217,201,222,239
224,200,191,205,149,189,159,187,189,165,201,144,188,171,164,171,150,202,197,117,193,187,197,231,206,236
205,219,228,201,226,169,205,204,200,208,189,229,216,201,198,181,221,188,209,223,162,213,230,146,230,231
219,210,197,216,196,209,229,213,214,223,201,192,218,210,216,197,225,215,200,194,229,186,217,228,148,240
201,230,233,225,211,203,209,210,208,207,213,199,196,189,181,218,225,227,215,205,207,230,217,189,221,213
222,221,210,211,204,194,218,209,215,228,159,209,206,204,216,142,211,219,184,219,195,228,226,223,200,238
223,224,218,222,183,220,193,237,217,144,227,191,213,213,145,200,221,213,218,151,209,216,190,222,218,215
224,200,209,192,216,170,214,205,179,221,171,224,204,183,213,170,224,195,140,187,204,206,207,171,209,217
205,212,178,200,172,222,212,225,213,186,190,196,208,209,196,205,200,205,220,170,196,221,151,237,225,220
212,171,211,184,190,209,220,204,202,169,193,194,174,195,171,203,222,211,192,207,204,194,216,157,201,201
201,204,203,181,182,204,212,193,201,192,159,182,180,158,189,192,191,171,180,213,208,195,184,169,186,194
223,210,211,205,186,224,207,196,187,181,180,160,163,143,158,155,158,167,176,160,169,167,180,196,191,184
179,204,200,194,208,211,207,191,161,186,186,172,161,144,172,171,146,153,148,191,191,193,161,196,209,216
211,208,202,181,172,199,215,159,180,140,203,174,153,183,148,164,181,132,162,180,189,183,213,220,214,236
205,194,211,191,194,188,170,202,165,209,190,153,180,147,177,201,137,175,157,185,186,211,186,193,218,202
208,206,172,208,196,191,188,131,191,178,164,162,136,185,160,134,162,156,186,188,176,177,214,235,230,213
217,185,199,183,186,200,142,192,178,213,181,123,186,171,169,174,110,167,186,175,197,219,209,213,222,228
204,223,187,207,208,164,211,174,227,186,167,205,177,202,175,146,176,205,196,206,199,213,233,242,246,215
198,197,202,188,183,196,148,212,206,175,197,160,204,184,151,200,163,191,215,157,207,235,239,228,229,250
211,231,209,194,206,167,210,195,182,188,148,198,191,157,192,127,175,176,161,204,223,214,217,239,241,221
214,197,192,200,149,197,191,203,197,128,203,179,200,198,138,171,158,181,193,172,209,220,238,220,229,230
208,227,202,171,216,160,227,207,145,193,170,196,184,109,200,162,180,204,174,213,234,231,209,231,236,245
225,213,171,215,163,219,206,176,202,159,195,195,152,196,178,209,207,176,208,202,208,211,235,231,226,232
204,198,218,178,211,191,192,210,173,204,176,202,199,156,187,199,200,212,180,201,228,236,176,235,234,246
