219,215,216,166,170,171,180,176,180,201,167,199,203,198,196,180,175,161,165,151,179,190,183,164,164,174
201,187,162,186,183,178,172,173,178,159,183,199,205,186,170,192,139,184,178,194,187,168,187,163,165,182
199,205,207,183,174,194,176,195,173,187,175,170,172,151,167,153,168,172,171,167,172,186,176,195,196,158
189,184,196,181,169,164,192,172,176,175,135,165,162,198,185,176,183,176,201,190,179,190,179,175,162,178
187,185,164,189,194,188,188,181,181,157,187,158,179,171,174,186,171,180,175,183,192,177,186,167,185,159
194,178,191,176,175,172,169,170,173,177,156,163,172,173,196,172,190,183,205,182,167,206,169,198,186,197
190,184,156,188,166,177,165,164,158,149,171,166,160,183,168,209,203,209,200,184,195,175,215,180,212,209
186,169,173,165,191,179,157,172,184,200,190,157,200,176,221,209,205,212,186,218,168,220,205,235,210,213
172,198,186,187,192,187,187,167,191,188,182,207,204,198,213,196,217,200,214,190,232,198,218,221,213,227
199,195,196,201,176,186,190,178,186,189,217,206,208,216,203,217,178,219,192,208,216,205,226,200,217,172
192,182,196,192,200,208,203,188,182,204,195,226,218,193,209,181,209,163,210,205,221,226,189,226,158,224
155,212,189,224,190,196,221,196,191,154,220,186,211,209,176,207,176,205,188,195,179,168,210,183,213,225
222,199,205,197,220,210,210,221,209,207,216,185,203,188,210,183,209,200,209,206,176,194,187,218,202,212
186,177,177,162,169,175,205,196,206,210,211,213,200,232,212,220,201,206,209,208,212,190,191,194,201,220
211,175,180,189,184,174,181,186,181,164,199,187,204,203,213,213,173,219,203,199,195,210,221,201,232,192
185,218,188,192,199,192,199,184,197,205,210,215,184,204,206,198,209,195,207,200,186,209,213,215,206,215
189,202,181,205,195,212,209,213,194,222,214,194,224,184,223,216,205,197,204,206,206,173,210,204,197,209
215,201,204,182,219,216,218,204,220,194,207,216,186,213,219,200,221,213,215,221,191,194,197,206,217,199
217,221,196,208,221,215,202,233,224,227,215,219,209,215,231,219,220,230,229,220,226,198,198,225,197,210
195,195,208,175,236,229,218,228,204,217,232,196,217,223,212,219,230,224,230,214,213,205,196,194,216,182
214,203,204,206,223,234,225,223,233,232,223,208,217,196,225,201,209,216,208,228,213,216,205,202,206,209
222,221,211,223,225,224,219,214,219,214,210,230,199,228,201,210,219,205,231,210,219,216,199,194,199,201
232,213,225,223,214,224,218,217,195,190,203,208,214,190,207,214,205,206,206,222,208,207,219,211,183,189
242,225,235,221,215,232,219,215,218,219,221,221,217,215,218,221,223,211,230,215,205,217,196,181,232,197
125,220,227,224,233,220,215,203,211,225,195,201,213,221,225,214,217,224,227,220,225,208,193,206,187,199
130,126,221,211,203,195,213,214,222,211,196,212,216,211,228,231,228,229,219,213,228,219,225,202,216,204
127,127,214,201,205,194,183,206,189,183,203,207,225,242,216,220,235,231,221,224,215,210,198,205,204,210
126,133,125,194,206,188,196,194,198,193,191,183,185,207,204,224,229,236,219,213,222,220,214,189,192,208
126,127,128,129,187,199,197,214,201,205,207,197,205,219,214,204,213,223,221,231,222,222,207,209,217,211
129,131,126,130,133,200,183,174,206,223,213,223,215,210,225,222,217,236,221,200,203,185,220,187,202,211
