127,128,174,166,168,158,174,148,130,142,143,123,143,146,134,128,105,110,96,103,110,93,92,96,95,85
125,128,174,169,164,165,168,154,153,159,144,144,138,145,125,128,118,118,104,100,108,118,102,111,100,121
130,127,192,174,187,169,175,173,157,154,150,151,149,139,137,137,155,110,119,124,115,124,111,118,92,106
127,129,197,192,194,174,162,173,164,164,158,168,148,137,131,127,133,105,121,123,117,120,131,93,106,107
126,128,206,206,177,175,184,174,170,168,161,133,138,140,141,121,120,123,116,107,120,123,106,111,116,100
133,120,207,207,191,196,180,189,184,175,173,164,158,160,137,127,136,110,115,135,117,111,105,102,101,105
129,128,221,213,213,211,204,212,196,190,173,152,153,165,134,139,120,130,123,115,116,101,96,103,103,106
127,126,176,208,192,190,195,211,217,206,216,209,208,220,207,192,196,191,178,188,182,168,165,172,163,166
131,133,200,194,191,187,186,153,175,165,162,164,165,160,152,151,148,154,150,170,143,149,151,149,129,134
129,123,206,195,179,196,186,184,185,174,176,184,157,150,137,116,120,126,120,115,113,83,78,96,104,101
127,133,203,196,189,194,193,186,184,191,191,183,177,173,149,141,128,124,125,99,120,99,92,83,98,115
126,127,130,194,197,192,191,179,199,190,196,175,184,170,151,156,130,126,126,126,123,95,72,92,102,120
128,125,131,188,197,189,198,191,202,200,181,160,171,147,134,159,157,161,128,136,121,127,127,128,132,110
129,131,123,194,188,200,196,188,197,199,175,159,175,148,164,176,161,153,156,154,119,124,148,140,137,154
129,127,126,197,195,200,197,185,197,200,183,174,187,156,178,169,185,184,171,150,157,156,144,147,153,147
129,123,132,204,207,199,201,189,191,190,176,193,171,200,178,186,180,181,197,164,170,159,157,161,173,138
129,127,130,208,208,209,205,195,194,206,184,200,184,182,190,171,199,188,176,175,140,167,148,152,140,157
129,128,129,195,209,210,208,194,188,192,202,198,185,193,187,187,191,192,189,170,164,156,156,172,158,152
128,126,130,193,213,202,203,198,196,197,205,184,190,183,199,198,178,180,182,180,157,134,138,140,145,153
127,130,126,212,211,200,190,208,198,215,193,198,191,187,196,190,194,187,165,175,142,131,140,146,163,172
128,126,131,128,214,211,196,195,190,203,198,206,200,199,201,193,205,190,184,172,152,120,128,160,160,153
130,129,125,130,201,211,195,192,189,213,204,206,211,199,194,202,208,190,177,181,163,136,169,157,144,170
128,127,127,130,205,214,210,200,206,193,203,214,199,194,207,187,207,199,194,181,179,176,164,167,186,166
128,126,133,125,210,205,209,196,210,202,193,198,214,204,199,192,200,192,182,202,181,176,169,184,193,180
125,133,125,132,192,210,199,200,211,190,194,204,205,203,209,192,194,202,201,200,170,190,191,188,189,167
127,128,130,123,177,203,205,203,201,194,204,207,198,197,204,197,207,200,203,211,197,184,196,194,191,197
128,133,121,134,130,207,193,193,198,203,207,204,198,204,206,208,205,177,210,200,192,199,195,185,185,177
129,122,135,126,125,201,207,189,197,194,194,196,193,213,217,211,199,210,196,182,200,194,185,185,183,187
129,129,128,127,128,196,201,187,196,192,198,180,195,207,197,210,202,204,210,210,171,194,196,192,183,185
129,125,131,127,127,186,196,199,186,200,200,191,197,216,204,202,204,193,208,197,200,201,200,193,186,184
