80,57,68,98,113,152,161,175,204,198,206,201,215,132,128,127,128,128,128,128,128,128,128,128,128,128
82,62,74,96,114,143,162,170,175,190,191,224,221,125,126,132,128,128,128,128,128,128,128,128,128,128
86,74,64,79,117,128,154,163,177,181,202,197,122,130,124,128,128,128,128,128,128,128,128,128,128,128
89,81,78,77,122,132,132,162,180,198,187,187,129,133,132,130,128,128,128,128,128,128,128,128,128,128
101,119,98,82,103,127,155,170,167,183,201,137,124,126,122,129,128,128,128,128,128,128,128,128,128,128
116,115,106,122,119,124,153,166,160,207,202,120,132,135,126,130,128,128,128,128,128,128,128,128,128,128
126,116,134,112,112,156,154,168,189,184,130,131,125,123,128,127,128,128,128,128,128,128,128,128,128,128
133,134,125,126,140,146,162,191,193,203,125,131,129,128,129,131,128,128,128,128,128,128,128,128,128,128
140,162,138,144,148,165,154,203,198,199,128,127,126,129,133,125,128,128,128,128,128,128,128,128,128,128
137,153,177,182,162,143,159,180,197,125,126,133,128,130,128,128,128,128,128,128,128,128,128,128,128,128
141,144,150,187,193,174,178,193,199,129,131,126,128,124,131,131,128,128,128,128,128,128,128,128,128,128
151,160,161,158,197,198,191,194,128,128,124,126,133,129,131,121,128,128,128,128,128,128,128,128,128,128
156,144,161,176,184,203,177,190,131,129,133,131,121,129,129,129,128,128,128,128,128,128,128,128,128,128
166,170,161,175,193,169,176,127,127,121,129,129,126,127,128,130,128,128,128,128,128,128,128,128,128,128
184,175,169,177,177,169,129,128,128,135,125,126,132,126,129,126,128,128,128,128,128,128,128,128,128,128
188,194,172,176,163,164,131,127,128,128,124,129,126,130,127,128,128,128,128,128,128,128,128,128,128,128
197,192,198,173,167,128,128,128,128,128,128,128,128,128,128,128,128,128,128,128,128,128,128,128,128,128
197,191,176,153,159,129,121,134,128,128,128,128,128,128,128,128,128,128,128,128,128,128,128,128,128,128
185,178,160,147,125,131,130,127,128,128,128,128,128,128,128,128,128,128,128,128,128,128,128,128,128,128
182,178,163,123,130,123,131,126,128,128,128,128,128,128,128,128,128,128,128,128,128,128,128,128,128,128
186,171,142,133,128,130,123,129,128,128,128,128,128,128,128,128,128,128,128,128,128,128,128,128,128,128
152,133,131,131,126,127,132,125,128,128,128,128,128,128,128,128,128,128,128,128,128,128,128,128,128,128
116,128,121,126,126,132,123,130,128,128,128,128,128,128,128,128,128,128,128,128,128,128,128,128,128,128
142,125,130,127,133,122,132,128,128,128,128,128,128,128,128,128,128,128,128,128,128,128,128,128,128,128
128,128,128,128,128,128,128,128,128,128,128,128,128,128,128,128,128,128,128,128,128,128,128,128,128,128
128,128,128,128,128,128,128,128,128,128,128,128,128,128,128,128,128,128,128,128,128,128,128,128,128,128
128,128,128,128,128,128,128,128,128,128,128,128,128,128,128,128,128,128,128,128,128,128,128,128,128,128
128,128,128,128,128,128,128,128,128,128,128,128,128,128,128,128,128,128,128,128,128,128,128,128,128,128
128,128,128,128,128,128,128,128,128,128,128,128,128,128,128,128,128,128,128,128,128,128,128,128,128,128
128,128,128,128,128,128,128,128,128,128,128,128,128,128,128,128,128,128,128,128,128,128,128,128,128,128
