128,128,128,128,128,128,128,128,128,128,128,123,127,133,198,195,202,222,193,201,206,181,196,169,146,134
128,128,128,128,128,128,128,128,128,128,131,133,129,124,160,186,183,203,212,212,205,180,215,153,129,143
128,128,128,128,128,128,128,128,127,126,126,129,126,126,136,186,195,190,200,207,219,202,187,134,104,97
128,128,128,128,128,128,128,128,125,130,128,128,129,132,122,153,173,172,198,211,199,173,170,154,128,108
128,128,128,128,128,128,128,128,127,131,129,126,127,131,123,127,172,169,200,187,220,202,166,149,112,96
128,128,128,128,128,128,128,128,129,126,126,126,125,127,132,129,190,219,208,183,221,207,164,151,111,120
128,128,128,128,128,128,128,128,128,125,131,135,129,128,127,125,125,204,194,218,214,195,202,154,123,129
128,128,128,128,128,128,128,128,131,125,127,128,123,132,126,130,131,195,213,194,196,199,182,138,145,129
128,128,128,128,128,128,128,128,128,128,128,128,128,128,128,128,129,184,200,198,178,166,175,168,151,112
128,128,128,128,128,128,128,128,128,128,128,128,128,128,128,128,130,129,180,190,190,169,183,155,136,129
128,128,128,128,128,128,128,128,128,128,128,128,128,128,128,128,126,129,217,184,193,186,165,180,135,129
128,128,128,128,128,128,128,128,128,128,128,128,128,128,128,128,127,129,122,174,192,161,155,132,126,126
128,128,128,128,128,128,128,128,128,128,128,128,128,128,128,128,130,122,132,178,156,175,123,153,134,119
128,128,128,128,128,128,128,128,128,128,128,128,128,128,128,128,128,130,131,124,153,170,166,146,114,119
128,128,128,128,128,128,128,128,128,128,128,128,128,128,128,128,127,128,124,136,125,161,179,173,150,176
128,128,128,128,128,128,128,128,128,128,128,128,128,128,128,128,128,132,127,122,132,135,139,166,153,133
128,128,128,128,128,128,128,128,128,128,128,128,128,128,128,128,128,128,127,130,127,128,158,153,128,149
128,128,128,128,128,128,128,128,128,128,128,128,128,128,128,128,129,130,126,127,127,131,143,130,113,139
128,128,128,128,128,128,128,128,128,128,128,128,128,128,128,128,130,126,125,132,128,127,133,144,158,145
128,128,128,128,128,128,128,128,128,128,128,128,128,128,128,128,128,126,128,132,126,126,130,157,156,167
128,128,128,128,128,128,128,128,128,128,128,128,128,128,128,128,126,131,130,125,124,133,124,133,133,124
128,128,128,128,128,128,128,128,128,128,128,128,128,128,128,128,128,129,128,124,128,133,122,124,121,149
128,128,128,128,128,128,128,128,128,128,128,128,128,128,128,128,130,125,127,128,131,127,126,134,132,105
128,128,128,128,128,128,128,128,128,128,128,128,128,128,128,128,127,128,131,126,130,126,128,126,127,128
128,128,128,128,128,128,128,128,128,128,128,128,128,128,128,128,128,128,128,128,128,128,128,128,129,127
128,128,128,128,128,128,128,128,128,128,128,128,128,128,128,128,128,128,128,128,128,128,128,128,126,128
128,128,128,128,128,128,128,128,128,128,128,128,128,128,128,128,128,128,128,128,128,128,128,128,133,126
128,128,128,128,128,128,128,128,128,128,128,128,128,128,128,128,128,128,128,128,128,128,128,128,127,123
128,128,128,128,128,128,128,128,128,128,128,128,128,128,128,128,128,128,128,128,128,128,128,128,130,130
128,128,128,128,128,128,128,128,128,128,128,128,128,128,128,128,128,128,128,128,128,128,128,128,127,127
