6,0,17,25,9,30,43,37,36,27,14,24,16,20,27,7,15,19,21,37,7,29,29,12,26,30
22,3,16,19,3,19,37,30,32,24,24,31,20,18,28,14,7,17,28,24,20,26,40,23,19,26
26,1,15,24,10,22,41,17,32,27,22,17,39,24,42,14,14,6,11,19,20,16,30,27,21,33
30,14,35,36,21,27,42,22,25,19,23,19,30,22,39,25,6,11,3,17,41,29,25,34,31,10
46,46,62,47,60,54,56,47,38,23,24,20,31,39,36,36,10,12,14,35,32,30,23,37,32,17
68,57,72,87,81,81,77,72,66,65,68,60,46,39,23,40,26,22,14,28,26,38,24,28,34,34
97,94,88,100,91,91,79,79,81,80,68,62,59,57,42,48,34,40,15,15,43,33,45,39,45,38
68,95,97,96,100,81,85,70,62,60,55,61,67,62,60,54,49,55,48,45,52,37,45,35,49,36
72,71,62,66,65,66,55,56,63,60,52,45,46,42,47,53,61,59,69,73,58,68,57,59,46,72
75,81,86,90,91,81,82,80,76,64,62,54,54,54,55,56,43,48,57,69,71,70,68,52,69,55
104,106,104,107,104,90,93,89,88,80,74,60,59,64,64,58,52,55,43,49,59,69,77,72,69,63
39,47,45,47,46,51,57,48,44,45,40,47,44,54,51,54,62,51,56,50,45,62,69,68,71,73
60,52,53,63,55,70,57,62,62,51,60,48,11,1,4,4,36,11,3,19,32,37,49,53,73,65
86,64,73,63,54,51,49,44,43,45,42,60,57,50,54,57,62,41,36,26,0,2,11,30,27,27
80,56,58,45,59,49,45,37,39,28,30,37,65,67,59,67,63,76,75,91,80,74,79,77,87,62
87,56,55,64,45,50,50,35,45,47,41,46,72,77,87,80,49,66,66,80,81,73,77,77,78,102
116,59,55,73,52,100,78,39,100,195,123,56,62,162,183,123,65,63,59,59,84,79,69,80,76,88
181,69,63,84,81,85,69,34,54,76,112,64,73,204,225,224,152,74,79,57,65,74,79,83,80,95
246,101,72,85,77,87,75,41,52,58,78,54,90,240,242,224,189,108,94,71,74,69,64,83,96,89
255,180,73,81,75,79,84,51,59,60,47,62,176,246,251,238,197,121,94,103,86,76,73,84,95,100
255,251,93,83,81,66,74,59,58,46,37,96,231,253,241,228,176,141,102,91,80,72,67,80,109,110
248,251,254,80,80,81,75,60,48,55,94,225,247,236,243,173,95,81,76,64,64,58,65,67,90,95
245,255,251,252,179,106,89,79,87,164,224,252,245,220,123,84,83,75,79,87,77,83,96,106,79,93
130,198,207,232,249,228,234,208,206,179,168,118,89,81,86,86,104,103,97,108,89,83,84,82,81,93
96,108,101,113,126,130,128,104,88,91,92,89,80,96,101,107,101,106,94,91,86,79,81,86,79,122
97,107,106,112,97,114,121,93,109,92,88,77,96,91,83,85,92,95,92,87,81,84,82,93,104,123
129,136,117,103,101,104,110,95,96,97,84,98,99,91,94,81,86,85,90,84,86,88,98,99,124,122
147,174,133,108,100,111,140,100,97,99,93,99,84,95,88,77,89,89,82,99,87,99,94,108,134,115
205,159,182,156,154,157,174,152,116,109,102,93,90,85,88,81,88,83,102,100,99,104,116,119,119,140
188,183,200,181,180,188,157,130,98,85,90,88,81,95,87,87,92,91,111,122,111,147,113,125,130,149
