37,27,26,10,1,3,4,1,0,1,5,3,1,0,0,1,1,0,3,0,1,8,3,3,0,4
39,13,15,7,3,4,1,0,1,1,6,4,2,1,2,2,2,2,1,0,1,7,0,3,2,1
42,21,15,9,5,2,0,1,2,0,4,3,1,1,2,2,2,1,1,0,2,6,0,3,6,4
36,26,30,15,4,1,1,3,2,0,2,2,2,3,4,3,1,0,2,5,3,4,2,2,9,17
3,26,35,16,3,2,3,2,1,0,3,3,4,5,6,5,2,0,0,9,2,2,10,3,12,33
23,23,23,10,3,6,3,0,0,3,4,4,4,5,5,4,2,0,0,9,1,3,16,4,16,39
40,37,12,6,5,7,3,0,1,4,7,5,3,2,2,2,2,1,0,7,3,9,18,7,20,29
36,40,10,7,6,5,2,1,3,2,11,8,3,1,1,2,3,4,4,6,8,15,18,8,22,16
45,34,28,8,3,1,4,1,3,8,9,11,9,4,2,0,7,6,15,4,2,11,19,8,15,22
36,33,18,3,8,1,3,2,0,3,3,14,8,0,11,1,0,17,4,7,9,17,27,20,34,43
40,18,16,8,9,2,2,3,10,14,2,3,7,3,10,0,0,15,14,11,6,9,27,28,37,47
48,6,17,15,7,5,5,2,21,21,7,0,8,5,13,4,3,9,12,4,18,15,38,49,46,72
42,7,15,9,11,7,9,8,13,14,12,12,7,0,25,13,5,13,9,40,22,34,46,35,79,87
16,4,14,2,18,6,10,21,11,15,15,8,2,0,22,12,17,13,11,33,29,31,51,64,91,94
17,23,16,11,21,6,11,26,22,18,13,0,0,10,21,7,26,11,29,39,38,47,69,77,86,75
24,30,15,27,20,10,14,19,30,8,7,3,3,16,34,7,24,17,39,43,43,53,63,62,86,93
32,21,17,26,16,10,19,31,17,4,3,10,14,19,25,25,22,24,54,53,67,61,72,68,97,100
34,29,4,25,35,33,17,18,12,8,5,6,8,28,15,27,27,34,53,59,69,73,67,67,83,88
38,32,33,24,19,23,18,19,12,2,6,6,11,18,19,26,37,46,64,73,80,86,71,69,77,81
30,37,26,11,9,17,26,15,9,5,10,18,15,8,31,34,41,54,63,68,76,80,71,64,72,73
44,33,31,31,26,14,21,3,3,13,20,26,13,20,36,47,44,60,69,70,73,81,73,65,64,59
38,38,11,24,19,12,28,24,15,19,25,13,14,29,42,48,56,62,57,59,56,72,60,59,52,47
33,32,19,24,7,11,9,17,11,28,17,6,19,21,39,39,56,51,44,41,37,50,43,49,54,56
19,25,33,28,9,35,15,19,7,33,6,19,19,15,23,34,37,36,43,31,24,19,17,17,38,45
22,16,33,20,18,9,38,23,32,21,18,27,14,13,24,29,21,32,44,42,33,39,21,17,11,26
28,35,26,20,27,20,35,23,7,29,28,35,13,15,23,18,4,29,12,27,23,23,31,43,27,12
35,28,12,25,27,28,30,30,32,27,34,3,3,15,2,16,24,2,13,23,20,19,12,19,16,17
36,42,28,27,38,27,36,33,22,33,36,28,21,12,16,14,14,8,27,2,8,33,6,12,18,13
47,34,31,14,40,42,28,36,46,39,44,24,18,21,5,0,2,3,7,8,4,7,18,18,12,13
31,18,33,42,38,50,39,45,53,34,39,29,9,19,5,14,7,15,19,13,29,9,10,12,35,14
