128,129,128,128,124,6,3,5,5,0,1,6,160,214,233,238,236,242,241,238,244,237,221,232,234,235
129,130,129,130,131,1,0,2,0,11,0,6,169,204,221,235,228,245,218,235,226,231,232,231,238,226
128,125,129,126,123,131,8,1,3,0,0,6,108,203,226,215,233,231,237,214,227,211,222,236,238,218
129,126,130,128,130,125,3,0,0,3,10,0,91,207,225,213,198,221,200,220,221,203,195,226,232,232
128,130,129,126,127,128,6,3,0,4,0,8,75,173,217,208,210,221,221,228,231,211,183,214,226,244
128,128,127,128,130,126,2,4,1,2,0,0,11,174,185,206,207,212,228,215,220,196,197,211,218,237
129,126,130,129,127,130,127,4,2,5,0,5,0,168,220,217,192,214,202,199,220,201,208,226,219,224
127,128,129,126,129,125,129,4,2,5,4,0,0,134,192,222,198,212,199,201,212,203,220,225,226,225
130,128,127,126,133,123,127,6,4,2,2,0,6,90,161,202,221,222,177,200,223,204,208,190,201,221
131,123,130,128,124,133,129,2,3,2,2,3,1,33,195,166,213,205,179,219,198,212,215,205,182,229
125,132,127,127,132,122,126,131,4,4,0,6,0,14,173,198,196,182,206,193,214,214,209,210,195,203
127,127,130,128,123,132,128,126,7,3,0,5,2,12,116,214,181,167,182,201,196,201,207,207,200,193
130,126,127,129,128,129,126,129,6,2,3,2,4,0,90,163,216,207,184,197,210,206,216,214,210,197
128,129,127,126,130,125,128,129,8,2,0,6,0,6,14,157,173,190,210,189,185,203,210,217,199,210
128,128,128,128,128,128,128,128,129,0,7,3,0,2,7,127,208,224,211,234,223,214,211,223,213,198
128,128,128,128,128,128,128,128,126,10,0,3,6,5,6,105,199,208,222,209,220,193,198,204,208,178
128,128,128,128,128,128,128,128,131,16,6,0,3,0,0,56,173,217,232,201,215,214,202,235,210,201
128,128,128,128,128,128,128,128,120,8,0,6,3,0,5,4,153,198,184,218,206,206,216,221,207,195
128,128,128,128,128,128,128,128,133,127,5,8,0,0,7,7,100,147,190,176,228,210,239,204,200,195
128,128,128,128,128,128,128,128,129,123,17,0,7,0,4,5,4,151,189,177,189,217,229,219,220,191
128,128,128,128,128,128,128,128,132,124,10,7,9,0,0,3,1,116,192,202,172,198,200,220,219,214
128,128,128,128,128,128,128,128,128,128,132,1,0,5,3,0,7,65,152,172,217,188,203,193,209,230
128,128,128,128,128,128,128,128,130,126,130,3,2,4,0,2,1,13,116,165,203,189,189,203,199,204
128,128,128,128,128,128,128,128,126,132,127,17,3,1,6,2,0,3,60,167,180,192,212,199,197,186
128,128,128,128,128,128,128,128,128,131,123,125,12,0,0,3,12,4,6,128,161,185,208,192,195,193
128,128,128,128,128,128,128,128,128,128,131,128,10,0,8,6,0,7,5,73,154,165,172,184,182,210
128,128,128,128,128,128,128,128,127,124,132,129,8,6,4,0,4,13,0,5,112,169,177,179,174,206
128,128,128,128,128,128,128,128,131,125,123,131,126,9,10,4,0,1,0,21,65,131,174,194,179,184
128,128,128,128,128,128,128,128,128,131,134,126,132,9,1,0,0,13,2,7,8,99,166,169,173,175
128,128,128,128,128,128,128,128,127,128,123,129,124,129,7,2,2,6,0,5,3,56,119,147,191,178
