51,89,51,84,70,71,48,23,80,98,100,118,137,128,85,109,104,95,88,90,83,100,91,84,98,114
4,69,82,67,76,72,43,20,86,91,105,103,101,109,75,89,94,94,74,78,74,80,86,81,115,130
71,22,74,72,76,82,68,81,86,92,98,101,95,104,65,88,83,66,73,69,86,72,54,90,118,153
117,41,21,79,73,61,83,93,85,84,87,94,103,89,79,81,71,71,65,68,71,70,75,93,168,162
140,112,16,36,76,89,51,89,80,82,85,93,96,90,76,73,71,69,68,72,76,79,76,110,160,156
165,143,97,25,8,76,86,69,64,92,79,79,83,89,67,77,78,71,78,74,77,69,81,137,151,149
183,146,121,94,33,13,69,72,91,44,66,75,80,75,79,76,76,75,75,66,78,78,90,155,150,130
204,182,151,142,114,51,18,24,51,76,103,85,30,18,29,62,63,80,70,83,74,72,86,113,98,79
198,204,163,165,155,122,83,85,78,28,25,39,64,80,98,99,94,81,79,80,80,90,92,103,115,97
214,219,197,180,184,154,138,98,91,96,106,103,70,50,26,28,20,27,26,29,35,42,59,68,73,83
222,214,201,211,188,186,170,121,94,109,102,133,148,148,157,152,151,165,138,131,149,161,162,182,187,192
241,229,214,200,202,202,189,159,119,112,118,133,149,170,180,202,209,211,214,217,219,225,216,232,232,236
235,219,229,220,213,231,214,208,164,121,117,116,152,178,181,198,214,219,229,236,234,237,238,246,246,248
228,229,223,221,225,234,218,224,201,121,126,126,142,176,191,205,220,232,232,241,239,250,245,252,243,245
223,206,220,236,229,229,236,217,225,136,149,144,146,162,184,206,211,230,234,241,234,245,238,250,245,253
195,209,207,223,220,230,220,233,207,157,156,154,155,146,167,200,215,229,224,235,234,242,238,248,245,250
181,177,198,195,206,214,211,217,204,141,149,165,170,165,174,188,222,214,220,233,239,238,240,244,246,247
99,77,105,97,136,168,185,199,150,120,174,165,198,175,166,185,199,217,215,225,233,229,237,239,246,247
101,97,110,107,116,130,162,146,151,153,160,179,192,206,186,173,193,193,207,214,222,229,238,239,239,241
146,144,137,142,135,130,118,112,148,162,173,182,198,200,175,178,174,195,220,217,214,225,231,236,237,246
133,139,132,118,104,118,130,130,153,176,184,191,202,207,203,190,179,189,191,216,221,216,225,233,231,239
140,90,91,93,120,137,150,167,152,169,181,197,199,187,208,205,178,189,191,216,204,223,229,222,232,231
118,123,102,119,140,154,151,166,157,171,183,176,194,195,181,187,209,184,185,195,220,224,224,218,215,230
132,129,130,141,138,145,138,144,153,167,158,158,174,172,195,196,188,195,203,194,205,201,217,215,223,223
161,147,144,140,139,141,147,153,149,152,162,162,157,162,180,172,192,196,199,202,214,222,224,212,224,224
143,148,145,146,134,139,150,150,156,149,160,156,178,177,171,172,184,182,194,195,199,221,213,200,210,223
169,157,147,149,126,138,141,136,153,154,157,156,158,168,167,173,196,182,176,197,204,232,225,193,217,225
182,170,175,158,150,162,155,152,137,154,149,160,152,152,160,163,175,192,188,172,201,196,225,216,214,220
177,180,169,166,162,180,189,165,163,145,183,160,146,162,149,160,162,191,178,160,178,202,201,222,220,208
190,185,186,163,164,166,187,179,171,182,174,195,165,157,131,149,144,168,184,183,188,206,203,215,217,215
