22,35,45,28,29,36,23,19,24,18,23,12,19,27,8,18,18,10,20,127,129,130,126,128,128,128
51,48,18,48,24,20,28,21,22,26,28,20,24,20,19,22,13,17,14,17,127,128,128,131,128,128
34,33,31,28,43,26,33,22,19,21,17,25,25,32,23,19,20,11,13,11,125,131,129,124,128,128
21,27,25,31,25,45,24,42,26,21,30,24,18,25,15,20,9,16,19,8,132,126,133,127,128,128
26,40,40,25,19,34,47,24,27,18,33,15,23,24,32,36,25,14,15,19,126,130,127,126,128,128
34,37,28,43,39,28,32,26,36,38,26,28,25,24,26,22,19,24,32,18,19,120,131,127,128,128
28,38,29,31,34,41,29,33,21,40,29,39,24,25,24,30,22,20,30,27,22,132,131,126,128,128
30,36,36,34,27,34,36,24,32,33,39,24,36,29,30,35,22,28,34,44,32,124,129,126,128,128
33,46,33,30,17,27,35,36,27,38,21,27,35,31,31,23,21,27,27,23,26,128,128,126,128,128
44,32,44,43,29,35,38,25,25,38,29,31,33,24,21,38,39,25,30,30,24,24,129,126,128,128
33,23,54,28,31,23,30,28,30,29,26,26,28,41,34,31,33,23,32,25,49,33,124,134,128,128
27,25,30,26,17,33,18,20,24,27,20,31,37,32,19,42,42,33,32,37,53,59,130,122,128,128
45,27,34,33,27,28,39,25,18,33,30,44,18,30,25,25,29,23,39,40,47,41,129,131,128,128
19,20,25,43,35,21,25,22,32,27,35,27,55,22,26,24,23,32,43,29,37,38,129,129,128,128
36,33,24,13,39,19,36,39,28,31,32,42,32,46,33,26,25,33,21,29,23,42,127,129,128,128
32,40,40,27,26,21,36,32,31,25,28,34,37,51,28,31,30,26,36,36,31,28,34,125,128,128
17,23,32,40,17,58,31,32,28,27,30,33,32,31,44,20,33,24,37,43,28,27,38,129,128,128
96,92,78,40,9,20,41,41,50,33,53,31,32,38,36,36,48,28,44,48,28,34,27,125,128,128
88,88,80,109,68,77,21,8,14,29,52,32,50,43,27,37,38,28,21,26,38,30,44,131,128,128
67,68,67,54,82,82,75,67,47,68,60,15,27,57,51,27,38,29,31,25,49,34,27,127,128,128
51,38,38,41,33,26,96,73,68,63,109,104,24,0,12,35,52,42,41,29,37,33,37,128,128,128
39,25,11,23,26,15,64,82,73,75,108,143,97,81,79,68,0,19,57,46,58,37,28,23,128,128
21,26,26,20,10,22,18,38,77,73,68,134,141,95,81,104,113,88,89,16,24,37,36,37,128,128
13,23,28,17,18,22,17,28,45,70,68,81,120,130,93,91,127,141,138,129,111,78,18,17,128,128
22,26,15,20,18,18,20,25,22,18,53,71,99,107,112,103,105,137,156,161,164,131,107,69,129,128
24,19,20,17,15,18,21,15,15,38,38,42,72,118,109,98,111,177,181,182,179,159,149,88,128,132
14,17,24,10,15,20,22,21,47,37,22,41,41,73,87,120,119,121,161,184,177,163,162,106,124,128
71,66,73,70,64,59,68,78,70,77,75,70,54,73,88,98,123,142,155,184,184,180,166,118,132,132
188,129,93,95,85,81,79,72,70,74,67,68,77,77,79,92,119,139,173,188,188,180,165,124,127,122
88,83,76,78,75,78,70,76,72,74,69,75,69,72,74,75,73,97,147,161,175,185,152,120,129,135
