90,82,69,67,99,102,109,118,111,128,128,152,149,155,167,177,190,202,197,187,199,222,227,223,222,220
127,79,92,91,87,90,100,116,120,113,124,134,124,159,160,176,172,181,202,200,216,213,224,220,226,213
106,107,107,102,83,91,92,85,100,106,145,121,151,145,150,159,157,162,178,191,204,201,216,223,224,211
125,117,107,106,87,79,100,117,123,115,107,121,123,146,161,147,146,160,179,171,186,198,224,209,207,204
177,129,122,110,95,89,106,99,103,120,134,131,120,121,165,142,135,161,160,153,149,184,191,218,216,221
146,139,127,121,114,126,150,120,113,122,120,120,117,116,123,123,138,154,162,147,155,172,185,206,223,216
140,134,132,130,106,136,139,141,102,120,132,141,121,131,126,120,114,145,160,170,147,145,168,181,205,204
141,130,128,115,125,115,140,127,126,145,123,144,156,133,135,101,111,117,160,167,146,161,132,175,194,204
165,166,145,150,132,124,131,124,138,189,151,196,155,137,124,107,127,110,120,147,154,153,178,192,180,187
194,198,188,165,162,157,153,148,174,175,155,184,133,134,156,102,105,111,99,134,141,120,138,153,139,170
218,210,204,175,197,179,183,184,187,164,182,170,178,168,156,125,116,113,109,104,126,125,117,149,161,182
165,151,167,176,152,187,203,200,201,189,177,161,184,163,176,126,126,142,116,122,169,164,168,139,142,159
131,113,130,98,112,151,174,202,197,195,188,187,160,154,142,161,185,187,144,154,141,116,136,116,113,149
103,100,100,95,88,106,112,139,177,176,214,194,166,149,120,146,167,151,115,139,143,128,127,123,137,153
98,102,96,80,89,88,91,102,120,171,193,197,180,150,143,126,137,126,133,114,131,142,109,114,149,160
90,89,83,68,78,76,76,90,97,117,140,177,189,181,155,135,136,132,147,122,142,140,136,98,125,145
76,83,82,67,78,74,69,82,82,81,98,140,148,153,127,128,114,100,99,120,128,115,104,110,126,139
68,64,66,53,58,60,61,70,70,69,72,79,82,122,110,103,83,85,92,97,107,103,136,157,164,138
52,49,49,45,42,44,51,54,52,52,53,60,63,78,60,57,52,55,67,80,96,100,123,137,146,141
49,45,48,59,59,58,59,55,56,57,54,40,37,42,28,21,32,50,53,72,84,76,114,124,137,140
71,65,72,76,76,83,79,71,75,74,70,56,48,38,33,38,44,39,52,68,65,94,113,143,136,146
83,120,123,98,83,99,96,80,78,66,73,54,50,50,48,53,61,64,64,62,71,83,103,133,147,135
118,125,102,96,102,91,100,85,73,69,66,61,62,83,81,90,97,79,75,66,66,82,81,114,157,135
123,128,96,107,94,85,89,79,92,64,68,68,106,104,104,111,103,101,91,73,66,70,92,119,165,156
134,106,107,98,98,75,80,80,70,69,80,96,121,118,128,126,107,107,111,87,81,85,113,140,168,149
125,105,103,104,91,73,86,87,86,93,93,126,106,126,140,131,122,115,114,100,96,103,110,134,160,169
129,113,100,95,100,96,97,98,110,131,125,140,124,148,144,139,143,133,124,125,115,121,136,133,142,175
121,118,118,104,112,129,132,143,152,130,129,110,136,148,134,147,149,142,146,126,120,112,115,120,146,140
129,119,130,140,183,166,153,182,169,161,161,143,160,157,139,147,134,132,126,151,136,112,126,117,131,142
151,176,176,180,184,191,188,169,159,176,159,181,159,160,146,143,132,140,149,154,137,132,115,106,133,146
