1,1,3,0,4,5,0,0,1,1,0,2,5,0,8,5,2,3,13,19,33,30,29,24,24,24
5,4,4,0,2,3,0,2,1,0,0,4,1,3,4,7,0,3,22,21,33,31,39,33,25,10
1,9,5,0,2,1,2,4,0,1,0,2,3,1,3,3,7,13,31,26,35,35,46,40,28,1
5,1,5,3,4,1,3,5,1,4,0,4,4,4,2,6,21,34,34,35,40,43,45,41,31,6
5,1,5,5,6,3,3,5,2,7,2,7,0,12,5,16,30,44,35,44,45,52,45,43,31,11
2,6,5,5,8,4,2,6,5,8,8,1,3,8,22,18,39,38,40,52,49,57,53,44,28,7
8,4,7,3,7,4,1,7,8,7,12,3,8,13,34,25,49,43,47,56,53,55,63,42,26,3
5,13,8,1,5,4,1,8,10,6,13,16,6,36,29,43,54,61,50,58,56,51,69,38,26,4
8,10,10,6,2,11,9,5,13,9,11,18,52,25,39,52,64,67,49,74,57,54,57,40,15,3
15,15,7,9,13,11,6,7,10,12,18,33,22,34,62,62,70,67,62,76,54,48,48,40,15,25
22,29,30,16,15,13,15,14,9,23,25,33,35,59,59,69,122,75,78,104,58,45,40,28,11,11
26,27,13,15,23,26,20,7,3,22,29,25,32,51,69,134,108,79,70,82,51,59,57,34,4,19
22,12,13,19,10,9,15,17,21,21,23,34,42,56,88,107,91,84,94,126,69,87,62,37,22,18
12,17,8,21,21,25,24,21,30,32,41,46,38,65,77,108,110,118,101,100,68,96,58,35,10,35
9,25,27,17,16,28,34,35,42,48,53,35,42,69,70,101,162,126,89,74,70,87,66,37,24,28
15,13,22,15,29,39,45,54,56,61,48,46,53,58,83,105,106,102,125,59,77,59,63,24,20,29
9,12,32,39,58,83,91,94,73,57,44,45,50,57,66,85,99,100,110,55,64,58,55,28,45,39
30,39,45,79,125,149,161,130,75,66,58,51,49,51,57,73,86,87,82,60,56,50,42,30,33,43
52,64,79,158,201,163,121,93,85,74,70,57,48,45,45,53,61,60,58,48,56,42,30,29,42,42
80,88,112,117,153,124,112,110,70,74,72,59,51,47,43,44,46,42,37,38,38,37,14,35,38,36
120,127,120,128,134,100,106,118,66,71,56,47,45,44,40,39,39,34,24,25,28,12,30,32,35,33
146,121,80,101,89,89,81,62,44,37,39,33,33,34,30,30,30,23,12,9,10,15,22,36,33,32
109,104,75,77,82,77,60,48,41,37,33,29,29,29,27,28,26,16,8,0,10,12,15,18,30,21
103,85,50,73,73,61,53,32,32,28,25,22,23,24,24,27,22,9,13,13,18,20,14,15,14,20
64,67,48,68,54,44,35,31,24,23,12,25,21,17,18,26,12,1,3,11,9,14,23,16,27,23
60,52,45,52,39,38,32,24,21,25,24,21,21,10,15,20,10,13,2,10,11,21,25,14,22,24
60,43,44,50,41,35,30,33,30,22,20,18,9,4,17,12,12,3,6,14,6,8,11,15,19,14
53,33,50,39,35,41,37,28,23,19,13,15,26,10,15,23,12,16,4,15,10,14,15,21,15,6
52,40,39,40,41,31,27,33,27,6,9,17,4,4,8,13,14,11,3,8,8,21,18,13,11,20
48,44,41,31,35,32,30,25,20,13,19,8,5,3,5,14,0,12,10,10,11,18,21,22,25,35
