89,82,83,77,75,70,77,70,70,65,61,64,67,73,66,70,65,80,77,76,80,69,87,93,92,92
95,88,88,81,80,77,85,75,73,71,71,74,75,77,80,80,79,80,85,72,89,85,92,91,90,91
106,99,97,89,89,87,85,77,79,82,85,88,85,85,78,81,79,91,87,90,81,85,94,87,85,86
105,95,92,85,90,92,88,80,83,85,85,87,86,88,94,82,89,85,101,107,92,95,93,90,91,87
112,107,103,100,102,92,89,83,84,89,87,88,68,94,88,91,102,105,100,99,98,88,89,87,89,96
104,107,102,98,98,100,103,100,92,94,84,91,92,88,97,101,99,102,105,110,102,94,92,92,90,92
102,104,98,102,93,93,88,75,93,91,86,97,86,95,95,104,102,106,106,103,94,102,93,92,89,94
103,103,96,108,97,100,99,96,93,98,104,98,97,108,107,108,102,102,105,104,93,88,86,86,86,97
104,108,97,99,85,95,89,94,92,90,90,88,97,107,107,106,105,95,98,105,104,85,77,82,86,92
245,240,210,178,136,119,124,93,92,91,84,96,98,103,106,100,103,104,98,95,93,83,74,84,88,81
248,249,249,254,254,247,250,246,236,233,177,133,128,120,113,100,86,98,91,89,69,62,73,77,82,73
246,252,253,247,251,249,252,255,252,255,247,255,249,253,245,242,196,169,129,122,83,70,70,64,71,69
248,246,253,252,252,255,255,251,255,255,248,254,244,255,254,251,252,255,250,245,255,244,235,188,154,124
253,254,252,255,253,255,255,251,255,252,255,251,251,249,255,253,255,247,255,255,248,248,255,249,250,255
250,249,251,248,255,255,254,255,248,254,249,254,253,253,255,254,243,255,254,250,255,251,255,255,253,255
242,244,252,254,251,254,252,251,255,254,255,251,255,254,255,245,255,251,251,247,253,254,252,254,252,251
245,194,240,250,252,255,255,249,249,252,248,255,247,255,249,252,255,252,255,255,249,255,255,255,255,248
251,242,246,255,252,232,243,224,242,227,253,248,253,253,255,242,237,251,254,249,252,253,247,254,252,253
255,247,245,249,252,253,249,248,251,246,243,242,228,220,244,197,230,231,247,251,255,252,255,246,250,245
241,245,246,184,246,237,248,255,250,250,236,250,248,247,250,248,232,249,221,249,216,200,233,218,251,244
254,241,246,243,246,249,248,247,250,230,247,198,248,236,248,243,249,243,249,242,255,252,248,255,236,242
216,230,249,250,250,247,253,246,247,240,255,245,248,249,239,242,231,202,251,228,236,246,247,237,244,249
181,178,180,182,194,200,218,211,246,239,244,242,244,246,248,244,248,255,237,249,255,251,245,222,237,183
182,187,187,185,192,191,187,191,180,177,182,197,199,217,230,241,241,252,251,253,247,245,246,255,250,255
180,183,187,192,196,189,189,186,184,191,183,187,188,177,174,177,182,167,173,167,193,201,222,232,250,237
184,180,184,186,189,182,184,190,205,189,198,182,179,182,184,185,179,183,186,188,186,179,185,183,184,185
187,184,189,185,186,185,185,180,188,190,182,187,179,180,186,188,186,181,181,179,183,179,191,183,180,181
178,176,190,185,186,188,193,189,189,182,186,178,181,182,174,186,182,181,189,185,179,179,183,184,181,169
179,173,183,184,186,186,183,194,181,192,188,186,179,183,179,179,184,183,177,178,183,181,179,183,173,165
184,189,187,184,182,189,190,193,195,183,179,182,175,181,180,178,178,178,179,182,182,177,182,177,182,169
