128,132,113,106,63,63,40,19,16,19,15,15,18,20,19,16,15,16,17,14,14,12,10,7,7,5
124,133,118,94,67,37,25,21,19,18,14,19,24,20,20,23,17,18,13,14,10,15,10,9,13,10
128,133,123,99,85,29,36,26,29,27,30,31,40,31,27,24,24,25,22,14,24,23,20,16,18,28
129,120,117,101,51,42,51,33,31,39,46,45,50,40,34,32,29,34,38,34,38,29,26,26,29,41
128,133,119,72,54,47,36,37,39,49,50,43,46,38,35,38,58,60,61,49,40,27,35,47,49,56
130,127,101,70,46,61,51,54,45,48,50,65,93,98,85,77,57,55,61,66,74,65,58,52,48,50
125,126,123,113,77,71,70,62,75,82,83,90,95,87,76,77,90,83,79,69,64,53,45,35,33,44
133,130,110,99,114,96,96,91,100,91,79,83,92,101,100,100,90,84,76,52,35,30,46,56,50,66
123,132,114,113,94,89,91,100,96,93,87,85,80,89,89,84,80,57,41,33,43,60,83,91,90,86
130,127,109,99,99,102,106,107,115,117,114,109,96,103,95,77,50,34,42,68,98,106,101,85,70,42
129,129,119,115,112,109,115,122,121,120,114,108,106,97,73,50,43,54,84,100,95,80,51,26,13,0
127,128,121,120,120,116,119,121,120,119,111,113,91,76,54,51,44,90,105,75,31,30,13,1,5,12
127,127,120,121,122,118,116,114,117,110,100,96,70,64,49,35,71,88,56,17,4,10,2,25,22,49
129,128,120,119,120,117,116,113,109,106,96,82,74,46,46,71,82,37,12,7,11,5,17,41,61,81
128,130,122,121,122,119,120,118,104,96,95,78,63,50,64,74,33,7,1,3,20,31,68,109,127,98
126,130,124,122,121,117,116,114,103,97,88,74,61,71,61,26,20,2,7,19,33,83,123,131,126,119
126,129,123,119,118,114,112,108,100,107,87,74,78,56,23,19,3,15,20,40,92,129,129,130,143,127
128,130,122,119,119,117,116,113,103,88,89,71,54,30,29,15,13,42,55,54,105,123,136,161,142,133
127,129,121,117,116,117,115,105,97,93,88,73,48,40,33,36,36,40,37,44,86,122,128,141,156,152
127,129,123,120,120,120,119,110,102,88,75,71,69,74,58,45,44,46,51,41,51,95,124,127,135,131
128,129,124,123,121,117,116,111,106,91,85,88,74,62,50,56,53,38,49,56,46,62,100,127,131,134
128,128,124,124,120,114,114,111,102,103,99,89,78,89,92,96,84,58,48,59,60,43,45,69,103,124
126,127,124,125,122,117,118,117,112,105,105,108,97,91,81,84,94,87,54,32,40,47,50,56,47,57
128,129,125,125,122,118,119,118,114,117,112,99,88,100,95,87,76,82,73,61,58,60,57,43,48,53
129,130,126,124,121,118,120,117,114,104,101,105,102,104,91,85,79,69,68,83,83,72,67,56,55,55
127,129,125,123,122,121,124,120,116,114,115,113,102,98,84,79,87,92,92,95,84,70,79,87,81,55
128,127,126,126,125,125,124,123,122,119,110,101,98,97,96,97,86,96,100,90,84,91,94,87,85,84
128,127,126,126,125,125,124,123,119,117,112,107,103,102,101,99,99,96,98,101,101,98,94,89,97,94
128,127,126,126,126,125,124,123,123,119,119,116,108,106,103,96,102,94,96,105,105,95,87,83,97,96
128,127,126,126,126,126,125,124,127,122,125,123,113,109,107,96,97,98,103,104,99,94,90,87,84,83
