241,254,251,236,240,232,216,237,211,228,235,230,207,215,202,179,167,149,146,133,99,81,81,64,63,67
255,244,241,241,229,229,236,238,228,226,239,220,222,209,205,190,173,163,121,129,123,105,87,66,67,56
242,242,253,235,239,226,230,238,227,232,216,219,216,200,203,176,195,168,166,134,128,114,112,75,67,60
247,236,251,238,239,228,230,235,237,236,228,215,210,207,194,186,180,206,186,139,139,116,105,89,73,63
243,215,237,234,234,231,240,235,226,228,219,218,198,196,183,168,201,185,170,177,150,129,114,108,84,94
239,241,239,240,222,238,211,219,242,215,211,212,204,178,182,180,190,169,184,182,145,113,108,123,85,88
238,232,236,237,233,234,226,226,220,210,205,173,176,188,188,185,167,188,150,157,130,98,110,108,105,97
236,219,242,235,239,228,245,230,218,205,174,186,167,158,173,187,156,165,149,157,116,103,119,94,108,113
240,230,235,233,246,223,232,218,208,200,202,186,172,180,188,177,165,112,158,131,111,97,110,112,111,120
178,218,238,227,235,238,215,211,203,202,190,194,162,179,174,170,135,167,181,153,133,172,148,101,101,128
216,223,239,232,227,237,219,199,201,209,187,196,206,167,189,161,159,158,188,171,152,174,137,147,136,127
222,220,231,243,252,217,198,208,186,183,190,194,176,157,175,175,186,161,170,168,149,199,178,175,147,178
202,228,228,243,217,222,211,198,200,173,174,180,144,132,150,176,184,192,139,188,203,178,184,190,192,173
223,236,225,219,226,208,191,201,127,195,184,176,149,174,151,168,208,163,172,208,205,206,185,173,204,192
225,228,223,232,210,219,191,147,150,138,124,98,158,127,174,196,214,214,218,207,178,211,190,219,220,226
225,227,235,209,196,215,181,157,121,160,143,123,180,136,140,208,218,200,184,212,199,224,229,241,248,219
226,227,227,210,197,182,203,151,186,137,179,152,199,187,212,167,230,199,209,207,214,224,225,235,227,183
214,210,205,204,196,189,196,139,224,198,123,189,178,170,162,202,190,199,220,227,232,216,233,216,164,120
215,211,201,214,183,200,197,181,206,184,173,193,202,208,186,178,178,213,219,215,214,206,157,136,107,94
191,212,200,190,207,201,191,170,159,207,203,191,160,160,149,173,215,216,202,207,180,131,98,87,79,85
190,206,211,193,171,211,170,176,198,110,178,173,149,128,146,159,195,182,181,171,122,77,74,69,65,81
172,200,209,218,136,215,171,160,171,142,102,127,106,125,101,120,150,136,117,116,66,67,56,53,58,63
191,194,200,174,184,201,171,186,185,163,124,99,97,87,77,75,101,86,87,62,55,50,38,46,46,39
226,196,203,194,165,157,182,154,135,116,87,95,76,69,54,38,59,46,43,38,43,32,40,43,43,51
200,177,185,189,183,177,184,127,111,127,84,72,68,47,27,44,0,19,23,41,57,57,73,67,82,91
196,195,196,195,192,179,142,113,92,89,70,56,60,38,6,17,21,40,45,59,66,68,89,102,113,107
198,204,197,188,144,148,157,99,85,78,63,63,57,44,44,35,48,43,56,65,66,82,88,98,117,111
209,211,181,194,180,145,108,106,80,69,73,92,75,67,70,71,56,50,66,66,59,85,102,119,117,138
194,202,194,203,133,96,101,101,77,84,78,86,92,88,90,85,101,84,86,81,79,96,88,109,119,105
186,201,220,183,142,140,106,95,83,73,87,103,97,96,121,149,123,146,152,140,118,111,110,103,114,111
