6,9,6,48,56,57,82,74,64,80,76,71,75,66,98,86,65,50,55,36,66,69,37,46,26,20
12,9,2,38,55,54,72,73,58,84,82,83,67,73,74,87,79,41,57,43,71,77,32,42,27,42
16,18,7,30,53,62,83,63,68,89,73,72,90,71,61,87,110,69,61,61,78,79,48,48,36,48
16,12,16,44,60,61,72,51,89,68,82,72,88,78,61,74,77,90,65,66,82,80,60,55,44,40
38,33,34,41,63,59,68,75,100,63,111,111,71,87,48,68,76,107,80,79,91,90,67,68,40,38
39,24,36,46,81,71,82,70,80,71,69,109,66,65,83,84,98,81,104,84,88,77,72,63,63,42
49,43,50,48,54,69,72,111,99,97,88,84,68,62,81,86,91,99,97,101,71,69,72,62,57,41
55,52,54,56,62,82,79,108,121,78,93,101,87,99,132,139,89,94,96,89,68,77,69,68,42,50
53,52,48,57,76,110,75,138,108,87,107,111,93,116,113,134,95,100,90,94,84,74,74,59,68,62
54,65,66,85,78,99,93,97,118,122,128,110,86,77,117,129,139,112,92,90,91,77,80,57,66,57
60,64,82,78,103,123,122,116,87,119,108,92,86,92,91,97,125,117,101,89,94,81,77,80,67,61
59,71,76,93,134,127,128,105,111,144,149,133,127,110,99,120,119,118,96,104,103,86,72,63,67,61
64,69,69,82,102,113,151,112,131,144,116,133,102,156,102,123,121,116,117,98,88,86,77,62,61,60
73,65,67,81,83,116,153,160,138,138,142,140,128,126,123,134,126,122,101,89,92,75,66,42,61,41
41,67,72,67,94,107,103,128,115,133,139,132,152,134,132,125,100,91,89,76,76,66,45,26,7,0
2,0,14,31,40,72,97,112,120,132,112,139,120,121,128,103,79,82,61,48,17,2,3,7,5,84
88,22,0,0,0,3,14,33,39,46,53,45,38,0,9,31,31,39,40,43,13,0,4,1,73,80
125,108,48,3,3,0,16,28,28,32,27,17,1,11,8,20,37,27,39,35,27,9,0,30,95,83
126,108,201,22,5,15,28,43,40,42,40,32,23,12,11,29,29,34,46,29,0,6,0,25,77,88
117,119,152,47,5,0,8,34,45,36,32,24,29,31,36,31,37,48,44,45,36,16,10,21,76,72
121,100,86,60,18,45,51,60,63,78,105,124,138,130,114,105,107,95,72,55,52,71,63,22,80,79
119,119,85,59,49,81,69,67,125,168,201,204,217,190,199,191,176,148,98,69,44,60,59,15,64,72
92,103,56,53,47,84,85,92,185,201,228,225,226,215,194,190,199,192,171,104,69,75,59,18,80,68
98,97,44,39,44,94,93,140,206,217,222,227,227,218,217,213,223,211,188,159,72,58,65,31,66,60
109,83,54,34,41,94,91,177,203,228,226,238,238,245,238,217,223,228,217,162,91,58,56,31,37,42
47,45,66,22,55,78,84,192,229,244,244,242,241,219,245,245,238,234,224,189,118,67,54,39,9,47
65,53,78,15,57,87,139,216,237,241,248,229,228,236,246,242,247,242,227,200,145,69,61,35,12,71
73,52,94,19,65,73,178,225,245,240,247,253,215,247,225,222,252,240,227,200,152,105,52,62,18,57
137,76,83,16,50,78,215,237,250,248,243,245,240,242,255,233,239,250,220,214,204,118,63,64,33,40
116,101,66,44,54,129,226,241,243,255,246,244,252,241,242,250,239,236,240,209,203,166,86,58,68,6
