25,44,62,76,107,126,128,129,137,155,157,163,163,170,165,163,156,97,58,23,30,29,38,44,45,49
35,52,71,105,117,133,136,135,146,156,158,168,165,179,181,200,171,167,149,76,50,40,46,46,65,59
57,54,89,107,135,146,142,157,152,153,163,180,186,182,194,185,206,194,185,178,102,115,67,76,85,85
61,85,105,114,135,143,150,158,165,150,162,187,180,186,191,194,189,212,202,191,166,163,137,126,139,147
66,97,115,129,140,144,158,166,165,173,180,172,179,189,186,221,192,202,203,194,193,158,167,161,179,176
89,98,121,141,153,161,167,160,175,180,191,188,178,192,206,187,202,200,206,211,183,174,159,184,191,198
106,126,131,154,157,169,164,167,174,180,189,186,190,190,197,194,201,207,210,207,204,175,173,188,197,218
114,131,152,147,168,170,174,173,190,188,183,178,190,207,201,206,205,196,207,201,196,205,196,203,217,213
126,128,148,157,178,169,171,172,192,189,168,186,182,197,204,201,202,196,198,184,185,204,200,196,218,216
130,127,137,156,182,183,175,179,190,196,182,188,187,192,197,196,203,199,192,207,195,187,196,210,216,202
136,154,146,162,186,184,182,180,178,196,198,192,190,180,196,193,186,190,211,182,170,205,201,205,205,217
122,148,163,175,186,192,172,176,180,194,197,185,189,191,183,193,201,198,192,184,196,185,192,192,194,190
122,144,153,170,187,172,180,171,169,182,199,200,194,197,185,172,185,209,174,192,195,177,188,194,188,199
133,144,157,157,163,167,177,173,172,173,183,190,181,196,195,188,193,196,196,207,181,198,197,188,188,178
135,149,148,152,165,175,192,189,180,178,188,198,183,194,195,188,199,192,209,195,181,196,201,201,191,189
136,144,148,160,155,158,169,183,174,172,170,179,170,187,194,203,188,183,198,192,199,196,202,187,206,203
144,163,146,149,156,165,160,171,174,172,181,186,179,187,203,204,193,199,199,195,192,197,196,205,194,192
138,137,152,148,158,163,157,169,157,169,188,177,184,201,200,210,208,215,209,196,198,198,207,211,200,198
139,147,147,147,149,161,170,159,165,175,179,186,183,208,208,205,215,199,187,192,198,215,215,213,209,210
136,139,135,148,141,158,155,172,157,171,180,185,181,203,199,212,225,226,216,213,224,224,223,217,217,220
144,129,144,139,136,144,146,153,158,166,168,171,179,177,199,200,226,221,216,231,226,233,235,227,224,225
127,131,135,131,147,147,152,152,173,156,184,174,175,187,200,215,220,231,227,231,235,230,237,234,231,233
107,137,134,141,142,134,149,148,158,153,174,160,192,186,195,212,219,229,222,234,228,236,234,240,236,241
120,115,120,127,124,141,130,128,131,114,126,131,144,152,163,195,200,223,216,223,223,231,237,246,238,242
106,116,107,100,107,108,100,96,86,87,89,87,98,113,133,146,161,180,190,200,220,223,219,229,237,235
112,105,84,81,82,78,75,72,78,76,69,71,77,83,94,99,127,123,158,168,166,187,213,202,204,217
72,67,63,59,55,55,51,59,51,41,54,55,50,72,77,83,83,110,132,143,130,160,166,147,161,177
44,37,38,36,29,31,42,37,38,40,36,33,37,43,44,57,62,74,78,75,80,85,100,118,100,97
31,29,24,33,26,34,29,27,32,39,26,20,31,24,36,31,41,44,39,39,36,43,43,56,46,59
37,35,28,46,36,35,31,37,33,33,34,31,29,26,27,35,43,61,48,45,34,44,41,39,49,42
