175,189,214,184,197,179,173,163,177,196,194,185,180,182,162,161,165,164,147,135,138,129,125,128,128,128
163,175,178,189,167,178,172,162,177,186,170,180,176,174,167,165,154,159,133,126,137,113,125,131,128,128
128,121,162,144,165,203,152,176,183,165,166,169,160,174,160,166,135,153,127,130,85,127,128,125,128,128
151,122,140,176,175,142,190,174,181,163,144,151,148,164,168,151,153,132,144,124,116,132,127,129,128,128
119,109,131,145,129,186,189,182,151,178,184,169,158,149,134,144,164,152,117,108,108,127,128,129,128,128
69,88,149,103,127,139,162,173,174,179,182,183,173,163,155,130,143,114,122,125,132,128,125,129,128,128
79,92,67,84,101,130,148,140,172,184,176,173,165,164,137,132,127,123,115,129,129,127,129,128,128,128
53,52,78,77,82,75,97,134,150,135,145,164,172,148,137,131,123,113,129,124,125,132,126,128,128,128
49,45,54,60,70,65,68,78,136,154,145,132,149,123,123,139,142,128,128,120,133,122,124,131,128,128
31,53,49,47,44,55,67,64,87,147,155,156,158,133,127,153,173,135,111,103,125,131,138,123,128,128
31,37,42,35,43,47,50,47,61,74,111,165,142,118,130,146,136,104,124,133,124,129,126,126,128,128
41,43,28,35,34,33,40,44,54,60,63,91,107,92,106,146,120,118,113,126,129,130,122,135,128,128
27,39,24,48,49,46,43,33,48,50,64,72,81,94,117,123,107,149,122,121,129,129,129,127,128,128
40,31,40,27,38,38,42,51,49,54,59,61,70,79,83,93,132,124,115,132,129,126,127,128,128,128
28,35,15,28,37,34,26,34,43,50,53,57,64,78,92,103,90,93,124,131,126,125,133,126,128,128
44,10,7,9,11,26,32,34,45,38,46,53,60,54,69,85,97,91,130,125,128,131,128,128,128,128
31,30,18,32,23,28,25,23,31,45,39,45,49,56,53,68,80,95,127,125,136,124,124,131,128,128
27,30,36,39,30,22,51,32,12,38,58,46,51,50,58,53,67,75,128,131,123,128,128,130,128,128
47,38,26,21,2,16,30,44,32,31,36,49,39,56,59,51,58,121,123,128,131,128,129,127,128,128
13,21,21,25,40,12,20,34,47,35,26,25,53,56,59,60,54,130,138,129,123,135,125,127,128,128
30,25,9,33,27,12,37,31,22,41,35,39,52,55,46,63,59,130,122,123,128,128,125,132,128,128
34,19,7,12,35,34,41,29,32,23,32,43,42,44,52,49,127,131,126,133,128,130,128,127,128,128
28,29,13,20,33,27,20,44,32,48,23,48,33,31,46,48,128,128,128,128,128,128,128,128,128,128
19,28,33,30,28,34,33,23,19,23,20,37,35,30,37,29,128,128,128,128,128,128,128,128,128,128
31,34,21,31,21,47,39,33,34,17,27,13,23,46,41,131,128,128,128,128,128,128,128,128,128,128
13,11,30,17,3,15,35,10,33,28,12,34,34,31,38,124,128,128,128,128,128,128,128,128,128,128
22,12,19,24,32,10,19,38,40,37,37,38,45,27,37,134,128,128,128,128,128,128,128,128,128,128
27,20,19,42,33,28,10,9,29,41,45,39,52,51,129,124,128,128,128,128,128,128,128,128,128,128
16,16,22,26,42,23,24,38,18,41,29,50,59,51,127,128,128,128,128,128,128,128,128,128,128,128
27,36,45,37,44,44,43,32,35,56,53,52,53,128,127,131,128,128,128,128,128,128,128,128,128,128
