218,216,203,218,202,209,205,170,171,152,161,167,152,143,140,128,102,120,98,81,56,45,120,129,128,128
213,224,205,190,213,197,205,168,146,158,173,154,157,126,155,124,109,80,103,73,45,58,131,129,128,128
215,212,198,216,225,206,181,197,165,155,143,129,131,153,134,134,96,118,100,74,50,123,128,131,128,128
214,199,211,207,208,203,181,200,186,177,156,119,134,139,112,88,117,84,65,58,22,133,130,122,128,128
210,205,178,193,178,165,182,186,184,163,153,129,109,123,95,130,89,84,70,42,33,127,126,133,128,128
195,191,205,174,181,173,171,162,164,156,135,133,97,134,101,124,113,103,48,68,39,121,135,125,128,128
198,203,203,208,176,182,192,171,152,167,125,115,139,124,92,138,96,90,58,55,127,128,128,127,128,128
222,186,193,205,184,169,177,152,186,142,124,151,158,121,107,83,109,68,63,44,126,127,130,128,128,128
172,179,198,208,174,175,159,136,167,133,101,153,123,93,105,135,120,54,72,42,127,125,128,130,128,128
206,181,181,175,177,182,173,162,151,108,106,135,125,117,83,114,103,79,84,52,126,134,127,129,128,128
202,196,208,197,194,183,163,155,164,125,127,141,125,149,139,87,89,65,75,123,130,124,131,124,128,128
204,196,177,177,187,168,133,163,165,129,116,136,109,98,134,130,85,106,71,132,124,128,130,127,128,128
193,198,195,173,200,183,159,155,137,117,121,84,107,115,127,156,53,67,36,129,130,128,127,128,128,128
191,169,187,193,175,172,164,130,110,124,125,131,129,128,109,109,99,79,40,128,131,124,127,130,128,128
167,181,172,171,152,156,161,134,133,128,146,133,131,88,90,69,83,70,131,125,130,126,130,127,128,128
194,202,181,165,132,137,154,150,149,109,158,146,138,105,100,104,58,99,125,129,128,126,128,131,128,128
190,181,182,172,139,147,158,144,129,155,136,112,104,96,70,89,54,71,125,125,132,127,127,128,128,128
190,196,190,147,171,118,178,156,132,148,135,126,73,77,108,76,66,61,132,123,132,128,127,127,128,128
155,168,155,143,122,141,141,133,141,122,115,138,81,109,122,79,60,117,133,127,125,129,128,130,128,128
171,152,133,143,147,144,119,151,138,119,138,132,91,60,96,76,56,136,128,130,127,130,127,128,128,128
161,124,165,125,131,132,109,118,114,118,115,132,109,69,108,105,86,118,127,129,130,130,128,125,128,128
135,97,130,126,131,133,110,119,104,130,120,113,100,92,117,68,125,131,131,129,124,127,130,130,128,128
156,140,140,147,155,129,112,135,110,113,82,113,108,82,117,49,128,128,128,128,128,128,128,128,128,128
139,111,135,153,85,91,118,113,108,128,106,107,104,109,79,65,128,128,128,128,128,128,128,128,128,128
119,136,143,134,125,120,70,111,122,128,81,123,69,84,71,127,128,128,128,128,128,128,128,128,128,128
132,140,175,118,120,117,96,85,118,98,96,156,80,71,63,132,128,128,128,128,128,128,128,128,128,128
178,169,131,120,99,109,121,121,79,76,150,124,77,54,59,128,128,128,128,128,128,128,128,128,128,128
142,125,111,105,73,76,137,123,90,121,115,109,104,55,133,125,128,128,128,128,128,128,128,128,128,128
123,115,101,122,121,97,118,122,118,118,86,71,64,71,130,127,128,128,128,128,128,128,128,128,128,128
129,133,115,138,125,87,124,99,133,118,110,54,61,129,126,131,128,128,128,128,128,128,128,128,128,128
