11,27,11,2,6,9,28,29,74,119,129,137,148,147,157,156,151,151,172,164,161,182,246,255,255,249
23,15,5,17,22,62,129,151,124,137,149,164,177,172,183,181,174,172,213,217,190,183,171,169,152,160
34,6,19,42,121,145,127,38,13,7,74,182,175,191,191,205,210,218,203,221,237,239,239,118,132,119
10,15,71,136,138,207,227,5,0,8,0,117,188,227,255,238,223,217,230,236,231,245,246,140,151,131
14,82,250,183,199,255,79,15,9,4,8,63,241,250,255,255,247,240,242,242,245,222,252,249,157,144
24,225,134,125,200,247,92,5,10,4,8,145,248,255,252,255,250,242,237,252,251,255,255,255,214,185
134,201,44,33,187,109,26,11,0,14,16,207,238,228,255,226,247,247,250,243,255,255,250,249,245,231
211,235,46,51,40,20,3,8,4,3,12,154,221,178,195,109,164,238,243,246,254,255,250,255,247,249
226,244,47,32,21,14,11,2,4,12,18,83,193,119,72,136,166,233,237,237,250,255,255,255,241,251
220,245,96,33,12,5,0,7,5,4,16,10,8,27,48,132,89,99,130,130,116,140,255,252,255,246
219,243,55,13,4,4,0,0,4,1,8,9,3,7,34,145,18,61,37,14,152,189,255,251,250,244
210,138,17,11,5,0,4,9,4,1,2,10,3,0,29,55,43,34,33,15,36,46,228,246,246,248
144,24,10,3,0,3,10,2,0,6,4,6,12,0,10,63,50,35,8,9,38,48,182,239,240,240
39,14,8,1,3,3,3,6,8,4,5,7,0,7,1,52,95,38,10,8,56,61,250,253,71,65
22,12,6,0,11,5,4,3,5,8,1,8,6,1,10,53,102,84,29,65,167,79,168,226,62,65
32,27,37,63,76,13,6,19,15,3,10,6,10,11,3,61,88,66,31,71,177,131,180,220,97,85
33,30,17,29,60,1,0,2,4,7,0,1,11,12,44,93,101,67,52,58,135,89,99,144,252,245
55,121,23,12,63,16,4,0,3,2,2,3,7,32,58,85,105,62,74,105,124,68,54,82,200,72
48,97,81,15,65,17,2,0,4,0,4,2,13,49,50,75,73,36,83,113,122,115,49,48,45,53
41,72,79,58,73,8,0,1,3,2,2,3,20,57,57,94,33,1,11,107,94,144,108,47,47,47
22,65,57,50,85,24,17,6,2,0,4,0,7,54,62,81,31,16,13,121,115,139,118,91,60,92
22,52,56,34,50,0,6,7,17,17,18,20,4,70,77,22,61,18,20,106,130,110,100,63,71,129
43,29,44,65,72,10,3,0,0,0,1,1,1,72,76,69,86,27,35,119,123,88,61,56,62,110
37,28,68,93,145,27,3,2,3,3,0,7,18,54,35,137,67,60,40,89,117,68,43,28,48,151
12,37,100,127,192,44,4,3,2,0,4,0,42,28,121,179,60,56,55,88,103,64,38,37,49,139
15,38,35,147,188,70,7,3,2,4,4,0,39,51,133,233,27,139,65,58,95,53,44,33,41,110
6,24,34,134,182,194,14,0,33,3,2,0,13,40,60,145,23,125,79,48,62,66,43,44,28,26
11,14,39,38,128,179,15,2,43,9,1,15,49,66,96,84,45,79,54,60,83,65,58,45,30,41
11,1,12,42,79,150,14,8,53,7,4,30,63,72,81,111,77,139,114,27,111,85,59,47,12,26
48,6,13,30,26,109,16,3,39,9,7,53,61,69,77,59,116,172,204,81,114,77,56,37,41,28
