130,124,71,51,23,99,182,210,215,211,205,201,196,211,60,40,25,5,31,52,57,130,67,94,50,53
129,126,68,57,28,130,213,215,201,212,201,205,196,199,179,57,37,30,14,23,53,55,145,109,78,64
133,123,56,43,34,142,211,195,211,223,198,208,215,198,200,190,88,41,30,22,6,38,64,134,111,55
126,130,59,48,35,148,196,208,225,205,218,216,217,206,189,208,199,151,42,42,37,17,11,48,106,75
128,130,54,53,44,121,203,208,216,219,205,213,207,217,196,211,203,205,188,73,50,44,41,17,13,18
128,128,54,69,56,149,217,202,216,197,232,215,198,186,215,221,224,209,201,193,162,69,36,33,41,41
126,125,44,45,52,163,217,212,207,218,208,183,209,229,222,229,216,210,209,222,203,190,169,119,31,28
132,127,41,46,35,110,206,208,197,222,215,224,235,228,209,231,232,198,224,220,182,201,179,180,171,140
125,129,37,47,39,168,190,209,213,214,217,213,224,204,227,223,223,227,211,219,214,218,207,186,181,168
128,133,121,62,42,117,200,201,221,222,219,230,229,204,216,217,217,227,228,224,222,232,223,215,203,200
131,124,157,89,41,75,179,223,192,206,209,222,212,223,223,214,229,225,232,237,224,224,223,221,219,220
129,126,128,124,48,114,216,219,220,215,233,211,227,193,205,232,228,219,219,230,235,236,220,226,217,231
129,129,130,160,106,98,204,214,203,224,231,216,215,224,218,223,203,225,199,204,226,216,222,227,230,234
124,127,129,191,140,75,175,211,227,217,230,206,219,207,231,215,208,204,205,232,232,236,239,235,239,226
133,128,128,188,178,44,181,219,228,204,231,196,224,221,199,214,198,221,231,241,233,216,233,240,238,236
127,124,134,191,186,51,163,189,208,206,194,214,215,214,225,218,211,225,228,210,222,228,216,232,230,236
128,133,124,188,183,64,186,206,210,204,220,217,226,224,229,230,201,216,221,235,221,225,231,236,238,241
128,131,128,189,184,78,150,200,187,200,211,207,211,218,194,216,232,205,228,243,242,237,233,233,239,238
130,121,134,188,179,147,83,201,200,199,225,211,228,221,229,232,230,224,226,232,229,219,234,236,244,238
127,134,122,172,190,166,49,164,178,207,196,221,216,231,201,221,166,215,231,243,190,216,222,236,236,239
127,126,129,125,170,176,38,156,205,197,195,220,207,213,234,227,224,195,219,236,215,234,231,238,239,250
129,132,126,136,176,182,51,121,180,221,202,199,218,211,228,200,218,211,202,222,207,232,234,246,247,244
125,124,128,125,202,195,61,71,173,191,207,228,200,202,204,217,181,219,212,229,241,233,240,239,246,244
130,130,134,123,222,207,129,49,146,186,227,166,215,213,200,208,209,197,237,243,229,219,227,239,238,238
130,122,127,130,219,219,134,45,102,153,190,197,204,194,197,222,225,235,235,233,226,241,240,233,237,229
132,126,128,128,212,201,163,41,133,169,168,194,202,216,213,224,215,210,225,233,227,228,232,244,242,235
129,124,127,131,128,160,131,37,112,152,187,189,205,217,191,179,229,234,207,209,242,236,242,236,239,240
128,130,129,129,127,46,21,27,50,81,181,200,214,180,196,218,222,238,230,235,236,246,237,231,229,230
128,128,130,128,126,1,2,15,47,126,128,187,179,190,202,214,208,198,206,234,210,230,235,245,242,240
128,127,128,129,129,1,0,8,67,74,146,167,182,203,187,179,192,199,234,238,219,235,244,227,234,242
