105,104,98,89,85,87,93,91,85,77,72,76,84,85,89,88,87,90,91,101,117,120,118,116,128,125
117,115,113,109,103,100,98,93,100,96,91,97,95,94,92,93,92,93,83,89,116,124,129,120,134,116
126,130,134,134,131,121,118,105,95,98,100,97,97,101,107,101,99,104,103,95,100,116,131,128,113,114
144,142,139,136,139,135,132,126,119,113,107,105,106,110,109,109,108,111,112,108,109,115,124,128,116,109
158,156,149,146,150,148,141,139,132,124,121,122,120,116,115,120,120,119,122,123,119,115,124,120,117,116
141,141,139,140,145,141,133,138,139,132,127,127,126,124,122,128,129,127,132,136,132,127,122,123,126,117
120,120,120,123,129,126,128,128,127,126,126,126,124,121,122,126,127,126,131,134,135,137,136,129,127,121
110,112,108,106,110,108,105,104,105,110,116,121,125,128,122,124,125,126,127,127,130,137,148,136,132,132
119,124,122,117,120,118,113,119,122,114,101,94,98,106,118,122,125,128,129,127,130,137,138,148,146,135
109,115,118,119,125,125,119,117,114,112,114,114,107,100,99,106,114,120,125,125,127,132,134,144,142,143
89,91,92,88,99,99,111,125,111,121,112,109,119,108,105,100,99,108,117,121,124,128,131,137,144,158
91,91,81,88,84,88,74,81,94,106,118,115,107,112,118,110,103,104,108,111,118,125,130,130,137,151
86,73,68,67,50,79,63,63,66,84,83,109,109,109,110,109,111,112,111,110,116,123,129,130,140,146
95,111,107,115,120,108,106,102,91,30,35,77,84,98,103,108,114,117,114,110,114,120,126,131,145,146
119,121,105,105,103,43,102,134,120,85,54,102,118,97,92,96,105,115,121,120,119,119,127,129,142,143
105,103,103,94,75,23,76,95,92,55,77,129,143,138,104,98,95,103,117,127,129,128,132,136,142,140
109,103,100,100,104,68,86,80,63,74,102,160,174,159,142,124,102,93,99,112,125,132,132,140,143,140
124,90,89,75,67,33,53,49,67,96,145,185,168,154,146,134,118,104,99,103,113,122,126,134,134,139
154,102,82,66,62,36,48,64,94,114,128,120,113,105,124,121,105,99,96,93,106,115,122,130,135,144
113,107,109,103,105,100,104,106,108,110,109,109,107,107,103,107,107,109,108,105,113,122,129,139,136,141
109,116,121,120,118,117,123,126,122,124,120,127,124,125,119,117,119,121,126,127,124,129,125,130,139,151
127,132,137,133,129,127,135,136,130,126,122,128,126,123,137,131,131,128,132,134,127,131,141,140,146,157
144,146,152,133,128,128,129,129,129,123,127,130,134,131,131,132,138,134,133,134,129,138,142,149,153,160
154,146,151,140,141,137,137,136,139,132,135,130,131,125,133,135,137,135,136,138,138,144,148,155,176,183
169,151,144,143,143,137,136,134,132,129,129,130,133,135,142,141,135,135,140,143,148,150,164,169,184,182
162,158,143,138,134,136,130,130,127,132,129,134,136,142,141,148,143,146,150,151,162,165,170,194,188,187
140,145,138,136,136,140,134,134,137,136,143,153,154,154,152,156,151,151,160,168,165,176,183,206,198,210
156,143,149,138,147,144,146,147,159,156,160,159,164,168,160,149,161,158,170,171,183,182,168,196,212,226
168,154,151,167,149,162,171,165,173,167,172,162,163,165,159,166,168,175,185,191,186,199,218,221,228,230
170,169,170,167,177,177,175,167,170,167,173,171,171,174,170,181,186,175,196,193,198,216,221,228,237,234
