107,101,118,112,105,99,95,92,91,91,96,89,87,86,80,77,76,73,84,78,76,72,86,80,79,75
97,101,117,105,95,94,97,95,91,87,88,87,93,90,76,71,71,64,70,65,72,79,78,81,81,87
96,102,106,99,95,97,100,98,92,87,97,91,81,73,78,79,74,68,66,77,85,88,94,106,110,106
96,102,102,102,103,102,98,94,92,94,96,87,82,62,75,73,88,89,95,103,111,116,122,128,130,128
102,109,107,104,103,103,104,102,98,95,88,93,89,94,93,102,103,110,117,121,127,134,139,141,143,144
109,116,112,107,103,107,113,115,109,103,104,104,107,107,118,119,125,128,132,134,137,142,146,151,154,156
112,116,114,116,117,118,119,119,120,120,119,118,117,116,123,125,130,135,135,138,140,142,146,151,154,154
117,120,126,129,130,127,122,121,123,125,119,129,125,135,126,136,130,139,137,140,142,142,144,146,146,143
127,129,134,133,131,127,125,126,125,123,126,130,133,127,131,130,133,134,135,134,134,135,135,133,130,129
134,135,128,127,126,124,126,129,130,129,124,129,121,125,120,127,115,111,114,108,105,108,107,101,100,102
131,131,123,125,125,123,121,122,122,121,117,114,115,101,97,104,101,108,106,114,114,115,117,116,116,105
126,127,123,122,121,120,120,118,114,110,101,100,97,105,104,106,120,119,126,119,123,130,126,122,113,116
125,122,122,120,118,117,114,108,102,98,107,97,116,115,109,119,117,125,113,116,109,114,102,99,102,100
125,123,122,118,114,111,106,101,101,105,112,113,114,117,119,118,109,97,87,66,78,90,90,82,61,70
125,127,122,116,111,108,107,108,112,117,114,119,110,103,99,80,63,67,47,53,45,43,49,52,69,71
127,125,121,118,116,118,119,117,112,109,107,101,99,87,82,60,43,84,98,98,100,102,104,91,82,95
130,125,124,125,125,122,118,111,102,95,96,98,94,115,119,82,77,105,105,112,78,104,132,133,113,93
130,129,130,131,126,113,101,96,96,98,108,124,160,174,149,95,65,89,98,87,28,59,92,113,98,100
125,125,128,124,111,99,96,102,116,133,164,164,170,188,171,120,85,68,100,91,44,79,96,99,99,93
128,123,118,118,102,92,99,101,102,113,140,141,143,167,189,170,109,42,42,68,74,91,87,91,90,102
132,118,123,130,115,104,114,110,100,107,104,102,93,95,111,122,114,92,61,36,27,54,71,78,91,130
131,118,124,136,132,123,124,120,113,118,113,116,118,119,114,106,106,108,104,107,97,96,97,98,111,119
134,130,120,130,138,136,131,130,132,132,127,124,123,123,124,125,122,120,126,116,108,112,114,104,107,113
139,134,125,128,137,141,137,140,142,136,133,130,131,125,122,122,120,124,125,119,126,120,122,128,118,119
142,136,134,131,131,133,136,138,136,132,133,131,139,140,137,134,127,130,127,124,129,129,134,144,135,128
154,154,140,138,129,127,135,136,134,138,134,135,138,131,131,140,138,140,134,142,134,141,133,128,136,131
163,159,152,145,139,136,133,135,138,138,138,136,133,132,133,135,137,137,136,144,150,140,146,150,155,154
152,163,157,150,140,144,139,147,143,142,143,141,141,140,136,131,132,137,141,136,141,148,155,152,156,170
169,160,164,159,152,149,141,146,150,152,149,142,141,145,145,138,135,137,136,138,139,144,146,147,146,151
176,171,177,172,175,159,157,149,161,161,161,156,156,159,160,154,149,147,139,150,145,146,147,158,158,155
