5,14,13,2,2,10,2,0,11,4,9,31,15,15,33,34,67,47,63,41,19,25,15,52,57,66
8,8,0,18,4,5,5,0,0,25,14,4,10,23,11,39,49,42,63,33,50,59,23,50,47,47
27,9,7,0,2,13,1,2,9,2,0,12,0,0,15,6,16,35,41,52,57,46,44,47,74,60
7,7,3,0,9,5,10,0,3,0,11,6,7,1,0,17,17,46,25,51,55,59,58,48,34,56
9,14,10,14,9,0,16,6,3,11,10,0,7,11,1,19,33,14,8,9,35,55,69,56,58,65
45,31,23,14,9,9,8,15,10,6,3,5,14,2,16,18,34,9,5,10,20,54,34,43,60,58
34,16,14,21,17,17,14,17,1,6,0,12,2,14,8,32,59,45,56,10,27,44,52,62,47,33
31,15,21,18,15,13,28,30,8,1,16,5,48,36,47,88,66,80,60,23,23,22,12,42,60,39
18,66,25,5,33,58,44,71,32,24,63,25,36,10,91,84,50,34,45,37,40,33,11,20,45,36
33,84,76,32,70,56,22,28,47,15,23,9,17,28,16,44,8,1,61,20,38,25,37,35,29,55
15,42,61,4,12,36,14,1,22,21,23,15,27,21,19,17,4,3,34,24,29,40,31,25,19,15
14,1,1,2,3,0,1,0,6,5,12,9,16,25,12,3,1,15,36,28,52,30,19,2,12,13
6,5,1,2,4,7,2,7,3,8,1,8,15,1,39,0,2,19,9,26,63,30,39,24,14,17
8,14,3,3,0,2,4,35,11,1,6,1,1,5,12,10,10,3,24,59,36,46,45,25,45,12
14,6,7,10,10,4,18,22,7,1,0,10,0,4,0,7,2,9,67,34,62,58,46,35,17,27
3,6,8,9,4,29,16,24,11,18,3,0,0,0,7,7,3,2,10,26,29,63,37,24,14,33
17,0,10,9,39,29,5,22,16,10,7,25,0,5,14,22,38,12,12,31,41,65,51,24,52,36
11,23,4,9,3,30,9,30,31,18,6,15,5,5,14,22,27,40,36,52,65,49,47,21,21,33
28,12,11,9,10,21,20,8,42,35,19,3,5,10,21,22,18,61,29,26,33,60,46,31,14,23
24,29,24,17,11,7,14,27,33,18,37,33,31,19,34,22,46,21,30,42,17,79,77,59,44,49
29,27,9,10,30,15,7,2,24,59,26,26,41,45,24,42,35,31,43,25,21,77,69,24,20,32
37,41,38,21,15,26,24,11,2,28,28,25,41,40,1,75,45,41,73,17,53,83,53,28,13,29
70,60,16,27,42,18,28,10,8,11,15,61,44,10,15,9,18,57,70,33,59,52,47,52,30,46
49,17,54,48,37,16,9,17,3,32,24,41,52,22,5,31,44,63,69,18,51,60,69,36,47,50
49,50,65,46,38,30,1,15,29,19,36,30,23,22,46,39,48,57,57,55,56,44,68,37,36,58
40,36,30,32,30,23,9,22,29,26,60,22,40,0,22,22,56,58,56,43,36,24,39,58,42,126
42,46,38,45,43,37,26,11,7,19,48,45,28,25,21,30,62,50,63,64,14,4,52,38,61,127
40,39,15,33,32,18,23,26,22,18,43,69,26,8,55,32,77,72,64,60,36,32,51,63,128,127
58,33,25,19,12,0,14,22,21,4,22,28,20,32,30,46,59,56,77,57,51,18,16,136,126,127
13,59,42,11,6,4,14,9,20,14,23,28,29,30,26,48,43,69,78,43,29,16,128,125,129,127
