128,128,128,128,128,128,128,128,130,126,129,132,125,131,62,76,113,136,107,86,95,97,96,127,124,100
128,128,128,128,128,128,128,128,127,130,127,129,130,121,74,79,97,124,104,94,85,92,123,99,90,123
128,128,128,128,128,128,128,128,128,127,126,128,129,134,126,88,68,73,118,129,104,86,109,113,110,115
128,128,128,128,128,128,128,128,127,127,128,132,124,126,126,73,106,68,97,84,89,92,87,115,107,127
128,128,128,128,128,128,128,128,130,132,123,127,128,127,131,132,94,75,88,89,109,94,79,100,111,121
128,128,128,128,128,128,128,128,126,127,128,133,130,130,122,130,76,85,84,65,62,73,85,96,100,125
128,128,128,128,128,128,128,128,131,125,130,128,121,133,131,124,123,88,70,76,70,77,69,78,81,126
128,128,128,128,128,128,128,128,127,128,131,126,128,128,126,131,129,97,68,88,76,82,82,95,83,104
128,128,128,128,128,128,128,128,128,128,128,128,128,128,128,128,128,75,68,58,97,65,110,82,80,107
128,128,128,128,128,128,128,128,128,128,128,128,128,128,128,128,131,127,80,56,64,69,61,68,80,104
128,128,128,128,128,128,128,128,128,128,128,128,128,128,128,128,128,123,51,77,71,63,42,65,110,101
128,128,128,128,128,128,128,128,128,128,128,128,128,128,128,128,127,127,127,115,51,56,100,70,67,77
128,128,128,128,128,128,128,128,128,128,128,128,128,128,128,128,130,130,127,59,73,48,51,56,57,77
128,128,128,128,128,128,128,128,128,128,128,128,128,128,128,128,123,129,132,125,66,59,56,63,54,59
128,128,128,128,128,128,128,128,128,128,128,128,128,128,128,128,132,126,126,132,130,62,69,52,48,51
128,128,128,128,128,128,128,128,128,128,128,128,128,128,128,128,125,128,132,121,128,53,59,57,52,47
128,128,128,128,128,128,128,128,128,128,128,128,128,128,128,128,128,133,124,130,126,130,49,56,66,45
128,128,128,128,128,128,128,128,128,128,128,128,128,128,128,128,128,123,134,125,132,127,37,51,43,49
128,128,128,128,128,128,128,128,128,128,128,128,128,128,128,128,127,127,130,132,122,132,130,49,40,41
128,128,128,128,128,128,128,128,128,128,128,128,128,128,128,128,129,127,130,130,126,127,131,61,40,42
128,128,128,128,128,128,128,128,128,128,128,128,128,128,128,128,131,127,128,122,131,130,124,131,61,35
128,128,128,128,128,128,128,128,128,128,128,128,128,128,128,128,122,132,127,134,128,125,130,125,129,78
128,128,128,128,128,128,128,128,128,128,128,128,128,128,128,128,131,131,123,128,129,129,124,133,125,85
128,128,128,128,128,128,128,128,128,128,128,128,128,128,128,128,125,128,129,131,125,129,128,125,132,126
128,128,128,128,128,128,128,128,128,128,128,128,128,128,128,128,128,128,128,128,128,128,128,128,129,128
128,128,128,128,128,128,128,128,128,128,128,128,128,128,128,128,128,128,128,128,128,128,128,128,124,131
128,128,128,128,128,128,128,128,128,128,128,128,128,128,128,128,128,128,128,128,128,128,128,128,127,133
128,128,128,128,128,128,128,128,128,128,128,128,128,128,128,128,128,128,128,128,128,128,128,128,133,122
128,128,128,128,128,128,128,128,128,128,128,128,128,128,128,128,128,128,128,128,128,128,128,128,127,129
128,128,128,128,128,128,128,128,128,128,128,128,128,128,128,128,128,128,128,128,128,128,128,128,129,129
