104,133,147,170,154,159,156,123,136,149,135,89,112,61,40,59,120,110,115,137,126,113,121,134,104,101
118,138,135,136,151,139,149,156,127,154,156,90,107,64,58,67,130,91,106,145,117,124,130,139,93,117
133,151,149,157,169,158,162,151,152,128,119,108,79,75,90,113,139,139,144,121,101,115,122,113,106,113
157,160,149,165,167,157,149,168,143,141,105,91,68,110,87,124,132,145,137,152,115,110,125,119,100,116
186,177,178,177,164,166,152,140,154,132,118,93,88,99,133,135,138,164,165,154,121,133,120,111,101,117
188,188,195,204,188,199,175,151,124,139,93,121,81,126,148,138,160,134,135,135,114,129,125,129,111,114
196,196,181,185,206,198,190,163,146,159,163,157,152,134,149,130,161,137,144,143,115,134,114,120,97,127
193,205,199,215,204,179,185,167,162,169,172,163,145,156,152,109,142,140,143,133,129,123,128,128,117,116
203,194,180,196,184,200,188,161,166,180,150,163,141,148,138,119,159,138,134,137,137,129,133,119,106,112
220,213,215,205,209,185,176,174,170,175,160,168,149,160,162,119,125,136,136,147,121,121,127,106,131,134
207,224,203,201,199,182,189,181,168,175,144,173,159,170,143,161,143,143,155,137,138,133,103,108,106,118
204,218,199,196,181,183,184,179,169,178,177,172,176,145,171,157,157,144,142,145,124,118,133,103,114,118
200,218,223,197,198,202,185,194,190,179,181,170,174,161,149,150,156,144,148,136,127,119,125,120,93,106
213,195,227,208,204,216,212,195,198,173,169,184,176,180,171,166,153,174,145,118,138,126,114,100,103,94
198,206,219,224,201,209,215,185,190,174,181,183,181,170,162,179,159,137,141,146,125,130,109,99,96,99
234,222,212,228,224,217,207,211,203,191,200,165,182,176,169,160,152,147,131,134,111,131,121,114,100,84
223,220,235,205,229,209,229,228,216,212,213,189,180,193,193,185,162,159,143,122,151,123,113,102,136,103
236,228,227,236,220,219,242,227,206,191,214,186,181,206,200,176,176,152,135,142,136,123,137,113,96,98
245,248,235,236,235,205,239,220,221,217,212,207,176,183,189,169,159,138,161,133,89,134,117,98,106,123
225,239,238,228,245,244,235,221,225,206,211,203,196,189,177,183,147,141,135,121,129,121,125,115,101,91
237,246,241,220,230,231,236,243,203,224,195,208,181,182,162,127,101,96,93,99,96,87,103,105,87,95
249,235,236,224,204,226,232,225,198,203,170,166,153,118,136,129,101,122,107,101,74,67,78,51,77,75
214,215,216,187,188,215,189,206,188,175,155,126,111,67,69,83,83,67,83,107,91,58,44,61,58,53
186,196,187,192,184,161,199,168,136,135,109,101,84,63,58,56,55,31,34,43,62,62,37,25,33,34
150,144,149,124,144,131,97,125,86,87,81,60,42,41,43,38,31,28,20,21,26,34,36,33,28,26
130,122,116,121,112,113,89,54,70,48,45,37,32,30,27,22,24,30,19,19,20,21,21,20,19,20
111,71,70,76,89,56,48,64,40,24,20,17,15,15,14,12,13,15,9,10,10,8,7,9,13,15
51,47,40,55,47,36,31,37,26,19,12,8,4,4,7,8,4,0,0,2,3,1,2,5,9,9
47,50,32,44,37,16,21,20,16,7,3,5,4,2,1,1,1,0,0,2,2,0,1,3,3,1
30,23,33,32,17,22,23,9,8,7,3,6,7,4,1,1,2,3,2,3,2,1,1,2,2,2
