234,239,241,240,241,235,241,246,204,222,208,212,205,208,195,196,200,224,210,178,178,197,132,121,128,128
224,238,250,248,246,239,246,234,202,199,194,195,217,226,200,205,204,184,164,176,212,171,128,129,128,128
236,251,241,222,229,231,239,233,202,200,203,215,220,193,218,202,198,175,170,175,174,129,129,131,128,128
226,237,234,224,230,235,232,216,206,199,192,215,218,207,206,196,185,164,178,171,179,131,127,124,128,128
228,228,226,225,230,239,231,223,191,218,186,216,218,206,195,185,174,179,181,161,172,126,126,134,128,128
228,234,215,209,228,232,210,228,212,220,201,195,210,199,198,178,163,184,161,174,156,129,127,127,128,128
234,207,220,218,216,206,200,198,183,195,199,188,185,194,168,178,173,170,166,187,126,128,130,127,128,128
224,196,227,214,212,207,198,181,173,192,191,185,168,174,177,161,183,172,171,183,128,125,129,129,128,128
192,194,220,198,229,200,182,161,168,212,194,186,177,182,180,162,156,174,175,156,130,131,126,127,128,128
154,172,185,198,196,204,186,176,183,168,170,171,174,190,171,156,150,157,170,149,129,125,127,129,128,128
153,167,194,184,194,221,186,163,172,188,174,192,183,188,176,139,150,182,178,126,127,133,128,129,128,128
172,185,158,187,187,192,191,199,155,180,208,185,192,197,165,154,165,167,161,133,127,125,129,128,128,128
170,170,199,185,157,182,189,193,191,180,181,200,174,195,154,160,161,165,143,123,129,130,127,126,128,128
177,172,167,201,186,196,195,198,167,170,191,170,203,182,182,177,183,162,130,130,129,126,127,129,128,128
194,190,197,209,184,193,204,172,171,190,183,174,197,174,185,186,160,122,121,131,127,127,128,130,128,128
183,191,202,210,215,196,183,185,177,177,180,167,197,176,188,158,134,135,134,125,127,130,125,128,128,128
212,177,204,192,175,160,164,173,176,184,170,179,171,168,159,142,157,133,129,131,126,129,130,126,128,128
206,179,171,159,166,157,174,179,195,182,173,156,175,133,134,125,131,133,128,124,131,130,125,129,128,128
198,189,184,157,168,170,165,197,191,189,170,165,136,109,104,121,114,128,127,124,131,129,125,130,128,128
182,175,188,174,162,171,180,206,202,188,166,167,128,126,116,109,119,123,128,131,127,127,132,126,128,128
165,187,161,174,177,162,192,183,200,189,180,169,139,140,139,121,95,131,134,125,127,128,128,127,128,128
154,172,169,155,154,157,181,188,189,179,168,149,148,142,138,119,130,128,124,129,127,125,132,127,128,128
168,152,145,136,130,139,178,170,198,165,157,152,141,134,130,104,128,128,128,128,128,128,128,128,128,128
160,156,157,146,121,130,153,184,190,171,157,166,132,117,133,118,128,128,128,128,128,128,128,128,128,128
154,169,139,124,117,128,145,185,175,157,156,135,127,152,122,132,128,128,128,128,128,128,128,128,128,128
165,156,129,126,121,144,146,188,137,153,143,140,127,106,111,125,128,128,128,128,128,128,128,128,128,128
142,140,128,136,128,128,173,164,152,130,138,131,125,115,133,131,128,128,128,128,128,128,128,128,128,128
138,129,118,130,136,146,169,170,160,144,140,119,112,106,134,125,128,128,128,128,128,128,128,128,128,128
137,116,130,154,209,155,174,154,143,142,130,130,128,120,127,132,128,128,128,128,128,128,128,128,128,128
144,127,127,160,147,170,173,150,135,134,128,123,106,135,125,124,128,128,128,128,128,128,128,128,128,128
