50,62,65,67,68,67,64,52,56,41,13,4,11,25,19,22,37,95,63,0,4,0,0,6,8,118
63,78,73,65,63,67,73,65,61,58,58,49,27,5,15,17,25,25,40,13,5,3,4,0,1,131
73,76,78,74,66,73,68,66,67,64,58,62,56,47,21,4,13,19,25,17,3,0,0,0,2,128
69,73,74,72,67,73,66,66,66,64,62,59,62,60,49,36,16,9,20,19,13,1,2,1,2,128
77,78,72,67,64,69,63,69,76,71,66,53,59,61,65,58,32,8,14,18,24,4,1,2,2,128
80,83,75,68,65,67,62,74,75,71,66,58,60,59,58,53,55,24,11,13,28,16,0,3,2,128
66,77,78,76,72,72,65,77,73,66,57,60,60,62,59,59,70,46,16,9,28,33,3,4,2,128
57,71,80,80,74,75,70,80,76,66,55,63,63,67,62,65,73,63,33,14,24,46,12,0,2,128
55,70,82,84,75,79,76,81,70,63,58,65,69,68,61,57,69,67,53,21,16,48,26,0,2,128
51,67,86,91,83,86,81,80,72,59,51,46,57,61,67,66,60,61,65,25,10,48,42,5,2,128
62,79,86,86,83,78,83,78,77,57,46,48,60,62,69,58,65,68,61,34,10,46,51,13,1,126
101,98,89,91,86,85,87,80,66,64,55,66,59,66,64,60,68,66,62,43,12,42,59,19,2,126
117,90,86,84,91,77,83,70,70,65,65,70,71,63,64,58,65,60,57,48,12,35,69,27,4,127
148,105,76,91,79,84,77,72,79,69,68,70,74,57,61,60,58,57,49,45,14,32,75,33,6,128
170,111,85,89,87,84,82,71,74,78,71,77,65,61,58,62,50,58,46,42,20,35,78,33,8,128
169,125,97,107,82,87,75,76,67,80,77,73,71,71,65,54,47,58,47,43,26,39,79,30,8,128
194,147,127,106,90,78,81,81,70,78,78,67,78,73,70,53,53,54,49,46,26,42,87,35,8,127
195,146,123,101,95,85,79,68,72,80,72,74,70,69,63,64,62,52,51,50,25,45,98,45,8,127
196,148,129,103,99,90,84,79,69,75,78,69,68,64,68,70,56,54,55,46,20,47,120,48,7,127
229,175,140,106,100,88,78,72,71,79,85,80,82,74,70,65,60,51,55,56,29,50,87,29,8,128
219,180,152,118,106,88,78,77,74,77,81,77,82,76,71,64,68,57,56,48,24,67,69,33,8,128
206,179,154,121,104,86,81,88,72,72,74,70,77,74,72,68,67,60,58,43,20,70,35,20,9,128
181,162,143,125,115,95,77,70,69,72,76,74,81,77,76,73,70,61,58,44,26,62,7,17,8,128
184,163,141,126,117,103,91,82,72,74,78,75,80,76,77,77,78,73,60,32,27,57,4,20,6,127
171,159,146,133,113,95,84,74,77,76,76,70,75,72,76,79,73,77,59,22,32,49,0,2,5,126
174,163,151,139,115,101,96,87,78,77,77,72,76,72,76,78,67,67,47,17,41,44,2,5,3,125
177,161,142,99,94,93,97,79,82,82,77,75,72,78,73,79,73,79,30,9,58,37,4,3,4,128
162,151,137,125,103,98,94,81,87,75,80,76,74,75,62,82,77,50,22,22,79,34,0,4,6,129
162,133,129,126,104,107,87,87,82,87,82,73,76,73,74,81,82,43,11,28,82,23,6,5,24,132
148,149,129,120,99,91,99,89,85,77,81,74,78,66,57,74,61,21,18,54,114,24,9,7,33,131
