128,128,128,128,128,128,128,128,129,125,130,130,126,128,42,54,57,68,82,77,69,69,77,61,66,46
128,128,128,128,128,128,128,128,128,129,127,126,131,126,71,75,81,90,75,77,77,59,56,66,72,31
128,128,128,128,128,128,128,128,127,126,129,129,129,136,120,74,74,69,71,70,45,49,57,43,31,25
128,128,128,128,128,128,128,128,131,127,130,130,119,127,128,67,81,79,81,62,54,67,62,54,68,66
128,128,128,128,128,128,128,128,125,129,126,132,131,131,134,125,72,57,58,62,80,75,68,48,45,32
128,128,128,128,128,128,128,128,130,130,125,129,124,125,124,129,60,47,71,77,44,31,71,21,28,67
128,128,128,128,128,128,128,128,129,127,128,130,125,132,133,125,126,83,73,70,47,36,59,20,46,30
128,128,128,128,128,128,128,128,126,132,127,127,132,124,124,131,129,48,40,67,70,43,38,58,55,57
128,128,128,128,128,128,128,128,128,128,128,128,128,128,128,128,132,44,52,65,63,65,45,48,56,43
128,128,128,128,128,128,128,128,128,128,128,128,128,128,128,128,130,125,39,20,59,46,58,67,49,38
128,128,128,128,128,128,128,128,128,128,128,128,128,128,128,128,124,133,38,57,21,17,64,54,41,49
128,128,128,128,128,128,128,128,128,128,128,128,128,128,128,128,124,132,128,69,10,49,54,34,44,50
128,128,128,128,128,128,128,128,128,128,128,128,128,128,128,128,134,124,128,71,62,61,54,53,28,34
128,128,128,128,128,128,128,128,128,128,128,128,128,128,128,128,125,132,126,128,60,45,30,39,40,51
128,128,128,128,128,128,128,128,128,128,128,128,128,128,128,128,128,127,130,127,131,28,53,14,8,30
128,128,128,128,128,128,128,128,128,128,128,128,128,128,128,128,129,127,132,125,129,39,39,28,37,8
128,128,128,128,128,128,128,128,128,128,128,128,128,128,128,128,126,131,124,131,127,124,9,55,15,34
128,128,128,128,128,128,128,128,128,128,128,128,128,128,128,128,129,127,126,125,132,135,12,17,6,4
128,128,128,128,128,128,128,128,128,128,128,128,128,128,128,128,125,131,129,128,124,133,130,4,28,0
128,128,128,128,128,128,128,128,128,128,128,128,128,128,128,128,132,125,125,126,133,119,127,4,6,6
128,128,128,128,128,128,128,128,128,128,128,128,128,128,128,128,125,128,128,130,130,131,131,129,0,3
128,128,128,128,128,128,128,128,128,128,128,128,128,128,128,128,129,133,122,126,123,127,129,124,132,1
128,128,128,128,128,128,128,128,128,128,128,128,128,128,128,128,126,125,132,126,134,130,124,133,124,7
128,128,128,128,128,128,128,128,128,128,128,128,128,128,128,128,130,126,129,130,122,129,126,127,127,133
128,128,128,128,128,128,128,128,128,128,128,128,128,128,128,128,128,128,128,128,128,128,128,128,127,132
128,128,128,128,128,128,128,128,128,128,128,128,128,128,128,128,128,128,128,128,128,128,128,128,129,125
128,128,128,128,128,128,128,128,128,128,128,128,128,128,128,128,128,128,128,128,128,128,128,128,130,128
128,128,128,128,128,128,128,128,128,128,128,128,128,128,128,128,128,128,128,128,128,128,128,128,131,122
128,128,128,128,128,128,128,128,128,128,128,128,128,128,128,128,128,128,128,128,128,128,128,128,124,131
128,128,128,128,128,128,128,128,128,128,128,128,128,128,128,128,128,128,128,128,128,128,128,128,128,128
