129,126,81,84,76,86,76,88,92,86,81,87,96,105,114,112,120,116,122,126,121,124,132,133,131,142
130,127,83,83,75,82,78,92,88,84,85,91,100,111,117,117,124,125,130,132,130,135,142,142,147,150
128,129,68,82,78,77,85,92,90,82,88,92,101,114,118,125,128,131,132,132,137,146,150,149,156,156
128,127,86,69,80,77,92,91,94,81,88,92,99,112,117,131,126,137,139,134,135,143,150,154,153,156
123,131,95,76,65,71,89,94,95,69,90,96,104,117,118,128,128,133,145,138,154,146,155,167,151,157
135,123,96,61,67,75,90,89,99,74,91,92,100,115,120,131,134,138,141,142,152,151,154,158,157,158
126,128,88,54,53,74,91,87,93,75,93,96,106,120,126,136,135,129,153,138,152,151,154,158,167,162
129,128,86,70,76,89,85,88,84,72,91,96,107,121,127,135,138,142,150,152,148,159,158,163,159,162
129,131,86,25,51,82,88,90,87,77,93,97,110,122,130,140,147,149,147,145,157,147,166,152,161,166
124,128,78,70,93,84,90,89,85,77,93,102,118,127,134,144,148,147,149,149,145,158,150,159,153,161
131,128,65,62,66,75,93,83,77,71,87,101,119,126,132,142,150,144,165,150,156,164,155,174,162,163
128,127,129,81,57,72,85,89,84,76,87,99,118,125,134,146,146,157,147,157,164,160,166,171,168,166
127,124,132,73,46,79,87,89,79,88,90,102,115,127,140,138,144,148,151,150,159,178,168,177,182,178
128,131,125,56,73,85,74,86,85,89,91,104,116,124,138,142,147,140,152,162,166,172,165,173,172,172
130,126,128,65,78,81,76,85,77,83,92,109,118,120,129,136,144,132,150,160,162,163,164,168,175,174
131,122,131,81,71,80,84,87,69,79,95,111,119,120,126,132,139,139,156,158,163,167,172,171,172,185
128,130,127,73,80,87,83,90,70,83,99,109,116,123,129,134,136,148,161,158,170,174,176,177,184,191
126,131,127,67,85,87,85,90,68,83,102,108,115,126,128,129,142,153,157,158,170,173,178,188,187,183
127,126,130,79,80,84,88,85,68,83,104,111,119,130,128,128,147,153,157,166,171,177,185,193,189,193
129,128,125,89,79,89,84,83,77,87,106,113,123,136,136,139,133,143,156,173,171,180,186,182,194,189
127,127,132,127,88,90,91,77,74,88,107,114,121,139,134,146,145,130,160,173,180,185,205,197,187,197
129,128,127,123,92,84,79,77,67,103,99,109,127,141,134,150,152,147,157,180,183,185,200,188,180,209
130,123,131,129,85,94,82,37,77,106,101,112,120,142,139,148,159,151,148,189,186,201,220,197,174,208
129,131,130,129,82,87,80,69,88,101,109,110,115,141,137,155,156,168,148,177,192,206,214,216,192,214
129,129,120,128,86,91,76,71,87,104,108,100,120,133,132,166,151,164,169,190,197,208,211,216,204,211
127,131,131,128,77,76,74,75,89,104,106,104,116,117,138,161,158,172,168,172,199,212,205,225,188,216
125,127,124,132,128,88,64,85,95,101,109,111,106,114,140,151,159,158,169,186,194,211,200,193,199,225
131,125,130,126,129,85,73,85,92,103,114,107,106,124,130,155,166,165,171,186,182,204,208,206,192,212
131,124,130,126,131,87,78,89,94,99,106,109,115,119,125,141,157,173,166,183,184,196,221,206,196,189
127,132,126,127,129,84,84,84,95,99,107,109,113,122,131,146,154,157,170,182,173,199,195,193,190,185
