253,245,251,250,252,245,245,239,241,240,239,238,238,235,236,234,233,233,239,239,237,237,240,226,231,218
249,245,249,245,245,236,238,234,239,240,236,235,234,233,236,233,237,233,229,217,230,220,217,211,192,182
250,243,245,241,239,233,236,235,238,238,234,234,234,229,231,219,216,209,193,190,190,198,207,206,208,191
243,230,241,240,239,240,240,239,235,232,220,220,217,204,208,192,184,181,190,189,199,197,200,208,206,208
236,240,237,240,237,240,229,224,210,205,189,177,191,184,185,184,188,183,178,195,192,198,199,198,213,214
239,228,235,239,231,230,207,196,174,168,172,182,187,171,196,187,171,188,183,193,184,188,197,202,212,213
236,236,234,234,224,197,170,166,171,169,170,172,187,186,192,183,184,176,182,181,181,198,200,195,201,215
238,235,226,219,188,174,183,174,155,179,166,168,187,175,177,181,171,183,177,177,182,200,189,198,208,203
235,229,216,178,163,169,162,164,165,176,161,171,170,166,170,174,173,181,178,175,194,196,214,203,198,213
214,197,176,165,163,170,169,160,160,161,171,179,169,165,166,165,173,171,180,167,178,199,193,193,197,214
182,173,168,175,161,155,171,159,168,168,166,167,185,172,170,167,168,168,167,166,176,181,189,171,198,195
170,168,166,163,165,168,168,163,184,170,178,173,173,160,164,161,178,179,171,174,181,181,180,187,177,200
169,159,163,162,166,168,166,174,184,189,176,186,169,170,180,161,168,163,191,166,190,172,165,186,186,200
157,157,155,156,171,179,174,195,182,186,176,187,171,163,175,168,162,184,168,189,182,174,170,191,193,184
152,151,154,160,178,172,198,196,182,178,176,188,180,165,177,170,176,165,170,163,178,172,166,187,175,182
150,147,144,164,177,184,176,187,173,188,177,189,178,168,177,165,175,166,183,168,176,170,175,178,178,178
154,151,156,173,178,187,160,174,164,185,181,173,191,170,175,176,158,169,168,172,182,168,171,184,188,176
156,152,162,157,161,163,158,165,168,176,170,168,178,175,180,172,164,167,172,182,170,184,177,176,189,177
156,148,173,154,157,148,158,154,162,156,161,160,161,167,174,168,170,170,188,173,175,179,179,190,179,179
160,155,159,148,153,150,158,155,165,161,163,153,154,153,159,164,165,170,179,163,187,173,181,195,175,172
163,166,158,155,153,151,149,147,152,151,154,158,145,153,156,154,170,162,175,174,178,192,194,178,185,174
158,165,163,159,151,148,149,149,152,150,144,144,153,154,156,165,164,164,180,174,190,188,189,212,198,197
167,163,151,158,145,142,151,156,155,146,148,156,146,162,164,168,162,172,168,169,191,204,200,219,230,196
167,156,146,150,140,146,152,157,159,158,156,165,161,167,161,163,156,169,175,193,196,216,217,216,210,222
166,150,150,154,155,152,164,161,169,167,159,166,167,163,154,158,153,168,170,182,203,222,200,209,212,196
156,146,160,169,171,162,163,166,170,165,156,160,167,158,154,160,154,165,176,178,187,199,203,200,200,190
152,158,168,175,167,166,150,164,159,161,157,160,172,161,159,163,160,167,170,175,169,182,204,194,177,175
155,174,174,163,162,155,152,150,156,163,160,160,171,158,158,161,170,179,170,170,178,206,196,189,171,156
160,172,174,153,159,147,154,143,153,158,154,153,162,154,159,157,171,175,167,166,175,207,187,158,142,152
170,168,165,154,149,153,141,151,142,147,144,144,155,157,168,158,164,154,155,170,193,204,182,149,139,137
