64,37,61,68,88,106,116,147,162,163,172,165,174,160,165,158,158,136,123,111,81,77,25,20,29,33
48,76,47,74,82,93,119,135,140,159,167,190,184,175,168,152,149,148,118,88,73,57,20,36,58,61
66,42,71,59,72,86,99,131,131,163,159,172,171,171,163,147,134,135,100,72,92,21,53,65,106,143
65,57,79,54,77,75,86,106,128,144,149,167,166,163,149,147,137,108,74,90,28,54,74,134,163,167
127,72,43,79,58,80,89,97,112,141,143,147,155,127,140,129,116,86,91,52,50,86,200,211,222,168
112,95,67,59,57,63,74,98,107,125,130,142,143,146,128,123,105,73,83,34,60,246,249,246,250,134
54,50,74,44,75,67,77,80,100,118,141,133,128,136,113,97,78,104,46,56,201,246,245,242,227,83
47,54,77,52,60,58,69,83,97,115,137,132,140,128,107,83,77,63,47,57,161,255,253,242,154,75
42,47,62,63,26,63,71,83,89,125,135,127,130,108,107,78,84,24,54,136,239,252,247,239,108,63
43,55,54,65,33,50,49,57,75,77,86,97,103,95,74,65,35,26,59,185,234,246,253,243,152,143
46,51,60,69,26,23,26,51,97,95,78,74,83,108,84,42,35,35,58,232,241,240,239,236,125,54
44,61,62,71,28,23,12,21,32,42,38,44,38,28,21,18,30,36,57,217,232,232,238,224,70,49
52,81,70,72,25,25,23,30,32,48,51,50,49,32,29,22,24,36,62,223,230,231,230,121,54,26
87,108,83,62,32,39,46,44,58,73,84,78,84,65,42,25,25,46,67,219,229,236,217,65,45,31
74,72,83,65,31,46,53,46,64,78,90,92,93,78,57,45,24,34,55,186,213,167,77,59,53,44
81,70,96,48,31,45,44,53,70,93,96,100,106,84,64,58,33,39,64,132,217,156,75,76,63,42
91,65,85,43,46,44,40,55,74,104,117,122,105,90,71,58,39,30,79,120,146,157,85,69,61,53
122,81,69,45,43,34,48,63,85,110,141,147,143,112,73,59,61,25,74,108,171,154,86,81,79,62
90,101,60,47,35,45,48,69,98,131,151,160,152,141,86,59,64,24,64,95,213,134,100,128,141,77
69,96,46,49,45,39,51,97,128,152,163,163,156,154,123,67,53,42,56,65,184,126,92,91,140,134
75,71,45,39,39,50,84,130,145,165,182,181,184,171,148,106,51,55,40,67,169,147,105,116,87,83
99,49,50,37,44,71,111,155,170,188,197,190,193,184,165,137,73,53,39,74,145,176,127,108,114,83
90,44,32,35,54,103,151,189,197,197,200,211,197,190,189,172,137,48,45,71,64,161,133,115,102,90
59,50,37,52,88,146,179,200,212,214,211,218,213,206,208,207,184,78,46,58,64,175,136,133,105,117
39,38,46,67,126,188,213,212,210,215,217,226,215,214,220,211,188,148,59,42,73,121,176,170,165,162
44,36,68,112,167,204,218,224,226,225,217,218,220,197,222,213,204,200,75,52,73,66,163,174,161,157
43,50,90,154,195,213,218,229,222,229,221,224,224,220,220,217,206,206,167,39,53,82,112,154,157,164
43,81,134,196,214,224,228,233,233,236,229,228,223,229,226,222,205,211,177,69,53,66,51,147,148,161
62,126,178,202,219,226,233,233,237,232,227,223,219,227,222,227,223,213,185,131,27,52,77,65,128,152
89,153,193,200,217,226,233,233,234,230,231,233,227,223,225,230,225,204,186,158,61,42,56,72,106,162
